52 2498
1
2
3
4
5
6
7
8
9
10
11
12
13
14
15
16
17
18
19
20
21
22
23
24
25
26
27
28
29
30
31
32
33
34
35
36
37
38
39
40
41
42
43
44
45
46
47
48
49
50
51
52
1 52 -0.0
1 2 -22688.2
1 3 -21561.8
1 4 -21949.1
1 5 -20425.5
1 6 -22780.0
1 7 -20454.5
1 9 -23960.0
1 10 -20022.7
1 11 -22533.6
1 12 -22698.2
1 13 -20018.2
1 14 -21845.5
1 16 -23300.0
1 17 -20910.0
1 18 -23248.2
1 19 -22652.7
1 20 -21490.9
1 21 -23827.3
1 22 -22916.4
1 23 -21130.9
1 24 -22553.6
1 25 -21536.4
1 26 -22790.0
1 27 -22482.7
1 28 -21320.0
1 29 -23183.6
1 30 -23523.6
1 31 -23661.8
1 32 -20638.2
1 33 -19172.7
1 34 -21460.0
1 35 -20879.1
1 36 -23631.8
1 37 -24291.8
1 38 -19706.4
1 39 -21105.5
1 40 -21737.3
1 41 -22664.5
1 42 -20732.7
1 43 -22338.2
1 44 -21871.8
1 45 -20609.1
1 46 -24556.4
1 47 -22694.5
1 48 -22055.5
1 49 -23540.0
1 50 -21929.1
1 51 -22134.5
2 52 15743.6
2 3 -4051.82
2 4 -4929.09
2 5 -2845.45
2 6 -4720.0
2 7 -3494.55
2 8 -1052.73
2 9 -3120.0
2 10 1517.27
2 11 -923.636
2 12 -4848.18
2 13 -2098.18
2 14 -3425.45
2 16 -370.0
2 17 -760.0
2 18 -1718.18
2 19 -5632.73
2 20 -1340.91
2 21 -6117.27
2 22 -3046.36
2 23 -3200.91
2 24 -2123.64
2 25 133.636
2 26 -1390.0
2 27 -4632.73
2 28 -4090.0
2 29 -6023.64
2 30 -5533.64
2 31 -6491.82
2 32 -1468.18
2 33 627.273
2 34 -2150.0
2 35 -3439.09
2 36 -3971.82
2 37 -3171.82
2 38 -2686.36
2 39 -815.455
2 40 -4777.27
2 41 195.455
2 42 2057.27
2 43 -1008.18
2 44 -681.818
2 45 -669.091
2 46 -7116.36
2 47 225.455
2 48 -2325.45
2 49 -6520.0
2 50 -1289.09
2 51 -5044.55
3 52 14423.6
3 2 -6498.18
3 4 -2289.09
3 5 -4095.45
3 6 -2150.0
3 7 -94.5455
3 8 -7232.73
3 9 -8260.0
3 10 -4312.73
3 11 -6893.64
3 12 151.818
3 13 -2518.18
3 14 -5785.45
3 16 -6970.0
3 17 -4860.0
3 18 -5528.18
3 19 -2022.73
3 20 -5780.91
3 21 -5837.27
3 22 -4296.36
3 23 -2510.91
3 24 -6843.64
3 25 -3816.36
3 26 -4380.0
3 27 157.273
3 29 -3803.64
3 30 -6363.64
3 31 -4691.82
3 32 -4868.18
3 33 -3472.73
3 34 -5760.0
3 35 -3579.09
3 36 -4181.82
3 37 -8591.82
3 38 -2406.36
3 39 -4215.45
3 40 -2697.27
3 41 -6474.55
3 42 -4612.73
3 43 -5178.18
3 44 -4921.82
3 45 -2479.09
3 46 -5866.36
3 47 -5884.55
3 48 -1905.45
3 49 -3740.0
3 50 -6219.09
3 51 -804.545
4 52 15883.6
4 2 -5528.18
4 3 -441.818
4 5 -1595.45
4 6 -3260.0
4 7 2265.45
4 8 -6742.73
4 9 -6110.0
4 10 -2652.73
4 11 -5023.64
4 12 -2278.18
4 13 -2028.18
4 14 -3285.45
4 16 -6140.0
4 17 -3820.0
4 18 -5738.18
4 19 -562.727
4 20 -3210.91
4 21 -2707.27
4 22 -4986.36
4 23 -2510.91
4 24 -4413.64
4 25 -4096.36
4 26 -5210.0
4 27 -2132.73
4 28 -410.0
4 29 -1023.64
4 30 -3243.64
4 31 -1771.82
4 32 -3478.18
4 33 -1252.73
4 34 -4090.0
4 35 -529.091
4 36 -5291.82
4 37 -6441.82
4 38 -466.364
4 39 -3805.45
4 40 -57.2727
4 41 -5504.55
4 42 -3632.73
4 43 -5038.18
4 44 -4641.82
4 45 -2889.09
4 46 -2816.36
4 47 -5534.55
4 48 -3505.45
4 49 -900.0
4 50 -4629.09
4 51 -384.545
5 52 17273.6
5 2 -3578.18
5 3 -2381.82
5 4 -1729.09
5 6 -4020.0
5 7 115.455
5 8 -4872.73
5 9 -3540.0
5 10 -222.727
5 11 -2453.64
5 12 -3668.18
5 13 -1468.18
5 14 -725.455
5 16 -4120.0
5 17 -1940.0
5 18 -4558.18
5 19 -2782.73
5 20 -780.909
5 21 -2437.27
5 22 -4366.36
5 23 -2510.91
5 24 -1913.64
5 25 -2916.36
5 26 -4240.0
5 27 -3452.73
5 28 -1940.0
5 29 -2203.64
5 30 -2063.64
5 31 -2611.82
5 32 -1468.18
5 33 1317.27
5 34 -1800.0
5 35 380.909
5 36 -5151.82
5 37 -3941.82
5 38 23.6364
5 39 -2485.45
5 40 -1657.27
5 41 -3414.55
5 42 -1482.73
5 43 -3648.18
5 44 -3181.82
5 45 -2129.09
5 46 -3366.36
5 47 -3594.55
5 48 -3505.45
5 49 -2910.0
5 50 -2399.09
5 51 -2474.55
6 52 15953.6
6 2 -4418.18
6 3 598.182
6 4 -2359.09
6 5 -2985.45
6 7 -854.545
6 8 -5152.73
6 9 -6660.0
6 10 -2442.73
6 11 -5153.64
6 12 -188.182
6 13 -708.182
6 14 -4605.45
6 16 -4890.0
6 17 -2920.0
6 18 -3378.18
6 19 -2432.73
6 20 -4320.91
6 21 -5697.27
6 22 -2216.36
6 23 -500.909
6 24 -5383.64
6 25 -1736.36
6 26 -2440.0
6 27 -42.7273
6 28 -200.0
6 29 -4223.64
6 30 -5743.64
6 31 -4971.82
6 32 -3068.18
6 33 -1942.73
6 34 -4160.0
6 35 -2959.09
6 36 -2241.82
6 37 -6991.82
6 38 -1366.36
6 39 -2135.45
6 40 -2417.27
6 41 -4524.55
6 42 -2592.73
6 43 -3088.18
6 44 -2841.82
6 45 -329.091
6 46 -6076.36
6 47 -3864.55
6 48 -305.455
6 49 -4090.0
6 50 -4349.09
6 51 -1364.55
7 52 14143.6
7 2 -7328.18
7 3 -1481.82
7 4 -969.091
7 5 -2985.45
7 6 -4990.0
7 8 -8552.73
7 9 -7490.0
7 10 -4242.73
7 11 -6473.64
7 12 -3598.18
7 13 -3898.18
7 14 -4405.45
7 16 -7940.0
7 17 -5550.0
7 18 -7548.18
7 19 -1952.73
7 20 -4190.91
7 21 -2297.27
7 22 -6726.36
7 23 -4380.91
7 24 -5523.64
7 25 -5906.36
7 26 -6950.0
7 27 -3452.73
7 28 -1940.0
7 30 -3653.64
7 31 -941.818
7 32 -5148.18
7 33 -2632.73
7 34 -5690.0
7 35 -1359.09
7 36 -7031.82
7 37 -7691.82
7 38 -2206.36
7 39 -5675.45
7 40 -1797.27
7 41 -7234.55
7 42 -5302.73
7 43 -6838.18
7 44 -6451.82
7 45 -4699.09
7 46 -2046.36
7 47 -7274.55
7 48 -5235.45
7 49 -760.0
7 50 -6289.09
7 51 -1634.55
8 2 -1498.18
8 3 -5231.82
8 4 -6589.09
8 5 -4585.45
8 6 -5900.0
8 7 -5164.55
8 9 -4300.0
8 10 267.273
8 11 -1543.64
8 12 -5958.18
8 13 -3558.18
8 14 -5025.45
8 16 250.0
8 17 -2430.0
8 18 -1648.18
8 19 -7222.73
8 20 -2590.91
8 21 -7847.27
8 22 -3736.36
8 23 -4450.91
8 24 -3233.64
8 25 343.636
8 26 -840.0
8 27 -5812.73
8 28 -5480.0
8 29 -7693.64
8 30 -7263.64
8 31 -8161.82
8 32 -3198.18
8 33 -832.727
8 34 -3880.0
8 35 -5109.09
8 36 -4461.82
8 37 -3941.82
8 38 -4286.36
8 39 -1995.45
8 40 -6377.27
8 41 605.455
8 42 2477.27
8 43 -1638.18
8 44 -1591.82
8 45 -1439.09
8 46 -8856.36
8 47 1895.45
8 48 -2735.45
8 49 -8120.0
8 50 -2959.09
8 51 -6564.55
9 52 14773.6
9 2 -2818.18
9 3 -5511.82
9 4 -5209.09
9 5 -2505.45
9 6 -6660.0
9 7 -3354.55
9 8 -3552.73
9 10 1727.27
9 11 886.364
9 12 -6648.18
9 13 -3768.18
9 14 -2245.45
9 16 -2600.0
9 17 -2570.0
9 18 -4768.18
9 19 -6322.73
9 20 1649.09
9 21 -4587.27
9 22 -5756.36
9 23 -4940.91
9 24 996.364
9 25 -2986.36
9 26 -4450.0
9 27 -6432.73
9 28 -5270.0
9 29 -5193.64
9 30 -4003.64
9 31 -5591.82
9 32 -2578.18
9 33 2227.27
9 34 -2630.0
9 35 -2539.09
9 36 -6681.82
9 37 -401.818
9 38 -3246.36
9 39 -3385.45
9 40 -5127.27
9 41 -1474.55
9 42 527.273
9 43 -3998.18
9 44 -3531.82
9 45 -3379.09
9 46 -5866.36
9 47 -2274.55
9 48 -5165.45
9 49 -6380.0
9 50 -1989.09
9 51 -5874.55
10 52 15463.6
10 2 -1428.18
10 3 -4811.82
10 4 -4999.09
10 5 -2435.45
10 6 -5690.0
10 7 -3354.55
10 8 -2232.73
10 9 -1520.0
10 12 -5748.18
10 13 -2858.18
10 14 -2525.45
10 16 -1280.0
10 17 -1390.0
10 18 -3378.18
10 19 -5902.73
10 20 259.091
10 21 -5277.27
10 22 -4436.36
10 23 -3970.91
10 24 -523.636
10 25 -1596.36
10 26 -3060.0
10 27 -5532.73
10 28 -4580.0
10 29 -5533.64
10 30 -4563.64
10 31 -5941.82
10 32 -1678.18
10 34 -1870.0
10 35 -2749.09
10 36 -5361.82
10 37 -1511.82
10 38 -2826.36
10 39 -2065.45
10 40 -4847.27
10 41 -224.545
10 42 1707.27
10 43 -2608.18
10 44 -2141.82
10 45 -2059.09
10 46 -6356.36
10 47 -954.545
10 48 -3845.45
10 49 -6380.0
10 50 -949.091
10 51 -5454.55
11 52 13933.6
11 2 -2888.18
11 3 -6411.82
11 4 -6389.09
11 5 -3685.45
11 6 -7420.0
11 7 -4604.55
11 8 -3062.73
11 9 -1380.0
11 12 -7478.18
11 13 -4528.18
11 14 -3495.45
11 16 -2110.0
11 17 -3120.0
11 18 -4768.18
11 19 -7432.73
11 20 739.091
11 21 -5907.27
11 22 -6166.36
11 23 -5700.91
11 24 236.364
11 25 -2986.36
11 26 -4380.0
11 27 -7202.73
11 28 -6240.0
11 29 -6443.64
11 30 -5253.64
11 31 -6911.82
11 32 -3338.18
11 33 1047.27
11 34 -3470.0
11 35 -3789.09
11 36 -7031.82
11 37 -261.818
11 38 -4286.36
11 39 -3735.45
11 40 -6307.27
11 41 -914.545
11 42 1087.27
11 43 -4138.18
11 44 -3741.82
11 45 -3729.09
11 46 -7186.36
11 47 -1714.55
11 48 -5445.45
11 49 -7630.0
11 50 -2609.09
11 51 -6984.55
12 52 14843.6
12 2 -5738.18
12 3 1708.18
12 4 -2569.09
12 5 -3825.45
12 6 -1380.0
12 7 -654.545
12 8 -6402.73
12 9 -7840.0
12 10 -3692.73
12 11 -6403.64
12 13 -1958.18
12 14 -5515.45
12 16 -6140.0
12 17 -4300.0
12 18 -4558.18
12 19 -2432.73
12 20 -5370.91
12 21 -6117.27
12 22 -3396.36
12 23 -1750.91
12 24 -6493.64
12 25 -2916.36
12 26 -3410.0
12 27 1067.27
12 28 -270.0
12 29 -4353.64
12 30 -6433.64
12 31 -5111.82
12 32 -4248.18
12 33 -3122.73
12 34 -5340.0
12 35 -3649.09
12 36 -3141.82
12 37 -8171.82
12 38 -2136.36
12 39 -3385.45
12 40 -2837.27
12 41 -5774.55
12 42 -3912.73
12 43 -4338.18
12 44 -4091.82
12 45 -1639.09
12 46 -6286.36
12 47 -5114.55
12 48 -865.455
12 49 -4160.0
12 50 -5599.09
12 51 -1224.55
13 52 17683.6
13 2 -2888.18
13 3 -861.818
13 4 -2219.09
13 5 -1525.45
13 6 -1800.0
13 7 -854.545
13 8 -3902.73
13 9 -4860.0
13 10 -702.727
13 11 -3353.64
13 12 -1858.18
13 14 -3015.45
13 16 -3430.0
13 17 -1250.0
13 18 -2688.18
13 19 -2642.73
13 20 -2590.91
13 21 -4727.27
13 22 -2006.36
13 23 -150.909
13 24 -3583.64
13 25 -1046.36
13 26 -2160.0
13 27 -1712.73
13 28 -900.0
13 29 -3873.64
13 30 -4563.64
13 31 -4411.82
13 32 -1328.18
13 33 -202.727
13 34 -2360.0
13 35 -1909.09
13 36 -2651.82
13 37 -5191.82
13 38 -256.364
13 39 -815.455
13 40 -2067.27
13 41 -2934.55
13 42 -1072.73
13 43 -1978.18
13 44 -1591.82
13 45 160.909
13 46 -5316.36
13 47 -2614.55
13 48 -1005.45
13 49 -3950.0
13 50 -2609.09
13 51 -1984.55
14 52 16433.6
14 2 -3578.18
14 3 -3491.82
14 4 -2839.09
14 5 -145.455
14 6 -5060.0
14 7 -724.545
14 8 -4732.73
14 9 -2700.0
14 10 267.273
14 11 -1683.64
14 12 -4778.18
14 13 -2378.18
14 16 -3980.0
14 17 -2220.0
14 18 -4978.18
14 19 -3962.73
14 20 329.091
14 21 -2367.27
14 22 -5126.36
14 23 -3480.91
14 24 -803.636
14 25 -3266.36
14 26 -4660.0
14 27 -4632.73
14 28 -3120.0
14 29 -2693.64
14 30 -1783.64
14 31 -3091.82
14 32 -1748.18
14 33 2157.27
14 34 -1800.0
14 35 30.9091
14 36 -5851.82
14 37 -2901.82
14 38 -1156.36
14 39 -2965.45
14 40 -2767.27
14 41 -3004.55
14 42 -1072.73
14 43 -3998.18
14 44 -3531.82
14 45 -2759.09
14 46 -3506.36
14 47 -3524.55
14 48 -4335.45
14 49 -3810.0
14 50 -2129.09
14 51 -3584.55
15 52 15603.6
15 2 -4068.18
15 3 -4191.82
15 4 -3399.09
15 5 -905.455
15 6 -5830.0
15 7 -1134.55
15 8 -5152.73
15 9 -2430.0
15 10 57.2727
15 11 -1543.64
15 12 -5608.18
15 13 -3208.18
15 14 -445.455
15 16 -4330.0
15 17 -2850.0
15 18 -5668.18
15 19 -4652.73
15 21 -2227.27
15 22 -5826.36
15 23 -4250.91
15 24 -253.636
15 25 -3956.36
15 26 -5350.0
15 27 -5392.73
15 28 -3880.0
15 29 -2763.64
15 30 -1573.64
15 31 -3161.82
15 32 -2508.18
15 33 2017.27
15 34 -2430.0
15 35 -319.091
15 36 -6681.82
15 37 -2621.82
15 38 -1856.36
15 39 -3665.45
15 40 -3457.27
15 41 -3344.55
15 42 -1412.73
15 43 -4688.18
15 44 -4221.82
15 45 -3519.09
15 46 -3506.36
15 47 -4004.55
15 48 -5165.45
15 49 -4230.0
15 50 -2679.09
15 51 -4344.55
16 52 14423.6
16 2 -1078.18
16 3 -5231.82
16 4 -6249.09
16 5 -4095.45
16 6 -5900.0
16 7 -4814.55
16 8 -12.7273
16 9 -3610.0
16 10 957.273
16 11 -853.636
16 12 -5958.18
16 13 -3348.18
16 14 -4535.45
16 17 -2080.0
16 18 -1988.18
16 19 -6882.73
16 20 -1890.91
16 21 -7297.27
16 22 -3876.36
16 23 -4380.91
16 24 -2543.64
16 25 -136.364
16 26 -1390.0
16 27 -5812.73
16 28 -5340.0
16 29 -7273.64
16 30 -6643.64
16 31 -7741.82
16 32 -2718.18
16 33 -272.727
16 34 -3400.0
16 35 -4619.09
16 36 -4671.82
16 37 -3311.82
16 38 -4006.36
16 39 -1925.45
16 40 -6097.27
16 41 1165.45
16 42 3097.27
16 43 -1708.18
16 44 -1521.82
16 45 -1639.09
16 46 -8366.36
16 47 1265.45
16 48 -3015.45
16 49 -7770.0
16 50 -2469.09
16 51 -6354.55
17 52 17133.6
17 2 -1148.18
17 3 -2801.82
17 4 -3609.09
17 5 -1595.45
17 6 -3610.0
17 7 -2104.55
17 8 -2372.73
17 9 -3260.0
17 10 1167.27
17 11 -1543.64
17 12 -3798.18
17 13 -848.182
17 14 -2455.45
17 16 -1760.0
17 18 -2128.18
17 19 -4242.73
17 20 -1200.91
17 21 -5007.27
17 22 -2626.36
17 23 -2020.91
17 24 -2123.64
17 25 -416.364
17 26 -1880.0
17 27 -3522.73
17 28 -2770.0
17 29 -4703.64
17 30 -4493.64
17 31 -5181.82
17 32 -148.182
17 33 1047.27
17 34 -1110.0
17 35 -2189.09
17 36 -3491.82
17 37 -3521.82
17 38 -1296.36
17 39 -195.455
17 40 -3457.27
17 41 -1194.55
17 42 737.273
17 43 -1218.18
17 44 -681.818
17 45 -189.091
17 46 -5936.36
17 47 -1094.55
17 48 -1975.45
17 49 -5130.0
17 50 -879.091
17 51 -3654.55
18 52 14773.6
18 2 -2128.18
18 3 -3491.82
18 4 -5549.09
18 5 -4235.45
18 6 -4090.0
18 7 -4124.55
18 8 -1612.73
18 9 -5480.0
18 10 -842.727
18 11 -3213.64
18 12 -4078.18
18 13 -2308.18
18 14 -5235.45
18 16 -1690.0
18 17 -2150.0
18 19 -5972.73
18 20 -3700.91
18 21 -7707.27
18 22 -1656.36
18 23 -2930.91
18 24 -4483.64
18 25 2293.64
18 26 900.0
18 27 -3932.73
18 28 -3950.0
18 29 -7133.64
18 30 -7263.64
18 31 -7611.82
18 32 -2858.18
18 33 -1592.73
18 34 -3950.0
18 35 -4829.09
18 36 -2241.82
18 37 -5531.82
18 38 -3456.36
18 39 -885.455
18 40 -5407.27
18 41 -1474.55
18 42 457.273
18 43 -388.182
18 44 -681.818
18 45 370.909
18 46 -8506.36
18 47 -54.5455
18 48 -445.455
18 49 -7280.0
18 50 -3379.09
18 51 -5174.55
19 52 15743.6
19 2 -5668.18
19 3 388.182
19 4 0.909091
19 5 -2085.45
19 6 -2770.0
19 7 1845.45
19 8 -6812.73
19 9 -6660.0
19 10 -2992.73
19 11 -5503.64
19 12 -1578.18
19 13 -1888.18
19 14 -3845.45
19 16 -6210.0
19 17 -3890.0
19 18 -5598.18
19 20 -3840.91
19 21 -3477.27
19 22 -4576.36
19 23 -2230.91
19 24 -4973.64
19 25 -3886.36
19 26 -4800.0
19 27 -1432.73
19 28 280.0
19 29 -1653.64
19 30 -4073.64
19 31 -2471.82
19 32 -3618.18
19 33 -1732.73
19 34 -4370.0
19 35 -1289.09
19 36 -4811.82
19 37 -6991.82
19 38 -676.364
19 39 -3735.45
19 40 -407.273
19 41 -5704.55
19 42 -3842.73
19 43 -4898.18
19 44 -4571.82
19 45 -2549.09
19 46 -3646.36
19 47 -5534.55
19 48 -2945.45
19 49 -1520.0
19 50 -4969.09
19 51 445.455
20 15 -2150.0
21 52 13803.6
21 2 -6918.18
21 3 -4191.82
21 4 -2909.09
21 5 -2505.45
21 6 -6800.0
21 7 735.455
21 8 -8202.73
21 9 -5690.0
21 10 -3132.73
21 11 -4743.64
21 12 -6028.18
21 13 -4738.18
21 14 -3015.45
21 16 -7390.0
21 17 -5420.0
21 18 -8098.18
21 19 -4242.73
21 20 -1960.91
21 22 -7766.36
21 23 -5630.91
21 24 -3303.64
21 25 -6456.36
21 26 -7780.0
21 27 -5812.73
21 28 -4090.0
21 29 -123.636
21 30 -1223.64
21 31 -731.818
21 32 -4938.18
21 33 -1112.73
21 34 -5200.0
21 35 -389.091
21 36 -8351.82
21 37 -5741.82
21 38 -2896.36
21 39 -6025.45
21 40 -3387.27
21 41 -6474.55
21 42 -4542.73
21 43 -7188.18
21 44 -6721.82
21 45 -5529.09
21 46 -386.364
21 47 -6924.55
21 48 -6765.45
21 49 -2910.0
21 50 -5599.09
21 51 -4064.55
22 52 15673.6
22 2 -2888.18
22 3 -1691.82
22 4 -4229.09
22 5 -3475.45
22 6 -2360.0
22 7 -2734.55
22 8 -3132.73
22 9 -5900.0
22 10 -1332.73
22 11 -4043.64
22 12 -2348.18
22 13 -1058.18
22 14 -4815.45
22 16 -3010.0
22 17 -2080.0
22 18 -1088.18
22 19 -4382.73
22 20 -3910.91
22 21 -6807.27
22 23 -1400.91
22 24 -4763.64
22 25 553.636
22 26 -210.0
22 27 -2132.73
22 28 -2350.0
22 29 -5953.64
22 30 -6573.64
22 31 -6561.82
22 32 -2578.18
22 33 -1592.73
22 34 -3740.0
22 35 -3929.09
22 36 -851.818
22 37 -6091.82
22 38 -2406.36
22 39 -605.455
22 40 -4087.27
22 41 -2654.55
22 42 -792.727
22 43 -1078.18
22 44 -1031.82
22 45 1620.91
22 46 -7466.36
22 47 -1714.55
22 48 664.545
22 49 -5900.0
22 50 -3579.09
22 51 -3514.55
23 52 16993.6
23 2 -3508.18
23 3 -371.818
23 4 -2219.09
23 5 -2085.45
23 6 -1110.0
23 7 -854.545
23 8 -4312.73
23 9 -5550.0
23 10 -1332.73
23 11 -4043.64
23 12 -1168.18
23 13 331.818
23 14 -3635.45
23 16 -3980.0
23 17 -1940.0
23 18 -2828.18
23 19 -2502.73
23 20 -3280.91
23 21 -5137.27
23 22 -1866.36
23 24 -4273.64
23 25 -1246.36
23 26 -2090.0
23 27 -1022.73
23 28 -480.0
23 29 -4013.64
23 30 -5043.64
23 31 -4621.82
23 32 -2018.18
23 33 -902.727
23 34 -3050.0
23 35 -2259.09
23 36 -2241.82
23 37 -5881.82
23 38 -606.364
23 39 -1165.45
23 40 -2137.27
23 41 -3484.55
23 42 -1622.73
23 43 -2258.18
23 44 -2001.82
23 45 160.909
23 46 -5656.36
23 47 -3034.55
23 48 -655.455
23 49 -3950.0
23 50 -3239.09
23 51 -1704.55
24 52 14003.6
24 2 -3998.18
24 3 -6271.82
24 4 -5689.09
24 5 -3055.45
24 6 -7560.0
24 7 -3564.55
24 8 -4662.73
24 9 -1180.0
24 10 547.273
24 11 326.364
24 12 -7478.18
24 13 -4668.18
24 14 -2525.45
24 16 -3710.0
24 17 -3610.0
24 18 -5948.18
24 19 -6812.73
24 20 2619.09
24 21 -4377.27
24 22 -6796.36
24 23 -5840.91
24 25 -4166.36
24 26 -5630.0
24 27 -7202.73
24 28 -5960.0
24 29 -5123.64
24 30 -3793.64
24 31 -5591.82
24 32 -3548.18
24 33 1597.27
24 34 -3470.0
24 35 -2679.09
24 36 -7721.82
24 37 -401.818
24 38 -3936.36
24 39 -4425.45
24 40 -5677.27
24 41 -2514.55
24 42 -582.727
24 43 -5108.18
24 44 -4641.82
24 45 -4419.09
24 46 -5726.36
24 47 -3314.55
24 48 -6205.45
24 49 -6660.0
24 50 -3029.09
24 51 -6494.55
25 52 14633.6
25 2 -2128.18
25 3 -3631.82
25 4 -5759.09
25 5 -4445.45
25 6 -4300.0
25 7 -4334.55
25 8 -1472.73
25 9 -5550.0
25 10 -912.727
25 11 -3283.64
25 12 -4288.18
25 13 -2518.18
25 14 -5375.45
25 16 -1690.0
25 17 -2290.0
25 18 441.818
25 19 -6112.73
25 20 -3770.91
25 21 -7917.27
25 22 -1866.36
25 23 -3200.91
25 24 -4553.64
25 26 1040.0
25 27 -4142.73
25 28 -4160.0
25 29 -7343.64
25 30 -7473.64
25 31 -7881.82
25 32 -2998.18
25 33 -1662.73
25 34 -4090.0
25 35 -4969.09
25 36 -2381.82
25 37 -5531.82
25 38 -3726.36
25 39 -1095.45
25 40 -5677.27
25 41 -1404.55
25 42 527.273
25 43 -528.182
25 44 -891.818
25 45 160.909
25 46 -8646.36
25 47 85.4545
25 48 -585.455
25 49 -7490.0
25 50 -3509.09
25 51 -5384.55
26 52 13593.6
26 2 -3438.18
26 3 -3981.82
26 4 -6659.09
26 5 -5555.45
26 6 -4790.0
26 7 -5164.55
26 8 -2442.73
26 9 -6800.0
26 10 -2162.73
26 11 -4463.64
26 12 -4568.18
26 13 -3418.18
26 14 -6555.45
26 16 -2730.0
26 17 -3540.0
26 18 -738.182
26 19 -6812.73
26 20 -5020.91
26 21 -9027.27
26 22 -2416.36
26 23 -3830.91
26 24 -5803.64
26 25 1253.64
26 27 -4422.73
26 28 -4850.0
26 29 -8313.64
26 30 -8583.64
26 31 -8791.82
26 32 -4178.18
26 33 -2912.73
26 34 -5270.0
26 35 -6079.09
26 36 -2581.82
26 37 -6781.82
26 38 -4636.36
26 39 -2205.45
26 40 -6447.27
26 41 -2444.55
26 42 -512.727
26 43 -1708.18
26 44 -2071.82
26 45 -529.091
26 46 -9756.36
26 47 -744.545
26 48 -305.455
26 49 -8260.0
26 50 -4759.09
26 51 -5944.55
27 52 14983.6
27 2 -5598.18
27 3 1638.18
27 4 -2499.09
27 5 -3685.45
27 6 -1310.0
27 7 -584.545
27 8 -6332.73
27 9 -7700.0
27 10 -3552.73
27 11 -6203.64
27 12 991.818
27 13 -1888.18
27 14 -5445.45
27 16 -6070.0
27 17 -4100.0
27 18 -4488.18
27 19 -2362.73
27 20 -5300.91
27 21 -5977.27
27 22 -3256.36
27 23 -1680.91
27 24 -6293.64
27 25 -2846.36
27 26 -3340.0
27 28 -130.0
27 29 -4223.64
27 30 -6363.64
27 31 -5041.82
27 32 -4178.18
27 33 -2982.73
27 34 -5200.0
27 35 -3509.09
27 36 -3141.82
27 37 -8101.82
27 38 -2066.36
27 39 -3315.45
27 40 -2697.27
27 41 -5704.55
27 42 -3772.73
27 43 -4208.18
27 44 -4021.82
27 45 -1509.09
27 46 -6216.36
27 47 -4914.55
27 48 -865.455
27 49 -4090.0
27 50 -5459.09
27 51 -1154.55
28 52 15953.6
28 2 -5248.18
28 3 1018.18
28 4 -969.091
28 5 -2365.45
28 6 -1660.0
28 7 735.455
28 8 -6192.73
28 9 -6730.0
28 10 -2792.73
28 11 -5433.64
28 12 -538.182
28 13 -1268.18
28 14 -4125.45
28 16 -5790.0
28 17 -3540.0
28 18 -4698.18
28 19 -842.727
28 20 -4120.91
28 21 -4447.27
28 22 -3666.36
28 23 -1330.91
28 24 -5243.64
28 25 -3056.36
28 26 -3960.0
28 27 -322.727
28 29 -2763.64
28 30 -4833.64
28 31 -3581.82
28 32 -3408.18
28 33 -1872.73
28 34 -4300.0
28 35 -2049.09
28 36 -3831.82
28 37 -7061.82
28 38 -746.364
28 39 -3105.45
28 40 -1167.27
28 41 -5224.55
28 42 -3362.73
28 43 -4138.18
28 44 -3881.82
28 45 -1709.09
28 46 -4686.36
28 47 -4844.55
28 48 -1905.45
28 49 -2630.0
28 50 -4759.09
28 51 165.455
29 52 13663.6
29 2 -7608.18
29 3 -2941.82
29 4 -2009.09
29 5 -3055.45
29 6 -6110.0
29 7 2475.45
29 8 -8832.73
29 9 -7080.0
29 10 -4172.73
29 11 -6063.64
29 12 -5048.18
29 13 -4668.18
29 14 -4125.45
29 16 -8150.0
29 17 -5900.0
29 18 -8308.18
29 19 -3202.73
29 20 -3560.91
29 21 -907.273
29 22 -7696.36
29 23 -5290.91
29 24 -4833.64
29 25 -6666.36
29 26 -7850.0
29 27 -4842.73
29 28 -3190.0
29 30 -2753.64
29 31 308.182
29 32 -5428.18
29 33 -2292.73
29 34 -5830.0
29 35 -1009.09
29 36 -8071.82
29 37 -7271.82
29 38 -2826.36
29 39 -6235.45
29 40 -2697.27
29 41 -7374.55
29 42 -5512.73
29 43 -7468.18
29 44 -7001.82
29 45 -5529.09
29 46 -456.364
29 47 -7684.55
29 48 -6345.45
29 49 -1730.0
29 50 -6429.09
29 51 -2954.55
30 52 14913.6
30 2 -5528.18
30 3 -3911.82
30 4 -2639.09
30 5 -1325.45
30 6 -6040.0
30 7 185.455
30 8 -6812.73
30 9 -4300.0
30 10 -1612.73
30 11 -3283.64
30 12 -5538.18
30 13 -3768.18
30 14 -1625.45
30 16 -5930.0
30 17 -4100.0
30 18 -6848.18
30 19 -4032.73
30 20 -640.909
30 21 -417.273
30 22 -6726.36
30 23 -4730.91
30 24 -1913.64
30 25 -5206.36
30 26 -6530.0
30 27 -5392.73
30 28 -3670.0
30 29 -1163.64
30 31 -1501.82
30 32 -3688.18
30 33 347.273
30 34 -3810.0
30 35 450.909
30 36 -7441.82
30 37 -4351.82
30 38 -1996.36
30 39 -4775.45
30 40 -2907.27
30 41 -5084.55
30 42 -3152.73
30 43 -5938.18
30 44 -5471.82
30 45 -4419.09
30 46 -1636.36
30 47 -5534.55
30 48 -5795.45
30 49 -3120.0
30 50 -4209.09
30 51 -3794.55
31 52 14143.6
31 2 -7118.18
31 3 -2871.82
31 4 -1799.09
31 5 -2505.45
31 6 -5900.0
31 7 2265.45
31 8 -8342.73
31 9 -6520.0
31 10 -3622.73
31 11 -5573.64
31 12 -4848.18
31 13 -4248.18
31 14 -3565.45
31 16 -7660.0
31 17 -5420.0
31 18 -7828.18
31 19 -3062.73
31 20 -2940.91
31 21 -557.273
31 22 -7346.36
31 23 -4940.91
31 24 -4343.64
31 25 -6246.36
31 26 -7370.0
31 27 -4702.73
31 28 -3050.0
31 29 1266.36
31 30 -2133.64
31 32 -4938.18
31 33 -1732.73
31 34 -5340.0
31 35 -459.091
31 36 -7791.82
31 37 -6711.82
31 38 -2406.36
31 39 -5815.45
31 40 -2417.27
31 41 -6884.55
31 42 -4952.73
31 43 -7048.18
31 44 -6521.82
31 45 -5119.09
31 46 -246.364
31 47 -7134.55
31 48 -6005.45
31 49 -1590.0
31 50 -5809.09
31 51 -2884.55
32 52 17613.6
32 2 -1708.18
32 3 -2661.82
32 4 -3119.09
32 5 -975.455
32 6 -3610.0
32 7 -1554.55
32 8 -2992.73
32 9 -3120.0
32 10 1027.27
32 11 -1613.64
32 12 -3598.18
32 13 -778.182
32 14 -1835.45
32 16 -2250.0
32 17 -3.41061e-12
32 18 -2688.18
32 19 -3822.73
32 20 -990.909
32 21 -4377.27
32 22 -2976.36
32 23 -1950.91
32 24 -1913.64
32 25 -976.364
32 26 -2370.0
32 27 -3452.73
32 28 -2490.0
32 29 -4083.64
32 30 -3933.64
32 31 -4551.82
32 33 1457.27
32 34 -690.0
32 35 -1569.09
32 36 -3831.82
32 37 -3451.82
32 38 -816.364
32 39 -745.455
32 40 -2907.27
32 41 -1614.55
32 42 317.273
32 43 -1778.18
32 44 -1241.82
32 45 -599.091
32 46 -5316.36
32 47 -1714.55
32 48 -2255.45
32 49 -4580.0
32 50 -879.091
32 51 -3304.55
33 52 15953.6
33 2 -2678.18
33 3 -4331.82
33 4 -3959.09
33 5 -1255.45
33 6 -5550.0
33 7 -2104.55
33 8 -3692.73
33 9 -1380.0
33 10 1517.27
33 11 -293.636
33 12 -5538.18
33 13 -2718.18
33 14 -995.455
33 16 -2870.0
33 17 -1870.0
33 18 -4488.18
33 19 -5002.73
33 20 1159.09
33 21 -3617.27
33 22 -5056.36
33 23 -3900.91
33 24 166.364
33 25 -2706.36
33 26 -4170.0
33 27 -5322.73
33 28 -4020.0
33 29 -4013.64
33 30 -2963.64
33 31 -4411.82
33 32 -1608.18
33 34 -1590.0
33 35 -1359.09
33 36 -5851.82
33 37 -1651.82
33 38 -1996.36
33 39 -2625.45
33 40 -3877.27
33 41 -1824.55
33 42 47.2727
33 43 -3508.18
33 44 -3041.82
33 45 -2619.09
33 46 -4826.36
33 47 -2484.55
33 48 -4405.45
33 49 -5130.0
33 50 -1359.09
33 51 -4624.55
34 52 17273.6
34 2 -1848.18
34 3 -3011.82
34 4 -3189.09
34 5 -765.455
34 6 -4160.0
34 7 -1554.55
34 8 -3132.73
34 9 -2630.0
34 10 1377.27
34 11 -1203.64
34 12 -4148.18
34 13 -1268.18
34 14 -1345.45
34 16 -2390.0
34 17 -420.0
34 18 -3238.18
34 19 -4032.73
34 20 -300.909
34 21 -4097.27
34 22 -3596.36
34 23 -2440.91
34 24 -1293.64
34 25 -1526.36
34 26 -2920.0
34 27 -3932.73
34 28 -2840.0
34 29 -3943.64
34 30 -3513.64
34 31 -4411.82
34 32 -148.182
34 33 2017.27
34 35 -1289.09
34 36 -4391.82
34 37 -2901.82
34 38 -956.364
34 39 -1235.45
34 40 -3047.27
34 41 -1614.55
34 42 317.273
34 43 -2258.18
34 44 -1791.82
34 45 -1159.09
34 46 -5036.36
34 47 -1924.55
34 48 -2875.45
34 49 -4580.0
34 50 -599.091
34 51 -3584.55
35 52 16023.6
35 2 -4968.18
35 3 -2661.82
35 4 -1459.09
35 5 -415.455
35 6 -4790.0
35 7 945.455
35 8 -6192.73
35 9 -4370.0
35 10 -1332.73
35 11 -3353.64
35 12 -4288.18
35 13 -2648.18
35 14 -1345.45
35 16 -5440.0
35 17 -3330.0
35 18 -5948.18
35 19 -2782.73
35 20 -1130.91
35 21 -1117.27
35 22 -5616.36
35 23 -3480.91
35 24 -2333.64
35 25 -4236.36
35 26 -5560.0
35 27 -4072.73
35 28 -2420.0
35 29 -953.636
35 30 -1083.64
35 31 -1361.82
35 32 -2858.18
35 33 417.273
35 34 -3120.0
35 36 -6261.82
35 37 -4631.82
35 38 -746.364
35 39 -3805.45
35 40 -1657.27
35 41 -4664.55
35 42 -2732.73
35 43 -5038.18
35 44 -4571.82
35 45 -3379.09
35 46 -1976.36
35 47 -4914.55
35 48 -4615.45
35 49 -2150.0
35 50 -3649.09
35 51 -2544.55
36 52 15053.6
36 2 -3718.18
36 3 -1481.82
36 4 -4439.09
36 5 -4165.45
36 6 -2290.0
36 7 -2944.55
36 8 -3762.73
36 9 -6730.0
36 10 -2162.73
36 11 -4813.64
36 12 -1998.18
36 13 -1608.18
36 14 -5445.45
36 16 -3710.0
36 17 -2850.0
36 18 -1578.18
36 19 -4522.73
36 20 -4740.91
36 21 -7297.27
36 22 -756.364
36 23 -1680.91
36 24 -5593.64
36 25 133.636
36 26 -280.0
36 27 -1922.73
36 28 -2420.0
36 29 -6233.64
36 30 -7193.64
36 31 -6911.82
36 32 -3338.18
36 33 -2292.73
36 34 -4440.0
36 35 -4479.09
36 37 -6921.82
36 38 -2826.36
36 39 -1445.45
36 40 -4427.27
36 41 -3484.55
36 42 -1552.73
36 43 -1778.18
36 44 -1861.82
36 45 790.909
36 46 -7886.36
36 47 -2274.55
36 48 1494.55
36 49 -6170.0
36 50 -4349.09
36 51 -3584.55
37 52 13733.6
37 2 -3578.18
37 3 -6551.82
37 4 -6249.09
37 5 -3615.45
37 6 -7700.0
37 7 -4264.55
37 8 -3902.73
37 9 -1110.0
37 10 1027.27
37 11 1296.36
37 12 -7688.18
37 13 -4808.18
37 14 -3155.45
37 16 -3010.0
37 17 -3540.0
37 18 -5528.18
37 19 -7362.73
37 20 1509.09
37 21 -5347.27
37 22 -6656.36
37 23 -5980.91
37 24 1066.36
37 25 -3676.36
37 26 -5140.0
37 27 -7542.73
37 28 -6310.0
37 29 -6093.64
37 30 -4763.64
37 31 -6491.82
37 32 -3618.18
37 33 1247.27
37 34 -3610.0
37 35 -3509.09
37 36 -7581.82
37 38 -4286.36
37 39 -4285.45
37 40 -6237.27
37 41 -1684.55
37 42 317.273
37 43 -4758.18
37 44 -4361.82
37 45 -4279.09
37 46 -6636.36
37 47 -2614.55
37 48 -6005.45
37 49 -7420.0
37 50 -2959.09
37 51 -6984.55
38 52 17683.6
38 2 -3788.18
38 3 -1061.82
38 4 -969.091
38 5 -345.455
38 6 -2770.0
38 7 525.455
38 8 -4942.73
38 9 -4650.0
38 10 -982.727
38 11 -3423.64
38 12 -2348.18
38 13 -568.182
38 14 -2105.45
38 16 -4400.0
38 17 -2010.0
38 18 -4148.18
38 19 -1742.73
38 20 -2030.91
38 21 -3197.27
38 22 -3666.36
38 23 -1400.91
38 24 -3163.64
38 25 -2566.36
38 26 -3690.0
38 27 -2202.73
38 28 -690.0
38 29 -2343.64
38 30 -3103.64
38 31 -2881.82
38 32 -1678.18
38 33 207.273
38 34 -2360.0
38 35 -319.091
38 36 -4181.82
38 37 -4981.82
38 39 -2135.45
38 40 -817.273
38 41 -3764.55
38 42 -1832.73
38 43 -3368.18
38 44 -2971.82
38 45 -1369.09
38 46 -3786.36
38 47 -3664.55
38 48 -2595.45
38 49 -2560.0
38 50 -2889.09
38 51 -1294.55
39 52 16643.6
39 2 -1498.18
39 3 -2451.82
39 4 -3889.09
39 5 -2435.45
39 6 -3120.0
39 7 -2524.55
39 8 -2232.73
39 9 -4370.0
39 10 197.273
39 11 -2453.64
39 12 -3178.18
39 13 -708.182
39 14 -3495.45
39 16 -1900.0
39 17 -490.0
39 18 -1158.18
39 19 -4382.73
39 20 -2380.91
39 21 -5907.27
39 22 -1446.36
39 23 -1540.91
39 24 -3233.64
39 25 483.636
39 26 -840.0
39 27 -3032.73
39 28 -2630.0
39 29 -5333.64
39 30 -5463.64
39 31 -5871.82
39 32 -1188.18
39 33 -2.72727
39 34 -2220.0
39 35 -2959.09
39 36 -2381.82
39 37 -4561.82
39 38 -1716.36
39 40 -3737.27
39 41 -1474.55
39 42 457.273
39 43 -248.182
39 44 78.1818
39 45 920.909
39 46 -6636.36
39 47 -884.545
39 48 -865.455
39 49 -5550.0
39 50 -1989.09
39 51 -3654.55
40 52 16433.6
40 2 -5038.18
40 3 -511.818
40 4 280.909
40 5 -1185.45
40 6 -2980.0
40 7 1775.45
40 8 -6192.73
40 9 -5690.0
40 10 -2162.73
40 11 -4603.64
40 12 -2208.18
40 13 -1538.18
40 14 -2875.45
40 16 -5650.0
40 17 -3330.0
40 18 -5258.18
40 19 -632.727
40 20 -2870.91
40 21 -2847.27
40 22 -4506.36
40 23 -2090.91
40 24 -4063.64
40 25 -3676.36
40 26 -4660.0
40 27 -1992.73
40 28 -270.0
40 29 -1373.64
40 30 -3173.64
40 31 -2051.82
40 32 -2928.18
40 33 -832.727
40 34 -3610.0
40 35 -389.091
40 36 -4941.82
40 37 -6091.82
40 38 23.6364
40 39 -3315.45
40 41 -5014.55
40 42 -3152.73
40 43 -4548.18
40 44 -4091.82
40 45 -2339.09
40 46 -3156.36
40 47 -5044.55
40 48 -3155.45
40 49 -1380.0
40 50 -4139.09
40 51 -454.545
41 52 14283.6
41 2 -1288.18
41 3 -5511.82
41 4 -6389.09
41 5 -4165.45
41 6 -6310.0
41 7 -4884.55
41 8 -432.727
41 9 -3260.0
41 10 1237.27
41 11 -433.636
41 12 -6368.18
41 13 -3628.18
41 14 -4335.45
41 16 390.0
41 17 -2290.0
41 18 -2548.18
41 19 -7152.73
41 20 -1480.91
41 21 -7157.27
41 22 -4296.36
41 23 -4660.91
41 24 -2123.64
41 25 -626.364
41 26 -1880.0
41 27 -6222.73
41 28 -5550.0
41 29 -7273.64
41 30 -6573.64
41 31 -7741.82
41 32 -2858.18
41 33 -2.72727
41 34 -3400.0
41 35 -4619.09
41 36 -5221.82
41 37 -2761.82
41 38 -4146.36
41 39 -2275.45
41 40 -6237.27
41 42 3587.27
41 43 -2188.18
41 44 -2001.82
41 45 -2059.09
41 46 -8296.36
41 47 855.455
41 48 -3505.45
41 49 -7910.0
41 50 -2399.09
41 51 -6564.55
42 52 14213.6
43 52 15743.6
43 2 -1358.18
43 3 -3081.82
43 4 -4789.09
43 5 -3265.45
43 6 -3740.0
43 7 -3354.55
43 8 -1542.73
43 9 -4650.0
43 10 -12.7273
43 11 -2523.64
43 12 -3798.18
43 13 -1538.18
43 14 -4195.45
43 16 -1350.0
43 17 -1180.0
43 18 -328.182
43 19 -5212.73
43 20 -2800.91
43 21 -6737.27
43 22 -1586.36
43 23 -2300.91
43 24 -3583.64
43 25 1383.64
43 26 -10.0
43 27 -3592.73
43 28 -3330.0
43 29 -6233.64
43 30 -6293.64
43 31 -6771.82
43 32 -1888.18
43 33 -552.727
43 34 -2910.0
43 35 -3859.09
43 36 -2381.82
43 37 -4701.82
43 38 -2616.36
43 39 84.5455
43 40 -4637.27
43 41 -1054.55
43 42 807.273
43 44 288.182
43 45 720.909
43 46 -7536.36
43 47 -184.545
43 48 -795.455
43 49 -6450.0
43 50 -2469.09
43 51 -4484.55
44 52 16093.6
44 2 -1148.18
44 3 -2941.82
44 4 -4509.09
44 5 -2915.45
44 6 -3610.0
44 7 -3084.55
44 8 -1612.73
44 9 -4300.0
44 10 337.273
44 11 -2243.64
44 12 -3668.18
44 13 -1268.18
44 14 -3845.45
44 16 -1280.0
44 17 -760.0
44 18 -738.182
44 19 -5002.73
44 20 -2450.91
44 21 -6387.27
44 22 -1656.36
44 23 -2160.91
44 24 -3233.64
44 25 903.636
44 26 -490.0
44 27 -3522.73
44 28 -3190.0
44 29 -5883.64
44 30 -5943.64
44 31 -6361.82
44 32 -1468.18
44 33 -202.727
44 34 -2560.0
44 35 -3509.09
44 36 -2581.82
44 37 -4421.82
44 38 -2336.36
44 39 294.545
44 40 -4297.27
44 41 -984.545
44 42 947.273
44 43 171.818
44 45 650.909
44 46 -7186.36
44 47 -324.545
44 48 -1005.45
44 49 -6170.0
44 50 -2059.09
44 51 -4274.55
45 52 16023.6
45 2 -2468.18
45 3 -1831.82
45 4 -4089.09
45 5 -3195.45
45 6 -2430.0
45 7 -2664.55
45 8 -2792.73
45 9 -5480.0
45 10 -912.727
45 11 -3563.64
45 12 -2548.18
45 13 -848.182
45 14 -4405.45
45 16 -2730.0
45 17 -1600.0
45 18 -1018.18
45 19 -4312.73
45 20 -3490.91
45 21 -6527.27
45 22 -336.364
45 23 -1330.91
45 24 -4343.64
45 25 623.636
45 26 -280.0
45 27 -2342.73
45 28 -2350.0
45 29 -5743.64
45 30 -6223.64
45 31 -6291.82
45 32 -2158.18
45 33 -1112.73
45 34 -3260.0
45 35 -3649.09
45 36 -1261.82
45 37 -5671.82
45 38 -2066.36
45 39 -195.455
45 40 -3877.27
45 41 -2374.55
45 42 -442.727
45 43 -728.182
45 44 -681.818
45 46 -7186.36
45 47 -1434.55
45 48 244.545
45 49 -5760.0
45 50 -3099.09
45 51 -3514.55
46 52 13523.6
46 2 -7468.18
46 3 -3771.82
46 4 -2569.09
46 5 -2985.45
46 6 -6730.0
46 7 1435.45
46 8 -8762.73
46 9 -6520.0
46 10 -3762.73
46 11 -5573.64
46 12 -5748.18
46 13 -4878.18
46 14 -3705.45
46 16 -8010.0
46 17 -5900.0
46 18 -8448.18
46 19 -3962.73
46 20 -2800.91
46 21 62.7273
46 22 -7976.36
46 23 -5700.91
46 24 -4203.64
46 25 -6736.36
46 26 -8060.0
46 27 -5602.73
46 28 -3880.0
46 29 776.364
46 30 -1993.64
46 31 28.1818
46 32 -5428.18
46 33 -1872.73
46 34 -5690.0
46 35 -799.091
46 36 -8491.82
46 37 -6581.82
46 38 -3036.36
46 39 -6305.45
46 40 -3247.27
46 41 -7164.55
46 42 -5232.73
46 43 -7538.18
46 44 -7071.82
46 45 -5739.09
46 47 -7544.55
46 48 -6835.45
46 49 -2490.0
46 50 -6219.09
46 51 -3654.55
47 52 13663.6
47 2 -1848.18
47 3 -5511.82
47 4 -7009.09
47 5 -4935.45
47 6 -6240.0
47 7 -5514.55
47 8 267.273
47 9 -4650.0
47 10 -82.7273
47 11 -1823.64
47 12 -6298.18
47 13 -3898.18
47 14 -5445.45
47 16 -100.0
47 17 -2780.0
47 18 -1718.18
47 19 -7572.73
47 20 -2870.91
47 21 -8197.27
47 22 -3946.36
47 23 -4800.91
47 24 -3513.64
47 25 273.636
47 26 -770.0
47 27 -6022.73
47 28 -5760.0
47 29 -8173.64
47 30 -7613.64
47 31 -8581.82
47 32 -3548.18
47 33 -1252.73
47 34 -4300.0
47 35 -5459.09
47 36 -4601.82
47 37 -4281.82
47 38 -4636.36
47 39 -2275.45
47 40 -6857.27
47 41 265.455
47 42 2267.27
47 43 -1908.18
47 44 -1931.82
47 45 -1709.09
47 46 -9266.36
47 48 -2805.45
47 49 -8600.0
47 50 -3309.09
47 51 -6844.55
48 52 14213.6
48 2 -4488.18
48 3 -1621.82
48 4 -5069.09
48 5 -4935.45
48 6 -2770.0
48 7 -3564.55
48 8 -4452.73
48 9 -7630.0
48 10 -3062.73
48 11 -5643.64
48 12 -2138.18
48 13 -2378.18
48 14 -6345.45
48 16 -4470.0
48 17 -3750.0
48 18 -2198.18
48 19 -5072.73
48 20 -5640.91
48 21 -8127.27
48 22 -1656.36
48 23 -2510.91
48 24 -6493.64
48 25 -486.364
48 26 -420.0
48 27 -2062.73
48 28 -2910.0
48 29 -6923.64
48 30 -7963.64
48 31 -7541.82
48 32 -4178.18
48 33 -3262.73
48 34 -5340.0
48 35 -5249.09
48 36 -921.818
48 37 -7761.82
48 38 -3656.36
48 39 -2345.45
48 40 -5057.27
48 41 -4184.55
48 42 -2252.73
48 43 -2608.18
48 44 -2701.82
48 45 -119.091
48 46 -8646.36
48 47 -2894.55
48 49 -6800.0
48 50 -5249.09
48 51 -4064.55
49 52 14983.6
49 2 -6428.18
49 3 -1201.82
49 4 -209.091
49 5 -2085.45
49 6 -4300.0
49 7 3165.45
49 8 -7582.73
49 9 -6590.0
49 10 -3342.73
49 11 -5573.64
49 12 -3178.18
49 13 -3068.18
49 14 -3565.45
49 16 -6970.0
49 17 -4650.0
49 18 -6778.18
49 19 -1392.73
49 20 -3490.91
49 21 -2017.27
49 22 -5966.36
49 23 -3550.91
49 24 -4693.64
49 25 -5136.36
49 26 -6120.0
49 27 -3032.73
49 28 -1380.0
49 29 -53.6364
49 30 -3033.64
49 31 -871.818
49 32 -4248.18
49 33 -1732.73
49 34 -4790.0
49 35 -529.091
49 36 -6331.82
49 37 -6921.82
49 38 -1366.36
49 39 -4775.45
49 40 -1027.27
49 41 -6334.55
49 42 -4402.73
49 43 -6008.18
49 44 -5611.82
49 45 -3869.09
49 46 -2046.36
49 47 -6434.55
49 48 -4545.45
49 50 -5389.09
49 51 -1084.55
50 52 16573.6
50 2 -1218.18
50 3 -3701.82
50 4 -3959.09
50 5 -1595.45
50 6 -4580.0
50 7 -2384.55
50 8 -2442.73
50 9 -2220.0
50 10 2067.27
50 11 -573.636
50 12 -4638.18
50 13 -1748.18
50 14 -1905.45
50 16 -1690.0
50 17 -420.0
50 18 -2898.18
50 19 -4862.73
50 20 -230.909
50 21 -4727.27
50 22 -3666.36
50 23 -2860.91
50 24 -1083.64
50 25 -1176.36
50 26 -2640.0
50 27 -4422.73
50 28 -3530.0
50 29 -4773.64
50 30 -4143.64
50 31 -5111.82
50 32 -568.182
50 33 2017.27
50 34 -830.0
50 35 -2049.09
50 36 -4531.82
50 37 -2481.82
50 38 -1716.36
50 39 -1235.45
50 40 -3807.27
50 41 -844.545
50 42 1017.27
50 43 -2048.18
50 44 -1521.82
50 45 -1229.09
50 46 -5796.36
50 47 -1164.55
50 48 -3015.45
50 49 -5410.0
50 51 -4344.55
51 52 15533.6
51 2 -5808.18
51 3 878.182
51 4 -549.091
51 5 -2505.45
51 6 -2430.0
51 7 1435.45
51 8 -6882.73
51 9 -6940.0
51 10 -3272.73
51 11 -5783.64
51 12 -1098.18
51 13 -1958.18
51 14 -4195.45
51 16 -6410.0
51 17 -4030.0
51 18 -5528.18
51 19 -282.727
51 20 -4190.91
51 21 -4027.27
51 22 -4436.36
51 23 -2160.91
51 24 -5383.64
51 25 -3886.36
51 26 -4660.0
51 27 -952.727
51 28 560.0
51 29 -2133.64
51 30 -4563.64
51 31 -3021.82
51 32 -3828.18
51 33 -2082.73
51 34 -4650.0
51 35 -1779.09
51 36 -4601.82
51 37 -7341.82
51 38 -956.364
51 39 -3735.45
51 40 -957.273
51 41 -5844.55
51 42 -3982.73
51 43 -4898.18
51 44 -4571.82
51 45 -2479.09
51 46 -4066.36
51 47 -5534.55
51 48 -2665.45
51 49 -1940.0
51 50 -5179.09
52 2 0
52 3 0
52 4 0
52 5 0
52 6 0
52 7 0
52 8 0
52 9 0
52 10 0
52 11 0
52 12 0
52 13 0
52 14 0
52 15 0
52 16 0
52 17 0
52 18 0
52 19 0
52 20 0
52 21 0
52 22 0
52 23 0
52 24 0
52 25 0
52 26 0
52 27 0
52 28 0
52 29 0
52 30 0
52 31 0
52 32 0
52 33 0
52 34 0
52 35 0
52 36 0
52 37 0
52 38 0
52 39 0
52 40 0
52 41 0
52 42 0
52 43 0
52 44 0
52 45 0
52 46 0
52 47 0
52 48 0
52 49 0
52 50 0
52 51 0
2 1 0
3 1 0
4 1 0
5 1 0
6 1 0
7 1 0
8 1 0
9 1 0
10 1 0
11 1 0
12 1 0
13 1 0
14 1 0
15 1 0
16 1 0
17 1 0
18 1 0
19 1 0
20 1 0
21 1 0
22 1 0
23 1 0
24 1 0
25 1 0
26 1 0
27 1 0
28 1 0
29 1 0
30 1 0
31 1 0
32 1 0
33 1 0
34 1 0
35 1 0
36 1 0
37 1 0
38 1 0
39 1 0
40 1 0
41 1 0
42 1 0
43 1 0
44 1 0
45 1 0
46 1 0
47 1 0
48 1 0
49 1 0
50 1 0
51 1 0
52 1 0
