52 2362
1
2
3
4
5
6
7
8
9
10
11
12
13
14
15
16
17
18
19
20
21
22
23
24
25
26
27
28
29
30
31
32
33
34
35
36
37
38
39
40
41
42
43
44
45
46
47
48
49
50
51
52
1 52 -0.0
1 2 -22300.0
1 3 -22828.6
1 4 -23820.0
1 5 -23947.6
1 6 -25560.0
1 7 -24035.5
1 8 -23760.0
1 9 -22216.9
1 10 -23130.0
1 11 -23900.0
1 12 -17955.4
1 13 -22198.9
1 14 -22119.3
1 15 -24800.0
1 16 -21540.0
1 17 -24077.6
1 19 -19904.4
1 20 -20710.0
1 21 -23490.0
1 22 -22783.9
1 23 -22909.0
1 24 -22580.0
1 25 -20577.5
1 26 -22499.0
1 27 -16963.2
1 28 -22543.1
1 29 -16938.8
1 30 -23071.0
1 31 -20008.4
1 32 -23480.0
1 33 -24040.0
1 34 -21858.5
1 35 -2706.82
1 36 -23831.6
1 37 -25290.0
1 38 -19417.1
1 39 -23572.4
1 40 -20298.8
1 41 -15363.2
1 42 -24310.0
1 43 -23250.3
1 44 -23890.0
1 45 -21938.2
1 46 -21130.0
1 47 -24192.4
1 48 -22440.0
1 49 -21029.6
1 50 -23420.0
1 51 -22511.0
2 52 -4230.0
2 3 -7048.56
2 4 -1800.0
2 5 -2757.59
2 6 -4990.0
2 7 -6595.49
2 8 -350.0
2 9 -5056.85
2 10 -6040.0
2 11 -2220.0
2 12 -2175.38
2 13 -3928.95
2 14 -5649.3
2 15 -6450.0
2 16 -2850.0
2 17 -6007.64
2 19 -3714.38
2 20 200.0
2 21 -360.0
2 22 -1383.86
2 23 -2898.99
2 24 -1040.0
2 25 -4797.5
2 26 -3808.99
2 28 -453.057
2 29 3761.21
2 30 -6951.01
2 31 -488.374
2 32 -5620.0
2 33 -2570.0
2 34 -5598.51
2 35 15843.2
2 36 -4931.63
2 37 -3680.0
2 38 -3577.12
2 39 -7242.41
2 40 -78.8324
2 42 -8470.0
2 43 -7540.31
2 44 -7630.0
2 45 -5328.17
2 46 -2710.0
2 47 -8142.41
2 48 -3470.0
2 49 -5189.57
2 50 -2160.0
2 51 -2711.01
3 52 -4650.0
3 2 -6940.0
3 4 -8120.0
3 5 -7687.59
3 6 -8670.0
3 7 -4795.49
3 8 -8470.0
3 9 -2696.85
3 10 -4300.0
3 11 -8330.0
3 12 5524.62
3 13 -5388.95
3 14 -2109.3
3 15 -6380.0
3 16 -5980.0
3 17 -6077.64
3 19 1425.62
3 20 -5210.0
3 21 -8060.0
3 22 -6733.86
3 23 -6788.99
3 24 -7220.0
3 25 1102.5
3 26 -5888.99
3 28 -6563.06
3 29 -748.792
3 30 -1261.01
3 31 -2498.37
3 32 -6040.0
3 33 -8340.0
3 34 -1018.51
3 35 12783.2
3 36 -5901.63
3 37 -9380.0
3 38 3782.88
3 39 -922.411
3 40 -4038.83
3 42 -830.0
3 43 509.692
3 44 -2560.0
3 45 -188.17
3 46 -5070.0
3 47 -2032.41
3 48 -6040.0
3 49 160.43
3 50 -7370.0
3 51 -6041.01
4 52 -5270.0
4 2 -1320.0
4 3 -7748.56
4 5 -5807.59
4 6 -7980.0
4 7 -5135.49
4 8 -2290.0
4 9 -3806.85
4 10 -8050.0
4 11 -420.0
4 12 -2525.38
4 13 -6218.95
4 14 -5029.3
4 15 -9090.0
4 16 -3480.0
4 17 -4277.64
4 19 -3364.38
4 20 130.0
4 21 690.0
4 22 -4373.86
4 23 -1238.99
4 24 -3060.0
4 25 -5217.5
4 26 -2488.99
4 28 -3573.06
4 29 911.208
4 30 -6541.01
4 31 -3268.37
4 32 -4370.0
4 33 -770.0
4 34 -5108.51
4 35 15013.2
4 36 -7701.63
4 37 -630.0
4 38 -4057.12
4 39 -8842.41
4 40 -2858.83
4 42 -9440.0
4 43 -7960.31
4 44 -9160.0
4 45 -7138.17
4 46 -2230.0
4 47 -7862.41
4 48 -5970.0
4 49 -5739.57
4 50 900.0
4 51 -631.011
5 52 -4580.0
5 2 -1460.0
5 3 -6498.56
5 4 -4990.0
5 6 -1730.0
5 7 -8335.49
5 8 -3610.0
5 9 -6656.85
5 10 -4370.0
5 11 -5280.0
5 12 -2105.38
5 13 -2398.95
5 14 -6759.3
5 15 -3810.0
5 16 -4310.0
5 17 -8087.64
5 19 -4474.38
5 20 -2370.0
5 21 -3620.0
5 22 976.139
5 23 -5538.99
5 24 -2920.0
5 25 -4937.5
5 26 -6028.99
5 28 1626.94
5 29 6051.21
5 30 -7581.01
5 31 2631.63
5 32 -7560.0
5 33 -5560.0
5 34 -6498.51
5 35 14523.2
5 36 -2081.63
5 37 -6810.0
5 38 -3507.12
5 39 -5712.41
5 40 1931.17
5 42 -7770.0
5 43 -7330.31
5 44 -6380.0
5 45 -3458.17
5 46 -4590.0
5 47 -8632.41
5 48 -1880.0
5 49 -5259.57
5 50 -5280.0
5 51 -5421.01
6 52 -5620.0
6 2 -3120.0
6 3 -6908.56
6 4 -6590.0
6 5 -1157.59
6 7 -9585.49
6 8 -5210.0
6 9 -7836.85
6 10 -4440.0
6 11 -6940.0
6 12 -2595.38
6 13 -2958.95
6 14 -7669.3
6 15 -2980.0
6 16 -5700.0
6 17 -9407.64
6 19 -5374.38
6 20 -3960.0
6 21 -5220.0
6 22 -623.861
6 23 -7068.99
6 24 -4450.0
6 25 -5497.5
6 26 -7418.99
6 28 446.943
6 29 4731.21
6 30 -8411.01
6 31 3541.63
6 32 -8880.0
6 33 -7220.0
6 34 -7398.51
6 35 13133.2
6 36 -1251.63
6 37 -8410.0
6 38 -4057.12
6 39 -5502.41
6 40 751.168
6 42 -7980.0
6 43 -7750.31
6 44 -6450.0
6 45 -3038.17
6 46 -5910.0
6 47 -9392.41
6 48 -2640.0
6 49 -5949.57
6 50 -6880.0
6 51 -6941.01
7 52 -5410.0
7 2 -6040.0
7 3 -4348.56
7 4 -5060.0
7 5 -9077.59
7 6 -10900.0
7 8 -7150.0
7 9 2373.15
7 10 -7980.0
7 11 -5560.0
7 12 1364.62
7 13 -7538.95
7 14 -309.303
7 15 -10060.0
7 16 -5210.0
7 17 -1007.64
7 19 1705.62
7 20 -3410.0
7 21 -5560.0
7 22 -7773.86
7 23 -3668.99
7 24 -6600.0
7 25 -1747.5
7 26 -2488.99
7 28 -7533.06
7 29 -2068.79
7 30 -1401.01
7 31 -5348.37
7 32 -2360.0
7 33 -5700.0
7 34 -38.506
7 35 13343.2
7 36 -9231.63
7 37 -5840.0
7 38 -237.125
7 39 -6822.41
7 40 -5558.83
7 42 -6590.0
7 43 -4140.31
7 44 -7560.0
7 45 -5748.17
7 46 -2990.0
7 47 -2932.41
7 48 -7780.0
7 49 -2619.57
7 50 -3480.0
7 51 -2221.01
8 52 -4160.0
8 2 1180.0
8 3 -7048.56
8 4 -1240.0
8 5 -3377.59
8 6 -5550.0
8 7 -6175.49
8 9 -4706.85
8 10 -6310.0
8 11 -1530.0
8 12 -2105.38
8 13 -4208.95
8 14 -5309.3
8 15 -6870.0
8 16 -2640.0
8 17 -5457.64
8 19 -3434.38
8 20 620.0
8 21 130.0
8 22 -1873.86
8 23 -2348.99
8 24 -1040.0
8 25 -4727.5
8 26 -3318.99
8 28 -1073.06
8 29 3271.21
8 30 -6741.01
8 31 -908.374
8 32 -5200.0
8 33 -1880.0
8 34 -5318.51
8 35 16053.2
8 36 -5411.63
8 37 -3060.0
8 38 -3507.12
8 39 -7452.41
8 40 -498.832
8 42 -8470.0
8 43 -7470.31
8 44 -7770.0
8 45 -5538.17
8 46 -2300.0
8 47 -7932.41
8 48 -3820.0
8 49 -5119.57
8 50 -1530.0
8 51 -2221.01
9 52 -5270.0
9 2 -6180.0
9 3 -3928.56
9 4 -5410.0
9 5 -9077.59
9 6 -10830.0
9 7 694.507
9 8 -7360.0
9 10 -7770.0
9 11 -5900.0
9 12 1914.62
9 13 -7468.95
9 14 110.697
9 15 -9790.0
9 16 -5280.0
9 17 -1427.64
9 19 2195.62
9 20 -3620.0
9 21 -5840.0
9 22 -7843.86
9 23 -3948.99
9 24 -6740.0
9 25 -1397.5
9 26 -2768.99
9 28 -7533.06
9 29 -2068.79
9 30 -911.011
9 31 -5208.37
9 32 -2630.0
9 33 -6040.0
9 34 441.494
9 35 13273.2
9 36 -9021.63
9 37 -6250.0
9 38 242.875
9 39 -6342.41
9 40 -5428.83
9 42 -6110.0
9 43 -3720.31
9 44 -7150.0
9 45 -5328.17
9 46 -3130.0
9 47 -2382.41
9 48 -7710.0
9 49 -2269.57
9 50 -3900.0
9 51 -2571.01
10 52 -3190.0
10 2 -4170.0
10 3 -2538.56
10 4 -6660.0
10 5 -3797.59
10 6 -4440.0
10 7 -6665.49
10 8 -5970.0
10 9 -4776.85
10 11 -6740.0
10 12 1574.62
10 13 -1708.95
10 14 -4329.3
10 15 -2220.0
10 16 -4450.0
10 17 -7047.64
10 19 -1554.38
10 20 -3480.0
10 21 -5980.0
10 22 -2913.86
10 23 -6028.99
10 24 -4720.0
10 25 -1467.5
10 26 -5748.99
10 28 -2743.06
10 29 3071.21
10 30 -4521.01
10 31 1731.63
10 32 -6590.0
10 33 -6950.0
10 34 -3788.51
10 35 14453.2
10 36 -1731.63
10 37 -8200.0
10 38 172.875
10 39 -1412.41
10 40 -358.832
10 42 -3610.0
10 43 -3450.31
10 44 -2080.0
10 45 641.83
10 46 -4310.0
10 47 -5432.41
10 48 -2290.0
10 49 -1989.57
10 50 -6460.0
10 51 -5691.01
11 52 -4440.0
11 2 -830.0
11 3 -7048.56
11 4 490.0
11 5 -5187.59
11 6 -7420.0
11 7 -4725.49
11 8 -1670.0
11 9 -3386.85
11 10 -7220.0
11 12 -1835.38
11 13 -5388.95
11 14 -4539.3
11 15 -8260.0
11 16 -2710.0
11 17 -3997.64
11 19 -2804.38
11 20 900.0
11 21 480.0
11 22 -3743.86
11 23 -818.989
11 24 -2360.0
11 25 -4457.5
11 26 -1998.99
11 28 -2953.06
11 29 1541.21
11 30 -5981.01
11 31 -2638.37
11 32 -3950.0
11 33 -70.0
11 34 -4488.51
11 35 15843.2
11 36 -6941.63
11 37 -1180.0
11 38 -3297.12
11 39 -8072.41
11 40 -2158.83
11 42 -8670.0
11 43 -7200.31
11 44 -8330.0
11 45 -6368.17
11 46 -1530.0
11 47 -7242.41
11 48 -5140.0
11 49 -4979.57
11 50 410.0
11 51 -421.011
12 52 -4650.0
12 2 -6940.0
12 3 651.441
12 4 -7770.0
12 5 -8167.59
12 6 -9230.0
12 7 -3955.49
12 8 -8400.0
12 9 -1726.85
12 10 -5060.0
12 11 -7990.0
12 13 -5808.95
12 14 -1209.3
12 15 -7080.0
12 16 -5910.0
12 17 -5317.64
12 19 2465.62
12 20 -5070.0
12 21 -7850.0
12 22 -7143.86
12 23 -6378.99
12 24 -7220.0
12 25 1522.5
12 26 -5268.99
12 28 -6913.06
12 29 -1098.79
12 30 -221.011
12 31 -3128.37
12 32 -5410.0
12 33 -8060.0
12 34 -108.506
12 35 12853.2
12 36 -6661.63
12 37 -8960.0
12 38 4552.88
12 39 -2032.41
12 40 -4518.83
12 42 -1800.0
12 43 999.692
12 44 -3400.0
12 45 -1168.17
12 46 -4660.0
12 47 -992.411
12 48 -6390.0
12 49 440.43
12 50 -6880.0
12 51 -5491.01
13 52 -2560.0
13 2 -2360.0
13 3 -3928.56
13 4 -5130.0
13 5 -2127.59
13 6 -3260.0
13 7 -6525.49
13 8 -4170.0
13 9 -4776.85
13 10 -2010.0
13 11 -5210.0
13 12 524.623
13 14 -4539.3
13 15 -2700.0
13 16 -3200.0
13 17 -6567.64
13 19 -2114.38
13 20 -2020.0
13 21 -4310.0
13 22 -1173.86
13 23 -4778.99
13 24 -2920.0
13 25 -2367.5
13 26 -4848.99
13 28 -943.057
13 29 4941.21
13 30 -5151.01
13 31 2431.63
13 32 -5970.0
13 33 -5420.0
13 34 -4208.51
13 35 15703.2
13 36 -1461.63
13 37 -6740.0
13 38 -937.125
13 39 -3352.41
13 40 1521.17
13 42 -5200.0
13 43 -4700.31
13 44 -3880.0
13 45 -1238.17
13 46 -3340.0
13 47 -6202.41
13 48 -350.0
13 49 -2759.57
13 50 -5080.0
13 51 -4581.01
14 52 -4090.0
14 2 -5690.0
14 3 -2258.56
14 4 -5550.0
14 5 -8097.59
14 6 -9580.0
14 7 -905.493
14 8 -6880.0
14 9 1193.15
14 10 -6240.0
14 11 -5970.0
14 12 3514.62
14 13 -6148.95
14 15 -8330.0
14 16 -4520.0
14 17 -2327.64
14 19 3575.62
14 20 -3270.0
14 21 -5840.0
14 22 -6803.86
14 23 -4148.99
14 24 -6110.0
14 25 402.502
14 26 -2898.99
14 28 -6563.06
14 29 -958.792
14 30 268.989
14 31 -3888.37
14 32 -2770.0
14 33 -6040.0
14 34 1831.49
14 35 14103.2
14 36 -7571.63
14 37 -6600.0
14 38 1912.88
14 39 -4672.41
14 40 -4378.83
14 42 -4440.0
14 43 -1990.31
14 44 -5480.0
14 45 -3598.17
14 46 -2780.0
14 47 -1062.41
14 48 -6530.0
14 49 -529.57
14 50 -4380.0
14 51 -2921.01
15 18 973.578
16 52 -1730.0
16 2 -1110.0
16 3 -4348.56
16 4 -2220.0
16 5 -3867.59
16 6 -5830.0
16 7 -4025.49
16 8 -2430.0
16 9 -2416.85
16 10 -4580.0
16 11 -2360.0
16 12 594.623
16 13 -3028.95
16 14 -2739.3
16 15 -5900.0
16 17 -3647.64
16 19 -864.375
16 20 830.0
16 21 -1950.0
16 22 -2563.86
16 23 -1518.99
16 24 -1460.0
16 25 -2027.5
16 26 -1718.99
16 28 -2193.06
16 29 3071.21
16 30 -4041.01
16 31 -628.374
16 32 -3120.0
16 33 -2500.0
16 34 -2678.51
16 35 18553.2
16 36 -4721.63
16 37 -3750.0
16 38 -867.125
16 39 -5232.41
16 40 -428.832
16 42 -5970.0
16 43 -4700.31
16 44 -5550.0
16 45 -3528.17
16 46 -210.0
16 47 -5162.41
16 48 -2990.0
16 49 -2479.57
16 50 -1950.0
16 51 -1321.01
17 52 -4720.0
17 2 -4720.0
17 3 -4898.56
17 4 -3470.0
17 5 -8097.59
17 6 -9990.0
17 7 -275.493
17 8 -5700.0
17 9 983.148
17 10 -7630.0
17 11 -4100.0
17 12 734.623
17 13 -6848.95
17 14 -999.303
17 15 -9510.0
17 16 -4100.0
17 19 735.625
17 20 -2090.0
17 21 -3970.0
17 22 -6733.86
17 23 -2208.99
17 24 -5420.0
17 25 -2227.5
17 26 -1098.99
17 28 -6353.06
17 29 -1098.79
17 30 -2441.01
17 31 -4588.37
17 32 -1180.0
17 33 -4240.0
17 34 -948.506
17 35 14383.2
17 36 -8541.63
17 37 -4310.0
17 38 -797.125
17 39 -7032.41
17 40 -4588.83
17 42 -6940.0
17 43 -4770.31
17 44 -7560.0
17 45 -5818.17
17 46 -1810.0
17 47 -3842.41
17 48 -6950.0
17 49 -2959.57
17 50 -2020.0
17 51 -631.011
18 52 -3610.0
19 52 -4720.0
19 2 -6600.0
19 3 -1568.56
19 4 -6730.0
19 5 -8657.59
19 6 -10130.0
19 7 -1735.49
19 8 -7850.0
19 9 433.148
19 10 -6310.0
19 11 -7080.0
19 12 4344.62
19 13 -6568.95
19 14 730.697
19 15 -8470.0
19 16 -5490.0
19 17 -3437.64
19 20 -4310.0
19 21 -6950.0
19 22 -7493.86
19 23 -5198.99
19 24 -6950.0
19 25 682.502
19 26 -3948.99
19 28 -7323.06
19 29 -1588.79
19 30 1448.99
19 31 -4238.37
19 32 -3880.0
19 33 -7090.0
19 34 2041.49
19 35 13203.2
19 36 -7841.63
19 37 -7780.0
19 38 2672.88
19 39 -4182.41
19 40 -5008.83
19 42 -3950.0
19 43 -1290.31
19 44 -5200.0
19 45 -3248.17
19 46 -3820.0
19 47 47.5895
19 48 -7020.0
19 49 -329.57
19 50 -5560.0
19 51 -4101.01
20 52 -3120.0
20 2 -280.0
20 3 -5798.56
20 4 -830.0
20 5 -4147.59
20 6 -6310.0
20 7 -4445.49
20 8 -1390.0
20 9 -2976.85
20 10 -5830.0
20 11 -970.0
20 12 -785.377
20 13 -4068.95
20 14 -3709.3
20 15 -6940.0
20 16 -1390.0
20 17 -3857.64
20 19 -1904.38
20 21 -560.0
20 22 -2773.86
20 23 -888.989
20 24 -1250.0
20 25 -3407.5
20 26 -1718.99
20 28 -2193.06
20 29 2651.21
20 30 -5081.01
20 31 -1388.37
20 32 -3470.0
20 33 -1180.0
20 34 -3718.51
20 35 17163.2
20 36 -5691.63
20 37 -2500.0
20 38 -2187.12
20 39 -6682.41
20 40 -978.832
20 42 -7420.0
20 43 -6150.31
20 44 -6940.0
20 45 -4918.17
20 46 -630.0
20 47 -6342.41
20 48 -3890.0
20 49 -3799.57
20 50 -770.0
20 51 -761.011
21 52 -5620.0
21 2 -560.0
21 3 -8368.56
21 4 10.0
21 5 -5117.59
21 6 -7290.0
21 7 -6315.49
21 8 -1600.0
21 9 -4916.85
21 10 -8050.0
21 11 -1110.0
21 12 -3285.38
21 13 -6078.95
21 14 -5999.3
21 15 -8810.0
21 16 -3890.0
21 17 -5457.64
21 19 -4264.38
21 20 -280.0
21 22 -3743.86
21 23 -2278.99
21 24 -2780.0
21 25 -5907.5
21 26 -3528.99
21 28 -2673.06
21 29 1401.21
21 30 -7441.01
21 31 -2848.37
21 32 -5480.0
21 33 -1600.0
21 34 -6078.51
21 35 14733.2
21 36 -7291.63
21 37 -1880.0
21 38 -4687.12
21 39 -9112.41
21 40 -2438.83
21 42 -9920.0
21 43 -8650.31
21 44 -9370.0
21 45 -7278.17
21 46 -2990.0
21 47 -8702.41
21 48 -5630.0
21 49 -6299.57
21 50 -420.0
21 51 -1941.01
22 52 -4370.0
22 2 -1040.0
22 3 -6498.56
22 4 -4510.0
22 5 22.4105
22 6 -2150.0
22 7 -7985.49
22 8 -3060.0
22 9 -6376.85
22 10 -4440.0
22 11 -4790.0
22 12 -2035.38
22 13 -2398.95
22 14 -6419.3
22 15 -4090.0
22 16 -3960.0
22 17 -7677.64
22 19 -4264.38
22 20 -1950.0
22 21 -3200.0
22 23 -5058.99
22 24 -2430.0
22 25 -4727.5
22 26 -5608.99
22 28 1626.94
22 29 6121.21
22 30 -7371.01
22 31 2221.63
22 32 -7150.0
22 33 -5070.0
22 34 -6218.51
22 35 14873.2
22 36 -2431.63
22 37 -6390.0
22 38 -3437.12
22 39 -5852.41
22 40 2001.17
22 42 -7770.0
22 43 -7200.31
22 44 -6450.0
22 45 -3598.17
22 46 -4170.0
22 47 -8422.41
22 48 -1810.0
22 49 -5119.57
22 50 -4800.0
22 51 -5001.01
23 52 -3810.0
23 2 -1870.0
23 3 -5868.56
23 4 -690.0
23 5 -5807.59
23 6 -7910.0
23 7 -3195.49
23 8 -2850.0
23 9 -1796.85
23 10 -6870.0
23 11 -1180.0
23 12 -585.377
23 13 -5318.95
23 14 -3079.3
23 15 -8260.0
23 16 -2230.0
23 17 -2467.64
23 19 -1284.38
23 20 620.0
23 21 -1050.0
23 22 -4373.86
23 24 -2850.0
23 25 -3207.5
23 26 -468.989
23 28 -3853.06
23 29 1121.21
23 30 -4521.01
23 31 -2848.37
23 32 -2360.0
23 33 -1250.0
23 34 -3028.51
23 35 16193.2
23 36 -7011.63
23 37 -1810.0
23 38 -2047.12
23 39 -7242.41
23 40 -2508.83
23 42 -7700.0
23 43 -6080.31
23 44 -7630.0
23 45 -5678.17
23 46 -420.0
23 47 -5852.41
23 48 -5280.0
23 49 -3799.57
23 50 200.0
23 51 898.989
24 52 -2980.0
24 2 490.0
24 3 -5798.56
24 4 -2010.0
24 5 -2687.59
24 6 -4790.0
24 7 -5625.49
24 8 -1040.0
24 9 -4086.85
24 10 -5060.0
24 11 -2220.0
24 12 -925.377
24 13 -2958.95
24 14 -4539.3
24 15 -5760.0
24 16 -1670.0
24 17 -5177.64
24 19 -2534.38
24 20 760.0
24 21 -1050.0
24 22 -1243.86
24 23 -2348.99
24 25 -3547.5
24 26 -3038.99
24 28 -733.057
24 29 4111.21
24 30 -5771.01
24 31 1.62586
24 32 -4650.0
24 33 -2500.0
24 34 -4418.51
24 35 17093.2
24 36 -4371.63
24 37 -3820.0
24 38 -2327.12
24 39 -6132.41
24 40 411.168
24 42 -7220.0
24 43 -6290.31
24 44 -6450.0
24 45 -4218.17
24 46 -1670.0
24 47 -6892.41
24 48 -2640.0
24 49 -3939.57
24 50 -2160.0
24 51 -2291.01
25 52 -3470.0
25 2 -5760.0
25 3 31.4407
25 4 -6660.0
25 5 -7197.59
25 6 -8330.0
25 7 -3265.49
25 8 -7220.0
25 9 -1236.85
25 10 -4300.0
25 11 -6810.0
25 12 5324.62
25 13 -4898.95
25 14 -519.303
25 15 -6520.0
25 16 -4730.0
25 17 -4477.64
25 19 2605.62
25 20 -3890.0
25 21 -6670.0
25 22 -6033.86
25 23 -5198.99
25 24 -6040.0
25 26 -4288.99
25 28 -5873.06
25 29 -58.7916
25 30 -291.011
25 31 -2428.37
25 32 -4440.0
25 33 -6880.0
25 34 301.494
25 35 14033.2
25 36 -5901.63
25 37 -7850.0
25 38 3922.88
25 39 -2242.41
25 40 -3478.83
25 42 -2010.0
25 43 -40.3076
25 44 -3120.0
25 45 -1238.17
25 46 -3480.0
25 47 -1132.41
25 48 -5420.0
25 49 1550.43
25 50 -5770.0
25 51 -4441.01
26 52 -3400.0
26 2 -2780.0
26 3 -4968.56
26 4 -1940.0
26 5 -6297.59
26 6 -8260.0
26 7 -2015.49
26 8 -3820.0
26 9 -616.852
26 10 -6590.0
26 11 -2360.0
26 12 524.623
26 13 -5388.95
26 14 -1829.3
26 15 -8190.0
26 16 -2430.0
26 17 -1357.64
26 19 -34.3754
26 20 -210.0
26 21 -2300.0
26 22 -4923.86
26 23 -468.989
26 24 -3540.0
26 25 -2297.5
26 28 -4483.06
26 29 641.208
26 30 -3341.01
26 31 -3058.37
26 32 -1110.0
26 33 -2500.0
26 34 -1778.51
26 35 16123.2
26 36 -7151.63
26 37 -2990.0
26 38 -1007.12
26 39 -6612.41
26 40 -2858.83
26 42 -6800.0
26 43 -5040.31
26 44 -6940.0
26 45 -5188.17
26 46 -140.0
26 47 -4672.41
26 48 -5420.0
26 49 -2829.57
26 50 -840.0
26 51 618.989
27 52 -1450.0
27 2 -1250.0
27 3 -4138.56
27 4 -2560.0
27 5 -3867.59
27 6 -5760.0
27 7 -4025.49
27 8 -2640.0
27 9 -2416.85
27 10 -4300.0
27 11 -2640.0
27 12 804.623
27 13 -2818.95
27 14 -2669.3
27 15 -5690.0
27 16 -210.0
27 17 -3717.64
27 19 -724.375
27 20 550.0
27 21 -2230.0
27 22 -2563.86
27 23 -1788.99
27 24 -1600.0
27 25 -1747.5
27 26 -1858.99
27 28 -2193.06
27 29 3141.21
27 30 -3901.01
27 31 -488.374
27 32 -3190.0
27 33 -2780.0
27 34 -2608.51
27 35 18553.2
27 36 -4581.63
27 37 -4030.0
27 38 -657.125
27 39 -4952.41
27 40 -288.832
27 42 -5690.0
27 43 -4490.31
27 44 -5270.0
27 45 -3318.17
27 46 -280.0
27 47 -5022.41
27 48 -2850.0
27 49 -2269.57
27 50 -2230.0
27 51 -1531.01
28 52 -5270.0
28 2 -1250.0
28 3 -7468.56
28 4 -4850.0
28 5 -467.589
28 6 -2220.0
28 7 -8885.49
28 8 -3400.0
28 9 -7206.85
28 10 -5410.0
28 11 -5140.0
28 12 -2945.38
28 13 -3308.95
28 14 -7319.3
28 15 -4720.0
28 16 -4730.0
28 17 -8437.64
28 19 -5234.38
28 20 -2510.0
28 21 -3270.0
28 22 486.139
28 23 -5678.99
28 24 -3060.0
28 25 -5707.5
28 26 -6308.99
28 29 5151.21
28 30 -8341.01
28 31 1731.63
28 32 -7910.0
28 33 -5490.0
28 34 -7128.51
28 35 14103.2
28 36 -3051.63
28 37 -6670.0
28 38 -4407.12
28 39 -6752.41
28 40 1031.17
28 42 -8740.0
28 43 -8170.31
28 44 -7420.0
28 45 -4428.17
28 46 -4870.0
28 47 -9392.41
28 48 -2780.0
28 49 -6089.57
28 50 -5210.0
28 51 -5491.01
29 52 -3880.0
29 2 -1250.0
29 3 -5868.56
29 4 -4580.0
29 5 -257.589
29 6 -2150.0
29 7 -7635.49
29 8 -3270.0
29 9 -5956.85
29 10 -3810.0
29 11 -4860.0
29 12 -1345.38
29 13 -1638.95
29 14 -5929.3
29 15 -3470.0
29 16 -3680.0
29 17 -7397.64
29 19 -3714.38
29 20 -1880.0
29 21 -3410.0
29 22 766.139
29 23 -4918.99
29 24 -2430.0
29 25 -4107.5
29 26 -5398.99
29 28 936.943
29 30 -6881.01
29 31 2631.63
29 32 -6800.0
29 33 -5140.0
29 34 -5668.51
29 35 15213.2
29 36 -1941.63
29 37 -6460.0
29 38 -2807.12
29 39 -5162.41
29 40 2631.17
29 42 -7080.0
29 43 -6570.31
29 44 -5760.0
29 45 -2968.17
29 46 -3960.0
29 47 -7862.41
29 48 -1180.0
29 49 -4559.57
29 50 -4800.0
29 51 -4861.01
30 52 -5060.0
30 2 -7010.0
30 3 -1428.56
30 4 -7080.0
30 5 -8937.59
30 6 -10340.0
30 7 -2015.49
30 8 -8330.0
30 9 153.148
30 10 -6450.0
30 11 -7430.0
30 12 4484.62
30 13 -6778.95
30 14 250.697
30 15 -8670.0
30 16 -5840.0
30 17 -3787.64
30 19 4275.62
30 20 -4660.0
30 21 -7300.0
30 22 -7773.86
30 23 -5608.99
30 24 -7360.0
30 25 612.502
30 26 -4428.99
30 28 -7603.06
30 29 -1928.79
30 31 -4378.37
30 32 -4300.0
30 33 -7500.0
30 34 1691.49
30 35 12853.2
30 36 -8051.63
30 37 -8130.0
30 38 2742.88
30 39 -4052.41
30 40 -5218.83
30 42 -3880.0
30 43 -1090.31
30 44 -5270.0
30 45 -3248.17
30 46 -4170.0
30 47 327.589
30 48 -7290.0
30 49 -529.57
30 50 -5910.0
30 51 -4511.01
31 52 -5060.0
31 2 -3610.0
31 3 -5728.56
31 4 -6870.0
31 5 -1787.59
31 6 -1450.0
31 7 -9025.49
31 8 -5560.0
31 9 -7206.85
31 10 -3260.0
31 11 -7150.0
31 12 -1485.38
31 13 -2258.95
31 14 -6969.3
31 15 -1660.0
31 16 -5490.0
31 17 -8997.64
31 19 -4474.38
31 20 -4030.0
31 21 -5770.0
31 22 -1243.86
31 23 -6998.99
31 24 -4650.0
31 25 -4587.5
31 26 -7208.99
31 28 -593.057
31 29 4521.21
31 30 -7441.01
31 32 -8400.0
31 33 -7360.0
31 34 -6568.51
31 35 13413.2
31 36 138.374
31 37 -8750.0
31 38 -3017.12
31 39 -4182.41
31 40 751.168
31 42 -6800.0
31 43 -6640.31
31 44 -5200.0
31 45 -1718.17
31 46 -5700.0
31 47 -8422.41
31 48 -2160.0
31 49 -4979.57
31 50 -7090.0
31 51 -6871.01
32 52 -3540.0
32 2 -3750.0
32 3 -4278.56
32 4 -2980.0
32 5 -6987.59
32 6 -8880.0
32 7 -1045.49
32 8 -4860.0
32 9 363.148
32 10 -6590.0
32 11 -3470.0
32 12 1224.62
32 13 -5668.95
32 14 -859.303
32 15 -8400.0
32 16 -2990.0
32 17 -597.643
32 19 875.625
32 20 -1120.0
32 21 -3410.0
32 22 -5623.86
32 23 -1518.99
32 24 -4310.0
32 25 -1607.5
32 26 -268.989
32 28 -5243.06
32 29 81.2084
32 30 -2371.01
32 31 -3408.37
32 33 -3540.0
32 34 -808.506
32 35 15563.2
32 36 -7431.63
32 37 -3960.0
32 38 -307.125
32 39 -6202.41
32 40 -3478.83
32 42 -6310.0
32 43 -4280.31
32 44 -6660.0
32 45 -4848.17
32 46 -700.0
32 47 -3702.41
32 48 -5840.0
32 49 -2199.57
32 50 -1740.0
32 51 -281.011
33 52 -4300.0
33 2 -900.0
33 3 -6778.56
33 4 420.0
33 5 -5187.59
33 6 -7420.0
33 7 -4585.49
33 8 -1740.0
33 9 -3246.85
33 10 -7150.0
33 11 210.0
33 12 -1625.38
33 13 -5318.95
33 14 -4329.3
33 15 -8190.0
33 16 -2570.0
33 17 -3857.64
33 19 -2534.38
33 20 970.0
33 21 270.0
33 22 -3743.86
33 23 -608.989
33 24 -2360.0
33 25 -4247.5
33 26 -1858.99
33 28 -3023.06
33 29 1541.21
33 30 -5771.01
33 31 -2568.37
33 32 -3740.0
33 34 -4278.51
33 35 15983.2
33 36 -6871.63
33 37 -1250.0
33 38 -3157.12
33 39 -7932.41
33 40 -2158.83
33 42 -8470.0
33 43 -7060.31
33 44 -8190.0
33 45 -6168.17
33 46 -1390.0
33 47 -7102.41
33 48 -5140.0
33 49 -4769.57
33 50 410.0
33 51 -281.011
34 52 -4510.0
34 2 -6320.0
34 3 -1848.56
34 4 -6310.0
34 5 -8517.59
34 6 -9990.0
34 7 -1315.49
34 8 -7570.0
34 9 843.148
34 10 -6380.0
34 11 -6600.0
34 12 3934.62
34 13 -6498.95
34 14 1150.7
34 15 -8470.0
34 16 -5140.0
34 17 -2957.64
34 19 4205.62
34 20 -3960.0
34 21 -6600.0
34 22 -7283.86
34 23 -4778.99
34 24 -6670.0
34 25 542.502
34 26 -3528.99
34 28 -7053.06
34 29 -1378.79
34 30 1028.99
34 31 -4168.37
34 32 -3400.0
34 33 -6670.0
34 35 13483.2
34 36 -7841.63
34 37 -7290.0
34 38 2262.88
34 39 -4462.41
34 40 -4798.83
34 42 -4160.0
34 43 -1640.31
34 44 -5410.0
34 45 -3458.17
34 46 -3410.0
34 47 -372.411
34 48 -6880.0
34 49 -399.57
34 50 -5080.0
34 51 -3681.01
35 52 -1590.0
36 52 -4860.0
36 2 -4030.0
36 3 -5108.56
36 4 -7280.0
36 5 -2477.59
36 6 -2220.0
36 7 -8885.49
36 8 -6040.0
36 9 -6996.85
36 10 -2700.0
36 11 -7430.0
36 12 -995.377
36 13 -2128.95
36 14 -6629.3
36 15 -830.0
36 16 -5560.0
36 17 -8927.64
36 19 -4054.38
36 20 -4310.0
36 21 -6190.0
36 22 -1873.86
36 23 -7138.99
36 24 -5000.0
36 25 -4037.5
36 26 -7278.99
36 28 -1353.06
36 29 3971.21
36 30 -7091.01
36 31 4161.63
36 32 -8400.0
36 33 -7640.0
36 34 -6218.51
36 35 13273.2
36 37 -9030.0
36 38 -2527.12
36 39 -3422.41
36 40 271.168
36 42 -6240.0
36 43 -6150.31
36 44 -4510.0
36 45 -958.17
36 46 -5770.0
36 47 -8002.41
36 48 -2290.0
36 49 -4559.57
36 50 -7300.0
36 51 -7011.01
37 52 -5480.0
37 2 -1940.0
37 3 -7748.56
37 4 630.0
37 5 -6367.59
37 6 -8540.0
37 7 -4655.49
37 8 -2850.0
37 9 -3386.85
37 10 -8330.0
37 11 -830.0
37 12 -2455.38
37 13 -6568.95
37 14 -4819.3
37 15 -9510.0
37 16 -3750.0
37 17 -3857.64
37 19 -3154.38
37 20 -280.0
37 21 60.0
37 22 -4993.86
37 23 -1098.99
37 24 -3610.0
37 25 -5147.5
37 26 -2278.99
37 28 -4133.06
37 29 291.208
37 30 -6331.01
37 31 -3888.37
37 32 -4090.0
37 33 -1180.0
37 34 -4828.51
37 35 14733.2
37 36 -8191.63
37 38 -3987.12
37 39 -9042.41
37 40 -3408.83
37 42 -9510.0
37 43 -7890.31
37 44 -9300.0
37 45 -7348.17
37 46 -2230.0
37 47 -7662.41
37 48 -6390.0
37 49 -5669.57
37 50 1590.0
37 51 -281.011
38 52 -4370.0
38 2 -6600.0
38 3 651.441
38 4 -7560.0
38 5 -7827.59
38 6 -8950.0
38 7 -3815.49
38 8 -8060.0
38 9 -1656.85
38 10 -4720.0
38 11 -7710.0
38 12 6294.62
38 13 -5528.95
38 14 -1069.3
38 15 -6870.0
38 16 -5630.0
38 17 -5107.64
38 19 2535.62
38 20 -4730.0
38 21 -7510.0
38 22 -6803.86
38 23 -6098.99
38 24 -6880.0
38 25 1862.5
38 26 -5058.99
38 28 -6633.06
38 29 -818.792
38 30 -221.011
38 31 -2918.37
38 32 -5200.0
38 33 -7850.0
38 34 -38.506
38 35 13133.2
38 36 -6451.63
38 37 -8750.0
38 39 -1962.41
38 40 -4178.83
38 42 -1730.0
38 43 859.692
38 44 -3260.0
38 45 -1098.17
38 46 -4450.0
38 47 -992.411
38 48 -6110.0
38 49 650.43
38 50 -6670.0
38 51 -5281.01
39 52 -5690.0
39 2 -7430.0
39 3 -1218.56
39 4 -9510.0
39 5 -7197.59
39 6 -7560.0
39 7 -7565.49
39 8 -9170.0
39 9 -5406.85
39 10 -3470.0
39 11 -9650.0
39 12 2544.62
39 13 -5108.95
39 14 -4819.3
39 15 -4720.0
39 16 -7160.0
39 17 -8507.64
39 19 -1484.38
39 20 -6390.0
39 21 -9100.0
39 22 -6383.86
39 23 -8458.99
39 24 -7850.0
39 25 -1467.5
39 26 -7828.99
39 28 -6143.06
39 29 -338.792
39 30 -4181.01
39 31 -1248.37
39 32 -8260.0
39 33 -9790.0
39 34 -3928.51
39 35 11673.2
39 36 -4511.63
39 37 -10970.0
39 38 872.875
39 40 -3758.83
39 42 -2360.0
39 43 -2470.31
39 44 -1800.0
39 45 2511.83
39 46 -6670.0
39 47 -4952.41
39 48 -5700.0
39 49 -2199.57
39 50 -9100.0
39 51 -7921.01
40 52 -3470.0
40 2 -1320.0
40 3 -5388.56
40 4 -4580.0
40 5 -607.589
40 6 -2360.0
40 7 -7355.49
40 8 -3270.0
40 9 -5546.85
40 10 -3470.0
40 11 -4790.0
40 12 -995.377
40 13 -1288.95
40 14 -5579.3
40 15 -3330.0
40 16 -3410.0
40 17 -7117.64
40 19 -3364.38
40 20 -1740.0
40 21 -3480.0
40 22 416.139
40 23 -4778.99
40 24 -2360.0
40 25 -3757.5
40 26 -5128.99
40 28 586.943
40 29 6401.21
40 30 -6401.01
40 31 2631.63
40 32 -6590.0
40 33 -5070.0
40 34 -5318.51
40 35 15493.2
40 36 -1871.63
40 37 -6390.0
40 38 -2397.12
40 39 -4812.41
40 42 -6660.0
40 43 -6220.31
40 44 -5410.0
40 45 -2688.17
40 46 -3620.0
40 47 -7452.41
40 48 -700.0
40 49 -4209.57
40 50 -4730.0
40 51 -4651.01
41 2 -350.0
41 3 -5038.56
41 4 -3190.0
41 5 -1987.59
41 6 -3950.0
41 7 -5905.49
41 8 -2220.0
41 9 -4226.85
41 10 -3880.0
41 11 -3330.0
41 12 -305.377
41 13 -1778.95
41 14 -4399.3
41 15 -4510.0
41 16 -1880.0
41 17 -5657.64
41 19 -2324.38
41 20 -210.0
41 21 -2300.0
41 22 -623.861
41 23 -3248.99
41 24 -970.0
41 25 -2997.5
41 26 -3598.99
41 28 -383.057
41 29 5011.21
41 30 -5491.01
41 31 1111.63
41 32 -5060.0
41 33 -3610.0
41 34 -4208.51
41 35 16953.2
41 36 -3191.63
41 37 -4930.0
41 38 -1767.12
41 39 -5092.41
41 40 1451.17
41 42 -6450.0
41 43 -5600.31
41 44 -5480.0
41 45 -3108.17
41 46 -2090.0
41 47 -6612.41
41 48 -1460.0
41 49 -3449.57
41 50 -3270.0
41 51 -3061.01
42 52 -4370.0
42 2 -6600.0
42 3 931.441
42 4 -8050.0
42 5 -7197.59
42 6 -7980.0
42 7 -5275.49
42 8 -8130.0
42 9 -3116.85
42 10 -3610.0
42 11 -8190.0
42 12 4834.62
42 13 -4898.95
42 14 -2529.3
42 15 -5620.0
42 16 -5840.0
42 17 -6357.64
42 19 805.625
42 20 -5070.0
42 21 -7850.0
42 22 -6243.86
42 23 -6858.99
42 24 -6880.0
42 25 822.502
42 26 -5958.99
42 28 -6073.06
42 29 -198.792
42 30 -1951.01
42 31 -1808.37
42 32 -6310.0
42 33 -8270.0
42 34 -1568.51
42 35 12923.2
42 36 -5271.63
42 37 -9380.0
42 38 3162.88
42 39 -302.411
42 40 -3548.83
42 43 -250.308
42 44 -1800.0
42 45 501.83
42 46 -4940.0
42 47 -2662.41
42 48 -5420.0
42 49 -49.57
42 50 -7370.0
42 51 -6111.01
43 52 -4650.0
43 2 -7010.0
43 3 931.441
43 4 -7910.0
43 5 -8097.59
43 6 -9090.0
43 7 -4165.49
43 8 -8470.0
43 9 -2066.85
43 10 -4790.0
43 11 -8060.0
43 12 6294.62
43 13 -5738.95
43 14 -1419.3
43 15 -6940.0
43 16 -5910.0
43 17 -5527.64
43 19 2125.62
43 20 -5140.0
43 21 -7920.0
43 22 -7013.86
43 23 -6578.99
43 24 -7290.0
43 25 1452.5
43 26 -5538.99
43 28 -6843.06
43 29 -1028.79
43 30 -501.011
43 31 -2988.37
43 32 -5620.0
43 33 -8200.0
43 34 -388.506
43 35 12783.2
43 36 -6521.63
43 37 -9100.0
43 38 4412.88
43 39 -1752.41
43 40 -4448.83
43 42 -1590.0
43 44 -3190.0
43 45 -958.17
43 46 -4800.0
43 47 -1272.41
43 48 -6320.0
43 49 370.43
43 50 -7090.0
43 51 -5691.01
44 52 -3950.0
44 2 -5760.0
44 3 -798.559
44 4 -7770.0
44 5 -5807.59
44 6 -6450.0
44 7 -6245.49
44 8 -7430.0
44 9 -4156.85
44 10 -2080.0
44 11 -7850.0
44 12 3234.62
44 13 -3578.95
44 14 -3569.3
44 15 -3950.0
44 16 -5420.0
44 17 -6977.64
44 19 -444.375
44 20 -4590.0
44 21 -7300.0
44 22 -4923.86
44 23 -6788.99
44 24 -6110.0
44 25 -287.498
44 26 -6098.99
44 28 -4753.06
44 29 1121.21
44 30 -3341.01
44 31 -208.374
44 32 -6660.0
44 33 -7990.0
44 34 -2818.51
44 35 13413.2
44 36 -3541.63
44 37 -9170.0
44 38 1632.88
44 39 257.589
44 40 -2298.83
44 42 -1800.0
44 43 -1850.31
44 45 1681.83
44 46 -4870.0
44 47 -4182.41
44 48 -4170.0
44 49 -949.57
44 50 -7300.0
44 51 -6251.01
45 52 -5620.0
45 2 -7080.0
45 3 -2048.56
45 4 -9370.0
45 5 -6507.59
45 6 -6660.0
45 7 -8055.49
45 8 -8820.0
45 9 -5956.85
45 10 -2980.0
45 11 -9510.0
45 12 1844.62
45 13 -4558.95
45 14 -5309.3
45 15 -3810.0
45 16 -7020.0
45 17 -8857.64
45 19 -2114.38
45 20 -6190.0
45 21 -8830.0
45 22 -5693.86
45 23 -8458.99
45 24 -7500.0
45 25 -2027.5
45 26 -7968.99
45 28 -5383.06
45 29 291.208
45 30 -4941.01
45 31 -348.374
45 32 -8470.0
45 33 -9590.0
45 34 -4488.51
45 35 11813.2
45 36 -3611.63
45 37 -10840.0
45 38 172.875
45 39 947.589
45 40 -3198.83
45 42 -3120.0
45 43 -3240.31
45 44 -1940.0
45 46 -6670.0
45 47 -5712.41
45 48 -5140.0
45 49 -2689.57
45 50 -9030.0
45 51 -7991.01
46 2 -2010.0
46 3 -4478.56
46 4 -2010.0
46 5 -5187.59
46 6 -7080.0
46 7 -2845.49
46 8 -3130.0
46 9 -1306.85
46 10 -5480.0
46 11 -2220.0
46 12 804.623
46 13 -4208.95
46 14 -2039.3
46 15 -7010.0
46 16 -1250.0
46 17 -2397.64
46 19 -234.375
46 20 550.0
46 21 -2090.0
46 22 -3813.86
46 23 -748.989
46 24 -2500.0
46 25 -1817.5
46 26 -468.989
46 28 -3373.06
46 29 1751.21
46 30 -3411.01
46 31 -1878.37
46 32 -1870.0
46 33 -2360.0
46 34 -1988.51
46 35 17303.2
46 36 -5971.63
46 37 -3270.0
46 38 -727.125
46 39 -5782.41
46 40 -1678.83
46 42 -6110.0
46 43 -4630.31
46 44 -6040.0
46 45 -4218.17
46 47 -4672.41
46 48 -4240.0
46 49 -2339.57
46 50 -1260.0
46 51 -281.011
47 52 -5060.0
47 2 -7080.0
47 3 -1078.56
47 4 -7280.0
47 5 -8867.59
47 6 -10200.0
47 7 -2425.49
47 8 -8400.0
47 9 -196.852
47 10 -6240.0
47 11 -7570.0
47 12 4834.62
47 13 -6708.95
47 14 40.6968
47 15 -8400.0
47 16 -5840.0
47 17 -4067.64
47 19 3995.62
47 20 -4800.0
47 21 -7440.0
47 22 -7703.86
47 23 -5818.99
47 24 -7360.0
47 25 892.502
47 26 -4638.99
47 28 -7533.06
47 29 -1788.79
47 30 1448.99
47 31 -4238.37
47 32 -4510.0
47 33 -7710.0
47 34 1411.49
47 35 12783.2
47 36 -7841.63
47 37 -8340.0
47 38 3092.88
47 39 -3702.41
47 40 -5148.83
47 42 -3470.0
47 43 -740.308
47 44 -4990.0
47 45 -2898.17
47 46 -4310.0
47 48 -7220.0
47 49 -259.57
47 50 -6190.0
47 51 -4721.01
48 52 -2770.0
48 2 -1870.0
48 3 -4548.56
48 4 -4850.0
48 5 -1577.59
48 6 -2910.0
48 7 -6735.49
48 8 -3750.0
48 9 -4986.85
48 10 -2560.0
48 11 -4930.0
48 12 -25.3766
48 13 -318.949
48 14 -4889.3
48 15 -2910.0
48 16 -3130.0
48 17 -6637.64
48 19 -2534.38
48 20 -1810.0
48 21 -3830.0
48 22 -553.861
48 23 -4708.99
48 24 -2570.0
48 25 -2857.5
48 26 -4848.99
48 28 -383.057
48 29 5431.21
48 30 -5631.01
48 31 2561.63
48 32 -6110.0
48 33 -5210.0
48 34 -4558.51
48 35 15773.2
48 36 -1591.63
48 37 -6530.0
48 38 -1487.12
48 39 -3912.41
48 40 2141.17
48 42 -5690.0
48 43 -5250.31
48 44 -4440.0
48 45 -1788.17
48 46 -3340.0
48 47 -6682.41
48 49 -3309.57
48 50 -4870.0
48 51 -4511.01
49 2 -5350.0
49 3 -108.559
49 4 -6380.0
49 5 -6717.59
49 6 -7980.0
49 7 -3335.49
49 8 -6810.0
49 9 -1306.85
49 10 -4020.0
49 11 -6530.0
49 12 5044.62
49 13 -4488.95
49 14 -649.303
49 15 -6240.0
49 16 -4380.0
49 17 -4407.64
49 19 2395.62
49 20 -3480.0
49 21 -6260.0
49 22 -5623.86
49 23 -4988.99
49 24 -5630.0
49 25 2352.5
49 26 -4018.99
49 28 -5453.06
49 29 291.208
49 30 -631.011
49 31 -2018.37
49 32 -4230.0
49 33 -6600.0
49 34 161.494
49 35 14383.2
49 36 -5621.63
49 37 -7570.0
49 38 3512.88
49 39 -2172.41
49 40 -3128.83
49 42 -2080.0
49 43 -320.308
49 44 -2980.0
49 45 -1098.17
49 46 -3200.0
49 47 -1482.41
49 48 -5070.0
49 50 -5560.0
49 51 -4171.01
50 52 -5690.0
50 2 -2500.0
50 3 -7818.56
50 4 80.0
50 5 -6917.59
50 6 -9090.0
50 7 -4375.49
50 8 -3400.0
50 9 -3116.85
50 10 -8670.0
50 11 -1320.0
50 12 -2455.38
50 13 -6988.95
50 14 -4679.3
50 15 -9920.0
50 16 -4030.0
50 17 -3647.64
50 19 -3014.38
50 20 -630.0
50 21 -560.0
50 22 -5483.86
50 23 -1168.99
50 24 -4030.0
50 25 -5147.5
50 26 -2208.99
50 28 -4753.06
50 29 -128.792
50 30 -6191.01
50 31 -4308.37
50 32 -3950.0
50 33 -1600.0
50 34 -4698.51
50 35 14453.2
50 36 -8541.63
50 37 -490.0
50 38 -3987.12
50 39 -9252.41
50 40 -3828.83
50 42 -9580.0
50 43 -7960.31
50 44 -9510.0
50 45 -7618.17
50 46 -2300.0
50 47 -7592.41
50 48 -6810.0
50 49 -5739.57
50 51 -141.011
51 52 -4370.0
51 2 -2640.0
51 3 -6078.56
51 4 -1040.0
51 5 -6647.59
51 6 -8740.0
51 7 -2705.49
51 8 -3680.0
51 9 -1376.85
51 10 -7490.0
51 11 -1740.0
51 12 -655.377
51 13 -6078.95
51 14 -2809.3
51 15 -9020.0
51 16 -2990.0
51 17 -1847.64
51 19 -1144.38
51 20 -210.0
51 21 -1670.0
51 22 -5273.86
51 23 -58.9893
51 24 -3750.0
51 25 -3407.5
51 26 -338.989
51 28 -4623.06
51 29 221.208
51 30 -4381.01
51 31 -3678.37
51 32 -2080.0
51 33 -1880.0
51 34 -2888.51
51 35 15493.2
51 36 -7841.63
51 37 -1950.0
51 38 -2187.12
51 39 -7662.41
51 40 -3338.83
51 42 -7910.0
51 43 -6150.31
51 44 -8050.0
51 45 -6168.17
51 46 -910.0
51 47 -5712.41
51 48 -6040.0
51 49 -3939.57
51 50 270.0
52 2 0
52 3 0
52 4 0
52 5 0
52 6 0
52 7 0
52 8 0
52 9 0
52 10 0
52 11 0
52 12 0
52 13 0
52 14 0
52 15 0
52 16 0
52 17 0
52 18 0
52 19 0
52 20 0
52 21 0
52 22 0
52 23 0
52 24 0
52 25 0
52 26 0
52 27 0
52 28 0
52 29 0
52 30 0
52 31 0
52 32 0
52 33 0
52 34 0
52 35 0
52 36 0
52 37 0
52 38 0
52 39 0
52 40 0
52 41 0
52 42 0
52 43 0
52 44 0
52 45 0
52 46 0
52 47 0
52 48 0
52 49 0
52 50 0
52 51 0
2 1 0
3 1 0
4 1 0
5 1 0
6 1 0
7 1 0
8 1 0
9 1 0
10 1 0
11 1 0
12 1 0
13 1 0
14 1 0
15 1 0
16 1 0
17 1 0
18 1 0
19 1 0
20 1 0
21 1 0
22 1 0
23 1 0
24 1 0
25 1 0
26 1 0
27 1 0
28 1 0
29 1 0
30 1 0
31 1 0
32 1 0
33 1 0
34 1 0
35 1 0
36 1 0
37 1 0
38 1 0
39 1 0
40 1 0
41 1 0
42 1 0
43 1 0
44 1 0
45 1 0
46 1 0
47 1 0
48 1 0
49 1 0
50 1 0
51 1 0
52 1 0
