52 2407
1
2
3
4
5
6
7
8
9
10
11
12
13
14
15
16
17
18
19
20
21
22
23
24
25
26
27
28
29
30
31
32
33
34
35
36
37
38
39
40
41
42
43
44
45
46
47
48
49
50
51
52
1 52 -0.0
1 3 -24390.0
1 4 -21917.9
1 5 -24018.1
1 6 -19769.5
1 7 -20910.3
1 8 -20070.0
1 9 -22166.9
1 10 -23252.1
1 11 -23330.8
1 12 -20470.8
1 13 -24320.0
1 14 -23826.7
1 15 -23533.7
1 16 -21680.4
1 17 -18895.7
1 18 -23480.0
1 19 -22804.1
1 20 -18815.9
1 21 -22637.8
1 22 -21653.6
1 23 -21890.0
1 24 -23600.0
1 25 -22920.0
1 26 -19777.8
1 27 -21677.2
1 28 -22020.0
1 29 -22580.0
1 30 -21173.7
1 31 -23410.0
1 32 -23138.9
1 33 -25420.0
1 34 -22167.1
1 35 -26390.0
1 36 -22812.3
1 38 -22188.0
1 39 -20595.5
1 40 -23233.0
1 41 -20910.0
1 42 -20309.2
1 43 -24478.6
1 44 -23200.0
1 45 -22683.6
1 46 -23750.0
1 47 -19602.3
1 48 -25140.0
1 49 -21860.5
1 50 -21171.4
1 51 -23289.7
2 52 11670.3
2 3 -4180.0
2 4 -5867.88
2 5 -3798.12
2 6 -3929.48
2 7 -1520.33
2 8 -4160.0
2 9 -5416.9
2 10 -1712.07
2 11 -6730.85
2 12 -4630.85
2 13 -8540.0
2 14 -2356.7
2 15 -6793.66
2 16 -2300.37
2 17 -485.678
2 18 -7840.0
2 19 -2094.06
2 20 2794.06
2 21 -3747.76
2 22 -1913.57
2 23 -5840.0
2 24 -7200.0
2 25 -3810.0
2 26 -1427.75
2 27 -4237.24
2 28 -3880.0
2 29 -5840.0
2 30 -4503.66
2 31 -5690.0
2 32 -2498.89
2 33 -3810.0
2 34 -5907.13
2 35 -3950.0
2 36 -6892.3
2 38 -517.98
2 39 -3295.49
2 40 -7452.97
2 41 -3540.0
2 43 -8148.64
2 44 -5340.0
2 45 -3363.58
2 46 -8050.0
2 47 -3002.3
2 48 -9020.0
2 49 -6080.52
2 50 -4561.36
2 51 -7029.66
3 52 10910.3
3 4 -3717.88
3 5 301.879
3 6 -4339.48
3 7 -1450.33
3 8 -5000.0
3 9 -7156.9
3 10 -1092.07
3 11 -4230.85
3 12 -3590.85
3 13 -7090.0
3 14 -66.6985
3 15 -8523.66
3 16 619.628
3 17 -3605.68
3 18 -7220.0
3 19 -6194.06
3 20 -1165.94
3 21 562.241
3 22 236.427
3 23 -4860.0
3 24 -4910.0
3 25 -6940.0
3 26 -4067.75
3 27 -1527.24
3 28 -3050.0
3 29 -7570.0
3 30 -6163.66
3 31 -8260.0
3 32 411.106
3 33 -8260.0
3 34 -6947.13
3 35 -8670.0
3 36 -7382.3
3 38 1012.02
3 39 -5175.49
3 40 -5932.97
3 41 -200.0
3 43 -5578.64
3 44 -2630.0
3 45 -1493.58
3 46 -7700.0
3 47 -2652.3
3 48 -9920.0
3 49 -6500.52
3 50 -2411.36
3 51 -4669.66
4 52 10980.3
4 3 -6120.0
4 5 -6088.12
4 6 -1909.48
4 7 -4580.33
4 8 -3890.0
4 9 -3886.9
4 10 -6572.07
4 11 -1450.85
4 12 -330.849
4 13 -1250.0
4 14 -6456.7
4 15 -6093.66
4 16 -3830.37
4 17 -2915.68
4 18 -2630.0
4 19 -7654.06
4 20 -3735.94
4 21 -3047.76
4 22 -4413.57
4 23 -2850.0
4 24 -1300.0
4 25 -7700.0
4 26 -4557.75
4 27 -2147.24
4 28 -5200.0
4 29 -5840.0
4 30 -4503.66
4 31 -7220.0
4 32 -5698.89
4 33 -10270.0
4 34 -2847.13
4 35 -11310.0
4 36 -2942.3
4 38 -5167.98
4 39 -5245.49
4 40 47.0302
4 41 280.0
4 43 -718.638
4 44 -4300.0
4 45 -5383.58
4 46 -2910.0
4 47 -2932.3
4 48 -5690.0
4 49 -3860.52
4 50 -671.362
4 51 540.337
5 52 11180.3
5 3 200.0
5 4 -3787.88
5 6 -4199.48
5 7 -1240.33
5 8 -4860.0
5 9 -7016.9
5 10 -812.07
5 11 -4300.85
5 12 -3520.85
5 13 -7160.0
5 14 73.3015
5 15 -8383.66
5 16 819.628
5 17 -3265.68
5 18 -7150.0
5 19 -5914.06
5 20 -885.94
5 21 352.241
5 22 446.427
5 23 -4730.0
5 24 -4980.0
5 25 -6730.0
5 26 -3857.75
5 27 -1597.24
5 28 -2840.0
5 29 -7430.0
5 30 -5963.66
5 31 -8050.0
5 32 691.106
5 33 -8050.0
5 34 -6877.13
5 35 -8330.0
5 36 -7312.3
5 38 1222.02
5 39 -4965.49
5 40 -6062.97
5 41 -340.0
5 43 -5648.64
5 44 -2630.0
5 45 -1283.58
5 46 -7630.0
5 47 -2512.3
5 48 -9720.0
5 49 -6430.52
5 50 -2411.36
5 51 -4739.66
6 52 14030.3
6 3 -5840.0
6 4 -1007.88
6 5 -5598.12
6 7 -2770.33
6 8 -210.0
6 9 -976.905
6 10 -5052.07
6 11 -3250.85
6 12 299.151
6 13 -3060.0
6 14 -5486.7
6 15 -2553.66
6 16 -3200.37
6 17 974.322
6 18 -1940.0
6 19 -3834.06
6 20 -535.94
6 21 -3677.76
6 22 -3373.57
6 23 -1810.0
6 24 -3250.0
6 25 -3880.0
6 26 -737.754
6 27 -2427.24
6 28 -3540.0
6 29 -1950.0
6 30 -613.663
6 31 -3330.0
6 32 -4858.89
6 33 -6590.0
6 34 -627.131
6 35 -7700.0
6 36 -1062.3
6 38 -3917.98
6 39 -1565.49
6 40 -1972.97
6 41 -1320.0
6 43 -4048.64
6 44 -4230.0
6 45 -4273.58
6 46 -2080.0
6 47 -852.302
6 48 -3540.0
6 49 -180.518
6 50 -1301.36
6 51 -2719.66
7 3 -2300.0
7 4 -3027.88
7 5 -1988.12
7 6 -2119.48
7 8 -2500.0
7 9 -4656.9
7 10 -882.07
7 11 -3880.85
7 12 -2060.85
7 13 -5980.0
7 14 -1456.7
7 15 -5953.66
7 16 199.628
7 17 -695.678
7 18 -5550.0
7 19 -3554.06
7 20 1334.06
7 21 -1177.76
7 22 446.427
7 23 -3270.0
7 24 -4360.0
7 25 -4160.0
7 26 -1287.75
7 27 -1317.24
7 28 -970.0
7 29 -5000.0
7 30 -3533.66
7 31 -5480.0
7 32 -838.894
7 33 -5760.0
7 34 -4657.13
7 35 -6380.0
7 36 -5232.3
7 38 182.02
7 39 -2465.49
7 40 -4882.97
7 41 -690.0
7 43 -5298.64
7 44 -2430.0
7 45 -663.578
7 46 -5900.0
7 47 -502.302
7 48 -7630.0
7 49 -4280.52
7 50 -1651.36
7 51 -4249.66
8 52 15000.3
8 3 -5290.0
8 4 -1777.88
8 5 -5048.12
8 6 1000.52
8 7 -1940.33
8 9 -1386.9
8 10 -4282.07
8 11 -3670.85
8 12 -330.849
8 13 -4030.0
8 14 -4856.7
8 15 -2693.66
8 16 -2650.37
8 17 1594.32
8 18 -3050.0
8 19 -2864.06
8 20 574.06
8 21 -3467.76
8 22 -2683.57
8 23 -2090.0
8 24 -3800.0
8 25 -2910.0
8 26 232.246
8 27 -2357.24
8 28 -2980.0
8 29 -1810.0
8 30 -403.663
8 31 -2840.0
8 32 -4168.89
8 33 -5550.0
8 34 -1257.13
8 35 -6660.0
8 36 -2032.3
8 38 -3157.98
8 39 -585.487
8 40 -2942.97
8 41 -1520.0
8 43 -4668.64
8 44 -4020.0
8 45 -3713.58
8 46 -3120.0
8 47 -432.302
8 48 -4300.0
8 49 -1150.52
8 50 -1581.36
8 51 -3349.66
9 52 10000.3
9 3 -10290.0
9 4 -4617.88
9 5 -10048.1
9 6 -2609.48
9 7 -6940.33
9 8 -4230.0
9 10 -9142.07
9 11 -7630.85
9 12 -4140.85
9 13 -6250.0
9 14 -9786.7
9 15 -1933.66
9 16 -7650.37
9 17 1254.32
9 18 -5200.0
9 19 -4804.06
9 20 -3105.94
9 21 -8327.76
9 22 -7683.57
9 23 -6460.0
9 24 -7550.0
9 25 -5480.0
9 26 -2957.75
9 27 -7077.24
9 28 -7980.0
9 29 -3270.0
9 30 -2213.66
9 31 -3540.0
9 32 -9168.89
9 33 -7490.0
9 34 1732.87
9 35 -8670.0
9 36 -1132.3
9 38 -8087.98
9 39 -4545.49
9 40 -5162.97
9 41 -5900.0
9 43 -8008.64
9 44 -8880.0
9 45 -8713.58
9 46 -4720.0
9 47 -5362.3
9 48 -2010.0
9 49 -4070.52
9 50 -5881.36
9 51 -6679.66
10 52 11600.3
10 3 -1540.0
10 4 -4617.88
10 5 -1158.12
10 6 -3999.48
10 7 -480.332
10 8 -4440.0
10 9 -6456.9
10 11 -5200.85
10 12 -3800.85
10 13 -7710.0
10 14 213.302
10 15 -7763.66
10 16 -10.3719
10 17 -2215.68
10 18 -7420.0
10 19 -4394.06
10 20 644.06
10 21 -1247.76
10 22 306.427
10 23 -5070.0
10 24 -5750.0
10 25 -5480.0
10 26 -2747.75
10 27 -2497.24
10 28 -2700.0
10 29 -6740.0
10 30 -5333.66
10 31 -7080.0
10 32 271.106
10 33 -6380.0
10 34 -6527.13
10 35 -6660.0
10 36 -7172.3
10 38 1982.02
10 39 -4195.49
10 40 -6552.97
10 41 -1590.0
10 43 -6618.64
10 44 -3470.0
10 45 -1353.58
10 46 -7770.0
10 47 -2372.3
10 48 -9510.0
10 49 -6220.52
10 50 -3171.36
10 51 -5709.66
11 52 12020.3
11 3 -4180.0
11 4 1002.12
11 5 -4148.12
11 6 -1699.48
11 7 -2980.33
11 8 -3330.0
11 9 -4446.9
11 10 -4702.07
11 12 19.1508
11 13 -2640.0
11 14 -4516.7
11 15 -6233.66
11 16 -1950.37
11 17 -2635.68
11 18 -3260.0
11 19 -6754.06
11 20 -2485.94
11 21 -1177.76
11 22 -2543.57
11 23 -1880.0
11 24 -260.0
11 25 -6870.0
11 26 -3787.75
11 27 -207.241
11 28 -3540.0
11 29 -5700.0
11 30 -4293.66
11 31 -6940.0
11 32 -3818.89
11 33 -9300.0
11 34 -3617.13
11 35 -10200.0
11 36 -3842.3
11 38 -3227.98
11 39 -4545.49
11 40 -1412.97
11 41 2020.0
11 43 -988.638
11 44 -2360.0
11 45 -3573.58
11 46 -3810.0
11 47 -1612.3
11 48 -6520.0
11 49 -3790.52
11 50 1058.64
11 51 -9.66332
12 52 13340.3
12 3 -5080.0
12 4 582.121
12 5 -4908.12
12 6 310.518
12 7 -2700.33
12 8 -1530.0
12 9 -2496.9
12 10 -4842.07
12 11 -1520.85
12 13 -1880.0
12 14 -5136.7
12 15 -4153.66
12 16 -2510.37
12 17 -695.678
12 18 -1590.0
12 19 -5294.06
12 20 -1445.94
12 21 -2497.76
12 22 -2893.57
12 23 -700.0
12 24 -1510.0
12 25 -5340.0
12 26 -2127.75
12 27 -1177.24
12 28 -3330.0
12 29 -3750.0
12 30 -2413.66
12 31 -5060.0
12 32 -4308.89
12 33 -7910.0
12 34 -1807.13
12 35 -8950.0
12 36 -1962.3
12 38 -3637.98
12 39 -2945.49
12 40 -792.97
12 41 210.0
12 43 -2308.64
12 44 -3190.0
12 45 -3853.58
12 46 -2080.0
12 47 -782.302
12 48 -4650.0
12 49 -1780.52
12 51 -989.663
13 52 11460.3
13 3 -6610.0
13 4 1632.12
13 5 -6578.12
13 6 -1079.48
13 7 -4650.33
13 8 -3260.0
13 9 -2636.9
13 10 -6782.07
13 11 -2210.85
13 12 89.1508
13 14 -6876.7
13 15 -4913.66
13 16 -4240.37
13 17 -2015.68
13 18 -1450.0
13 19 -6954.06
13 20 -3385.94
13 21 -3747.76
13 22 -4693.57
13 23 -2640.0
13 24 -1930.0
13 25 -6940.0
13 26 -3857.75
13 27 -2637.24
13 28 -5270.0
13 29 -4930.0
13 30 -3533.66
13 31 -6310.0
13 32 -6108.89
13 33 -9650.0
13 34 -1597.13
13 35 -10760.0
13 36 -1692.3
13 38 -5447.98
13 39 -4685.49
13 40 1157.03
13 41 -620.0
13 43 -1898.64
13 44 -4720.0
13 45 -5663.58
13 46 -1730.0
13 47 -2792.3
13 48 -4440.0
13 49 -2890.52
13 50 -1021.36
13 51 -569.663
14 52 10560.3
14 3 -980.0
14 4 -4967.88
14 5 -738.121
14 6 -4899.48
14 7 -1520.33
14 8 -5480.0
14 9 -7566.9
14 10 -252.07
14 11 -5480.85
14 12 -4560.85
14 13 -8270.0
14 15 -8873.66
14 16 -290.372
14 17 -3465.68
14 18 -8120.0
14 19 -5704.06
14 20 -605.94
14 21 -967.759
14 22 -183.573
14 23 -5700.0
14 24 -6230.0
14 25 -6730.0
14 26 -3997.75
14 27 -2777.24
14 28 -3540.0
14 29 -7850.0
14 30 -6443.66
14 31 -8260.0
14 32 551.106
14 33 -7630.0
14 34 -7507.13
14 35 -7770.0
14 36 -8072.3
14 38 2332.02
14 39 -5315.49
14 40 -7112.97
14 41 -1660.0
14 43 -6898.64
14 44 -3810.0
14 45 -1983.58
14 46 -8540.0
14 47 -3212.3
14 48 -10480.0
14 49 -7190.52
14 50 -3591.36
14 51 -5989.66
15 52 12090.3
15 3 -8200.0
15 4 -3367.88
15 5 -7958.12
15 6 -729.482
15 7 -4780.33
15 8 -2080.0
15 9 1523.1
15 10 -6992.07
15 11 -5960.85
15 12 -2340.85
15 13 -5070.0
15 14 -7636.7
15 16 -5560.37
15 17 2644.32
15 18 -3880.0
15 19 -3274.06
15 20 -1095.94
15 21 -6247.76
15 22 -5593.57
15 23 -4520.0
15 24 -5950.0
15 25 -3610.0
15 26 -877.754
15 27 -5137.24
15 28 -5830.0
15 29 -1050.0
15 30 -123.663
15 31 -1800.0
15 32 -7018.89
15 33 -5900.0
15 34 1032.87
15 35 -7150.0
15 36 -712.302
15 38 -5927.98
15 39 -2395.49
15 40 -3982.97
15 41 -4090.0
15 43 -6548.64
15 44 -6800.0
15 45 -6563.58
15 46 -3540.0
15 47 -3282.3
15 48 -2220.0
15 49 -2130.52
15 50 -4011.36
15 51 -5219.66
16 52 12230.3
16 3 -770.0
16 4 -2817.88
16 5 -468.121
16 6 -3089.48
16 7 -340.332
16 8 -3750.0
16 9 -5906.9
16 10 -952.07
16 11 -3390.85
16 12 -2410.85
16 13 -6110.0
16 14 -766.698
16 15 -7273.66
16 17 -2355.68
16 18 -5970.0
16 19 -5224.06
16 20 -335.94
16 21 492.241
16 22 1136.43
16 23 -3680.0
16 24 -4010.0
16 25 -5830.0
16 26 -2957.75
16 27 -557.241
16 28 -1730.0
16 29 -6320.0
16 30 -4913.66
16 31 -7010.0
16 32 1.10553
16 33 -7490.0
16 34 -5697.13
16 35 -7980.0
16 36 -6132.3
16 38 592.02
16 39 -3995.49
16 40 -4952.97
16 41 420.0
16 43 -4808.64
16 44 -1590.0
16 45 -313.578
16 46 -6450.0
16 47 -1332.3
16 48 -8670.0
16 49 -5250.52
16 50 -1371.36
16 51 -3899.66
17 37 -1450.0
18 52 12430.3
18 3 -6610.0
18 4 382.121
18 5 -6438.12
18 6 170.518
18 7 -4090.33
18 8 -2150.0
18 9 -1456.9
18 10 -6362.07
18 11 -2700.85
18 12 509.151
18 13 -1320.0
18 14 -6596.7
18 15 -3593.66
18 16 -3970.37
18 17 -625.678
18 19 -5774.06
18 20 -2345.94
18 21 -4017.76
18 22 -4413.57
18 23 -2160.0
18 24 -2550.0
18 25 -5760.0
18 26 -2677.75
18 27 -2707.24
18 28 -4720.0
18 29 -3480.0
18 30 -2213.66
18 31 -4990.0
18 32 -5838.89
18 33 -8400.0
18 34 -487.131
18 35 -9580.0
18 36 -582.302
18 38 -5097.98
18 39 -3505.49
18 40 -232.97
18 41 -1110.0
18 43 -2938.64
18 44 -4720.0
18 45 -5313.58
18 46 -550.0
18 47 -2102.3
18 48 -3330.0
18 49 -1570.52
18 50 -1231.36
18 51 -1609.66
19 52 11390.3
19 3 -7300.0
19 4 -6357.88
19 5 -6918.12
19 6 -3439.48
19 7 -3810.33
19 8 -3680.0
19 9 -2776.9
19 10 -5052.07
19 11 -7910.85
19 12 -4910.85
19 13 -8540.0
19 14 -5896.7
19 15 -4703.66
19 16 -4940.37
19 17 2504.32
19 18 -7490.0
19 20 2234.06
19 21 -6377.76
19 22 -4693.57
19 23 -6460.0
19 24 -8110.0
19 25 -1730.0
19 26 22.2462
19 27 -5967.24
19 28 -5690.0
19 29 -4100.0
19 30 -2833.66
19 31 -3190.0
19 32 -5628.89
19 33 -1110.0
19 34 -3827.13
19 35 -2290.0
19 36 -5372.3
19 38 -4057.98
19 39 -2535.49
19 40 -7452.97
19 41 -5340.0
19 43 -9048.64
19 44 -7290.0
19 45 -5863.58
19 46 -7490.0
19 47 -3972.3
19 48 -7080.0
19 49 -5320.52
19 50 -5741.36
19 51 -7859.66
20 52 12570.3
20 3 -5080.0
20 4 -5247.88
20 5 -4698.12
20 6 -2949.48
20 7 -1730.33
20 8 -3050.0
20 9 -3886.9
20 10 -2822.07
20 11 -6450.85
20 12 -3870.85
20 13 -7780.0
20 14 -3606.7
20 15 -5333.66
20 16 -2860.37
20 17 1114.32
20 18 -6870.0
20 19 -574.06
20 21 -4297.76
20 22 -2473.57
20 23 -5280.0
20 24 -6790.0
20 25 -2150.0
20 26 162.246
20 27 -4237.24
20 28 -3810.0
20 29 -4380.0
20 30 -3043.66
20 31 -4090.0
20 32 -3408.89
20 33 -2700.0
20 34 -4447.13
20 35 -3260.0
20 36 -5642.3
20 38 -1767.98
20 39 -1975.49
20 40 -6692.97
20 41 -3610.0
20 43 -7798.64
20 44 -5480.0
20 45 -3783.58
20 46 -7010.0
20 47 -2512.3
20 48 -7630.0
20 49 -4970.52
20 50 -4281.36
20 51 -6679.66
21 52 10980.3
21 3 -1120.0
21 4 -2327.88
21 5 -1228.12
21 6 -3859.48
21 7 -2010.33
21 8 -4860.0
21 9 -6876.9
21 10 -2482.07
21 11 -2910.85
21 12 -2690.85
21 13 -5910.0
21 14 -1736.7
21 15 -8253.66
21 16 199.628
21 17 -3815.68
21 18 -6310.0
21 19 -6954.06
21 20 -2065.94
21 22 -533.573
21 23 -4100.0
21 24 -3660.0
21 25 -7490.0
21 26 -4417.75
21 27 -487.241
21 28 -3120.0
21 29 -7500.0
21 30 -6093.66
21 31 -8330.0
21 32 -1178.89
21 33 -9160.0
21 34 -6457.13
21 35 -9720.0
21 36 -6622.3
21 38 -587.98
21 39 -5445.49
21 40 -4752.97
21 41 1390.0
21 43 -4118.64
21 44 -1800.0
21 45 -1983.58
21 46 -6800.0
21 47 -2442.3
21 48 -9300.0
21 49 -6080.52
21 50 -1231.36
21 51 -3349.66
22 52 12430.3
22 3 -980.0
22 4 -3227.88
22 5 -668.121
22 6 -3089.48
22 7 79.6683
22 8 -3610.0
22 9 -5766.9
22 10 -462.07
22 11 -3810.85
22 12 -2620.85
22 13 -6390.0
22 14 -486.698
22 15 -7133.66
22 16 1309.63
22 17 -2015.68
22 18 -6240.0
22 19 -4804.06
22 20 224.06
22 21 -67.7588
22 23 -3820.0
22 24 -4360.0
22 25 -5480.0
22 26 -2607.75
22 27 -1107.24
22 28 -1660.0
22 29 -6180.0
22 30 -4713.66
22 31 -6730.0
22 32 271.106
22 33 -6940.0
22 34 -5697.13
22 35 -7420.0
22 36 -6132.3
22 38 1012.02
22 39 -3715.49
22 40 -5232.97
22 41 -200.0
22 43 -5228.64
22 44 -2080.0
22 45 -33.5779
22 46 -6590.0
22 47 -1332.3
22 48 -8670.0
22 49 -5250.52
22 50 -1781.36
22 51 -4319.66
23 52 13890.3
23 3 -4380.0
23 4 32.1206
23 5 -4148.12
23 6 170.518
23 7 -1940.33
23 8 -1320.0
23 9 -2846.9
23 10 -4142.07
23 11 -1450.85
23 12 1269.15
23 13 -2640.0
23 14 -4306.7
23 15 -4363.66
23 16 -1810.37
23 17 -625.678
23 18 -2290.0
23 19 -4874.06
23 20 -885.94
23 21 -1937.76
23 22 -2123.57
23 24 -1650.0
23 25 -4990.0
23 26 -1847.75
23 27 -557.241
23 28 -2560.0
23 29 -3820.0
23 30 -2413.66
23 31 -4990.0
23 32 -3608.89
23 33 -7490.0
23 34 -2227.13
23 35 -8400.0
23 36 -2522.3
23 38 -2877.98
23 39 -2535.49
23 40 -1552.97
23 41 560.0
23 43 -2588.64
23 44 -2560.0
23 45 -3023.58
23 46 -2770.0
23 47 -82.3015
23 48 -5200.0
23 49 -1990.52
23 50 508.638
23 51 -1329.66
24 52 12020.3
24 3 -4590.0
24 4 1422.12
24 5 -4558.12
24 6 -1429.48
24 7 -3190.33
24 8 -3190.0
24 9 -4096.9
24 10 -4982.07
24 11 9.15075
24 12 299.151
24 13 -2090.0
24 14 -4996.7
24 15 -5953.66
24 16 -2300.37
24 17 -2425.68
24 18 -2840.0
24 19 -6684.06
24 20 -2555.94
24 21 -1657.76
24 22 -2823.57
24 23 -1810.0
24 25 -6800.0
24 26 -3657.75
24 27 -557.241
24 28 -3810.0
24 29 -5420.0
24 30 -4083.66
24 31 -6730.0
24 32 -4168.89
24 33 -9300.0
24 34 -3267.13
24 35 -10270.0
24 36 -3422.3
24 38 -3637.98
24 39 -4405.49
24 40 -932.97
24 41 1600.0
24 43 -718.638
24 44 -2770.0
24 45 -3923.58
24 46 -3330.0
24 47 -1682.3
24 48 -6170.0
24 49 -3510.52
24 50 918.638
24 51 330.337
25 52 12990.3
25 3 -6330.0
25 4 -4687.88
25 5 -6018.12
25 6 -1769.48
25 7 -2700.33
25 8 -2010.0
25 9 -1736.9
25 10 -4422.07
25 11 -6310.85
25 12 -3240.85
25 13 -6810.0
25 14 -5206.7
25 15 -3323.66
25 16 -3830.37
25 17 3194.32
25 18 -5760.0
25 19 -14.0603
25 20 2374.06
25 21 -5197.76
25 22 -3653.57
25 23 -4860.0
25 24 -6510.0
25 26 1692.25
25 27 -4517.24
25 28 -4370.0
25 29 -2570.0
25 30 -1303.66
25 31 -2010.0
25 32 -4858.89
25 33 -2770.0
25 34 -2507.13
25 35 -3950.0
25 36 -3842.3
25 38 -3427.98
25 39 -865.487
25 40 -5722.97
25 41 -3880.0
25 43 -7448.64
25 44 -5900.0
25 45 -4753.58
25 46 -5760.0
25 47 -2442.3
25 48 -5760.0
25 49 -3650.52
25 50 -4151.36
25 51 -6189.66
26 52 13680.3
26 3 -5910.0
26 4 -3997.88
26 5 -5598.12
26 6 -1079.48
26 7 -2280.33
26 8 -1320.0
26 9 -1666.9
26 10 -4142.07
26 11 -5680.85
26 12 -2480.85
26 13 -6180.0
26 14 -4926.7
26 15 -3043.66
26 16 -3410.37
26 17 2914.32
26 18 -5130.0
26 19 -714.06
26 20 2234.06
26 21 -4577.76
26 22 -3233.57
26 23 -4170.0
26 24 -5820.0
26 25 -760.0
26 27 -3887.24
26 28 -3810.0
26 29 -2160.0
26 30 -823.663
26 31 -1940.0
26 32 -4448.89
26 33 -3400.0
26 34 -2227.13
26 35 -4510.0
26 36 -3422.3
26 38 -3157.98
26 39 -175.487
26 40 -5092.97
26 41 -3190.0
26 43 -6758.64
26 44 -5340.0
26 45 -4273.58
26 46 -5200.0
26 47 -1752.3
26 48 -5340.0
26 49 -3030.52
26 50 -3451.36
26 51 -5499.66
27 52 12640.3
27 3 -2510.0
27 4 -727.879
27 5 -2478.12
27 6 -1909.48
27 7 -1450.33
27 8 -3050.0
27 9 -4926.9
27 10 -3032.07
27 11 -1240.85
27 12 -670.849
27 13 -4100.0
27 14 -2846.7
27 15 -6443.66
27 16 -150.372
27 17 -2285.68
27 18 -4300.0
27 19 -5844.06
27 20 -1305.94
27 22 -873.573
27 23 -2020.0
27 24 -1860.0
27 25 -6110.0
27 26 -3027.75
27 28 -2080.0
27 29 -5630.0
27 30 -4223.66
27 31 -6730.0
27 32 -2018.89
27 33 -8260.0
27 34 -4377.13
27 35 -9020.0
27 36 -4672.3
27 38 -1487.98
27 39 -3855.49
27 40 -2942.97
27 41 2090.0
27 43 -2658.64
27 44 -620.0
27 45 -1843.58
27 46 -4720.0
27 47 -782.302
27 48 -7350.0
27 49 -4070.52
27 50 648.638
27 51 -1749.66
28 52 13890.3
28 3 -2440.0
28 4 -2187.88
28 5 -2128.12
28 6 -1429.48
28 7 489.668
28 8 -2080.0
28 9 -4236.9
28 10 -1642.07
28 11 -2980.85
28 12 -1230.85
28 13 -5140.0
28 14 -2016.7
28 15 -5543.66
28 16 269.628
28 17 -765.678
28 18 -4720.0
28 19 -3974.06
28 20 714.06
28 21 -827.759
28 22 166.427
28 23 -2430.0
28 24 -3520.0
28 25 -4370.0
28 26 -1357.75
28 27 -487.241
28 29 -4590.0
28 30 -3183.66
28 31 -5340.0
28 32 -1318.89
28 33 -6310.0
28 34 -4097.13
28 35 -7010.0
28 36 -4602.3
28 38 -447.98
28 39 -2325.49
28 40 -3982.97
28 41 140.0
28 43 -4398.64
28 44 -1730.0
28 45 -733.578
28 46 -5130.0
28 47 197.698
28 48 -7010.0
28 49 -3720.52
28 50 -811.362
28 51 -3349.66
29 52 13200.3
29 3 -7090.0
29 4 -2957.88
29 5 -6848.12
29 6 30.5176
29 7 -3670.33
29 8 -1040.0
29 9 343.095
29 10 -5812.07
29 11 -5270.85
29 12 -1780.85
29 13 -4930.0
29 14 -6456.7
29 15 -893.663
29 16 -4450.37
29 17 2984.32
29 18 -3610.0
29 19 -2514.06
29 20 14.0603
29 21 -5337.76
29 22 -4483.57
29 23 -3820.0
29 24 -5260.0
29 25 -2700.0
29 26 162.246
29 27 -4167.24
29 28 -4720.0
29 30 1056.34
29 31 -1380.0
29 32 -5838.89
29 33 -5270.0
29 34 -7.13065
29 35 -6450.0
29 36 -1272.3
29 38 -4817.98
29 39 -1215.49
29 40 -3772.97
29 41 -3260.0
29 43 -6058.64
29 44 -5830.0
29 45 -5453.58
29 46 -3470.0
29 47 -2302.3
29 48 -3120.0
29 49 -1640.52
29 50 -3311.36
29 51 -4739.66
30 52 13410.3
30 3 -6880.0
30 4 -2817.88
30 5 -6578.12
30 6 170.518
30 7 -3400.33
30 8 -830.0
30 9 203.095
30 10 -5602.07
30 11 -5060.85
30 12 -1640.85
30 13 -4730.0
30 14 -6246.7
30 15 -1163.66
30 16 -4240.37
30 17 2844.32
30 18 -3540.0
30 19 -2444.06
30 20 154.06
30 21 -5127.76
30 22 -4213.57
30 23 -3610.0
30 24 -5120.0
30 25 -2630.0
30 26 302.246
30 27 -3957.24
30 28 -4510.0
30 29 -140.0
30 31 -1520.0
30 32 -5628.89
30 33 -5200.0
30 34 -147.131
30 35 -6450.0
30 36 -1342.3
30 38 -4607.98
30 39 -1075.49
30 40 -3702.97
30 41 -3050.0
30 43 -5918.64
30 44 -5620.0
30 45 -5243.58
30 46 -3400.0
30 47 -2032.3
30 48 -3260.0
30 49 -1500.52
30 50 -3101.36
30 51 -4529.66
31 52 12500.3
31 3 -7650.0
31 4 -4207.88
31 5 -7338.12
31 6 -1219.48
31 7 -4020.33
31 8 -1940.0
31 9 203.095
31 10 -6022.07
31 11 -6380.85
31 12 -2960.85
31 13 -6180.0
31 14 -6736.7
31 15 -1513.66
31 16 -5010.37
31 17 4234.32
31 18 -4990.0
31 19 -1474.06
31 20 434.06
31 21 -6037.76
31 22 -4903.57
31 23 -4860.0
31 24 -6440.0
31 25 -2010.0
31 26 512.246
31 27 -5137.24
31 28 -5340.0
31 29 -1250.0
31 30 -193.663
31 32 -6248.89
31 33 -4160.0
31 34 -767.131
31 35 -5410.0
31 36 -2382.3
31 38 -5027.98
31 39 -1495.49
31 40 -5092.97
31 41 -4300.0
31 43 -7308.64
31 44 -6660.0
31 45 -6003.58
31 46 -4790.0
31 47 -3002.3
31 48 -4020.0
31 49 -2890.52
31 50 -4351.36
31 51 -5919.66
32 52 11320.3
32 3 -430.0
32 4 -4137.88
32 5 -48.1206
32 6 -4199.48
32 7 -830.332
32 8 -4720.0
32 9 -6876.9
32 10 -122.07
32 11 -4710.85
32 12 -3660.85
32 13 -7430.0
32 14 623.302
32 15 -8183.66
32 16 549.628
32 17 -2915.68
32 18 -7290.0
32 19 -5364.06
32 20 -335.94
32 21 -337.759
32 22 646.427
32 23 -4930.0
32 24 -5330.0
32 25 -6310.0
32 26 -3447.75
32 27 -1877.24
32 28 -2770.0
32 29 -7160.0
32 30 -5753.66
32 31 -7700.0
32 33 -7490.0
32 34 -6807.13
32 35 -7770.0
32 36 -7312.3
32 38 1912.02
32 39 -4685.49
32 40 -6272.97
32 41 -830.0
32 43 -6128.64
32 44 -2910.0
32 45 -1143.58
32 46 -7700.0
32 47 -2442.3
32 48 -9720.0
32 49 -6360.52
32 50 -2691.36
32 51 -5219.66
33 52 10490.3
33 3 -7650.0
33 4 -7257.88
33 5 -7338.12
33 6 -4479.48
33 7 -4300.33
33 8 -4650.0
33 9 -3746.9
33 10 -5322.07
33 11 -8740.85
33 12 -5810.85
33 13 -9520.0
33 14 -6106.7
33 15 -5613.66
33 16 -5490.37
33 17 1594.32
33 18 -8400.0
33 19 605.94
33 20 1824.06
33 21 -6867.76
33 22 -5113.57
33 23 -7360.0
33 24 -9010.0
33 25 -2770.0
33 26 -947.754
33 27 -6667.24
33 28 -6310.0
33 29 -5140.0
33 30 -3873.66
33 31 -4160.0
33 32 -6038.89
33 34 -4797.13
33 35 -1380.0
33 36 -6412.3
33 38 -4197.98
33 39 -3505.49
33 40 -8362.97
33 41 -6040.0
33 43 -9948.64
33 44 -7980.0
33 45 -6353.58
33 46 -8400.0
33 47 -4802.3
33 48 -8120.0
33 49 -6360.52
33 50 -6511.36
33 51 -8759.66
34 52 10280.3
34 3 -9800.0
34 4 -3297.88
34 5 -9628.12
34 6 -1979.48
34 7 -6660.33
34 8 -3820.0
34 9 2013.1
34 10 -8932.07
34 11 -6520.85
34 12 -3170.85
34 13 -4930.0
34 14 -9446.7
34 15 -2143.66
34 16 -7160.37
34 17 414.322
34 18 -3950.0
34 19 -5574.06
34 20 -3385.94
34 21 -7627.76
34 22 -7333.57
34 23 -5560.0
34 24 -6440.0
34 25 -5970.0
34 26 -3237.75
34 27 -6247.24
34 28 -7560.0
34 29 -3340.0
34 30 -2283.66
34 31 -4230.0
34 32 -8818.89
34 33 -8260.0
34 35 -9510.0
34 36 257.698
34 38 -7807.98
34 39 -4615.49
34 40 -3772.97
34 41 -4930.0
34 43 -6758.64
34 44 -8120.0
34 45 -8293.58
34 46 -3470.0
34 47 -4872.3
34 48 -550.0
34 49 -3310.52
34 50 -4911.36
34 51 -5429.66
35 2 4362.3
36 52 11250.3
36 3 -8620.0
36 4 -1777.88
36 5 -8448.12
36 6 -799.482
36 7 -5620.33
36 8 -2980.0
36 9 763.095
36 10 -7962.07
36 11 -5130.85
36 12 -1710.85
36 13 -3410.0
36 14 -8396.7
36 15 -2273.66
36 16 -5980.37
36 17 144.322
36 18 -2430.0
36 19 -5504.06
36 20 -2965.94
36 21 -6177.76
36 22 -6153.57
36 23 -4240.0
36 24 -4980.0
36 25 -5690.0
36 26 -2817.75
36 27 -4927.24
36 28 -6450.0
36 29 -2990.0
36 30 -1863.66
36 31 -4230.0
36 32 -7708.89
36 33 -8260.0
36 34 1872.87
36 35 -9510.0
36 38 -6767.98
36 39 -3925.49
36 40 -2252.97
36 41 -3470.0
36 43 -5298.64
36 44 -6800.0
36 45 -7183.58
36 46 -2010.0
36 47 -3762.3
36 48 -970.0
36 49 -2260.52
36 50 -3521.36
36 51 -3969.66
37 52 12990.3
37 3 -6810.0
37 4 -4277.88
37 5 -6438.12
37 6 -1289.48
37 7 -3120.33
37 8 -1730.0
37 9 -906.905
37 10 -5052.07
37 11 -6170.85
37 12 -2890.85
37 13 -6390.0
37 14 -5766.7
37 15 -2483.66
37 16 -4240.37
37 17 3754.32
37 18 -5200.0
37 19 -644.06
37 20 1474.06
37 21 -5407.76
37 22 -4073.57
37 23 -4590.0
37 24 -6300.0
37 25 -900.0
37 26 1482.25
37 27 -4647.24
37 28 -4650.0
37 29 -1740.0
37 30 -543.663
37 31 -1110.0
37 32 -5348.89
37 33 -3400.0
37 34 -1667.13
37 35 -4650.0
37 36 -3142.3
37 38 -4057.98
37 39 -795.487
37 40 -5302.97
37 41 -3880.0
37 43 -7238.64
37 44 -6040.0
37 45 -5173.58
37 46 -5200.0
37 47 -2512.3
37 48 -4920.0
37 49 -3100.52
37 50 -4011.36
37 51 -5919.66
38 52 10840.3
38 3 -1260.0
38 4 -5037.88
38 5 -948.121
38 6 -4689.48
38 7 -1240.33
38 8 -5140.0
38 9 -7226.9
38 10 157.93
38 11 -5550.85
38 12 -4420.85
38 13 -8200.0
38 14 973.302
38 15 -8523.66
38 16 -290.372
38 17 -3055.68
38 18 -7980.0
38 19 -5224.06
38 20 -125.94
38 21 -1177.76
38 22 -43.5729
38 23 -5630.0
38 24 -6230.0
38 25 -6310.0
38 26 -3587.75
38 27 -2777.24
38 28 -3330.0
38 29 -7570.0
38 30 -6163.66
38 31 -7910.0
38 32 481.106
38 33 -7080.0
38 34 -7227.13
38 35 -7220.0
38 36 -7802.3
38 39 -4965.49
38 40 -7042.97
38 41 -1800.0
38 43 -6968.64
38 44 -3810.0
38 45 -1843.58
38 46 -8400.0
38 47 -3002.3
38 48 -10270.0
38 49 -6920.52
38 50 -3591.36
38 51 -6119.66
39 52 14520.3
39 3 -5360.0
39 4 -3027.88
39 5 -5048.12
39 6 -249.482
39 7 -1800.33
39 8 -480.0
39 9 -1596.9
39 10 -3932.07
39 11 -4780.85
39 12 -1640.85
39 13 -5350.0
39 14 -4586.7
39 15 -2903.66
39 16 -2790.37
39 17 2294.32
39 18 -4300.0
39 19 -1614.06
39 20 1754.06
39 21 -3947.76
39 22 -2683.57
39 23 -3200.0
39 24 -4910.0
39 25 -1660.0
39 26 1482.25
39 27 -3057.24
39 28 -3120.0
39 29 -1880.0
39 30 -543.663
39 31 -2290.0
39 32 -4028.89
39 33 -4300.0
39 34 -1947.13
39 35 -5340.0
39 36 -2872.3
39 38 -2877.98
39 40 -4262.97
39 41 -2360.0
39 43 -5788.64
39 44 -4580.0
39 45 -3713.58
39 46 -4370.0
39 47 -922.302
39 48 -5060.0
39 49 -2330.52
39 50 -2551.36
39 51 -4599.66
40 52 11320.3
40 3 -6680.0
40 4 1702.12
40 5 -6708.12
40 6 -1219.48
40 7 -4780.33
40 8 -3400.0
40 9 -2776.9
40 10 -6852.07
40 11 -2210.85
40 12 -50.8492
40 13 -70.0
40 14 -6946.7
40 15 -5053.66
40 16 -4310.37
40 17 -2085.68
40 18 -1590.0
40 19 -7094.06
40 20 -3525.94
40 21 -3817.76
40 22 -4763.57
40 23 -2780.0
40 24 -2000.0
40 25 -7080.0
40 26 -3997.75
40 27 -2707.24
40 28 -5340.0
40 29 -5000.0
40 30 -3733.66
40 31 -6450.0
40 32 -6178.89
40 33 -9720.0
40 34 -1667.13
40 35 -10830.0
40 36 -1762.3
40 38 -5517.98
40 39 -4825.49
40 41 -620.0
40 43 -1898.64
40 44 -4790.0
40 45 -5793.58
40 46 -1800.0
40 47 -2862.3
40 48 -4510.0
40 49 -3030.52
40 50 -1091.36
40 51 -569.663
41 52 11460.3
41 3 -3130.0
41 4 -247.879
41 5 -3168.12
41 6 -2749.48
41 7 -2770.33
41 8 -4160.0
41 9 -5696.9
41 10 -4072.07
41 11 -960.849
41 12 -1230.85
41 13 -4030.0
41 14 -3676.7
41 15 -7343.66
41 16 -1120.37
41 17 -3335.68
41 18 -4650.0
41 19 -7164.06
41 20 -2625.94
41 21 142.241
41 22 -1913.57
41 23 -2850.0
41 24 -1650.0
41 25 -7420.0
41 26 -4277.75
41 27 142.759
41 28 -3400.0
41 29 -6670.0
41 30 -5263.66
41 31 -7840.0
41 32 -2918.89
41 33 -9580.0
41 34 -5007.13
41 35 -10410.0
41 36 -5162.3
41 38 -2457.98
41 39 -5105.49
41 40 -2802.97
41 43 -1968.64
41 44 -1800.0
41 45 -3023.58
41 46 -5130.0
41 47 -1962.3
41 48 -7910.0
41 49 -4970.52
41 50 298.638
41 51 -1259.66
42 52 14030.3
42 3 -4450.0
42 4 -37.8794
42 5 -4278.12
42 6 310.518
42 7 -1940.33
42 8 -1180.0
42 9 -2706.9
42 10 -4142.07
42 11 -1660.85
42 12 1269.15
42 13 -2710.0
42 14 -4376.7
42 15 -4223.66
42 16 -1880.37
42 17 -415.678
42 18 -2290.0
42 19 -4734.06
42 20 -815.94
42 21 -2077.76
42 22 -2193.57
42 23 -140.0
42 24 -1790.0
42 25 -4790.0
42 26 -1637.75
42 27 -767.241
42 28 -2630.0
42 29 -3610.0
42 30 -2143.66
42 31 -4790.0
42 32 -3678.89
42 33 -7290.0
42 34 -2087.13
42 35 -8330.0
42 36 -2452.3
42 38 -2877.98
42 39 -2395.49
42 40 -1552.97
42 41 350.0
42 43 -2728.64
42 44 -2630.0
42 45 -3093.58
42 46 -2700.0
42 47 -12.3015
42 48 -5060.0
42 49 -1850.52
42 50 368.638
42 51 -1469.66
43 52 11110.3
43 3 -5290.0
43 4 1972.12
43 5 -5258.12
43 6 -2259.48
43 7 -4160.33
43 8 -4090.0
43 9 -4586.9
43 10 -5882.07
43 11 -750.849
43 12 -530.849
43 13 -2090.0
43 14 -5696.7
43 15 -6583.66
43 16 -3130.37
43 17 -3265.68
43 18 -3260.0
43 19 -7654.06
43 20 -3595.94
43 21 -2147.76
43 22 -3723.57
43 23 -2780.0
43 24 -750.0
43 25 -7770.0
43 26 -4627.75
43 27 -1387.24
43 28 -4720.0
43 29 -6250.0
43 30 -4913.66
43 31 -7630.0
43 32 -4998.89
43 33 -10270.0
43 34 -3617.13
43 35 -11240.0
43 36 -3772.3
43 38 -4407.98
43 39 -5315.49
43 40 -862.97
43 41 1250.0
43 44 -3540.0
43 45 -4823.58
43 46 -3740.0
43 47 -2722.3
43 48 -6520.0
43 49 -4210.52
43 50 -51.3618
43 51 820.337
44 52 12710.3
44 3 -2020.0
44 4 -1287.88
44 5 -1918.12
44 6 -2119.48
44 7 -970.332
44 8 -3120.0
44 9 -5136.9
44 10 -2412.07
44 11 -1800.85
44 12 -1090.85
44 13 -4590.0
44 14 -2286.7
44 15 -6513.66
44 16 409.628
44 17 -2215.68
44 18 -4720.0
44 19 -5574.06
44 20 -955.94
44 21 492.241
44 22 -253.573
44 23 -2430.0
44 24 -2480.0
44 25 -5900.0
44 26 -2887.75
44 27 972.759
44 28 -1730.0
44 29 -5700.0
44 30 -4293.66
44 31 -6660.0
44 32 -1458.89
44 33 -7980.0
44 34 -4657.13
44 35 -8670.0
44 36 -4952.3
44 38 -927.98
44 39 -3785.49
44 40 -3432.97
44 41 1740.0
44 43 -3218.64
44 45 -1353.58
44 46 -5200.0
44 47 -712.302
44 48 -7630.0
44 49 -4280.52
44 50 158.638
44 51 -2309.66
45 52 12780.3
45 3 -1330.0
45 4 -2817.88
45 5 -1018.12
45 6 -2609.48
45 7 349.668
45 8 -3260.0
45 9 -5416.9
45 10 -742.07
45 11 -3460.85
45 12 -2200.85
45 13 -5980.0
45 14 -906.698
45 15 -6723.66
45 16 1239.63
45 17 -1735.68
45 18 -5760.0
45 19 -4594.06
45 20 294.06
45 21 -137.759
45 22 1346.43
45 23 -3340.0
45 24 -4080.0
45 25 -5200.0
45 26 -2267.75
45 27 -697.241
45 28 -1180.0
45 29 -5770.0
45 30 -4363.66
45 31 -6450.0
45 32 -138.894
45 33 -6800.0
45 34 -5277.13
45 35 -7290.0
45 36 -5782.3
45 38 592.02
45 39 -3365.49
45 40 -4882.97
45 41 70.0
45 43 -4948.64
45 44 -1800.0
45 46 -6240.0
45 47 -852.302
45 48 -8190.0
45 49 -4830.52
45 50 -1371.36
45 51 -3969.66
46 52 12160.3
46 3 -7090.0
46 4 102.121
46 5 -6918.12
46 6 30.5176
46 7 -4440.33
46 8 -2220.0
46 9 -976.905
46 10 -6712.07
46 11 -3250.85
46 12 19.1508
46 13 -1600.0
46 14 -7016.7
46 15 -3253.66
46 16 -4450.37
46 17 -485.678
46 18 -550.0
46 19 -5774.06
46 20 -2485.94
46 21 -4507.76
46 22 -4763.57
46 23 -2640.0
46 24 -3040.0
46 25 -5760.0
46 26 -2747.75
46 27 -3127.24
46 28 -5130.0
46 29 -3340.0
46 30 -2073.66
46 31 -4790.0
46 32 -6248.89
46 33 -8400.0
46 34 -7.13065
46 35 -9580.0
46 36 -162.302
46 38 -5517.98
46 39 -3575.49
46 40 -442.97
46 41 -1590.0
46 43 -3418.64
46 44 -5200.0
46 45 -5793.58
46 47 -2512.3
46 48 -2910.0
46 49 -1640.52
46 50 -1651.36
46 51 -1959.66
47 52 14860.3
47 3 -3550.0
47 4 -1427.88
47 5 -3308.12
47 6 -249.482
47 7 -550.332
47 8 -1040.0
47 9 -3126.9
47 10 -2822.07
47 11 -2560.85
47 12 -190.849
47 13 -4170.0
47 14 -3196.7
47 15 -4503.66
47 16 -840.372
47 17 -65.6784
47 18 -3610.0
47 19 -3764.06
47 20 504.06
47 21 -1657.76
47 22 -1013.57
47 23 -1460.0
47 24 -2900.0
47 25 -3950.0
47 26 -807.754
47 27 -697.241
47 28 -1310.0
47 29 -3680.0
47 30 -2213.66
47 31 -4510.0
47 32 -2498.89
47 33 -6310.0
47 34 -2917.13
47 35 -7150.0
47 36 -3422.3
47 38 -1627.98
47 39 -1635.49
47 40 -3012.97
47 41 70.0
47 43 -3908.64
47 44 -2220.0
47 45 -1913.58
47 46 -4020.0
47 48 -5830.0
47 49 -2540.52
47 50 -331.362
47 51 -2719.66
48 52 10700.3
48 3 -9380.0
48 4 -2747.88
48 5 -9078.12
48 6 -1499.48
48 7 -6240.33
48 8 -3470.0
48 9 1663.1
48 10 -8522.07
48 11 -6030.85
48 12 -2620.85
48 13 -4380.0
48 14 -9026.7
48 15 -2003.66
48 16 -6740.37
48 17 484.322
48 18 -3400.0
48 19 -5434.06
48 20 -3175.94
48 21 -7077.76
48 22 -6913.57
48 23 -5140.0
48 24 -5950.0
48 25 -5830.0
48 26 -2957.75
48 27 -5827.24
48 28 -7080.0
48 29 -3060.0
48 30 -2003.66
48 31 -4090.0
48 32 -8338.89
48 33 -8190.0
48 34 2842.87
48 35 -9440.0
48 36 807.698
48 38 -7457.98
48 39 -4335.49
48 40 -3222.97
48 41 -4440.0
48 43 -6268.64
48 44 -7700.0
48 45 -7813.58
48 46 -2980.0
48 47 -4392.3
48 49 -2890.52
48 50 -4421.36
48 51 -4939.66
49 52 13750.3
49 3 -6190.0
49 4 -1147.88
49 5 -6018.12
49 6 1630.52
49 7 -3120.33
49 8 -550.0
49 9 -626.905
49 10 -5462.07
49 11 -3530.85
49 12 19.1508
49 13 -3060.0
49 14 -5966.7
49 15 -2143.66
49 16 -3550.37
49 17 1114.32
49 19 -3904.06
49 20 -745.94
49 21 -4087.76
49 22 -3723.57
49 23 -2160.0
49 24 -3520.0
49 25 -3950.0
49 26 -877.754
49 27 -2777.24
49 28 -4020.0
49 29 -1810.0
49 30 -473.663
49 31 -3190.0
49 32 -5208.89
49 33 -6660.0
49 34 -147.131
49 35 -7770.0
49 36 -712.302
49 38 -4337.98
49 39 -1835.49
49 40 -1972.97
49 41 -1730.0
49 43 -4188.64
49 44 -4580.0
49 45 -4683.58
49 46 -1940.0
49 47 -1332.3
49 48 -3120.0
49 50 -1651.36
49 51 -2929.66
50 52 12780.3
50 3 -3760.0
50 4 382.121
50 5 -3658.12
50 6 -1149.48
50 7 -2150.33
50 8 -2640.0
50 9 -4096.9
50 10 -4072.07
50 11 -340.849
50 12 369.151
50 13 -2850.0
50 14 -4026.7
50 15 -5683.66
50 16 -1330.37
50 17 -1875.68
50 18 -3190.0
50 19 -5984.06
50 20 -1715.94
50 21 -897.759
50 22 -1913.57
50 23 -1320.0
50 24 -750.0
50 25 -6110.0
50 26 -2957.75
50 27 282.759
50 28 -2770.0
50 29 -5140.0
50 30 -3733.66
50 31 -6310.0
50 32 -3198.89
50 33 -8470.0
50 34 -3407.13
50 35 -9370.0
50 36 -3632.3
50 38 -2667.98
50 39 -3715.49
50 40 -1692.97
50 41 1880.0
50 43 -1688.64
50 44 -1800.0
50 45 -2883.58
50 46 -3610.0
50 47 -782.302
50 48 -6310.0
50 49 -3310.52
50 51 -639.663
51 52 11320.3
51 3 -5360.0
51 4 2252.12
51 5 -5328.12
51 6 -1909.48
51 7 -4090.33
51 8 -3750.0
51 9 -4236.9
51 10 -5952.07
51 11 -750.849
51 12 -190.849
51 13 -1740.0
51 14 -5766.7
51 15 -6233.66
51 16 -3200.37
51 17 -2915.68
51 18 -2910.0
51 19 -7444.06
51 20 -3455.94
51 21 -2357.76
51 22 -3793.57
51 23 -2500.0
51 24 -680.0
51 25 -7490.0
51 26 -4347.75
51 27 -1457.24
51 28 -4650.0
51 29 -5910.0
51 30 -4503.66
51 31 -7220.0
51 32 -5068.89
51 33 -10060.0
51 34 -3267.13
51 35 -10970.0
51 36 -3422.3
51 38 -4537.98
51 39 -5105.49
51 40 -512.97
51 41 980.0
51 43 -158.638
51 44 -3610.0
51 45 -4823.58
51 46 -3260.0
51 47 -2512.3
51 48 -6170.0
51 49 -3930.52
51 50 18.6382
52 2 0
52 3 0
52 4 0
52 5 0
52 6 0
52 7 0
52 8 0
52 9 0
52 10 0
52 11 0
52 12 0
52 13 0
52 14 0
52 15 0
52 16 0
52 17 0
52 18 0
52 19 0
52 20 0
52 21 0
52 22 0
52 23 0
52 24 0
52 25 0
52 26 0
52 27 0
52 28 0
52 29 0
52 30 0
52 31 0
52 32 0
52 33 0
52 34 0
52 35 0
52 36 0
52 37 0
52 38 0
52 39 0
52 40 0
52 41 0
52 42 0
52 43 0
52 44 0
52 45 0
52 46 0
52 47 0
52 48 0
52 49 0
52 50 0
52 51 0
2 1 0
3 1 0
4 1 0
5 1 0
6 1 0
7 1 0
8 1 0
9 1 0
10 1 0
11 1 0
12 1 0
13 1 0
14 1 0
15 1 0
16 1 0
17 1 0
18 1 0
19 1 0
20 1 0
21 1 0
22 1 0
23 1 0
24 1 0
25 1 0
26 1 0
27 1 0
28 1 0
29 1 0
30 1 0
31 1 0
32 1 0
33 1 0
34 1 0
35 1 0
36 1 0
37 1 0
38 1 0
39 1 0
40 1 0
41 1 0
42 1 0
43 1 0
44 1 0
45 1 0
46 1 0
47 1 0
48 1 0
49 1 0
50 1 0
51 1 0
52 1 0
