52 2548
1
2
3
4
5
6
7
8
9
10
11
12
13
14
15
16
17
18
19
20
21
22
23
24
25
26
27
28
29
30
31
32
33
34
35
36
37
38
39
40
41
42
43
44
45
46
47
48
49
50
51
52
1 52 -0.0
1 2 -21939.9
1 3 -25744.7
1 4 -21537.6
1 5 -23426.5
1 6 -21594.1
1 7 -23341.9
1 8 -23174.4
1 9 -23811.0
1 10 -22584.6
1 11 -21122.6
1 12 -23436.6
1 13 -21282.9
1 14 -19555.4
1 15 -24162.8
1 16 -21259.6
1 17 -22790.0
1 18 -21401.6
1 19 -25980.0
1 20 -19886.2
1 21 -22851.9
1 22 -21637.8
1 23 -21835.3
1 24 -20471.7
1 25 -18183.7
1 26 -25194.5
1 27 -24310.0
1 28 -21303.1
1 29 -23684.0
1 30 -24372.1
1 31 -22659.6
1 32 -21243.2
1 33 -25840.0
1 34 -22058.0
1 35 -22409.1
1 36 -23030.1
1 37 -22095.5
1 38 -18850.5
1 40 -22230.0
1 41 -22226.6
1 42 -24856.3
1 43 -24800.0
1 44 -22744.4
1 45 -22762.6
1 46 -23302.0
1 47 -24966.8
1 48 -21007.4
1 49 -24415.7
1 50 -23513.4
1 51 -21425.4
2 52 9576.55
2 3 -3104.69
2 4 -6037.58
2 5 -7026.5
2 6 -5894.14
2 7 -281.929
2 8 -7194.35
2 9 -6930.97
2 10 -4794.59
2 11 -2082.62
2 12 -8226.58
2 13 -2662.93
2 14 -4195.41
2 15 -8392.76
2 16 -1319.55
2 17 -5280.0
2 18 -1671.61
2 19 -9790.0
2 20 -4736.24
2 21 -1871.93
2 22 -2947.79
2 23 -295.274
2 24 -4491.68
2 25 -673.725
2 26 -9354.54
2 27 -7770.0
2 28 -5183.11
2 29 -7283.96
2 30 -8672.07
2 31 -6329.63
2 32 -813.19
2 33 -10270.0
2 34 -6907.96
2 35 -6569.06
2 36 -6490.1
2 37 -4725.52
2 38 -2450.46
2 40 -6450.0
2 41 -6796.61
2 42 -1096.3
2 43 -2700.0
2 44 -1894.41
2 45 -7402.59
2 46 -8022.04
2 47 -9196.78
2 48 -5717.41
2 49 -9195.67
2 50 -7113.42
2 51 -4955.41
3 52 8056.55
3 2 -819.873
3 4 -7777.58
3 5 -6476.5
3 6 -7904.14
3 7 -3401.93
3 8 -9414.35
3 9 -5880.97
3 10 -7574.59
3 11 -5412.62
3 12 -9056.58
3 13 -5582.93
3 14 -5725.41
3 15 -8252.76
3 16 -419.55
3 17 -8130.0
3 18 -1.61446
3 19 -9090.0
3 20 -5706.24
3 21 -5271.93
3 22 -2737.79
3 23 -2795.27
3 24 -4901.68
3 25 -1583.73
3 26 -9004.54
3 27 -7080.0
3 28 -5183.11
3 29 -6383.96
3 30 -8532.07
3 31 -5979.63
3 32 -3943.19
3 33 -12150.0
3 34 -8017.96
3 35 -8649.06
3 36 -5450.1
3 37 -7295.52
3 38 -4540.46
3 40 -6450.0
3 41 -7076.61
3 42 -1936.3
3 43 -6240.0
3 44 -5304.41
3 45 -9072.59
3 46 -9342.04
3 47 -8916.78
3 48 -7317.41
3 49 -9885.67
3 50 -6493.42
3 51 -7455.41
4 52 10966.6
4 2 -5049.87
4 3 -9074.69
4 5 -4946.5
4 6 1465.86
4 7 -6321.93
4 8 -184.352
4 9 -5260.97
4 10 -3204.59
4 11 -1452.62
4 12 -2316.58
4 13 -2662.93
4 14 3504.59
4 15 -4222.76
4 16 -4519.55
4 17 -2160.0
4 18 -4581.61
4 19 -6590.0
4 20 -156.236
4 21 -4791.93
4 22 -4897.79
4 23 -4945.27
4 24 -2681.68
4 25 -1513.73
4 26 -5324.54
4 27 -5830.0
4 28 -3103.11
4 29 -4853.96
4 30 -4362.07
4 31 -4239.63
4 32 -3453.19
4 33 -2630.0
4 34 -727.961
4 35 720.937
4 36 -4130.1
4 37 -2715.52
4 38 -370.456
4 40 -3260.0
4 41 -1726.61
4 42 -8046.3
4 43 -6940.0
4 44 -4394.41
4 45 -602.585
4 46 -1072.04
4 47 -5096.78
4 48 -367.415
4 49 -3155.67
4 50 -5103.42
4 51 874.588
5 52 10276.6
5 2 -4839.87
5 3 -6574.69
5 4 -3747.58
5 6 -4014.14
5 7 -6391.93
5 8 -5664.35
5 9 89.0318
5 10 -6534.59
5 11 -5202.62
5 12 -3366.58
5 13 -5372.93
5 14 -515.412
5 15 -1242.76
5 16 -1879.55
5 17 -6600.0
5 18 -1111.61
5 19 -2290.0
5 20 -846.236
5 21 -6801.93
5 22 -2467.79
5 23 -4945.27
5 24 -741.68
5 25 -743.725
5 26 -1994.54
5 27 -410.0
5 28 26.8947
5 29 216.042
5 30 -1592.07
5 31 340.371
5 32 -5123.19
5 33 -7630.0
5 34 -2807.96
5 35 -4759.06
5 36 939.904
5 37 -6045.52
5 38 -2800.46
5 40 -70.0
5 41 -406.609
5 42 -6936.3
5 43 -8540.0
5 44 -6694.41
5 45 -5042.59
5 46 -4272.04
5 47 -1906.78
5 48 -3497.41
5 49 -3565.67
5 50 246.578
5 51 -4465.41
6 52 10486.6
6 2 -5329.87
6 3 -9624.69
6 4 1042.42
6 5 -5636.5
6 7 -6601.93
6 8 445.648
6 9 -5950.97
6 10 -3134.59
6 11 -1112.62
6 12 -2876.58
6 13 -2662.93
6 14 3504.59
6 15 -4782.76
6 16 -5139.55
6 17 -1950.0
6 18 -5141.61
6 19 -7220.0
6 20 -846.236
6 21 -4861.93
6 22 -5447.79
6 23 -5225.27
6 24 -3311.68
6 25 -2063.73
6 26 -5944.54
6 27 -6520.0
6 28 -3793.11
6 29 -5483.96
6 30 -4922.07
6 31 -4939.63
6 32 -3663.19
6 33 -2150.0
6 34 -1287.96
6 35 1280.94
6 36 -4750.1
6 37 -2785.52
6 38 -650.456
6 40 -3950.0
6 41 -2286.61
6 42 -8526.3
6 43 -7080.0
6 44 -4394.41
6 45 -1292.59
6 46 -1562.04
6 47 -5726.78
6 48 -927.415
6 49 -3775.67
6 50 -5793.42
6 51 1504.59
7 52 10346.6
7 2 1890.13
7 3 -3514.69
7 4 -5137.58
7 5 -6406.5
7 6 -4994.14
7 8 -6294.35
7 9 -6440.97
7 10 -3964.59
7 11 -1522.62
7 12 -7456.58
7 13 -1902.93
7 14 -3365.41
7 15 -7762.76
7 16 -1049.55
7 17 -4450.0
7 18 -1461.61
7 19 -9230.0
7 20 -3966.24
7 21 -1251.93
7 22 -2467.79
7 23 534.726
7 24 -3861.68
7 25 86.2746
7 26 -8724.54
7 27 -7220.0
7 28 -4493.11
7 29 -6663.96
7 30 -8042.07
7 31 -5699.63
7 32 -53.1899
7 33 -9370.0
7 34 -6077.96
7 35 -5799.06
7 36 -6000.1
7 37 -3825.52
7 38 -1620.46
7 40 -5760.0
7 41 -6036.61
7 42 -1586.3
7 43 -2290.0
7 44 -1344.41
7 45 -6502.59
7 46 -7182.04
7 47 -8566.78
7 48 -4817.41
7 49 -8495.67
7 50 -6493.42
7 51 -4185.41
8 52 9236.55
8 2 -6299.87
8 3 -10804.7
8 4 -277.576
8 5 -6956.5
8 6 775.86
8 7 -7571.93
8 9 -7270.97
8 10 -3824.59
8 11 -1312.62
8 12 -4056.58
8 13 -3352.93
8 14 3164.59
8 15 -5962.76
8 16 -6389.55
8 17 -2090.0
8 18 -6461.61
8 19 -8400.0
8 20 -2236.24
8 21 -5551.93
8 22 -6767.79
8 23 -6265.27
8 24 -4631.68
8 25 -3313.73
8 26 -7124.54
8 27 -7840.0
8 28 -5183.11
8 29 -6803.96
8 30 -6102.07
8 31 -6259.63
8 32 -4423.19
8 33 -1520.0
8 34 -2597.96
8 35 1000.94
8 36 -6070.1
8 37 -3545.52
8 38 -1690.46
8 40 -5270.0
8 41 -3466.61
8 42 -9566.3
8 43 -7700.0
8 44 -4814.41
8 45 -2612.59
8 46 -2742.04
8 47 -6906.78
8 48 -2247.41
8 49 -4745.67
8 50 -7113.42
8 51 2124.59
9 52 8886.55
9 2 -5749.87
9 3 -6984.69
9 4 -5067.58
9 5 -916.496
9 6 -5334.14
9 7 -7431.93
9 8 -6984.35
9 10 -7924.59
9 11 -6592.62
9 12 -4546.58
9 13 -6692.93
9 14 -1625.41
9 15 -1722.76
9 16 -2569.55
9 17 -7990.0
9 18 -1391.61
9 19 -1800.0
9 20 -2236.24
9 21 -8051.93
9 22 -3367.79
9 23 -6055.27
9 24 -2131.68
9 25 -1923.73
9 26 -2264.54
9 27 -1180.0
9 28 -1363.11
9 29 696.042
9 30 -2142.07
9 31 -1049.63
9 32 -6373.19
9 33 -8880.0
9 34 -4127.96
9 35 -6149.06
9 36 1909.9
9 37 -7435.52
9 38 -4190.46
9 40 -1520.0
9 41 -1176.61
9 42 -7696.3
9 43 -9720.0
9 44 -8074.41
9 45 -6432.59
9 46 -5522.04
9 47 -2316.78
9 48 -4957.41
9 49 -4475.67
9 50 -1073.42
9 51 -5855.41
10 52 11386.6
10 2 -2339.87
10 3 -7404.69
10 4 -1737.58
10 5 -6266.5
10 6 -1244.14
10 7 -3681.93
10 8 -2264.35
10 9 -6650.97
10 11 1597.38
10 12 -5166.58
10 14 104.588
10 15 -6652.76
10 16 -3549.55
10 17 -280.0
10 18 -3891.61
10 19 -8740.0
10 20 -2096.24
10 21 -1521.93
10 22 -4197.79
10 23 -2515.27
10 24 -3381.68
10 25 -673.725
10 26 -7684.54
10 27 -7150.0
10 28 -4213.11
10 29 -6523.96
10 30 -6792.07
10 31 -5559.63
10 32 -333.19
10 33 -5480.0
10 34 -3577.96
10 35 -1909.06
10 36 -5860.1
10 37 -5.517
10 38 949.544
10 40 -4930.0
10 41 -4436.61
10 42 -5756.3
10 43 -3610.0
10 44 -924.409
10 45 -3312.59
10 46 -4272.04
10 47 -7456.78
10 48 -2107.41
10 49 -6275.67
10 50 -6423.42
10 51 114.588
11 52 9506.55
11 2 -2969.87
11 3 -8584.69
11 4 -3327.58
11 5 -8276.5
11 6 -2564.14
11 7 -4581.93
11 8 -3094.35
11 9 -8660.97
11 10 -1744.59
11 12 -6976.58
11 13 -442.932
11 14 -1215.41
11 15 -8532.76
11 16 -5139.55
11 17 -630.0
11 18 -5621.61
11 19 -10620.0
11 20 -4036.24
11 21 -1661.93
11 22 -5867.79
11 23 -3625.27
11 24 -5391.68
11 25 -2413.73
11 26 -9694.54
11 27 -9160.0
11 28 -6223.11
11 29 -8533.96
11 30 -8672.07
11 31 -7509.63
11 32 -1093.19
11 33 -6380.0
11 34 -5377.96
11 35 -3089.06
11 36 -7810.1
11 37 -1955.52
11 38 -1000.46
11 40 -6940.0
11 41 -6376.61
11 42 -6656.3
11 43 -3470.0
11 44 -444.409
11 45 -5042.59
11 46 -6002.04
11 47 -9406.78
11 48 -3977.41
11 49 -8015.67
11 50 -8433.42
11 51 -505.412
12 52 10626.6
12 2 -5679.87
12 3 -8794.69
12 4 -757.576
12 5 -3006.5
12 6 -894.14
12 7 -7081.93
12 8 -2404.35
12 9 -3180.97
12 10 -5074.59
12 11 -3542.62
12 13 -4262.93
12 14 3024.59
12 15 -1792.76
12 16 -4029.55
12 17 -4450.0
12 18 -3751.61
12 19 -4230.0
12 20 753.764
12 21 -6311.93
12 22 -4407.79
12 23 -5505.27
12 24 -1711.68
12 25 -1443.73
12 26 -2894.54
12 27 -3880.0
12 28 -1643.11
12 29 -2633.96
12 30 -1932.07
12 31 -2439.63
12 32 -4773.19
12 33 -4090.0
12 34 382.039
12 35 -1569.06
12 36 -1840.1
12 37 -4515.52
12 38 -1620.46
12 40 -1320.0
12 41 703.391
12 42 -8386.3
12 43 -8330.0
12 44 -5994.41
12 45 -2272.59
12 46 -932.039
12 47 -2666.78
12 48 -1277.41
12 49 -935.672
12 50 -3163.42
12 51 -1555.41
13 52 11386.6
13 2 -1509.87
13 3 -6714.69
13 4 -2497.58
13 5 -6406.5
13 6 -2074.14
13 7 -2921.93
13 8 -3094.35
13 9 -6720.97
13 10 -564.591
13 11 1597.38
13 12 -5656.58
13 14 -725.412
13 15 -6932.76
13 16 -3129.55
13 17 -980.0
13 18 -3541.61
13 19 -8950.0
13 20 -2446.24
13 21 -621.929
13 22 -3917.79
13 23 -1755.27
13 24 -3451.68
13 25 -333.725
13 26 -8034.54
13 27 -7290.0
13 28 -4283.11
13 29 -6663.96
13 30 -7142.07
13 31 -5629.63
13 32 436.81
13 33 -6310.0
13 34 -4197.96
13 35 -2679.06
13 36 -6070.1
13 37 -635.517
13 38 669.544
13 40 -5200.0
13 41 -4856.61
13 42 -5056.3
13 43 -2840.0
13 44 -164.409
13 45 -4002.59
13 46 -4962.04
13 47 -7806.78
13 48 -2597.41
13 49 -6765.67
13 50 -6493.42
13 51 -785.412
14 52 8956.55
14 2 -7199.87
14 3 -11014.7
14 4 -487.576
14 5 -5706.5
14 6 -64.1405
14 7 -8541.93
14 8 -734.352
14 9 -5810.97
14 10 -5354.59
14 11 -3332.62
14 12 -2526.58
14 13 -4882.93
14 15 -4082.76
14 16 -6319.55
14 17 -4100.0
14 18 -6181.61
14 19 -6590.0
14 20 -1466.24
14 21 -7011.93
14 22 -6627.79
14 23 -7035.27
14 24 -4071.68
14 25 -3453.73
14 26 -5184.54
14 27 -6520.0
14 28 -4213.11
14 29 -5273.96
14 30 -4222.07
14 31 -5079.63
14 32 -5743.19
14 33 -1660.0
14 34 -1417.96
14 35 -319.063
14 36 -4340.1
14 37 -4935.52
14 38 -2590.46
14 40 -4020.0
14 41 -1586.61
14 42 -10196.3
14 43 -9230.0
14 44 -6554.41
14 45 -2682.59
14 46 -1492.04
14 47 -5026.78
14 48 -2317.41
14 49 -2735.67
14 50 -5863.42
14 51 -305.412
15 52 9096.55
15 2 -6649.87
15 3 -8794.69
15 4 -3467.58
15 5 -1686.5
15 6 -3604.14
15 7 -8191.93
15 8 -5114.35
15 9 -1160.97
15 10 -7364.59
15 11 -5902.62
15 12 -2596.58
15 13 -6342.93
15 14 664.588
15 16 -4029.55
15 17 -7020.0
15 18 -3331.61
15 19 -1520.0
15 20 -1126.24
15 21 -8121.93
15 22 -4547.79
15 23 -6685.27
15 24 -2201.68
15 25 -2413.73
15 26 -114.537
15 27 -2290.0
15 28 -1573.11
15 29 -413.958
15 30 497.928
15 31 -1539.63
15 32 -6443.19
15 33 -6660.0
15 34 -2257.96
15 35 -4339.06
15 36 589.904
15 37 -6745.52
15 38 -3700.46
15 40 -900.0
15 41 1253.39
15 42 -9016.3
15 43 -10060.0
15 44 -7944.41
15 45 -4972.59
15 46 -3642.04
15 47 43.2181
15 48 -3707.41
15 49 -1975.67
15 50 -1913.42
15 51 -4325.41
16 52 10556.6
16 2 -1019.87
16 3 -2404.69
16 4 -5207.58
16 5 -3766.5
16 6 -5404.14
16 7 -2921.93
16 8 -6984.35
16 9 -3450.97
16 10 -5704.59
16 11 -3952.62
16 12 -6276.58
16 13 -3982.93
16 14 -3015.41
16 15 -5472.76
16 17 -6250.0
16 18 1938.39
16 19 -6520.0
16 20 -2926.24
16 21 -4301.93
16 22 102.209
16 23 -1755.27
16 24 -2061.68
16 25 916.275
16 26 -6294.54
16 27 -4440.0
16 28 -2403.11
16 29 -3883.96
16 30 -5822.07
16 31 -3199.63
16 32 -2763.19
16 33 -9580.0
16 34 -5307.96
16 35 -6149.06
16 36 -3020.1
16 37 -5355.52
16 38 -2320.46
16 40 -3610.0
16 41 -4296.61
16 42 -2766.3
16 43 -5690.0
16 44 -4464.41
16 45 -6502.59
16 46 -6562.04
16 47 -6206.78
16 48 -4677.41
16 49 -6975.67
16 50 -3853.42
16 51 -5165.41
17 52 10346.6
17 2 -3659.87
17 3 -8794.69
17 4 -1527.58
17 5 -7166.5
17 6 -894.14
17 7 -5001.93
17 8 -1364.35
17 9 -7550.97
17 10 -1114.59
17 11 1877.38
17 12 -5376.58
17 13 -512.932
17 14 524.588
17 15 -7142.76
17 16 -4929.55
17 18 -5211.61
17 19 -9300.0
17 20 -2586.24
17 21 -2561.93
17 22 -5447.79
17 23 -3905.27
17 24 -4351.68
17 25 -1923.73
17 26 -8174.54
17 27 -8050.0
17 28 -5113.11
17 29 -7353.96
17 30 -7282.07
17 31 -6399.63
17 32 -1583.19
17 33 -4650.0
17 34 -3847.96
17 35 -1289.06
17 36 -6630.1
17 37 -1185.52
17 38 -160.456
17 40 -5690.0
17 41 -4786.61
17 42 -7136.3
17 43 -4650.0
17 44 -1694.41
17 45 -3382.59
17 46 -4272.04
17 47 -8016.78
17 48 -2457.41
17 49 -6415.67
17 50 -7253.42
17 51 1154.59
18 52 9856.55
18 2 -1929.87
18 3 -2544.69
18 4 -5827.58
18 5 -3556.5
18 6 -5964.14
18 7 -3891.93
18 8 -7614.35
18 9 -2830.97
18 10 -6604.59
18 11 -4992.62
18 12 -6556.58
18 13 -4952.93
18 14 -3435.41
18 15 -5332.76
18 16 1380.45
18 17 -7090.0
18 19 -6110.0
18 20 -3276.24
18 21 -5341.93
18 22 -587.791
18 23 -2795.27
18 24 -2401.68
18 25 86.2746
18 26 -6084.54
18 27 -4160.0
18 28 -2473.11
18 29 -3463.96
18 30 -5682.07
18 31 -3129.63
18 32 -3803.19
18 33 -10200.0
18 34 -5657.96
18 35 -6839.06
18 36 -2530.1
18 37 -6255.52
18 38 -3150.46
18 40 -3610.0
18 41 -4296.61
18 42 -3526.3
18 43 -6730.0
18 44 -5444.41
18 45 -6992.59
18 46 -7042.04
18 47 -5996.78
18 48 -5297.41
18 49 -7175.67
18 50 -3573.42
18 51 -5925.41
19 52 8326.55
19 2 -6999.87
19 3 -8584.69
19 4 -4787.58
19 5 -1686.5
19 6 -4994.14
19 7 -8611.93
19 8 -6504.35
19 9 -190.968
19 10 -8404.59
19 11 -6942.62
19 12 -3986.58
19 13 -7312.93
19 14 -795.412
19 15 -472.757
19 16 -4029.55
19 17 -8130.0
19 18 -3061.61
19 20 -2236.24
19 21 -8881.93
19 22 -4687.79
19 23 -7105.27
19 24 -2821.68
19 25 -2833.73
19 26 -744.537
19 27 -2080.0
19 28 -1993.11
19 29 346.042
19 30 -962.072
19 31 -1809.63
19 32 -7203.19
19 33 -8120.0
19 34 -3647.96
19 35 -5729.06
19 36 1839.9
19 37 -7785.52
19 38 -4610.46
19 40 -1590.0
19 41 -266.609
19 42 -9156.3
19 43 -10690.0
19 44 -8774.41
19 45 -6222.59
19 46 -5032.04
19 47 -996.782
19 48 -4887.41
19 49 -3495.67
19 50 -1913.42
19 51 -5645.41
20 2 -4219.87
20 3 -7474.69
20 4 -627.576
20 5 -2516.5
20 6 -894.14
20 7 -5621.93
20 8 -2614.35
20 9 -2900.97
20 10 -4034.59
20 11 -2632.62
20 12 -1276.58
20 13 -3082.93
20 14 2054.59
20 15 -2352.76
20 16 -2709.55
20 17 -3690.0
20 18 -2501.61
20 19 -4510.0
20 21 -4931.93
20 22 -3017.79
20 23 -4045.27
20 24 -461.68
20 25 16.2746
20 26 -3444.54
20 27 -3400.0
20 28 -743.105
20 29 -2563.96
20 30 -2492.07
20 31 -1879.63
20 32 -3383.19
20 33 -4790.0
20 34 -167.961
20 35 -1709.06
20 36 -1840.1
20 37 -3475.52
20 38 -440.456
20 40 -900.0
20 41 -196.609
20 42 -6866.3
20 43 -7010.0
20 44 -4744.41
20 45 -1992.59
20 46 -1492.04
20 47 -3156.78
20 48 -507.415
20 49 -2315.67
20 50 -2673.42
20 51 -1415.41
21 52 10276.6
21 2 -259.873
21 3 -5944.69
21 4 -4167.58
21 5 -7376.5
21 6 -3814.14
21 7 -1811.93
21 8 -4834.35
21 9 -7620.97
21 10 -2364.59
21 11 837.382
21 12 -7246.58
21 13 -162.932
21 14 -2395.41
21 15 -8252.76
21 16 -2989.55
21 17 -2570.0
21 18 -3471.61
21 19 -10060.0
21 20 -3836.24
21 22 -4057.79
21 23 -1065.27
21 24 -4491.68
21 25 -883.725
21 26 -9214.54
21 27 -8190.0
21 28 -5253.11
21 29 -7633.96
21 30 -8392.07
21 31 -6599.63
21 32 1126.81
21 33 -8050.0
21 34 -5727.96
21 35 -4479.06
21 36 -6910.1
21 37 -2435.52
21 38 -790.456
21 40 -6310.0
21 41 -6306.61
21 42 -4016.3
21 43 -1040.0
21 44 1015.59
21 45 -5672.59
21 46 -6562.04
21 47 -9056.78
21 48 -4257.41
21 49 -8295.67
21 50 -7463.42
21 51 -2455.41
22 52 11526.6
22 2 -1299.87
22 3 -3374.69
22 4 -4237.58
22 5 -3006.5
22 6 -4364.14
22 7 -2991.93
22 8 -6014.35
22 9 -2900.97
22 10 -5004.59
22 11 -3332.62
22 12 -5306.58
22 13 -3422.93
22 14 -1975.41
22 15 -4642.76
22 16 1450.45
22 17 -5420.0
22 18 1318.39
22 19 -5830.0
22 20 -1886.24
22 21 -4021.93
22 23 -1685.27
22 24 -1151.68
22 25 1756.27
22 26 -5534.54
22 27 -3810.0
22 28 -1503.11
22 29 -3193.96
22 30 -4922.07
22 31 -2439.63
22 32 -2413.19
22 33 -8540.0
22 34 -4267.96
22 35 -5179.06
22 36 -2460.1
22 37 -4585.52
22 38 -1550.46
22 40 -2770.0
22 41 -3326.61
22 42 -3386.3
22 43 -5550.0
22 44 -4124.41
22 45 -5462.59
22 46 -5592.04
22 47 -5376.78
22 48 -3707.41
22 49 -6065.67
22 50 -3093.42
22 51 -4325.41
23 52 11106.6
23 2 1130.13
23 3 -3654.69
23 4 -4507.58
23 5 -5706.5
23 6 -4364.14
23 7 -211.929
23 8 -5734.35
23 9 -5810.97
23 10 -3544.59
23 11 -1312.62
23 12 -6626.58
23 13 -1482.93
23 14 -2605.41
23 15 -7002.76
23 16 -629.55
23 17 -4100.0
23 18 -1111.61
23 19 -8470.0
23 20 -3136.24
23 21 -1251.93
23 22 -1907.79
23 24 -3101.68
23 25 846.275
23 26 -7964.54
23 27 -6520.0
23 28 -3793.11
23 29 -6033.96
23 30 -7212.07
23 31 -5009.63
23 32 156.81
23 33 -8740.0
23 34 -5377.96
23 35 -5109.06
23 36 -5240.1
23 37 -3335.52
23 38 -930.456
23 40 -4930.0
23 41 -5336.61
23 42 -2006.3
23 43 -2700.0
23 44 -1414.41
23 45 -5812.59
23 46 -6422.04
23 47 -7806.78
23 48 -4187.41
23 49 -7665.67
23 50 -5793.42
23 51 -3565.41
24 2 -3109.87
24 3 -5804.69
24 4 -2287.58
24 5 -1546.5
24 6 -2494.14
24 7 -4651.93
24 8 -4144.35
24 9 -1930.97
24 10 -4454.59
24 11 -3122.62
24 12 -2876.58
24 13 -3222.93
24 14 314.588
24 15 -2562.76
24 16 -979.55
24 17 -4590.0
24 18 -761.614
24 19 -4230.0
24 20 403.764
24 21 -4721.93
24 22 -1417.79
24 23 -3145.27
24 25 1196.27
24 26 -3584.54
24 27 -2430.0
24 28 506.895
24 29 -1873.96
24 30 -2772.07
24 31 -839.629
24 32 -3103.19
24 33 -6520.0
24 34 -1907.96
24 35 -3369.06
24 36 -1210.1
24 37 -3965.52
24 38 -720.456
24 40 -550.0
24 41 -966.609
24 42 -5546.3
24 43 -6590.0
24 44 -4674.41
24 45 -3522.59
24 46 -3362.04
24 47 -3296.78
24 48 -1897.41
24 49 -3635.67
24 50 -1633.42
24 51 -2805.41
25 52 12846.6
25 2 -1159.87
25 3 -4354.69
25 4 -2987.58
25 5 -3416.5
25 6 -3114.14
25 7 -2571.93
25 8 -4694.35
25 9 -3590.97
25 10 -3614.59
25 11 -2012.62
25 12 -4476.58
25 13 -1972.93
25 14 -935.412
25 15 -4642.76
25 16 130.45
25 17 -4030.0
25 18 -141.614
25 19 -6110.0
25 20 -986.236
25 21 -2981.93
25 22 -377.791
25 23 -1065.27
25 24 -671.68
25 26 -5534.54
25 27 -4230.0
25 28 -1433.11
25 29 -3673.96
25 30 -4852.07
25 31 -2649.63
25 32 -1303.19
25 33 -7420.0
25 34 -3297.96
25 35 -3859.06
25 36 -2950.1
25 37 -3135.52
25 38 -90.4557
25 40 -2630.0
25 41 -2976.61
25 42 -3666.3
25 43 -4650.0
25 44 -2944.41
25 45 -4212.59
25 46 -4612.04
25 47 -5376.78
25 48 -2457.41
25 49 -5445.67
25 50 -3433.42
25 51 -2935.41
26 52 8746.55
26 2 -6929.87
26 3 -8864.69
26 4 -3887.58
26 5 -1756.5
26 6 -4084.14
26 7 -8471.93
26 8 -5594.35
26 9 -1020.97
26 10 -7714.59
26 11 -6382.62
26 12 -3016.58
26 13 -6762.93
26 14 244.588
26 15 567.243
26 16 -4169.55
26 17 -7370.0
26 18 -3401.61
26 19 -1110.0
26 20 -1536.24
26 21 -8401.93
26 22 -4757.79
26 23 -6965.27
26 24 -2541.68
26 25 -2623.73
26 27 -2360.0
26 28 -1783.11
26 29 -273.958
26 30 77.9277
26 31 -1809.63
26 32 -6853.19
26 33 -7080.0
26 34 -2737.96
26 35 -4759.06
26 36 869.904
26 37 -7225.52
26 38 -4050.46
26 40 -1180.0
26 41 773.391
26 42 -9156.3
26 43 -10410.0
26 44 -8354.41
26 45 -5392.59
26 46 -4062.04
26 47 -26.7819
26 48 -4187.41
26 49 -2455.67
26 50 -1983.42
26 51 -4745.41
27 52 9996.55
27 2 -4979.87
27 3 -6574.69
27 4 -4027.58
27 5 193.504
27 6 -4294.14
27 7 -6601.93
27 8 -5944.35
27 9 429.032
27 10 -6814.59
27 11 -5482.62
27 12 -3636.58
27 13 -5652.93
27 14 -725.412
27 15 -1242.76
27 16 -1949.55
27 17 -6880.0
27 18 -1111.61
27 19 -2080.0
27 20 -1126.24
27 21 -7011.93
27 22 -2667.79
27 23 -5155.27
27 24 -1021.68
27 25 -953.725
27 26 -1994.54
27 28 -253.105
27 29 486.042
27 30 -1662.07
27 31 60.3714
27 32 -5393.19
27 33 -7910.0
27 34 -3087.96
27 35 -5039.06
27 36 1149.9
27 37 -6325.52
27 38 -3080.46
27 40 -410.0
27 41 -546.609
27 42 -7136.3
27 43 -8880.0
27 44 -7034.41
27 45 -5322.59
27 46 -4482.04
27 47 -1906.78
27 48 -3847.41
27 49 -3705.67
27 50 36.5776
27 51 -4745.41
28 52 11596.6
28 2 -3799.87
28 3 -6084.69
28 4 -2707.58
28 5 -776.496
28 6 -2974.14
28 7 -5281.93
28 8 -4694.35
28 9 -1160.97
28 10 -5284.59
28 11 -3952.62
28 12 -2806.58
28 13 -4052.93
28 14 174.588
28 15 -1932.76
28 16 -1319.55
28 17 -5350.0
28 18 -831.614
28 19 -3400.0
28 20 123.764
28 21 -5481.93
28 22 -1767.79
28 23 -3835.27
28 24 508.32
28 25 436.275
28 26 -2824.54
28 27 -1660.0
28 29 -1103.96
28 30 -2212.07
28 31 -9.62855
28 32 -3873.19
28 33 -6800.0
28 34 -2047.96
28 35 -3789.06
28 36 -380.096
28 37 -4725.52
28 38 -1550.46
28 40 70.0
28 41 -546.609
28 42 -6166.3
28 43 -7420.0
28 44 -5444.41
28 45 -4002.59
28 46 -3502.04
28 47 -2666.78
28 48 -2387.41
28 49 -3295.67
28 50 -863.422
28 51 -3355.41
29 52 9096.55
29 2 -6019.87
29 3 -7404.69
29 4 -4577.58
29 5 -706.496
29 6 -4784.14
29 7 -7571.93
29 8 -6434.35
29 9 779.032
29 10 -7714.59
29 11 -6382.62
29 12 -3916.58
29 13 -6552.93
29 14 -1005.41
29 15 -892.757
29 16 -2919.55
29 17 -7710.0
29 18 -1941.61
29 19 -1180.0
29 20 -1816.24
29 21 -7981.93
29 22 -3577.79
29 23 -6195.27
29 24 -1991.68
29 25 -1923.73
29 26 -1434.54
29 27 -1040.0
29 28 -1223.11
29 30 -1382.07
29 31 -839.629
29 32 -6303.19
29 33 -8190.0
29 34 -3507.96
29 35 -5589.06
29 36 2119.9
29 37 -7225.52
29 38 -3980.46
29 40 -1040.0
29 41 -546.609
29 42 -7976.3
29 43 -9790.0
29 44 -7944.41
29 45 -5952.59
29 46 -4962.04
29 47 -1486.78
29 48 -4537.41
29 49 -3775.67
29 50 -933.422
29 51 -5435.41
30 52 9166.55
30 2 -6649.87
30 3 -8794.69
30 4 -3327.58
30 5 -1756.5
30 6 -3464.14
30 7 -8191.93
30 8 -4974.35
30 9 -1300.97
30 10 -7224.59
30 11 -5762.62
30 12 -2456.58
30 13 -6272.93
30 14 804.588
30 15 777.243
30 16 -4099.55
30 17 -6880.0
30 18 -3401.61
30 19 -1730.0
30 20 -986.236
30 21 -7981.93
30 22 -4547.79
30 23 -6615.27
30 24 -2131.68
30 25 -2343.73
30 26 -324.537
30 27 -2430.0
30 28 -1573.11
30 29 -623.958
30 31 -1669.63
30 32 -6373.19
30 33 -6520.0
30 34 -2117.96
30 35 -4139.06
30 36 449.904
30 37 -6605.52
30 38 -3500.46
30 40 -900.0
30 41 1393.39
30 42 -9016.3
30 43 -9990.0
30 44 -7874.41
30 45 -4772.59
30 46 -3432.04
30 47 -166.782
30 48 -3567.41
30 49 -1835.67
30 50 -1983.42
30 51 -4185.41
31 52 10756.6
31 2 -4429.87
31 3 -6364.69
31 4 -3327.58
31 5 53.5041
31 6 -3604.14
31 7 -5971.93
31 8 -5254.35
31 9 -330.968
31 10 -6114.59
31 11 -4722.62
31 12 -3086.58
31 13 -4882.93
31 14 -175.412
31 15 -1382.76
31 16 -1599.55
31 17 -6120.0
31 18 -971.614
31 19 -2700.0
31 20 -496.236
31 21 -6311.93
31 22 -2187.79
31 23 -4535.27
31 24 -321.68
31 25 -263.725
31 26 -2334.54
31 27 -830.0
31 28 506.895
31 29 -203.958
31 30 -1792.07
31 32 -4633.19
31 33 -7290.0
31 34 -2467.96
31 35 -4409.06
31 36 449.904
31 37 -5495.52
31 38 -2320.46
31 40 140.0
31 41 -406.609
31 42 -6586.3
31 43 -8120.0
31 44 -6274.41
31 45 -4632.59
31 46 -3992.04
31 47 -2116.78
31 48 -3147.41
31 49 -3365.67
31 50 -33.4224
31 51 -4115.41
32 52 11036.6
32 2 -49.8729
32 3 -5464.69
32 4 -3677.58
32 5 -6546.5
32 6 -3464.14
32 7 -1461.93
32 8 -4554.35
32 9 -6790.97
32 10 -2024.59
32 11 557.382
32 12 -6556.58
32 13 47.0681
32 14 -1975.41
32 15 -7422.76
32 16 -2299.55
32 17 -2440.0
32 18 -2781.61
32 19 -9230.0
32 20 -3136.24
32 21 278.071
32 22 -3297.79
32 23 -505.274
32 24 -3721.68
32 25 -53.7254
32 26 -8514.54
32 27 -7420.0
32 28 -4493.11
32 29 -6803.96
32 30 -7632.07
32 31 -5769.63
32 33 -7700.0
32 34 -5097.96
32 35 -4069.06
32 36 -6140.1
32 37 -2085.52
32 38 -230.456
32 40 -5550.0
32 41 -5546.61
32 42 -3666.3
32 43 -1660.0
32 44 255.591
32 45 -5182.59
32 46 -6002.04
32 47 -8226.78
32 48 -3637.41
32 49 -7665.67
32 50 -6633.42
32 51 -2245.41
33 52 8466.55
33 2 -7479.87
33 3 -11644.7
33 4 -827.576
33 5 -7026.5
33 6 75.8595
33 7 -8751.93
33 8 375.648
33 9 -7270.97
33 10 -5144.59
33 11 -2702.62
33 12 -3846.58
33 13 -4672.93
33 14 4134.59
33 15 -5612.76
33 16 -7089.55
33 17 -3480.0
33 18 -7151.61
33 19 -8120.0
33 20 -2516.24
33 21 -6871.93
33 22 -7397.79
33 23 -7375.27
33 24 -5111.68
33 25 -4143.73
33 26 -6714.54
33 27 -7910.0
33 28 -5393.11
33 29 -6663.96
33 30 -5752.07
33 31 -6399.63
33 32 -5673.19
33 34 -2597.96
33 35 100.937
33 36 -5930.1
33 37 -4795.52
33 38 -2800.46
33 40 -5340.0
33 41 -3116.61
33 42 -10546.3
33 43 -9020.0
33 44 -6204.41
33 45 -3172.59
33 46 -2672.04
33 47 -6556.78
33 48 -2937.41
33 49 -4265.67
33 50 -7183.42
33 51 604.588
34 2 -5259.87
34 3 -8654.69
34 4 -67.5756
34 5 -3346.5
34 6 -204.14
34 7 -6601.93
34 8 -1844.35
34 9 -3660.97
34 10 -4384.59
34 11 -2842.62
34 12 -516.578
34 13 -3702.93
34 14 3234.59
34 15 -2352.76
34 16 -3959.55
34 17 -3820.0
34 18 -3751.61
34 19 -4790.0
34 20 963.764
34 21 -5691.93
34 22 -4267.79
34 23 -5155.27
34 24 -1641.68
34 25 -1163.73
34 26 -3514.54
34 27 -4230.0
34 28 -1783.11
34 29 -3123.96
34 30 -2492.07
34 31 -2719.63
34 32 -4213.19
34 33 -3740.0
34 35 -1009.06
34 36 -2390.1
34 37 -3895.52
34 38 -1000.46
34 40 -1660.0
34 41 73.3912
34 42 -8046.3
34 43 -7770.0
34 44 -5374.41
34 45 -1642.59
34 46 -382.039
34 47 -3296.78
34 48 -717.415
34 49 -1555.67
34 50 -3573.42
34 51 -925.412
35 52 9996.55
35 2 -5679.87
35 3 -10044.7
35 4 622.424
35 5 -6056.5
35 6 1605.86
35 7 -7081.93
35 8 995.648
35 9 -6440.97
35 10 -3474.59
35 11 -1312.62
35 12 -3226.58
35 13 -2942.93
35 14 3574.59
35 15 -5192.76
35 16 -5559.55
35 17 -2020.0
35 18 -5691.61
35 19 -7630.0
35 20 -1336.24
35 21 -5201.93
35 22 -5937.79
35 23 -5645.27
35 24 -3861.68
35 25 -2483.73
35 26 -6294.54
35 27 -6940.0
35 28 -4283.11
35 29 -5963.96
35 30 -5272.07
35 31 -5419.63
35 32 -3943.19
35 33 -1800.0
35 34 -1767.96
35 36 -5170.1
35 37 -3065.52
35 38 -1070.46
35 40 -4440.0
35 41 -2696.61
35 42 -8946.3
35 43 -7420.0
35 44 -4604.41
35 45 -1782.59
35 46 -1912.04
35 47 -6136.78
35 48 -1417.41
35 49 -4055.67
35 50 -6213.42
35 51 1714.59
36 52 8466.55
36 2 -6509.87
36 3 -7754.69
36 4 -5137.58
36 5 -1266.5
36 6 -5334.14
36 7 -8191.93
36 8 -6984.35
36 9 709.032
36 10 -8334.59
36 11 -6942.62
36 12 -4406.58
36 13 -7242.93
36 14 -1355.41
36 15 -1172.76
36 16 -3339.55
36 17 -8270.0
36 18 -2291.61
36 19 -970.0
36 20 -2376.24
36 21 -8541.93
36 22 -4127.79
36 23 -6685.27
36 24 -2611.68
36 25 -2483.73
36 26 -1574.54
36 27 -1660.0
36 28 -1783.11
36 29 836.042
36 30 -1592.07
36 31 -1469.63
36 32 -6923.19
36 33 -8740.0
36 34 -4057.96
36 35 -6079.06
36 37 -7785.52
36 38 -4540.46
36 40 -1660.0
36 41 -826.609
36 42 -8526.3
36 43 -10410.0
36 44 -8564.41
36 45 -6502.59
36 46 -5452.04
36 47 -1696.78
36 48 -5097.41
36 49 -4125.67
36 50 -1493.42
36 51 -5925.41
37 52 11736.6
37 2 -2409.87
37 3 -7264.69
37 4 -1387.58
37 5 -5916.5
37 6 -1034.14
37 7 -3681.93
37 8 -2124.35
37 9 -6300.97
37 10 -144.591
37 11 1247.38
37 12 -4746.58
37 13 527.068
37 14 384.588
37 15 -6172.76
37 16 -3339.55
37 17 -490.0
37 18 -3681.61
37 19 -8260.0
37 20 -1676.24
37 21 -1731.93
37 22 -3917.79
37 23 -2445.27
37 24 -3031.68
37 25 -333.725
37 26 -7334.54
37 27 -6800.0
37 28 -3793.11
37 29 -6173.96
37 30 -6312.07
37 31 -5079.63
37 32 -533.19
37 33 -5270.0
37 34 -3227.96
37 35 -1639.06
37 36 -5450.1
37 38 1359.54
37 40 -4510.0
37 41 -4016.61
37 42 -5756.3
37 43 -3880.0
37 44 -1204.41
37 45 -2962.59
37 46 -3922.04
37 47 -7106.78
37 48 -1757.41
37 49 -5795.67
37 50 -6003.42
37 51 114.588
38 52 12916.6
38 2 -2199.87
38 3 -6574.69
38 4 -1107.58
38 5 -4736.5
38 6 -964.14
38 7 -3541.93
38 8 -2334.35
38 9 -5120.97
38 10 -1254.59
38 11 137.382
38 12 -3916.58
38 13 -232.932
38 14 664.588
38 15 -5192.76
38 16 -2369.55
38 17 -1530.0
38 18 -2641.61
38 19 -7150.0
38 20 -706.236
38 21 -2151.93
38 22 -2947.79
38 23 -2105.27
38 24 -1851.68
38 25 646.275
38 26 -6224.54
38 27 -5620.0
38 28 -2683.11
38 29 -4993.96
38 30 -5272.07
38 31 -3969.63
38 32 -743.19
38 33 -5340.0
38 34 -2397.96
38 35 -1709.06
38 36 -4270.1
38 37 -705.517
38 40 -3400.0
38 41 -3046.61
38 42 -5336.3
38 43 -4300.0
38 44 -1964.41
38 45 -2542.59
38 46 -3362.04
38 47 -6066.78
38 48 -997.415
38 49 -5025.67
38 50 -4893.42
38 51 -435.412
39 52 10826.6
39 2 1410.13
39 3 -3514.69
39 4 -4787.58
39 5 -5916.5
39 6 -4644.14
39 7 68.0712
39 8 -6014.35
39 9 -6020.97
39 10 -3754.59
39 11 -1452.62
39 12 -6906.58
39 13 -1692.93
39 14 -2945.41
39 15 -7212.76
39 16 -699.55
39 17 -4310.0
39 18 -1181.61
39 19 -8740.0
39 20 -3416.24
39 21 -1381.93
39 22 -2047.79
39 23 954.726
39 24 -3311.68
39 25 576.275
39 26 -8174.54
39 27 -6730.0
39 28 -4073.11
39 29 -6243.96
39 30 -7492.07
39 31 -5219.63
39 32 16.8101
39 33 -9020.0
39 34 -5657.96
39 35 -5389.06
39 36 -5450.1
39 37 -3615.52
39 38 -1270.46
39 40 -5270.0
39 41 -5616.61
39 42 -1726.3
39 43 -2630.0
39 44 -1484.41
39 45 -6092.59
39 46 -6702.04
39 47 -8016.78
39 48 -4467.41
39 49 -7945.67
39 50 -6003.42
39 51 -3845.41
40 52 10966.6
40 2 -4769.87
40 3 -7054.69
40 4 -2567.58
40 5 -576.496
40 6 -2834.14
40 7 -6251.93
40 8 -4484.35
40 9 -1020.97
40 10 -5704.59
40 11 -4372.62
40 12 -2186.58
40 13 -4672.93
40 14 664.588
40 15 -962.757
40 16 -2229.55
40 17 -5630.0
40 18 -1671.61
40 19 -2700.0
40 20 263.764
40 21 -6241.93
40 22 -2737.79
40 23 -4675.27
40 24 -251.68
40 25 -463.725
40 26 -1924.54
40 27 -1520.0
40 28 366.895
40 29 -623.958
40 30 -1242.07
40 31 -79.6286
40 32 -4633.19
40 33 -6450.0
40 34 -1627.96
40 35 -3649.06
40 36 39.9043
40 37 -5145.52
40 38 -1970.46
40 41 423.391
40 42 -7136.3
40 43 -8120.0
40 44 -6134.41
40 45 -3932.59
40 46 -3092.04
40 47 -1766.78
40 48 -2457.41
40 49 -2525.67
40 50 -863.422
40 51 -3355.41
41 52 9646.55
41 2 -6439.87
41 3 -9004.69
41 4 -2357.58
41 5 -2236.5
41 6 -2494.14
41 7 -7851.93
41 8 -4004.35
41 9 -2000.97
41 10 -6534.59
41 11 -5132.62
41 12 -1486.58
41 13 -5652.93
41 14 1774.59
41 15 -132.757
41 16 -4239.55
41 17 -6050.0
41 18 -3681.61
41 19 -2700.0
41 20 -356.236
41 21 -7561.93
41 22 -4617.79
41 23 -6405.27
41 24 -1991.68
41 25 -2133.73
41 26 -1294.54
41 27 -2980.0
41 28 -1573.11
41 29 -1453.96
41 30 -272.072
41 31 -1949.63
41 32 -5953.19
41 33 -5550.0
41 34 -1217.96
41 35 -3229.06
41 36 -450.096
41 37 -5975.52
41 38 -2940.46
41 40 -900.0
41 42 -8946.3
41 43 -9510.0
41 44 -7314.41
41 45 -3932.59
41 46 -2532.04
41 47 -1136.78
41 48 -2867.41
41 49 -865.672
41 50 -2463.42
41 51 -3215.41
42 52 9096.55
42 2 1340.13
42 3 -1784.69
42 4 -6597.58
42 5 -6686.5
42 6 -6654.14
42 7 -1321.93
42 8 -8024.35
42 9 -6440.97
42 10 -5774.59
42 11 -3332.62
42 12 -8496.58
42 13 -3772.93
42 14 -4755.41
42 15 -8322.76
42 16 -629.55
42 17 -6320.0
42 18 -831.614
42 19 -9510.0
42 20 -4946.24
42 21 -3191.93
42 22 -2597.79
42 23 -995.274
42 24 -4491.68
42 25 -743.725
42 26 -9144.54
42 27 -7490.0
42 28 -5113.11
42 29 -6803.96
42 30 -8602.07
42 31 -6049.63
42 32 -1993.19
42 33 -10900.0
42 34 -7257.96
42 35 -7399.06
42 36 -6070.1
42 37 -5635.52
42 38 -3150.46
42 40 -6380.0
42 41 -6866.61
42 43 -4020.0
42 44 -3214.41
42 45 -7962.59
42 46 -8502.04
42 47 -9056.78
42 48 -6207.41
42 49 -9405.67
42 50 -6773.42
42 51 -5925.41
43 39 2289.84
44 52 9716.55
44 2 -949.873
44 3 -6644.69
44 4 -4437.58
44 5 -7936.5
44 6 -4014.14
44 7 -2571.93
44 8 -4764.35
44 9 -8310.97
44 10 -2434.59
44 12 -7596.58
44 13 -372.932
44 14 -2605.41
44 15 -8742.76
44 16 -3819.55
44 17 -2370.0
44 18 -4241.61
44 19 -10620.0
44 20 -4316.24
44 21 348.071
44 22 -4827.79
44 23 -1895.27
44 24 -5111.68
44 25 -1513.73
44 26 -9834.54
44 27 -8880.0
44 28 -5883.11
44 29 -8263.96
44 30 -8952.07
44 31 -7229.63
44 32 436.81
44 33 -8050.0
44 34 -6077.96
44 35 -4549.06
44 36 -7600.1
44 37 -2575.52
44 38 -1270.46
44 40 -6870.0
44 41 -6726.61
44 42 -4706.3
44 43 -1310.0
44 45 -5952.59
44 46 -6842.04
44 47 -9606.78
44 48 -4607.41
44 49 -8705.67
44 50 -8023.42
44 51 -2315.41
45 52 11526.6
45 2 -4629.87
45 3 -8584.69
45 4 1182.42
45 5 -4456.5
45 6 915.86
45 7 -5901.93
45 8 -734.352
45 9 -4840.97
45 10 -2994.59
45 11 -1382.62
45 12 -2046.58
45 13 -2382.93
45 14 3094.59
45 15 -3942.76
45 16 -4029.55
45 17 -2230.0
45 18 -3961.61
45 19 -6240.0
45 20 263.764
45 21 -4511.93
45 22 -4337.79
45 23 -4465.27
45 24 -2131.68
45 25 -953.725
45 26 -5044.54
45 27 -5340.0
45 28 -2613.11
45 29 -4443.96
45 30 -4022.07
45 31 -3759.63
45 32 -3173.19
45 33 -3190.0
45 34 -517.961
45 35 100.937
45 36 -3710.1
45 37 -2505.52
45 38 -20.4557
45 40 -2840.0
45 41 -1516.61
45 42 -7626.3
45 43 -6660.0
45 44 -4124.41
45 46 -1072.04
45 47 -4816.78
45 48 182.585
45 49 -3085.67
45 50 -4613.42
45 51 464.588
46 52 10626.6
46 2 -5609.87
46 3 -9214.69
46 4 352.424
46 5 -4046.5
46 6 285.86
46 7 -6941.93
46 8 -1224.35
46 9 -4290.97
46 10 -4314.59
46 11 -2702.62
46 12 -1066.58
46 13 -3702.93
46 14 3924.59
46 15 -2972.76
46 16 -4449.55
46 17 -3480.0
46 18 -4371.61
46 19 -5410.0
46 20 403.764
46 21 -5761.93
46 22 -4827.79
46 23 -5435.27
46 24 -2331.68
46 25 -1713.73
46 26 -4074.54
46 27 -4860.0
46 28 -2473.11
46 29 -3813.96
46 30 -3042.07
46 31 -3479.63
46 32 -4353.19
46 33 -3050.0
46 34 382.039
46 35 -389.063
46 36 -3020.1
46 37 -3825.52
46 38 -1200.46
46 40 -2360.0
46 41 -476.609
46 42 -8526.3
46 43 -7910.0
46 44 -5374.41
46 45 -1432.59
46 47 -3846.78
46 48 -787.415
46 49 -1835.67
46 50 -4203.42
46 51 -435.412
47 52 9026.55
47 2 -6719.87
47 3 -8724.69
47 4 -3607.58
47 5 -1616.5
47 6 -3814.14
47 7 -8261.93
47 8 -5324.35
47 9 -1020.97
47 10 -7434.59
47 11 -6042.62
47 12 -2736.58
47 13 -6482.93
47 14 454.588
47 15 777.243
47 16 -4029.55
47 17 -7160.0
47 18 -3261.61
47 19 -1310.0
47 20 -1196.24
47 21 -8191.93
47 22 -4547.79
47 23 -6755.27
47 24 -2201.68
47 25 -2413.73
47 26 25.463
47 27 -2220.0
47 28 -1573.11
47 29 -273.958
47 30 287.928
47 31 -1539.63
47 32 -6513.19
47 33 -6870.0
47 34 -2467.96
47 35 -4549.06
47 36 799.904
47 37 -6945.52
47 38 -3840.46
47 40 -970.0
47 41 983.391
47 42 -9016.3
47 43 -10130.0
47 44 -8074.41
47 45 -5112.59
47 46 -3782.04
47 48 -3847.41
47 49 -2185.67
47 50 -1843.42
47 51 -4465.41
48 52 12286.6
48 2 -3939.87
48 3 -7824.69
48 4 422.424
48 5 -3906.5
48 6 285.86
48 7 -5211.93
48 8 -1364.35
48 9 -4360.97
48 10 -2784.59
48 11 -1312.62
48 12 -2046.58
48 13 -1972.93
48 14 2464.59
48 15 -3672.76
48 16 -3199.55
48 17 -2300.0
48 18 -3261.61
48 19 -5900.0
48 20 753.764
48 21 -4091.93
48 22 -3577.79
48 23 -3835.27
48 24 -1501.68
48 25 -193.725
48 26 -4834.54
48 27 -4860.0
48 28 -1993.11
48 29 -4023.96
48 30 -3812.07
48 31 -3269.63
48 32 -2623.19
48 33 -3950.0
48 34 -587.961
48 35 -529.063
48 36 -3300.1
48 37 -2295.52
48 38 529.544
48 40 -2360.0
48 41 -1446.61
48 42 -6866.3
48 43 -6240.0
48 44 -3774.41
48 45 -812.585
48 46 -1422.04
48 47 -4546.78
48 49 -3155.67
48 50 -4063.42
48 51 -25.4121
49 52 9646.55
49 2 -6649.87
49 3 -9624.69
49 4 -1597.58
49 5 -3206.5
49 6 -1794.14
49 7 -8121.93
49 8 -3094.35
49 9 -3110.97
49 10 -6184.59
49 11 -4582.62
49 12 -936.578
49 13 -5372.93
49 14 2814.59
49 15 -1172.76
49 16 -4729.55
49 17 -5490.0
49 18 -4371.61
49 19 -3740.0
49 20 -286.236
49 21 -7361.93
49 22 -5167.79
49 23 -6545.27
49 24 -2471.68
49 25 -2413.73
49 26 -2334.54
49 27 -3950.0
49 28 -2133.11
49 29 -2493.96
49 30 -1312.07
49 31 -2719.63
49 32 -5883.19
49 33 -4510.0
49 34 -657.961
49 35 -2399.06
49 36 -1560.1
49 37 -5565.52
49 38 -2730.46
49 40 -1660.0
49 41 1323.39
49 42 -9296.3
49 43 -9440.0
49 44 -7104.41
49 45 -3312.59
49 46 -1702.04
49 47 -2116.78
49 48 -2387.41
49 50 -3363.42
49 51 -2385.41
50 52 10346.6
50 2 -4769.87
50 3 -6434.69
50 4 -3747.58
50 5 403.504
50 6 -4014.14
50 7 -6321.93
50 8 -5664.35
50 9 89.0318
50 10 -6534.59
50 11 -5202.62
50 12 -3366.58
50 13 -5302.93
50 14 -515.412
50 15 -1312.76
50 16 -1809.55
50 17 -6530.0
50 18 -971.614
50 19 -2360.0
50 20 -846.236
50 21 -6731.93
50 22 -2397.79
50 23 -4875.27
50 24 -671.68
50 25 -603.725
50 26 -2064.54
50 27 -410.0
50 28 96.8947
50 29 146.042
50 30 -1662.07
50 31 410.371
50 32 -5053.19
50 33 -7630.0
50 34 -2877.96
50 35 -4759.06
50 36 869.904
50 37 -5975.52
50 38 -2800.46
50 40 -200.0
50 41 -476.609
50 42 -6866.3
50 43 -8470.0
50 44 -6624.41
50 45 -5042.59
50 46 -4272.04
50 47 -1976.78
50 48 -3497.41
50 49 -3565.67
50 51 -4465.41
51 52 9576.55
51 2 -5469.87
51 3 -10254.7
51 4 -627.576
51 5 -7166.5
51 6 425.86
51 7 -6871.93
51 8 715.648
51 9 -7550.97
51 10 -2854.59
51 11 -132.618
51 12 -4616.58
51 13 -2452.93
51 14 2184.59
51 15 -6582.76
51 16 -5979.55
51 18 -6181.61
51 19 -8950.0
51 20 -2446.24
51 21 -4581.93
51 22 -6487.79
51 23 -5505.27
51 24 -4701.68
51 25 -2963.73
51 26 -7684.54
51 27 -8050.0
51 28 -5253.11
51 29 -7213.96
51 30 -6722.07
51 31 -6529.63
51 32 -3523.19
51 33 -2700.0
51 34 -3087.96
51 35 310.937
51 36 -6420.1
51 37 -2715.52
51 38 -1200.46
51 40 -5550.0
51 41 -4086.61
51 42 -8876.3
51 43 -6730.0
51 44 -3774.41
51 45 -2822.59
51 46 -3362.04
51 47 -7456.78
51 48 -2317.41
51 49 -5445.67
51 50 -7323.42
52 2 0
52 3 0
52 4 0
52 5 0
52 6 0
52 7 0
52 8 0
52 9 0
52 10 0
52 11 0
52 12 0
52 13 0
52 14 0
52 15 0
52 16 0
52 17 0
52 18 0
52 19 0
52 20 0
52 21 0
52 22 0
52 23 0
52 24 0
52 25 0
52 26 0
52 27 0
52 28 0
52 29 0
52 30 0
52 31 0
52 32 0
52 33 0
52 34 0
52 35 0
52 36 0
52 37 0
52 38 0
52 39 0
52 40 0
52 41 0
52 42 0
52 43 0
52 44 0
52 45 0
52 46 0
52 47 0
52 48 0
52 49 0
52 50 0
52 51 0
2 1 0
3 1 0
4 1 0
5 1 0
6 1 0
7 1 0
8 1 0
9 1 0
10 1 0
11 1 0
12 1 0
13 1 0
14 1 0
15 1 0
16 1 0
17 1 0
18 1 0
19 1 0
20 1 0
21 1 0
22 1 0
23 1 0
24 1 0
25 1 0
26 1 0
27 1 0
28 1 0
29 1 0
30 1 0
31 1 0
32 1 0
33 1 0
34 1 0
35 1 0
36 1 0
37 1 0
38 1 0
39 1 0
40 1 0
41 1 0
42 1 0
43 1 0
44 1 0
45 1 0
46 1 0
47 1 0
48 1 0
49 1 0
50 1 0
51 1 0
52 1 0
