52 2180
1
2
3
4
5
6
7
8
9
10
11
12
13
14
15
16
17
18
19
20
21
22
23
24
25
26
27
28
29
30
31
32
33
34
35
36
37
38
39
40
41
42
43
44
45
46
47
48
49
50
51
52
1 52 -0.0
1 2 -17227.2
1 3 -19827.7
1 4 -22510.0
1 5 -24332.8
1 6 -21460.0
1 8 -21600.0
1 9 -23130.0
1 10 -22381.0
1 12 -22090.0
1 13 -23351.4
1 14 -24030.0
1 15 -22918.6
1 16 -21320.0
1 18 -21190.0
1 19 -23865.0
1 20 -20670.9
1 21 -20560.0
1 22 -23060.0
1 23 -22005.1
1 24 -22195.0
1 25 -21632.8
1 26 -22640.1
1 27 -21934.6
1 28 -21670.0
1 29 -24170.0
1 30 -22710.0
1 32 -21310.9
1 33 -20384.2
1 34 -22310.0
1 35 -24520.0
1 36 -23492.8
1 37 -21880.0
1 38 -24240.0
1 39 -22090.0
1 40 -23092.8
1 41 -23620.0
1 42 -24030.0
1 43 -23164.5
1 44 -19940.0
1 45 -22370.0
1 46 -23750.0
1 47 -25210.0
1 48 -20232.9
1 49 -21784.1
1 51 -24196.3
2 31 -3260.0
3 52 15980.0
3 2 -1657.18
3 4 -7290.0
3 5 -4392.82
3 6 -6240.0
3 8 -5620.0
3 9 -3260.0
3 10 -3481.03
3 12 -6460.0
3 13 -4661.41
3 14 -5200.0
3 15 -2078.59
3 16 -5900.0
3 18 -5690.0
3 19 -7955.0
3 20 -3370.9
3 21 -3960.0
3 22 -7780.0
3 23 -955.128
3 24 -6635.0
3 25 -6342.82
3 26 -1800.13
3 27 -1924.62
3 28 -5130.0
3 29 -7770.0
3 30 -4990.0
3 32 639.103
3 33 -2454.23
3 34 -5910.0
3 35 -1040.0
3 36 -2792.82
3 37 -6110.0
3 38 -6110.0
3 39 -3050.0
3 40 -6972.82
3 41 -8270.0
3 42 -1380.0
3 43 -1624.49
3 44 -3760.0
3 45 -7150.0
3 46 -7490.0
3 47 -4440.0
3 48 -4322.95
3 49 -4484.1
3 51 -2796.28
4 52 17860.0
4 2 4662.82
4 3 -2727.69
4 5 -6262.82
4 6 220.0
4 8 -2630.0
4 9 -5550.0
4 10 -4041.03
4 12 -1320.0
4 13 -5081.41
4 14 -5550.0
4 15 -5618.59
4 16 210.0
4 18 -340.0
4 19 -2675.0
4 20 -3020.9
4 21 -2850.0
4 22 -350.0
4 23 -4775.13
4 24 -1495.0
4 25 947.179
4 26 -4650.13
4 27 -4214.62
4 28 -3260.0
4 29 -3470.0
4 30 -4440.0
4 32 -3730.9
4 33 -1134.23
4 34 -1950.0
4 35 -7420.0
4 36 -5912.82
4 37 -970.0
4 38 -5270.0
4 39 -4790.0
4 40 -2042.82
4 41 -840.0
4 42 -6870.0
4 43 -5584.49
4 44 -2230.0
4 45 210.0
4 46 -3260.0
4 47 -7420.0
4 48 1447.05
4 49 -3164.1
4 51 -6616.28
5 52 16260.0
5 2 -1517.18
5 3 392.308
5 4 -6040.0
5 6 -4990.0
5 8 -3880.0
5 9 -1730.0
5 10 -6121.03
5 12 -4380.0
5 13 -7091.41
5 14 -1110.0
5 15 -2278.59
5 16 -5410.0
5 18 -3880.0
5 19 -8295.0
5 20 -2120.9
5 21 -4650.0
5 22 -6250.0
5 23 -1995.13
5 24 -6565.0
5 25 -4812.82
5 26 -5480.13
5 27 -4914.62
5 28 -3190.0
5 29 -4510.0
5 30 -6660.0
5 32 1819.1
5 33 1705.77
5 34 -6880.0
5 35 -5200.0
5 36 -6122.82
5 37 -3820.0
5 38 -2080.0
5 39 -2980.0
5 40 -3842.82
5 41 -6740.0
5 42 -5130.0
5 43 -5444.49
5 44 -2920.0
5 45 -6110.0
5 46 -8190.0
5 47 -7980.0
5 48 -1262.95
5 49 -5944.1
5 51 -1476.28
6 52 18410.0
6 2 4242.82
6 3 -2177.69
6 4 -280.0
6 5 -5712.82
6 8 -2010.0
6 9 -5060.0
6 10 -3831.03
6 12 -970.0
6 13 -4801.41
6 14 -5060.0
6 15 -5058.59
6 16 140.0
6 18 70.0
6 19 -2955.0
6 20 -2400.9
6 21 -2500.0
6 22 -830.0
6 23 -4285.13
6 24 -1495.0
6 25 597.179
6 26 -4370.13
6 27 -3874.62
6 28 -2700.0
6 29 -3260.0
6 30 -4160.0
6 32 -3180.9
6 33 -654.231
6 34 -2090.0
6 35 -6870.0
6 36 -5562.82
6 37 -690.0
6 38 -4790.0
6 39 -4300.0
6 40 -1902.82
6 41 -1320.0
6 42 -6380.0
6 43 -5234.49
6 44 -1670.0
6 45 -280.0
6 46 -3460.0
6 47 -7080.0
6 48 1377.05
6 49 -2954.1
6 51 -6126.28
7 52 16400.0
7 2 -1587.18
7 3 1712.31
7 4 -6390.0
7 5 -1332.82
7 6 -5270.0
7 8 -4230.0
7 9 -1180.0
7 10 -5291.03
7 12 -5000.0
7 13 -6331.41
7 14 -2290.0
7 15 -1238.59
7 16 -5480.0
7 18 -4300.0
7 19 -8225.0
7 20 -2120.9
7 21 -4240.0
7 22 -6730.0
7 23 -955.128
7 24 -6565.0
7 25 -5232.82
7 26 -4440.13
7 27 -3944.62
7 28 -3540.0
7 29 -5550.0
7 30 -6040.0
7 32 2929.1
7 33 395.769
7 34 -6600.0
7 35 -3950.0
7 36 -5082.82
7 37 -4510.0
7 38 -3330.0
7 39 -2360.0
7 40 -4812.82
7 41 -7220.0
7 42 -3880.0
7 43 -4334.49
7 44 -2920.0
7 45 -6390.0
7 46 -7980.0
7 47 -6940.0
7 48 -2232.95
7 49 -5454.1
7 51 -86.2821
8 52 19110.0
8 2 2302.82
8 3 -717.692
8 4 -2290.0
8 5 -3762.82
8 6 -1170.0
8 9 -3120.0
8 10 -4041.03
8 12 -970.0
8 13 -4941.41
8 14 -3120.0
8 15 -3258.59
8 16 -1590.0
8 18 -200.0
8 19 -4615.0
8 20 -660.897
8 21 -2150.0
8 22 -2570.0
8 23 -2685.13
8 24 -2955.0
8 25 -1132.82
8 26 -4230.13
8 27 -3524.62
8 28 -760.0
8 29 -2630.0
8 30 -4300.0
8 32 -1300.9
8 33 945.769
8 34 -3410.0
8 35 -5620.0
8 36 -5012.82
8 37 -550.0
8 38 -3050.0
8 39 -2700.0
8 40 -1692.82
8 41 -3060.0
8 42 -5270.0
8 43 -4684.49
8 44 -220.0
8 45 -2290.0
8 46 -4780.0
8 47 -6800.0
8 48 1097.05
8 49 -3304.1
8 51 -4186.28
9 7 -280.0
10 52 16400.0
10 2 2162.82
10 3 -507.692
10 4 -5630.0
10 5 -7932.82
10 6 -4920.0
10 8 -5970.0
10 9 -6380.0
10 12 -6250.0
10 13 -151.41
10 14 -8050.0
10 15 -5548.59
10 16 -3810.0
10 18 -5270.0
10 19 -4205.0
10 20 -4620.9
10 21 -2780.0
10 22 -6250.0
10 23 -4285.13
10 24 -3925.0
10 25 -5022.82
10 26 1189.87
10 27 435.385
10 28 -5970.0
10 29 -8470.0
10 30 -1800.0
10 32 -3940.9
10 33 -4674.23
10 34 -1600.0
10 35 -4510.0
10 36 -1402.82
10 37 -5970.0
10 38 -8470.0
10 39 -5200.0
10 40 -7382.82
10 41 -6740.0
10 42 -4160.0
10 43 -514.487
10 44 -4240.0
10 45 -5140.0
10 46 -3460.0
10 47 -1940.0
10 48 -4252.95
10 49 -1014.1
10 51 -6966.28
11 52 18830.0
11 2 1532.82
11 3 1642.31
11 4 -4310.0
11 5 -4602.82
11 6 -3390.0
11 8 -3330.0
11 9 -3120.0
11 10 -1401.03
11 12 -4030.0
11 13 -2371.41
11 14 -4790.0
11 15 -2418.59
11 16 -2840.0
11 18 -3120.0
11 19 -4825.0
11 20 -1500.9
11 21 -830.0
11 22 -4930.0
11 23 -1165.13
11 24 -3505.0
11 25 -3562.82
11 26 -1170.13
11 27 -404.615
11 28 -3120.0
11 29 -5900.0
11 30 -2080.0
11 32 -820.897
11 33 -1554.23
11 34 -2920.0
11 35 -2840.0
11 36 -1882.82
11 37 -3750.0
11 38 -5340.0
11 39 -1870.0
11 40 -4952.82
11 41 -5420.0
11 42 -2290.0
11 43 -1424.49
11 44 -1330.0
11 45 -4160.0
11 46 -4370.0
11 47 -3610.0
11 48 -2162.95
11 49 -1504.1
11 51 -3836.28
12 52 18140.0
12 2 2992.82
12 3 -2037.69
12 4 -1460.0
12 5 -4742.82
12 6 -610.0
12 8 -1450.0
12 9 -4440.0
12 10 -4801.03
12 13 -5641.41
12 14 -4020.0
12 15 -4708.59
12 16 -1240.0
12 18 770.0
12 19 -4275.0
12 20 -1980.9
12 21 -2990.0
12 22 -1390.0
12 23 -4005.13
12 24 -2815.0
12 25 -22.8205
12 26 -5200.13
12 27 -4494.62
12 28 -2010.0
12 29 -1940.0
12 30 -5060.0
12 32 -2480.9
12 33 595.769
12 34 -3410.0
12 35 -6940.0
12 36 -6122.82
12 37 630.0
12 38 -3540.0
12 39 -4020.0
12 40 -722.821
12 41 -1880.0
12 42 -6520.0
12 43 -5794.49
12 44 -1470.0
12 45 -1460.0
12 46 -4780.0
12 47 -7770.0
12 48 2277.05
12 49 -3864.1
12 51 -5436.28
13 52 16890.0
13 2 2372.82
13 3 -227.692
13 4 -5210.0
13 5 -7442.82
13 6 -4430.0
13 8 -5410.0
13 9 -5900.0
13 10 1308.97
13 12 -5630.0
13 14 -7490.0
13 15 -5058.59
13 16 -3260.0
13 18 -4720.0
13 19 -3925.0
13 20 -4130.9
13 21 -2290.0
13 22 -5760.0
13 23 -3805.13
13 24 -3505.0
13 25 -4472.82
13 26 769.872
13 27 575.385
13 28 -5480.0
13 29 -7910.0
13 30 -1180.0
13 32 -3460.9
13 33 -4124.23
13 34 -1330.0
13 35 -4300.0
13 36 -1332.82
13 37 -5480.0
13 38 -7910.0
13 39 -4650.0
13 40 -6832.82
13 41 -6250.0
13 42 -3880.0
13 43 -654.487
13 44 -3620.0
13 45 -4720.0
13 46 -3120.0
13 47 -2150.0
13 48 -3762.95
13 49 -594.103
13 51 -6546.28
14 52 16680.0
14 2 -757.179
14 3 -297.692
14 4 -5210.0
14 5 -992.821
14 6 -4220.0
14 8 -3120.0
14 9 -2080.0
14 10 -6121.03
14 12 -3540.0
14 13 -7021.41
14 15 -2698.59
14 16 -4650.0
14 18 -2980.0
14 19 -7675.0
14 20 -1840.9
14 21 -4440.0
14 22 -5280.0
14 23 -2345.13
14 24 -6005.0
14 25 -3912.82
14 26 -5760.13
14 27 -5054.62
14 28 -2630.0
14 29 -3470.0
14 30 -6520.0
14 32 779.103
14 33 2685.77
14 34 -6330.0
14 35 -5760.0
14 36 -6332.82
14 37 -2910.0
14 38 -1040.0
14 39 -3050.0
14 40 -2732.82
14 41 -5770.0
14 42 -5550.0
14 43 -5794.49
14 44 -2440.0
14 45 -5280.0
14 46 -7770.0
14 47 -8190.0
14 48 -152.949
14 49 -5734.1
14 51 -2376.28
15 52 17510.0
15 2 -547.179
15 3 2542.31
15 4 -5560.0
15 5 -2442.82
15 6 -4500.0
15 8 -3540.0
15 9 -900.0
15 10 -3901.03
15 12 -4510.0
15 13 -4871.41
15 14 -2980.0
15 16 -4510.0
15 18 -3680.0
15 19 -7045.0
15 20 -1290.9
15 21 -2920.0
15 22 -6040.0
15 23 434.872
15 24 -5455.0
15 25 -4602.82
15 26 -3050.13
15 27 -2554.62
15 28 -2980.0
15 29 -5480.0
15 30 -4650.0
15 32 1749.1
15 33 -94.2308
15 34 -5350.0
15 35 -2840.0
15 36 -3692.82
15 37 -4090.0
15 38 -3880.0
15 39 -1110.0
15 40 -4682.82
15 41 -6530.0
15 42 -2700.0
15 43 -3014.49
15 44 -1950.0
15 45 -5550.0
15 46 -6730.0
15 47 -5550.0
15 48 -2162.95
15 49 -4134.1
15 51 -1266.28
16 52 18070.0
16 2 5082.82
16 3 -2317.69
16 4 -770.0
16 5 -6612.82
16 6 -340.0
16 8 -2910.0
16 9 -5690.0
16 10 -3201.03
16 12 -2080.0
16 13 -4111.41
16 14 -5970.0
16 15 -5548.59
16 18 -1040.0
16 19 -1845.0
16 20 -3090.9
16 21 -2360.0
16 22 -1250.0
16 23 -4635.13
16 24 -455.0
16 25 -92.8205
16 26 -3740.13
16 27 -3454.62
16 28 -3540.0
16 29 -4440.0
16 30 -3540.0
16 32 -3870.9
16 33 -1764.23
16 34 -910.0
16 35 -6940.0
16 36 -5152.82
16 37 -1800.0
16 38 -5830.0
16 39 -4720.0
16 40 -3082.82
16 41 -1740.0
16 42 -6450.0
16 43 -4824.49
16 44 -2230.0
16 45 -140.0
16 46 -2350.0
16 47 -6590.0
16 48 467.051
16 49 -2264.1
16 51 -6686.28
17 11 3460.0
18 52 18340.0
18 2 3202.82
18 3 -1967.69
18 4 -1180.0
18 5 -4942.82
18 6 -270.0
18 8 -1380.0
18 9 -4440.0
18 10 -4521.03
18 12 70.0
18 13 -5431.41
18 14 -4160.0
18 15 -4578.59
18 16 -900.0
18 19 -3995.0
18 20 -1980.9
18 21 -2780.0
18 22 -1250.0
18 23 -3935.13
18 24 -2535.0
18 25 117.179
18 26 -4920.13
18 27 -4284.62
18 28 -2010.0
18 29 -2290.0
18 30 -4720.0
18 32 -2550.9
18 33 325.769
18 34 -3060.0
18 35 -6800.0
18 36 -5912.82
18 37 350.0
18 38 -3810.0
18 39 -3950.0
18 40 -1002.82
18 41 -1810.0
18 42 -6380.0
18 43 -5584.49
18 44 -1330.0
18 45 -1250.0
18 46 -4440.0
18 47 -7560.0
18 48 2067.05
18 49 -3584.1
18 51 -5436.28
19 52 16400.0
19 2 6672.82
19 3 -3497.69
19 4 -2780.0
19 5 -8622.82
19 6 -2560.0
19 8 -5060.0
19 9 -7490.0
19 10 -2721.03
19 12 -4240.0
19 13 -3901.41
19 14 -8120.0
19 15 -7208.59
19 16 -970.0
19 18 -3260.0
19 20 -4970.9
19 21 -3540.0
19 22 -2850.0
19 23 -6165.13
19 24 -1285.0
19 25 -1972.82
19 26 -3260.13
19 27 -3594.62
19 28 -5620.0
19 29 -6590.0
19 30 -3810.0
19 32 -5610.9
19 33 -3984.23
19 34 900.0
19 35 -7840.0
19 36 -5432.82
19 37 -4020.0
19 38 -8050.0
19 39 -6380.0
19 40 -5162.82
19 41 -3340.0
19 42 -7290.0
19 43 -4894.49
19 44 -4100.0
19 45 -1940.0
19 46 -760.0
19 47 -6520.0
19 48 -1472.95
19 49 -2334.1
19 51 -8486.28
20 52 19180.0
20 2 1262.82
20 3 672.308
20 4 -3540.0
20 5 -2862.82
20 6 -2420.0
20 8 -1520.0
20 9 -1800.0
20 10 -3551.03
20 12 -2360.0
20 13 -4521.41
20 14 -2700.0
20 15 -1868.59
20 16 -2630.0
20 18 -1660.0
20 19 -5385.0
20 21 -1810.0
20 22 -3890.0
20 23 -1165.13
20 24 -3715.0
20 25 -2452.82
20 26 -3470.13
20 27 -2694.62
20 28 -900.0
20 29 -3810.0
20 30 -3950.0
20 32 19.1026
20 33 805.769
20 34 -3900.0
20 35 -4300.0
20 36 -4112.82
20 37 -2010.0
20 38 -3050.0
20 39 -1180.0
20 40 -2872.82
20 41 -4450.0
20 42 -3950.0
20 43 -3714.49
20 44 -10.0
20 45 -3540.0
20 46 -5270.0
20 47 -5900.0
20 48 -222.949
20 49 -3164.1
20 51 -2866.28
21 52 19660.0
21 2 2782.82
21 3 392.308
21 4 -3060.0
21 5 -5082.82
21 6 -2210.0
21 8 -2700.0
21 9 -3740.0
21 10 -1401.03
21 12 -3060.0
21 13 -2371.41
21 14 -4990.0
21 15 -3188.59
21 16 -1590.0
21 18 -2150.0
21 19 -3645.0
21 20 -1500.9
21 22 -3750.0
21 23 -2205.13
21 24 -2185.0
21 25 -2382.82
21 26 -1660.13
21 27 -1024.62
21 28 -2770.0
21 29 -5200.0
21 30 -1730.0
21 32 -1720.9
21 33 -1414.23
21 34 -1880.0
21 35 -4090.0
21 36 -2652.82
21 37 -2840.0
21 38 -5270.0
21 39 -2560.0
21 40 -4192.82
21 41 -4240.0
21 42 -3540.0
21 43 -2254.49
21 44 -910.0
21 45 -2910.0
21 46 -3260.0
21 47 -4230.0
21 48 -1262.95
21 49 -874.103
21 51 -4606.28
22 52 16960.0
22 2 4732.82
22 3 -3567.69
22 4 -700.0
22 5 -6822.82
22 6 -680.0
22 8 -3260.0
22 9 -6310.0
22 10 -5011.03
22 12 -1600.0
22 13 -5981.41
22 14 -5970.0
22 15 -6448.59
22 16 -620.0
22 18 -760.0
22 19 -3095.0
22 20 -3720.9
22 21 -3890.0
22 23 -5675.13
22 24 -2255.0
22 25 1017.18
22 26 -5550.13
22 27 -5194.62
22 28 -3950.0
22 29 -3400.0
22 30 -5410.0
22 32 -4430.9
22 33 -1414.23
22 34 -2440.0
22 35 -8260.0
22 36 -6952.82
22 37 -1110.0
22 38 -5550.0
22 39 -5690.0
22 40 -1762.82
22 41 70.0
22 42 -7840.0
22 43 -6554.49
22 44 -3060.0
22 45 -140.0
22 46 -3950.0
22 47 -8330.0
22 48 2067.05
22 49 -4134.1
22 51 -7376.28
23 52 17650.0
23 2 -337.179
23 3 2892.31
23 4 -5490.0
23 5 -2932.82
23 6 -4500.0
23 8 -3740.0
23 9 -1450.0
23 10 -3411.03
23 12 -4580.0
23 13 -4391.41
23 14 -3400.0
23 15 -338.59
23 16 -4370.0
23 18 -3810.0
23 19 -6775.0
23 20 -1360.9
23 21 -2710.0
23 22 -6040.0
23 24 -5245.0
23 25 -4602.82
23 26 -2560.13
23 27 -2064.62
23 28 -3120.0
23 29 -5760.0
23 30 -4300.0
23 32 1329.1
23 33 -514.231
23 34 -5010.0
23 35 -2360.0
23 36 -3272.82
23 37 -4230.0
23 38 -4300.0
23 39 -1110.0
23 40 -5022.82
23 41 -6530.0
23 42 -2150.0
23 43 -2464.49
23 44 -1950.0
23 45 -5550.0
23 46 -6450.0
23 47 -5060.0
23 48 -2372.95
23 49 -3724.1
23 51 -1686.28
24 52 18070.0
24 2 5282.82
24 3 -2177.69
24 4 -1600.0
24 5 -6892.82
24 6 -1100.0
24 8 -3400.0
24 9 -5830.0
24 10 -2441.03
24 12 -2780.0
24 13 -3481.41
24 14 -6450.0
24 15 -5618.59
24 16 420.0
24 18 -1800.0
24 19 -1285.0
24 20 -3300.9
24 21 -2080.0
24 22 -2010.0
24 23 -4635.13
24 25 -922.821
24 26 -3050.13
24 27 -2834.62
24 28 -3950.0
24 29 -5200.0
24 30 -2980.0
24 32 -4010.9
24 33 -2384.23
24 34 -150.0
24 35 -6660.0
24 36 -4662.82
24 37 -2500.0
24 38 -6380.0
24 39 -4790.0
24 40 -3842.82
24 41 -2500.0
24 42 -6110.0
24 43 -4264.49
24 44 -2440.0
24 45 -970.0
24 46 -1520.0
24 47 -5900.0
24 48 -432.949
24 49 -1634.1
24 51 -6896.28
25 2 4452.82
25 3 -3077.69
25 4 -350.0
25 5 -6332.82
25 6 -200.0
25 8 -2770.0
25 9 -5760.0
25 10 -4731.03
25 12 -1180.0
25 13 -5641.41
25 14 -5550.0
25 15 -5958.59
25 16 -410.0
25 18 -340.0
25 19 -3165.0
25 20 -3230.9
25 21 -3470.0
25 22 70.0
25 23 -5185.13
25 24 -2115.0
25 26 -5270.13
25 27 -4774.62
25 28 -3400.0
25 29 -3120.0
25 30 -5060.0
25 32 -3940.9
25 33 -994.231
25 34 -2440.0
25 35 -7840.0
25 36 -6472.82
25 37 -760.0
25 38 -5130.0
25 39 -5200.0
25 40 -1622.82
25 41 -420.0
25 42 -7290.0
25 43 -6144.49
25 44 -2510.0
25 45 -70.0
25 46 -3880.0
25 47 -7980.0
25 48 1997.05
25 49 -3794.1
25 51 -6826.28
26 52 14250.0
26 2 -267.179
26 3 -717.692
26 4 -8130.0
26 5 -9182.82
26 6 -7350.0
26 8 -8050.0
26 9 -7700.0
26 10 -701.026
26 12 -8540.0
26 13 -2581.41
26 14 -9580.0
26 15 -6588.59
26 16 -6240.0
26 18 -7560.0
26 19 -6635.0
26 20 -6430.9
26 21 -4930.0
26 22 -8680.0
26 23 -5325.13
26 24 -6425.0
26 25 -7452.82
26 27 -604.615
26 28 -7980.0
26 29 -10620.0
26 30 -4090.0
26 32 -4710.9
26 33 -6414.23
26 34 -3830.0
26 35 -4650.0
26 36 -1952.82
26 37 -8260.0
26 38 -10200.0
26 39 -6590.0
26 40 -9672.82
26 41 -9170.0
26 42 -4510.0
26 43 315.513
26 44 -6120.0
26 45 -7640.0
26 46 -5830.0
26 47 -1450.0
26 48 -6612.95
26 49 -3514.1
26 51 -7936.28
27 52 16750.0
27 2 1052.82
27 3 952.308
27 4 -5900.0
27 5 -6822.82
27 6 -5060.0
27 8 -5550.0
27 9 -5270.0
27 10 338.974
27 12 -6040.0
27 13 -981.41
27 14 -7080.0
27 15 -4298.59
27 16 -4160.0
27 18 -5130.0
27 19 -5175.0
27 20 -3860.9
27 21 -2500.0
27 22 -6530.0
27 23 -3035.13
27 24 -4415.0
27 25 -5162.82
27 26 1189.87
27 28 -5410.0
27 29 -8120.0
27 30 -2010.0
27 32 -2620.9
27 33 -3914.23
27 34 -2650.0
27 35 -3050.0
27 36 57.1795
27 37 -5830.0
27 38 -7700.0
27 39 -4160.0
27 40 -7112.82
27 41 -7020.0
27 42 -2700.0
27 43 595.513
27 44 -3620.0
27 45 -5550.0
27 46 -4440.0
27 47 -1310.0
27 48 -4182.95
27 49 -1504.1
27 51 -5716.28
28 50 310.897
29 52 16540.0
29 2 1402.82
29 3 -2867.69
29 4 -3130.0
29 5 -4392.82
29 6 -2420.0
29 8 -2630.0
29 9 -4720.0
29 10 -6541.03
29 12 -1460.0
29 13 -7441.41
29 14 -3470.0
29 15 -5198.59
29 16 -3120.0
29 18 -1110.0
29 19 -6145.0
29 20 -2950.9
29 21 -4650.0
29 22 -2710.0
29 23 -4705.13
29 24 -4755.0
29 25 -1482.82
29 26 -6800.13
29 27 -6094.62
29 28 -2910.0
29 30 -6730.0
29 32 -2550.9
29 33 1705.77
29 34 -5280.0
29 35 -7980.0
29 36 -7582.82
29 37 -620.0
29 38 -2700.0
29 39 -4790.0
29 40 667.179
29 41 -3200.0
29 42 -7630.0
29 43 -7254.49
29 44 -2850.0
29 45 -3190.0
29 46 -6660.0
29 47 -9370.0
29 48 3247.05
29 49 -5734.1
29 51 -5506.28
30 52 18000.0
30 2 2922.82
30 3 -87.6923
30 4 -4100.0
30 5 -6542.82
30 6 -3320.0
30 8 -4300.0
30 9 -5130.0
30 10 128.974
30 12 -4580.0
30 13 -711.41
30 14 -6520.0
30 15 -4368.59
30 16 -2220.0
30 18 -3540.0
30 19 -3365.0
30 20 -3090.9
30 21 -1180.0
30 22 -4720.0
30 23 -3245.13
30 24 -2535.0
30 25 -3422.82
30 26 -270.128
30 27 15.3846
30 28 -4370.0
30 29 -6730.0
30 32 -2900.9
30 33 -3014.23
30 34 -1050.0
30 35 -4230.0
30 36 -1752.82
30 37 -4300.0
30 38 -6870.0
30 39 -3880.0
30 40 -5652.82
30 41 -5210.0
30 42 -3740.0
30 43 -1284.49
30 44 -2510.0
30 45 -3680.0
30 46 -2700.0
30 47 -3050.0
30 48 -2652.95
30 49 305.897
30 51 -5856.28
31 52 16470.0
31 2 5562.82
31 3 -4117.69
31 4 -1180.0
31 5 -7582.82
31 6 -1240.0
31 8 -4020.0
31 9 -7010.0
31 10 -5011.03
31 12 -2430.0
31 13 -6051.41
31 14 -6870.0
31 15 -7008.59
31 16 -690.0
31 18 -1590.0
31 19 -2675.0
31 20 -4410.9
31 21 -4170.0
31 22 -210.0
31 23 -6235.13
31 24 -2255.0
31 25 257.179
31 26 -5620.13
31 27 -5394.62
31 28 -4650.0
31 29 -4300.0
31 30 -5480.0
31 32 -5190.9
31 33 -2244.23
31 34 -2090.0
31 35 -8810.0
31 36 -7162.82
31 37 -2010.0
31 38 -6450.0
31 39 -6310.0
31 40 -2592.82
31 41 -630.0
31 42 -8260.0
31 43 -6764.49
31 44 -3690.0
31 45 -280.0
31 46 -3600.0
31 47 -8470.0
31 48 1377.05
31 49 -4204.1
31 51 -8076.28
32 52 15640.0
32 2 -2347.18
32 3 1782.31
32 4 -7150.0
32 5 -1822.82
32 6 -6100.0
32 8 -5060.0
32 9 -1940.0
32 10 -5771.03
32 12 -5760.0
32 13 -6751.41
32 14 -2980.0
32 15 -1728.59
32 16 -6310.0
32 18 -5130.0
32 19 -8925.0
32 20 -2880.9
32 21 -4930.0
32 22 -7500.0
32 23 -1375.13
32 24 -7325.0
32 25 -6062.82
32 26 -4650.13
32 27 -4354.62
32 28 -4300.0
32 29 -6310.0
32 30 -6660.0
32 33 -164.231
32 34 -7230.0
32 35 -4020.0
32 36 -5362.82
32 37 -5270.0
32 38 -3950.0
32 39 -3050.0
32 40 -5512.82
32 41 -7990.0
32 42 -4090.0
32 43 -4544.49
32 44 -3620.0
32 45 -7150.0
32 46 -8670.0
32 47 -7150.0
32 48 -2932.95
32 49 -6014.1
32 51 -576.282
33 52 16190.0
33 2 -547.179
33 3 -1687.69
33 4 -4930.0
33 5 -2312.82
33 6 -3950.0
33 8 -3190.0
33 9 -3400.0
33 10 -6881.03
33 12 -3060.0
33 13 -7791.41
33 14 -1450.0
33 15 -3948.59
33 16 -4580.0
33 18 -2630.0
33 19 -7675.0
33 20 -2470.9
33 21 -5000.0
33 22 -4860.0
33 23 -3595.13
33 24 -6075.0
33 25 -3492.82
33 26 -6730.13
33 27 -6024.62
33 28 -2910.0
33 29 -2430.0
33 30 -7150.0
33 32 -540.897
33 34 -6600.0
33 35 -7010.0
33 36 -7372.82
33 37 -2360.0
33 38 -480.0
33 39 -4090.0
33 40 -1622.82
33 41 -5280.0
33 42 -6800.0
33 43 -6904.49
33 44 -2990.0
33 45 -5000.0
33 46 -7910.0
33 47 -9230.0
33 48 957.051
33 49 -6294.1
33 51 -3766.28
34 52 16190.0
34 2 5772.82
34 3 -3217.69
34 4 -3820.0
34 5 -8972.82
34 6 -3460.0
34 8 -5620.0
34 9 -7700.0
34 10 -1881.03
34 12 -5140.0
34 13 -3071.41
34 14 -8540.0
34 15 -7278.59
34 16 -1800.0
34 18 -4090.0
34 19 -865.0
34 20 -5250.9
34 21 -3540.0
34 22 -3960.0
34 23 -6165.13
34 24 -1915.0
34 25 -3012.82
34 26 -2220.13
34 27 -2834.62
34 28 -6040.0
34 29 -7490.0
34 30 -3260.0
34 32 -5680.9
34 33 -4674.23
34 35 -7490.0
34 36 -4802.82
34 37 -4860.0
34 38 -8670.0
34 39 -6520.0
34 40 -6132.82
34 41 -4450.0
34 42 -6940.0
34 43 -4124.49
34 44 -4450.0
34 45 -2980.0
34 46 -340.0
34 47 -5620.0
34 48 -2582.95
34 49 -1844.1
34 51 -8626.28
35 52 16190.0
35 2 -1167.18
35 3 3862.31
35 4 -7080.0
35 5 -5082.82
35 6 -6030.0
35 8 -5620.0
35 9 -3740.0
35 10 -2581.03
35 12 -6460.0
35 13 -3831.41
35 14 -5760.0
35 15 -2558.59
35 16 -5620.0
35 18 -5620.0
35 19 -7395.0
35 20 -3440.9
35 21 -3540.0
35 22 -7570.0
35 23 -1305.13
35 24 -6215.0
35 25 -6202.82
35 26 -830.128
35 27 -1024.62
35 28 -5200.0
35 29 -7980.0
35 30 -4230.0
35 32 -260.897
35 33 -2874.23
35 34 -5280.0
35 36 -1882.82
35 37 -6110.0
35 38 -6590.0
35 39 -3190.0
35 40 -7112.82
35 41 -8130.0
35 42 -620.0
35 43 -654.487
35 44 -3690.0
35 45 -6870.0
35 46 -6800.0
35 47 -3400.0
35 48 -4392.95
35 49 -3794.1
35 51 -3626.28
36 52 16540.0
36 2 562.821
36 3 1432.31
36 4 -6250.0
36 5 -6682.82
36 6 -5400.0
36 8 -5690.0
36 9 -5200.0
36 10 -151.026
36 12 -6320.0
36 13 -1541.41
36 14 -7010.0
36 15 -4088.59
36 16 -4510.0
36 18 -5410.0
36 19 -5665.0
36 20 -3930.9
36 21 -2780.0
36 22 -6940.0
36 23 -2895.13
36 24 -4895.0
36 25 -5512.82
36 26 1189.87
36 27 1405.38
36 28 -5550.0
36 29 -8260.0
36 30 -2430.0
36 32 -2280.9
36 33 -3914.23
36 34 -3270.0
36 35 -2560.0
36 37 -6040.0
36 38 -7700.0
36 39 -4090.0
36 40 -7382.82
36 41 -7430.0
36 42 -2220.0
36 43 1005.51
36 44 -3760.0
36 45 -5970.0
36 46 -4990.0
36 47 -1180.0
36 48 -4462.95
36 49 -2054.1
36 51 -5506.28
37 52 17790.0
37 2 2852.82
37 3 -2247.69
37 4 -1670.0
37 5 -4742.82
37 6 -890.0
37 8 -1590.0
37 9 -4510.0
37 10 -5081.03
37 12 70.0
37 13 -6051.41
37 14 -3950.0
37 15 -4848.59
37 16 -1520.0
37 18 490.0
37 19 -4615.0
37 20 -2190.9
37 21 -3330.0
37 22 -1460.0
37 23 -4215.13
37 24 -3095.0
37 25 -162.821
37 26 -5480.13
37 27 -4844.62
37 28 -2150.0
37 29 -1660.0
37 30 -5340.0
37 32 -2550.9
37 33 735.769
37 34 -3690.0
37 35 -7150.0
37 36 -6402.82
37 38 -3400.0
37 39 -4160.0
37 40 -442.821
37 41 -1950.0
37 42 -6730.0
37 43 -6074.49
37 44 -1810.0
37 45 -1730.0
37 46 -5060.0
37 47 -8050.0
37 48 2557.05
37 49 -4274.1
37 51 -5506.28
38 52 16470.0
38 2 -477.179
38 3 -1207.69
38 4 -4930.0
38 5 -1962.82
38 6 -3950.0
38 8 -3050.0
38 9 -2980.0
38 10 -6541.03
38 12 -3060.0
38 13 -7441.41
38 14 -1040.0
38 15 -3598.59
38 16 -4510.0
38 18 -2630.0
38 19 -7605.0
38 20 -2190.9
38 21 -4720.0
38 22 -4860.0
38 23 -3245.13
38 24 -5935.0
38 25 -3492.82
38 26 -6380.13
38 27 -5674.62
38 28 -2700.0
38 29 -2700.0
38 30 -6870.0
38 32 -190.897
38 33 3655.77
38 34 -6460.0
38 35 -6590.0
38 36 -7022.82
38 37 -2360.0
38 39 -3740.0
38 40 -1902.82
38 41 -5350.0
38 42 -6380.0
38 43 -6484.49
38 44 -2650.0
38 45 -4930.0
38 46 -7770.0
38 47 -8880.0
38 48 747.051
38 49 -6014.1
38 51 -3286.28
39 17 -1180.0
40 52 16190.0
40 2 1672.82
40 3 -3497.69
40 4 -3130.0
40 5 -5152.82
40 6 -2490.0
40 8 -3120.0
40 9 -5410.0
40 10 -6881.03
40 12 -1670.0
40 13 -7791.41
40 14 -4160.0
40 15 -5828.59
40 16 -3190.0
40 18 -1250.0
40 19 -6145.0
40 20 -3440.9
40 21 -5070.0
40 22 -2500.0
40 23 -5395.13
40 24 -4825.0
40 25 -1412.82
40 26 -7280.13
40 27 -6514.62
40 28 -3470.0
40 29 -760.0
40 30 -7080.0
40 32 -3180.9
40 33 1085.77
40 34 -5350.0
40 35 -8540.0
40 36 -8132.82
40 37 -830.0
40 38 -3330.0
40 39 -5480.0
40 41 -2990.0
40 42 -8190.0
40 43 -7734.49
40 44 -3270.0
40 45 -3120.0
40 46 -6730.0
40 47 -9790.0
40 48 3877.05
40 49 -6014.1
40 51 -6266.28
41 52 16820.0
41 2 4802.82
41 3 -3637.69
41 4 -770.0
41 5 -6892.82
41 6 -750.0
41 8 -3330.0
41 9 -6450.0
41 10 -5081.03
41 12 -1670.0
41 13 -6051.41
41 14 -6040.0
41 15 -6518.59
41 16 -690.0
41 18 -900.0
41 19 -3165.0
41 20 -3860.9
41 21 -3960.0
41 22 490.0
41 23 -5745.13
41 24 -2325.0
41 25 947.179
41 26 -5620.13
41 27 -5264.62
41 28 -4020.0
41 29 -3470.0
41 30 -5480.0
41 32 -4500.9
41 33 -1414.23
41 34 -2510.0
41 35 -8400.0
41 36 -7022.82
41 37 -1180.0
41 38 -5620.0
41 39 -5760.0
41 40 -1832.82
41 42 -7910.0
41 43 -6624.49
41 44 -3130.0
41 45 -210.0
41 46 -3950.0
41 47 -8400.0
41 48 2067.05
41 49 -4204.1
41 51 -7446.28
42 52 16680.0
42 2 -617.179
42 3 3522.31
42 4 -6530.0
42 5 -5012.82
42 6 -5540.0
42 8 -5270.0
42 9 -3540.0
42 10 -2231.03
42 12 -6040.0
42 13 -3411.41
42 14 -5550.0
42 15 -2418.59
42 16 -5130.0
42 18 -5200.0
42 19 -6845.0
42 20 -3090.9
42 21 -2990.0
42 22 -7150.0
42 23 -1095.13
42 24 -5665.0
42 25 -5652.82
42 26 -690.128
42 27 -674.615
42 28 -4790.0
42 29 -7630.0
42 30 -3740.0
42 32 -330.897
42 33 -2664.23
42 34 -4730.0
42 35 -620.0
42 36 -1542.82
42 37 -5690.0
42 38 -6380.0
42 39 -2840.0
42 40 -6762.82
42 41 -7640.0
42 43 -514.487
42 44 -3270.0
42 45 -6320.0
42 46 -6380.0
42 47 -3190.0
42 48 -4042.95
42 49 -3304.1
42 51 -3556.28
43 52 15360.0
43 2 -337.179
43 3 1092.31
43 4 -7430.0
43 5 -7512.82
43 6 -6580.0
43 8 -6870.0
43 9 -5970.0
43 10 -771.026
43 12 -7500.0
43 13 -2371.41
43 14 -7980.0
43 15 -4918.59
43 16 -5690.0
43 18 -6590.0
43 19 -6635.0
43 20 -5040.9
43 21 -3890.0
43 22 -8050.0
43 23 -3595.13
43 24 -6005.0
43 25 -6692.82
43 26 1949.87
43 27 435.385
43 28 -6660.0
43 29 -9440.0
43 30 -3470.0
43 32 -2970.9
43 33 -4954.23
43 34 -4100.0
43 35 -2840.0
43 36 -502.821
43 37 -7220.0
43 38 -8670.0
43 39 -5060.0
43 40 -8492.82
43 41 -8540.0
43 42 -2700.0
43 44 -4870.0
43 45 -7080.0
43 46 -5960.0
43 47 -900.0
43 48 -5572.95
43 49 -3094.1
43 51 -6196.28
44 52 19940.0
44 2 2092.82
44 3 252.308
44 4 -2780.0
44 5 -3692.82
44 6 -1720.0
44 8 -1110.0
44 9 -2630.0
44 10 -3201.03
44 12 -1880.0
44 13 -4041.41
44 14 -3330.0
44 15 -2558.59
44 16 -1800.0
44 18 -1040.0
44 19 -4545.0
44 20 -40.8974
44 21 -1250.0
44 22 -3260.0
44 23 -1785.13
44 24 -2885.0
44 25 -1762.82
44 26 -3190.13
44 27 -2484.62
44 28 -970.0
44 29 -3740.0
44 30 -3400.0
44 32 -750.897
44 33 255.769
44 34 -3130.0
44 35 -4580.0
44 36 -3972.82
44 37 -1660.0
44 38 -3540.0
44 39 -1800.0
44 40 -2732.82
44 41 -3750.0
44 42 -4160.0
44 43 -3574.49
44 45 -2710.0
44 46 -4510.0
44 47 -5760.0
44 48 -12.9487
44 49 -2544.1
44 51 -3696.28
45 52 17510.0
45 2 5282.82
45 3 -3077.69
45 4 -280.0
45 5 -6822.82
45 6 -270.0
45 8 -3120.0
45 9 -6040.0
45 10 -4041.03
45 12 -1810.0
45 13 -5081.41
45 14 -6110.0
45 15 -6098.59
45 16 350.0
45 18 -900.0
45 19 -2325.0
45 20 -3510.9
45 21 -3190.0
45 22 -280.0
45 23 -5325.13
45 24 -1355.0
45 25 737.179
45 26 -4650.13
45 27 -4354.62
45 28 -3810.0
45 29 -4020.0
45 30 -4510.0
45 32 -4220.9
45 33 -1694.23
45 34 -1600.0
45 35 -7700.0
45 36 -6122.82
45 37 -1520.0
45 38 -5760.0
45 39 -5270.0
45 40 -2522.82
45 41 -770.0
45 42 -7150.0
45 43 -5724.49
45 44 -2650.0
45 46 -2980.0
45 47 -7560.0
45 48 1167.05
45 49 -3234.1
45 51 -7106.28
46 52 16680.0
46 2 5772.82
46 3 -2867.69
46 4 -3200.0
46 5 -8352.82
46 6 -2900.0
46 8 -5060.0
46 9 -7150.0
46 10 -1811.03
46 12 -4580.0
46 13 -2931.41
46 14 -8050.0
46 15 -6728.59
46 16 -1310.0
46 18 -3540.0
46 19 -595.0
46 20 -4690.9
46 21 -2990.0
46 22 -3540.0
46 23 -5675.13
46 24 -1355.0
46 25 -2522.82
46 26 -2290.13
46 27 -2694.62
46 28 -5550.0
46 29 -6940.0
46 30 -2980.0
46 32 -5190.9
46 33 -4054.23
46 34 1590.0
46 35 -7080.0
46 36 -4592.82
46 37 -4300.0
46 38 -8050.0
46 39 -5970.0
46 40 -5582.82
46 41 -3960.0
46 42 -6660.0
46 43 -4054.49
46 44 -3900.0
46 45 -2430.0
46 47 -5550.0
46 48 -2032.95
46 49 -1504.1
46 51 -8076.28
47 52 15500.0
47 2 282.821
47 3 462.308
47 4 -7080.0
47 5 -7862.82
47 6 -6240.0
47 8 -6800.0
47 9 -6310.0
47 10 -11.0256
47 12 -7290.0
47 13 -1681.41
47 14 -8190.0
47 15 -5268.59
47 16 -5270.0
47 18 -6380.0
47 19 -6075.0
47 20 -5040.9
47 21 -3680.0
47 22 -7640.0
47 23 -4005.13
47 24 -5455.0
47 25 -6342.82
47 26 2369.87
47 27 715.385
47 28 -6660.0
47 29 -9370.0
47 30 -3050.0
47 32 -3390.9
47 33 -5094.23
47 34 -3410.0
47 35 -3400.0
47 36 -502.821
47 37 -7010.0
47 38 -8880.0
47 39 -5270.0
47 40 -8362.82
47 41 -8130.0
47 42 -3190.0
47 43 1285.51
47 44 -4870.0
47 45 -6730.0
47 46 -5270.0
47 48 -5432.95
47 49 -2544.1
47 51 -6616.28
48 52 15220.0
48 2 1882.82
48 3 -4677.69
48 4 -3470.0
48 5 -6402.82
48 6 -3040.0
48 8 -4160.0
48 9 -6660.0
48 10 -7581.03
48 12 -2500.0
48 13 -8551.41
48 14 -5410.0
48 15 -7138.59
48 16 -3470.0
48 18 -2010.0
48 19 -6285.0
48 20 -4620.9
48 21 -5970.0
48 22 -2500.0
48 23 -6575.13
48 24 -5245.0
48 25 -1622.82
48 26 -8050.13
48 27 -7414.62
48 28 -4580.0
48 29 -2010.0
48 30 -7910.0
48 32 -4430.9
48 33 -164.231
48 34 -5630.0
48 35 -9650.0
48 36 -9042.82
48 37 -1660.0
48 38 -4510.0
48 39 -6590.0
48 40 47.1795
48 41 -2920.0
48 42 -9300.0
48 43 -8644.49
48 44 -4380.0
48 45 -3260.0
48 46 -7010.0
48 47 -10690.0
48 49 -6704.1
48 51 -7516.28
49 52 18000.0
49 2 3412.82
49 3 -507.692
49 4 -3750.0
49 5 -6752.82
49 6 -3040.0
49 8 -4230.0
49 9 -5340.0
49 10 -11.0256
49 12 -4310.0
49 13 -1051.41
49 14 -6660.0
49 15 -4778.59
49 16 -1870.0
49 18 -3330.0
49 19 -2815.0
49 20 -3230.9
49 21 -1250.0
49 22 -4370.0
49 23 -3595.13
49 24 -2115.0
49 25 -3082.82
49 26 -620.128
49 27 -404.615
49 28 -4370.0
49 29 -6660.0
49 30 -620.0
49 32 -3180.9
49 33 -3084.23
49 34 -560.0
49 35 -4720.0
49 36 -2302.82
49 37 -4160.0
49 38 -6940.0
49 39 -4090.0
49 40 -5512.82
49 41 -4860.0
49 42 -4230.0
49 43 -1834.49
49 44 -2580.0
49 45 -3330.0
49 46 -2150.0
49 47 -3470.0
49 48 -2372.95
49 51 -6196.28
50 52 18620.0
50 2 842.821
50 3 602.308
50 4 -3820.0
50 5 -2312.82
50 6 -2770.0
50 8 -1730.0
50 9 -1520.0
50 10 -4111.03
50 12 -2500.0
50 13 -5081.41
50 14 -2080.0
50 15 -1798.59
50 16 -3050.0
50 18 -1800.0
50 19 -5865.0
50 20 239.103
50 21 -2430.0
50 22 -4170.0
50 23 -1235.13
50 24 -4205.0
50 25 -2732.82
50 26 -3950.13
50 27 -3244.62
50 28 -970.0
50 29 -3540.0
50 30 -4510.0
50 32 359.103
50 33 1295.77
50 34 -4450.0
50 35 -4510.0
50 36 -4592.82
50 37 -2080.0
50 38 -2560.0
50 39 -1450.0
50 40 -2732.82
50 41 -4720.0
50 42 -4160.0
50 43 -4124.49
50 44 -560.0
50 45 -3820.0
50 46 -5830.0
50 47 -6450.0
50 48 -152.949
50 49 -3724.1
50 51 -2586.28
51 52 16330.0
51 2 -1657.18
51 3 1922.31
51 4 -6460.0
51 5 -1542.82
51 6 -5470.0
51 8 -4370.0
51 9 -1310.0
51 10 -5221.03
51 12 -5140.0
51 13 -6261.41
51 14 -2560.0
51 15 -1168.59
51 16 -5550.0
51 18 -4440.0
51 19 -8225.0
51 20 -2190.9
51 21 -4240.0
51 22 -6870.0
51 23 -815.128
51 24 -6635.0
51 25 -5372.82
51 26 -4300.13
51 27 -3874.62
51 28 -3610.0
51 29 -5690.0
51 30 -6040.0
51 32 2999.1
51 33 185.769
51 34 -6600.0
51 35 -3810.0
51 36 -5012.82
51 37 -4650.0
51 38 -3470.0
51 39 -2360.0
51 40 -5022.82
51 41 -7360.0
51 42 -3740.0
51 43 -4194.49
51 44 -2990.0
51 45 -6460.0
51 46 -7980.0
51 47 -6800.0
51 48 -2442.95
51 49 -5454.1
52 2 0
52 3 0
52 4 0
52 5 0
52 6 0
52 7 0
52 8 0
52 9 0
52 10 0
52 11 0
52 12 0
52 13 0
52 14 0
52 15 0
52 16 0
52 17 0
52 18 0
52 19 0
52 20 0
52 21 0
52 22 0
52 23 0
52 24 0
52 25 0
52 26 0
52 27 0
52 28 0
52 29 0
52 30 0
52 31 0
52 32 0
52 33 0
52 34 0
52 35 0
52 36 0
52 37 0
52 38 0
52 39 0
52 40 0
52 41 0
52 42 0
52 43 0
52 44 0
52 45 0
52 46 0
52 47 0
52 48 0
52 49 0
52 50 0
52 51 0
2 1 0
3 1 0
4 1 0
5 1 0
6 1 0
7 1 0
8 1 0
9 1 0
10 1 0
11 1 0
12 1 0
13 1 0
14 1 0
15 1 0
16 1 0
17 1 0
18 1 0
19 1 0
20 1 0
21 1 0
22 1 0
23 1 0
24 1 0
25 1 0
26 1 0
27 1 0
28 1 0
29 1 0
30 1 0
31 1 0
32 1 0
33 1 0
34 1 0
35 1 0
36 1 0
37 1 0
38 1 0
39 1 0
40 1 0
41 1 0
42 1 0
43 1 0
44 1 0
45 1 0
46 1 0
47 1 0
48 1 0
49 1 0
50 1 0
51 1 0
52 1 0
