52 2506
1
2
3
4
5
6
7
8
9
10
11
12
13
14
15
16
17
18
19
20
21
22
23
24
25
26
27
28
29
30
31
32
33
34
35
36
37
38
39
40
41
42
43
44
45
46
47
48
49
50
51
52
1 52 -0.0
1 2 -22878.8
1 3 -16385.4
1 4 -20858.9
1 5 -22735.9
1 6 -23960.0
1 7 -21610.0
1 8 -21982.4
1 9 -22383.4
1 10 -23517.0
1 11 -22349.0
1 12 -20865.9
1 13 -19748.9
1 14 -22160.0
1 15 -22004.8
1 16 -2296.24
1 17 -22720.0
1 18 -20241.3
1 19 -24978.1
1 20 -22966.1
1 21 -21260.0
1 22 -21438.1
1 23 -19576.6
1 24 -24138.1
1 25 -22408.1
1 26 -23663.2
1 27 -21819.5
1 28 -21192.7
1 29 -21540.0
1 30 -21781.9
1 31 -22063.6
1 32 -23484.1
1 33 -21330.0
1 34 -20396.0
1 35 -23943.9
1 36 -24037.8
1 37 -23210.0
1 38 -22264.9
1 39 -22421.7
1 40 -23140.0
1 41 -22779.0
1 42 -16828.4
1 43 -16202.0
1 44 -21571.9
1 46 -21374.4
1 47 -23559.8
1 48 -25406.1
1 49 -23827.1
1 50 -23008.5
1 51 -22450.5
2 52 -4370.0
2 3 3284.61
2 4 -3068.91
2 5 -1545.86
2 6 -4650.0
2 7 -4310.0
2 8 -932.419
2 9 -5703.42
2 10 -107.014
2 11 -3319.04
2 12 -2735.85
2 13 -3978.91
2 14 -5830.0
2 15 -4914.84
2 17 -70.0
2 18 -4261.31
2 19 -8788.08
2 20 -456.108
2 21 -1940.0
2 22 -2128.08
2 23 -2216.57
2 24 -7248.08
2 25 -6708.08
2 26 -533.189
2 27 -1329.5
2 28 -1942.68
2 29 -1320.0
2 30 -4681.92
2 31 -3863.65
2 32 -1394.14
2 33 -2640.0
2 34 864.027
2 35 -463.946
2 36 -6737.77
2 37 -5980.0
2 38 -5244.92
2 39 -5121.72
2 40 -5290.0
2 41 -3459.04
2 42 3601.64
2 43 6588.0
2 44 -5791.92
2 46 -534.392
2 47 -7439.76
2 48 -8176.11
2 49 -5897.05
2 50 -6748.53
2 51 -2510.46
3 52 -4860.0
3 2 -3698.78
3 4 -228.905
3 5 -3215.86
3 6 -8120.0
3 7 -6390.0
3 8 -3922.42
3 9 -7163.42
3 10 -3507.01
3 11 -6649.04
3 12 -4955.85
3 13 -3208.91
3 14 -4020.0
3 15 -2064.84
3 17 -4660.0
3 18 -4681.31
3 19 -9478.08
3 20 -2746.11
3 21 -4930.0
3 22 -1228.08
3 23 -3536.57
3 24 -8988.08
3 25 -5938.08
3 26 -5113.19
3 27 -2089.5
3 28 -5142.68
3 29 -5410.0
3 30 -6631.92
3 31 306.351
3 32 -3204.14
3 33 -5070.0
3 34 2394.03
3 35 -4143.95
3 36 -8887.77
3 37 -2230.0
3 38 -2604.92
3 39 -951.716
3 40 -7790.0
3 41 -6999.04
3 42 7001.64
3 43 5958.0
3 44 -5651.92
3 46 -3174.39
3 47 -4869.76
3 48 -4146.11
3 49 -1667.05
3 50 -3828.53
3 51 -2230.46
4 52 -2980.0
4 2 -3698.78
4 3 6124.61
4 5 -3005.86
4 6 -6730.0
4 7 -4590.0
4 8 -3292.42
4 9 -5143.42
4 10 -3787.01
4 11 -5189.04
4 12 -3495.85
4 13 -988.905
4 14 -1730.0
4 15 15.1622
4 17 -4240.0
4 18 -2461.31
4 19 -7258.08
4 20 -3026.11
4 21 -3680.0
4 22 -598.081
4 23 -2006.57
4 24 -6968.08
4 25 -3648.08
4 26 -4833.19
4 27 -1809.5
4 28 -3822.68
4 29 -4230.0
4 30 -4821.92
4 31 726.351
4 32 -3474.14
4 33 -3750.0
4 34 1004.03
4 35 -4283.95
4 36 -6937.77
4 37 -980.0
4 38 -454.919
4 39 -121.716
4 40 -6050.0
4 41 -5679.04
4 42 5201.64
4 43 4578.0
4 44 -3361.92
4 46 -2544.39
4 47 -2859.76
4 48 -3176.11
4 49 -1107.05
4 50 -2018.53
4 51 -1890.46
5 52 -3120.0
5 2 -438.784
5 3 4874.61
5 4 -1268.91
5 6 -4990.0
5 7 -3890.0
5 8 -582.419
5 9 -5213.42
5 10 -657.014
5 11 -3589.04
5 12 -2175.85
5 13 -2518.91
5 14 -4160.0
5 15 -3174.84
5 17 -1190.0
5 18 -3291.31
5 19 -8018.08
5 20 23.8919
5 21 -1870.0
5 22 -388.081
5 23 -1236.57
5 24 -6828.08
5 25 -5388.08
5 26 -1643.19
5 27 410.5
5 28 -2012.68
5 29 -2010.0
5 30 -4131.92
5 31 -2123.65
5 32 -494.135
5 33 -2150.0
5 34 1974.03
5 35 -1153.95
5 36 -6457.77
5 37 -4240.0
5 38 -3574.92
5 39 -3381.72
5 40 -5150.0
5 41 -3809.04
5 42 4991.64
5 43 6728.0
5 44 -4751.92
5 46 155.608
5 47 -5769.76
5 48 -6436.11
5 49 -4097.05
5 50 -5078.53
5 51 -710.459
6 52 -4020.0
6 2 -3218.78
6 3 294.608
6 4 -4668.91
6 5 -4665.86
6 7 -840.0
6 8 -3082.42
6 9 -1883.42
6 10 -4547.01
6 11 1060.96
6 12 -1895.85
6 13 -3488.91
6 14 -6110.0
6 15 -6024.84
6 17 -2230.0
6 18 -1481.31
6 19 -5318.08
6 20 -4416.11
6 21 -1040.0
6 22 -4488.08
6 23 -2146.57
6 24 -3288.08
6 25 -4898.08
6 26 -3723.19
6 27 -4169.5
6 28 487.324
6 29 2080.0
6 30 -1841.92
6 31 -5873.65
6 32 -5144.14
6 33 -2360.0
6 34 -2885.97
6 35 -4833.95
6 36 -2637.77
6 37 -7230.0
6 38 -6284.92
6 39 -6371.72
6 40 -1190.0
6 41 1050.96
6 42 201.635
6 43 2148.0
6 44 -2811.92
6 46 -2684.39
6 47 -7229.76
6 48 -9356.11
6 49 -7707.05
6 50 -6818.53
6 51 -5220.46
7 52 -2910.0
7 2 -4118.78
7 3 784.608
7 4 -3768.91
7 5 -4805.86
7 6 -2080.0
7 8 -3432.42
7 9 -283.419
7 10 -5107.01
7 11 -399.041
7 12 -1555.85
7 13 -2028.91
7 14 -4790.0
7 15 -4844.84
7 17 -3270.0
7 18 528.689
7 19 -3578.08
7 20 -4836.11
7 21 -1450.0
7 22 -4138.08
7 23 -1516.57
7 24 -1768.08
7 25 -2888.08
7 26 -4563.19
7 27 -4169.5
7 28 -282.676
7 29 70.0
7 30 -171.919
7 31 -4973.65
7 32 -5494.14
7 33 -2290.0
7 34 -2885.97
7 35 -5463.95
7 36 -1387.77
7 37 -5980.0
7 38 -5034.92
7 39 -5051.72
7 40 -290.0
7 41 -689.041
7 42 411.635
7 43 1658.0
7 44 -931.919
7 46 -2894.39
7 47 -5559.76
7 48 -8036.11
7 49 -6737.05
7 50 -5148.53
7 51 -5010.46
8 52 -2770.0
8 2 -228.784
8 3 3764.61
8 4 -1958.91
8 5 -985.865
8 6 -3810.0
8 7 -2920.0
8 9 -4313.42
8 10 -1077.01
8 11 -2409.04
8 12 -1205.85
8 13 -2448.91
8 14 -4370.0
8 15 -3664.84
8 17 -280.0
8 18 -2731.31
8 19 -7328.08
8 20 -806.108
8 21 -690.0
8 22 -1228.08
8 23 -686.568
8 24 -5928.08
8 25 -5178.08
8 26 -953.189
8 27 -559.5
8 28 -902.676
8 29 -830.0
8 30 -3291.92
8 31 -3023.65
8 32 -1464.14
8 33 -1180.0
8 34 794.027
8 35 -1433.95
8 36 -5487.77
8 37 -4870.0
8 38 -3994.92
8 39 -4071.72
8 40 -4110.0
8 41 -2629.04
8 42 3811.64
8 43 5758.0
8 44 -4261.92
8 46 995.608
8 47 -5979.76
8 48 -7066.11
8 49 -4927.05
8 50 -5358.53
8 51 -1680.46
9 52 -4860.0
9 2 -6688.78
9 3 -1165.39
9 4 -5498.91
9 5 -7305.86
9 6 -4300.0
9 7 -1460.0
9 8 -6002.42
9 10 -7747.01
9 11 -2689.04
9 12 -4055.85
9 13 -3208.91
9 14 -6110.0
9 15 -6164.84
9 17 -5910.0
9 18 1428.69
9 19 -1218.08
9 20 -7406.11
9 21 -4090.0
9 22 -6358.08
9 23 -3876.57
9 24 41.9189
9 25 -2398.08
9 26 -7263.19
9 27 -6529.5
9 28 -2852.68
9 29 -2080.0
9 30 -2671.92
9 31 -6563.65
9 32 -7994.14
9 33 -4860.0
9 34 -5245.97
9 35 -8033.95
9 36 -757.77
9 37 -7090.0
9 38 -6424.92
9 39 -5951.72
9 40 -1950.0
9 41 -2629.04
9 42 -1678.36
9 43 -842.0
9 44 1008.08
9 46 -5464.39
9 47 -5979.76
9 48 -8936.11
9 49 -8257.05
9 50 -5568.53
9 51 -7300.46
10 52 -4370.0
10 2 531.216
10 3 4114.61
10 4 -2518.91
10 5 -1125.86
10 6 -5340.0
10 7 -4660.0
10 8 -1142.42
10 9 -6123.42
10 11 -4009.04
10 12 -3075.85
10 13 -3838.91
10 14 -5480.0
10 15 -4494.84
10 17 -840.0
10 18 -4401.31
10 19 -9068.08
10 20 303.892
10 21 -2430.0
10 22 -1638.08
10 23 -2286.57
10 24 -7668.08
10 25 -6708.08
10 26 -1293.19
10 27 -839.5
10 28 -2502.68
10 29 -2080.0
10 30 -5031.92
10 31 -3233.65
10 32 -634.135
10 33 -2920.0
10 34 1634.03
10 35 26.0541
10 36 -7287.77
10 37 -5490.0
10 38 -4894.92
10 39 -4561.72
10 40 -5840.0
10 41 -4089.04
10 42 4431.64
10 43 7418.0
10 44 -5931.92
10 46 -604.392
10 47 -7089.76
10 48 -7686.11
10 49 -5207.05
10 50 -6398.53
10 51 -1960.46
11 52 -3810.0
11 2 -3288.78
11 3 364.608
11 4 -4528.91
11 5 -4665.86
11 6 -340.0
11 7 -560.0
11 8 -3082.42
11 9 -1673.42
11 10 -4617.01
11 12 -1695.85
11 13 -3278.91
11 14 -5900.0
11 15 -5814.84
11 17 -2300.0
11 18 -1141.31
11 19 -5108.08
11 20 -4486.11
11 21 -970.0
11 22 -4418.08
11 23 -2006.57
11 24 -3018.08
11 25 -4618.08
11 26 -3793.19
11 27 -4169.5
11 28 617.324
11 29 1740.0
11 30 -1561.92
11 31 -5733.65
11 32 -5144.14
11 33 -2290.0
11 34 -2885.97
11 35 -4903.95
11 36 -2357.77
11 37 -7020.0
11 38 -6074.92
11 39 -6161.72
11 40 -980.0
11 41 840.959
11 42 201.635
11 43 2078.0
11 44 -2601.92
11 46 -2614.39
11 47 -7019.76
11 48 -9216.11
11 49 -7567.05
11 50 -6608.53
11 51 -5150.46
12 52 -1660.0
12 2 -2038.78
12 3 2724.61
12 4 -2168.91
12 5 -2585.86
12 6 -2630.0
12 7 -1050.0
12 8 -1212.42
12 9 -2373.42
12 10 -3017.01
12 11 -1029.04
12 13 -1338.91
12 14 -3810.0
12 15 -3524.84
12 17 -1530.0
12 18 -861.311
12 19 -5388.08
12 20 -2616.11
12 21 280.0
12 22 -2058.08
12 23 423.432
12 24 -3988.08
12 25 -3648.08
12 26 -2613.19
12 27 -1949.5
12 28 277.324
12 29 -140.0
12 30 -1351.92
12 31 -3373.65
12 32 -3204.14
12 33 -70.0
12 34 -795.973
12 35 -3313.95
12 36 -3677.77
12 37 -4800.0
12 38 -3784.92
12 39 -3941.72
12 40 -2370.0
12 41 -1519.04
12 42 2561.64
12 43 3948.0
12 44 -2461.92
12 46 -674.392
12 47 -5149.76
12 48 -6926.11
12 49 -5207.05
12 50 -4728.53
12 51 -2790.46
13 52 -1590.0
13 2 -4328.78
13 3 3424.61
13 4 -708.905
13 5 -3975.86
13 6 -5270.0
13 7 -2570.0
13 8 -3502.42
13 9 -2573.42
13 10 -4827.01
13 11 -3659.04
13 12 -2385.85
13 14 -1180.0
13 15 -1304.84
13 17 -4310.0
13 18 248.689
13 19 -4618.08
13 20 -4206.11
13 21 -2840.0
13 22 -2198.08
13 23 -1106.57
13 24 -4468.08
13 25 -1218.08
13 26 -5183.19
13 27 -2989.5
13 28 -2642.68
13 29 -3050.0
13 30 -2811.92
13 31 -1633.65
13 32 -4724.14
13 33 -2920.0
13 34 -1145.97
13 35 -5253.95
13 36 -4577.77
13 37 -2300.0
13 38 -1494.92
13 39 -1371.72
13 40 -3970.0
13 41 -4089.04
13 42 2701.64
13 43 2768.0
13 44 -861.919
13 46 -2824.39
13 47 -2089.76
13 48 -4356.11
13 49 -3397.05
13 50 -1608.53
13 51 -3340.46
14 52 -2220.0
14 2 -4398.78
14 3 4394.61
14 4 331.095
14 5 -3835.86
14 6 -6110.0
14 7 -3550.0
14 8 -3642.42
14 9 -3693.42
14 10 -4687.01
14 11 -4499.04
14 12 -3075.85
14 13 601.095
14 15 -124.838
14 17 -4590.0
14 18 -861.311
14 19 -5658.08
14 20 -3996.11
14 21 -3470.0
14 22 -1708.08
14 23 -1656.57
14 24 -5648.08
14 25 -1918.08
14 26 -5323.19
14 27 -2709.5
14 28 -3402.68
14 29 -3820.0
14 30 -3851.92
14 31 -523.649
14 32 -4454.14
14 33 -3540.0
14 34 -455.973
14 35 -5183.95
14 36 -5757.77
14 37 -1190.0
14 38 -384.919
14 39 -261.716
14 40 -5080.0
14 41 -5059.04
14 42 3531.64
14 43 3258.0
14 44 -1761.92
14 46 -2964.39
14 47 -1679.76
14 48 -3316.11
14 49 -2217.05
14 50 -1048.53
14 51 -2930.46
15 52 -3120.0
15 2 -4538.78
15 3 5294.61
15 4 1021.09
15 5 -3905.86
15 6 -7080.0
15 7 -4660.0
15 8 -3992.42
15 9 -4803.42
15 10 -4757.01
15 11 -5469.04
15 12 -3845.85
15 13 -578.905
15 14 -1180.0
15 17 -5000.0
15 18 -2041.31
15 19 -6838.08
15 20 -3996.11
15 21 -4230.0
15 22 -1568.08
15 23 -2416.57
15 24 -6698.08
15 25 -2958.08
15 26 -5603.19
15 27 -2709.5
15 28 -4172.68
15 29 -4650.0
15 30 -4891.92
15 31 586.351
15 32 -4384.14
15 33 -4170.0
15 34 34.027
15 35 -5253.95
15 36 -6867.77
15 37 -280.0
15 38 385.081
15 39 508.284
15 40 -6120.0
15 41 -5959.04
15 42 4291.64
15 43 3668.0
15 44 -2671.92
15 46 -3244.39
15 47 -1949.76
15 48 -2476.11
15 49 -1037.05
15 50 -1048.53
15 51 -2790.46
16 52 -3610.0
16 2 -6058.78
16 3 224.608
16 4 -3978.91
16 5 -6265.86
16 6 -4440.0
16 7 -1190.0
16 8 -5242.42
16 9 686.581
16 10 -6907.01
16 11 -2829.04
16 12 -3355.85
16 13 -1618.91
16 14 -4580.0
16 15 -4634.84
16 17 -5420.0
16 18 2888.69
16 19 -1428.08
16 20 -6496.11
16 21 -3470.0
16 22 -5108.08
16 23 -2836.57
16 24 -1348.08
16 25 -938.081
16 26 -6643.19
16 27 -5489.5
16 28 -2642.68
16 29 -2360.0
16 30 -2111.92
16 31 -4973.65
16 32 -7024.14
16 33 -4100.0
16 34 -4065.97
16 35 -7333.95
16 36 -1807.77
16 37 -5490.0
16 38 -4894.92
16 39 -4351.72
16 40 -2300.0
16 41 -2979.04
16 42 -358.365
16 43 198.0
16 44 1498.08
16 46 -4634.39
16 47 -4379.76
16 48 -7336.11
16 49 -6667.05
16 50 -3968.53
16 51 -6120.46
17 52 -4020.0
17 2 121.216
17 3 2514.61
17 4 -3418.91
17 5 -2105.86
17 6 -3470.0
17 7 -3270.0
17 8 -792.419
17 9 -4733.42
17 10 -1287.01
17 11 -2139.04
17 12 -2035.85
17 13 -3768.91
17 14 -5830.0
17 15 -5184.84
17 18 -3501.31
17 19 -8018.08
17 20 -1436.11
17 21 -1040.0
17 22 -2678.08
17 23 -1796.57
17 24 -6208.08
17 25 -6218.08
17 26 -463.189
17 27 -1879.5
17 28 -832.676
17 29 -70.0
17 30 -3781.92
17 31 -4413.65
17 32 -2294.14
17 33 -1950.0
17 34 -175.973
17 35 -1643.95
17 36 -5757.77
17 37 -6390.0
17 38 -5454.92
17 39 -5531.72
17 40 -4180.0
17 41 -2209.04
17 42 2631.64
17 43 5408.0
17 44 -5101.92
17 46 -464.392
17 47 -7369.76
17 48 -8586.11
17 49 -6387.05
17 50 -6748.53
17 51 -3070.46
18 52 -3810.0
18 2 -6338.78
18 3 224.608
18 4 -3908.91
18 5 -6475.86
18 6 -4990.0
18 7 -1740.0
18 8 -5512.42
18 9 336.581
18 10 -7117.01
18 11 -3249.04
18 12 -3635.85
18 13 -1478.91
18 14 -4370.0
18 15 -4494.84
18 17 -5770.0
18 19 -1358.08
18 20 -6636.11
18 21 -3880.0
18 22 -5108.08
18 23 -2976.57
18 24 -1768.08
18 25 -388.081
18 26 -6853.19
18 27 -5559.5
18 28 -2992.68
18 29 -2780.0
18 30 -2531.92
18 31 -4833.65
18 32 -7224.14
18 33 -4310.0
18 34 -4135.97
18 35 -7543.95
18 36 -2357.77
18 37 -5280.0
18 38 -4684.92
18 39 -4071.72
18 40 -2720.0
18 41 -3529.04
18 42 -358.365
18 43 58.0
18 44 1848.08
18 46 -4844.39
18 47 -3969.76
18 48 -6996.11
18 49 -6527.05
18 50 -3618.53
18 51 -6190.46
19 52 -5690.0
19 2 -8008.78
19 3 -1715.39
19 4 -5848.91
19 5 -8345.86
19 6 -5970.0
19 7 -2990.0
19 8 -7252.42
19 9 546.581
19 10 -8927.01
19 11 -4359.04
19 12 -5305.85
19 13 -3488.91
19 14 -6310.0
19 15 -6434.84
19 17 -7430.0
19 18 1498.69
19 20 -8516.11
19 21 -5480.0
19 22 -7058.08
19 23 -4916.57
19 24 -1768.08
19 25 -1638.08
19 26 -8653.19
19 27 -7509.5
19 28 -4442.68
19 29 -3820.0
19 30 -3991.92
19 31 -6773.65
19 32 -9034.14
19 33 -6110.0
19 34 -6075.97
19 35 -9283.95
19 36 -2567.77
19 37 -7020.0
19 38 -6564.92
19 39 -5671.72
19 40 -3690.0
19 41 -4369.04
19 42 -2368.36
19 43 -1882.0
19 44 2748.08
19 46 -6644.39
19 47 -5559.76
19 48 -8726.11
19 49 -8397.05
19 50 -5078.53
19 51 -8070.46
20 52 -4020.0
20 2 -18.7838
20 3 4674.61
20 4 -1958.91
20 5 -645.865
20 6 -5410.0
20 7 -4590.0
20 8 -1072.42
20 9 -5983.42
20 10 102.986
20 11 -4079.04
20 12 -2875.85
20 13 -3418.91
20 14 -4990.0
20 15 -3934.84
20 17 -1190.0
20 18 -4121.31
20 19 -8858.08
20 21 -2360.0
20 22 -1018.08
20 23 -2076.57
20 24 -7528.08
20 25 -6288.08
20 26 -1573.19
20 27 -349.5
20 28 -2502.68
20 29 -2290.0
20 30 -4961.92
20 31 -2613.65
20 32 -74.1351
20 33 -2850.0
20 34 2184.03
20 35 -463.946
20 36 -7217.77
20 37 -4870.0
20 38 -4334.92
20 39 -3941.72
20 40 -5840.0
20 41 -4229.04
20 42 4921.64
20 43 7488.0
20 44 -5651.92
20 46 -464.392
20 47 -6539.76
20 48 -6996.11
20 49 -4647.05
20 50 -5838.53
20 51 -1400.46
21 52 -2430.0
21 2 -1618.78
21 3 2374.61
21 4 -2728.91
21 5 -2655.86
21 6 -2150.0
21 7 -1320.0
21 8 -1072.42
21 9 -2783.42
21 10 -2747.01
21 11 -679.041
21 12 -95.8514
21 13 -2168.91
21 14 -4580.0
21 15 -4284.84
21 17 -910.0
21 18 -1481.31
21 19 -5938.08
21 20 -2476.11
21 22 -2538.08
21 23 -336.568
21 24 -4198.08
21 25 -4278.08
21 26 -2133.19
21 27 -2089.5
21 28 897.324
21 29 490.0
21 30 -1701.92
21 31 -3993.65
21 32 -3204.14
21 33 -350.0
21 34 -935.973
21 35 -3033.95
21 36 -3817.77
21 37 -5490.0
21 38 -4544.92
21 39 -4701.72
21 40 -2370.0
21 41 -1029.04
21 42 2281.64
21 43 4018.0
21 44 -3081.92
21 46 -604.392
21 47 -5979.76
21 48 -7686.11
21 49 -5827.05
21 50 -5428.53
21 51 -3070.46
22 52 -2700.0
22 2 -1898.78
22 3 5984.61
22 4 261.095
22 5 -1265.86
22 6 -5690.0
22 7 -4100.0
22 8 -1702.42
22 9 -5143.42
22 10 -2047.01
22 11 -4219.04
22 12 -2525.85
22 13 -1618.91
22 14 -2910.0
22 15 -1714.84
22 17 -2640.0
22 18 -2801.31
22 19 -7608.08
22 20 -1226.11
22 21 -2630.0
22 23 -1236.57
22 24 -6828.08
22 25 -4488.08
22 26 -3103.19
22 27 -9.5
22 28 -2712.68
22 29 -3050.0
22 30 -4271.92
22 31 -663.649
22 32 -1674.14
22 33 -2640.0
22 34 2114.03
22 35 -2613.95
22 36 -6597.77
22 37 -2780.0
22 38 -2114.92
22 39 -1851.72
22 40 -5430.0
22 41 -4639.04
22 42 5751.64
22 43 6098.0
22 44 -4061.92
22 46 -954.392
22 47 -4449.76
22 48 -4906.11
22 49 -2567.05
22 50 -3688.53
22 51 -150.459
23 52 -900.0
23 2 -2108.78
23 3 3554.61
23 4 -1268.91
23 5 -2235.86
23 6 -3470.0
23 7 -1600.0
23 8 -1282.42
23 9 -2783.42
23 10 -2817.01
23 11 -1929.04
23 12 -165.851
23 13 -648.905
23 14 -2980.0
23 15 -2684.84
23 17 -1880.0
23 18 -791.311
23 19 -5588.08
23 20 -2406.11
23 21 -550.0
23 22 -1358.08
23 24 -4468.08
23 25 -3168.08
23 26 -2823.19
23 27 -1399.5
23 28 -562.676
23 29 -970.0
23 30 -1841.92
23 31 -2473.65
23 32 -2924.14
23 33 -560.0
23 34 -175.973
23 35 -3243.95
23 36 -4167.77
23 37 -3960.0
23 38 -2884.92
23 39 -3101.72
23 40 -3000.0
23 41 -2349.04
23 42 3251.64
23 43 4228.0
23 44 -2321.92
23 46 -604.392
23 47 -4449.76
23 48 -6156.11
23 49 -4307.05
23 50 -3898.53
23 51 -2230.46
24 52 -4790.0
24 2 -6408.78
24 3 -1165.39
24 4 -5498.91
24 5 -7095.86
24 6 -3880.0
24 7 -1120.0
24 8 -5792.42
24 9 1866.58
24 10 -7467.01
24 11 -2209.04
24 12 -3845.85
24 13 -3278.91
24 14 -6240.0
24 15 -6234.84
24 17 -5560.0
24 18 1148.69
24 19 -1708.08
24 20 -7126.11
24 21 -3680.0
24 22 -6218.08
24 23 -3736.57
24 25 -2678.08
24 26 -6923.19
24 27 -6389.5
24 28 -2502.68
24 29 -1600.0
24 30 -2391.92
24 31 -6563.65
24 32 -7784.14
24 33 -4580.0
24 34 -5105.97
24 35 -7823.95
24 36 -277.77
24 37 -7230.0
24 38 -6494.92
24 39 -6091.72
24 40 -1540.0
24 41 -2209.04
24 42 -1608.36
24 43 -632.0
24 44 528.081
24 46 -5254.39
24 47 -6189.76
24 48 -9146.11
24 49 -8327.05
24 50 -5838.53
24 51 -7160.46
25 52 -4090.0
25 2 -6898.78
25 3 854.608
25 4 -3208.91
25 5 -6685.86
25 6 -6520.0
25 7 -3270.0
25 8 -6072.42
25 9 -1603.42
25 10 -7537.01
25 11 -4839.04
25 12 -4535.85
25 13 -1058.91
25 14 -3540.0
25 15 -3524.84
25 17 -6600.0
25 18 1498.69
25 19 -2608.08
25 20 -6916.11
25 21 -4790.0
25 22 -4908.08
25 23 -3466.57
25 24 -3708.08
25 26 -7613.19
25 27 -5699.5
25 28 -4242.68
25 29 -4440.0
25 30 -3851.92
25 31 -3793.65
25 32 -7434.14
25 33 -5140.0
25 34 -3925.97
25 35 -7963.95
25 36 -4237.77
25 37 -3960.0
25 38 -3714.92
25 39 -2481.72
25 40 -4520.0
25 41 -5199.04
25 42 61.6351
25 43 -12.0
25 44 1778.08
25 46 -5394.39
25 47 -2299.76
25 48 -5466.11
25 49 -5417.05
25 50 -1818.53
25 51 -6120.46
26 52 -3950.0
26 2 671.216
26 3 3074.61
26 4 -2998.91
26 5 -1545.86
26 6 -3950.0
26 7 -3550.0
26 8 -452.419
26 9 -5073.42
26 10 -727.014
26 11 -2619.04
26 12 -2105.85
26 13 -3628.91
26 14 -5550.0
26 15 -4774.84
26 17 550.0
26 18 -3571.31
26 19 -8228.08
26 20 -806.108
26 21 -1250.0
26 22 -2128.08
26 23 -1726.57
26 24 -6558.08
26 25 -6218.08
26 27 -1329.5
26 28 -1182.68
26 29 -690.0
26 30 -3991.92
26 31 -3993.65
26 32 -1674.14
26 33 -2020.0
26 34 384.027
26 35 -1013.95
26 36 -6107.77
26 37 -5910.0
26 38 -5104.92
26 39 -5121.72
26 40 -4660.0
26 41 -2699.04
26 42 3251.64
26 43 5958.0
26 44 -5171.92
26 46 -184.392
26 47 -7159.76
26 48 -8176.11
26 49 -5897.05
26 50 -6538.53
26 51 -2580.46
27 52 -2910.0
27 2 -928.784
27 3 5294.61
27 4 -778.905
27 5 -295.865
27 6 -5200.0
27 7 -3960.0
27 8 -862.419
27 9 -5143.42
27 10 -1077.01
27 11 -3799.04
27 12 -2245.85
27 13 -2238.91
27 14 -3740.0
27 15 -2684.84
27 17 -1670.0
27 18 -3081.31
27 19 -7888.08
27 20 -386.108
27 21 -2010.0
27 22 161.919
27 23 -1106.57
27 24 -6828.08
27 25 -5108.08
27 26 -2133.19
27 28 -2222.68
27 29 -2360.0
27 30 -4201.92
27 31 -1633.65
27 32 -774.135
27 33 -2290.0
27 34 2184.03
27 35 -1573.95
27 36 -6527.77
27 37 -3690.0
27 38 -3084.92
27 39 -2891.72
27 40 -5220.0
27 41 -4089.04
27 42 5271.64
27 43 6588.0
27 44 -4541.92
27 46 -184.392
27 47 -5289.76
27 48 -5886.11
27 49 -3607.05
27 50 -4588.53
27 51 -220.459
28 52 -3050.0
28 2 -2308.78
28 3 1474.61
28 4 -3558.91
28 5 -3485.86
28 6 -1310.0
28 7 -840.0
28 8 -1972.42
28 9 -2233.42
28 10 -3507.01
28 11 220.959
28 12 -785.851
28 13 -2658.91
28 14 -5200.0
28 15 -4914.84
28 17 -1390.0
28 18 -1281.31
28 19 -5588.08
28 20 -3306.11
28 21 210.0
28 22 -3308.08
28 23 -1036.57
28 24 -3708.08
28 25 -4418.08
28 26 -2753.19
28 27 -2989.5
28 29 1320.0
28 30 -1491.92
28 31 -4763.65
28 32 -4034.14
28 33 -1180.0
28 34 -1775.97
28 35 -3793.95
28 36 -3187.77
28 37 -6250.0
28 38 -5244.92
28 39 -5391.72
28 40 -1680.0
28 41 -129.041
28 42 1381.64
28 43 3188.0
28 44 -2941.92
28 46 -1504.39
28 47 -6399.76
28 48 -8386.11
28 49 -6597.05
28 50 -6048.53
28 51 -3970.46
29 45 -2220.0
30 52 -2290.0
30 2 -3698.78
30 3 1334.61
30 4 -3208.91
30 5 -4255.86
30 6 -2290.0
30 7 620.0
30 8 -3012.42
30 9 -703.419
30 10 -4687.01
30 11 -609.041
30 12 -1065.85
30 13 -1478.91
30 14 -4300.0
30 15 -4284.84
30 17 -2990.0
30 18 528.689
30 19 -3788.08
30 20 -4416.11
30 21 -1040.0
30 22 -3518.08
30 23 -966.568
30 24 -2248.08
30 25 -2678.08
30 26 -4213.19
30 27 -3619.5
30 28 -142.676
30 29 -140.0
30 31 -4413.65
30 32 -5004.14
30 33 -1810.0
30 34 -2395.97
30 35 -5043.95
30 36 -2007.77
30 37 -5420.0
30 38 -4544.92
30 39 -4561.72
30 40 -910.0
30 41 -1029.04
30 42 1031.64
30 43 2148.0
30 44 -1001.92
30 46 -2474.39
30 47 -5079.76
30 48 -7546.11
30 49 -6177.05
30 50 -4728.53
30 51 -4390.46
31 52 -4370.0
31 2 -4678.78
31 3 6474.61
31 4 541.095
31 5 -4045.86
31 6 -8120.0
31 7 -5980.0
31 8 -4542.42
31 9 -6393.42
31 10 -4687.01
31 11 -6579.04
31 12 -4885.85
31 13 -2098.91
31 14 -2770.0
31 15 -604.838
31 17 -5420.0
31 18 -3571.31
31 19 -8368.08
31 20 -3866.11
31 21 -5130.0
31 22 -1708.08
31 23 -3396.57
31 24 -8218.08
31 25 -4418.08
31 26 -6013.19
31 27 -2849.5
31 28 -5212.68
31 29 -5620.0
31 30 -6211.92
31 32 -4384.14
31 33 -5140.0
31 34 724.027
31 35 -5253.95
31 36 -8327.77
31 37 -420.0
31 38 -1144.92
31 39 788.284
31 40 -7440.0
31 41 -7069.04
31 42 5201.64
31 43 4228.0
31 44 -4261.92
31 46 -3794.39
31 47 -3129.76
31 48 -2276.11
31 49 212.946
31 50 -2018.53
31 51 -2930.46
32 52 -3810.0
32 2 -228.784
32 3 4944.61
32 4 -1678.91
32 5 -435.865
32 6 -5410.0
32 7 -4520.0
32 8 -1002.42
32 9 -5843.42
32 10 -107.014
32 11 -4009.04
32 12 -2735.85
32 13 -3208.91
32 14 -4720.0
32 15 -3594.84
32 17 -1320.0
32 18 -3981.31
32 19 -8648.08
32 20 653.892
32 21 -2360.0
32 22 -738.081
32 23 -1866.57
32 24 -7458.08
32 25 -6078.08
32 26 -1713.19
32 27 -9.5
32 28 -2502.68
32 29 -2360.0
32 30 -4821.92
32 31 -2403.65
32 33 -2710.0
32 34 2324.03
32 35 -673.946
32 36 -7077.77
32 37 -4590.0
32 38 -3994.92
32 39 -3661.72
32 40 -5770.0
32 41 -4229.04
32 42 5131.64
32 43 7348.0
32 44 -5441.92
32 46 -394.392
32 47 -6259.76
32 48 -6786.11
32 49 -4307.05
32 50 -5498.53
32 51 -1120.46
33 52 -1800.0
33 2 -1618.78
33 3 2934.61
33 4 -2098.91
33 5 -2235.86
33 6 -2770.0
33 7 -1460.0
33 8 -862.419
33 9 -2853.42
33 10 -2537.01
33 11 -1299.04
33 12 254.149
33 13 -1548.91
33 14 -3950.0
33 15 -3524.84
33 17 -1120.0
33 18 -1211.31
33 19 -5868.08
33 20 -2266.11
33 21 350.0
33 22 -1848.08
33 23 353.432
33 24 -4398.08
33 25 -3928.08
33 26 -2203.19
33 27 -1669.5
33 28 207.324
33 29 -140.0
33 30 -1771.92
33 31 -3303.65
33 32 -2854.14
33 34 -385.973
33 35 -2893.95
33 36 -4027.77
33 37 -4800.0
33 38 -3854.92
33 39 -4071.72
33 40 -2650.0
33 41 -1589.04
33 42 2771.64
33 43 4298.0
33 44 -2811.92
33 46 -324.392
33 47 -5359.76
33 48 -6996.11
33 49 -5137.05
33 50 -4868.53
33 51 -2580.46
34 52 -4790.0
34 2 -2038.78
34 3 6474.61
34 4 -1268.91
34 5 -2035.86
34 6 -7220.0
34 7 -5980.0
34 8 -2812.42
34 9 -7163.42
34 10 -1907.01
34 11 -5819.04
34 12 -4395.85
34 13 -3698.91
34 14 -4790.0
34 15 -3244.84
34 17 -3270.0
34 18 -4961.31
34 19 -9758.08
34 20 -1156.11
34 21 -4160.0
34 22 -1018.08
34 23 -3186.57
34 24 -8848.08
34 25 -6638.08
34 26 -3723.19
34 27 -1119.5
34 28 -4312.68
34 29 -4300.0
34 30 -6281.92
34 31 -1363.65
34 32 -1744.14
34 33 -4310.0
34 35 -2543.95
34 36 -8607.77
34 37 -3890.0
34 38 -3714.92
34 39 -2691.72
34 40 -7370.0
34 41 -6169.04
34 42 6861.64
34 43 7768.0
34 44 -6211.92
34 46 -2134.39
34 47 -6119.76
34 48 -5816.11
34 49 -3397.05
34 50 -5218.53
34 51 -1610.46
35 52 -4300.0
35 2 671.216
35 3 3974.61
35 4 -2518.91
35 5 -1125.86
35 6 -5130.0
35 7 -4520.0
35 8 -1002.42
35 9 -5913.42
35 10 522.986
35 11 -3799.04
35 12 -2875.85
35 13 -3768.91
35 14 -5480.0
35 15 -4494.84
35 17 -700.0
35 18 -4331.31
35 19 -8928.08
35 20 233.892
35 21 -2220.0
35 22 -1708.08
35 23 -2216.57
35 24 -7528.08
35 25 -6638.08
35 26 -1083.19
35 27 -839.5
35 28 -2292.68
35 29 -1870.0
35 30 -4891.92
35 31 -3303.65
35 32 -704.135
35 33 -2780.0
35 34 1494.03
35 36 -7077.77
35 37 -5560.0
35 38 -4894.92
35 39 -4631.72
35 40 -5700.0
35 41 -3879.04
35 42 4291.64
35 43 7208.0
35 44 -5861.92
35 46 -464.392
35 47 -7089.76
35 48 -7686.11
35 49 -5277.05
35 50 -6398.53
35 51 -1960.46
36 52 -4650.0
36 2 -5858.78
36 3 -1025.39
36 4 -5428.91
36 5 -6685.86
36 6 -3190.0
36 7 -700.0
36 8 -5312.42
36 9 1106.58
36 10 -7047.01
36 11 -1509.04
36 12 -3495.85
36 13 -3348.91
36 14 -6310.0
36 15 -6364.84
36 17 -5070.0
36 18 598.689
36 19 -2468.08
36 20 -6776.11
36 21 -3260.0
36 22 -5948.08
36 23 -3396.57
36 24 -238.081
36 25 -3168.08
36 26 -6433.19
36 27 -6049.5
36 28 -1942.68
36 29 -900.0
36 30 -2111.92
36 31 -6633.65
36 32 -7364.14
36 33 -4170.0
36 34 -4825.97
36 35 -7333.95
36 37 -7370.0
36 38 -6564.92
36 39 -6301.72
36 40 -910.0
36 41 -1449.04
36 42 -1398.36
36 43 -152.0
36 44 -171.919
36 46 -4774.39
36 47 -6539.76
36 48 -9286.11
36 49 -8327.05
36 50 -6188.53
36 51 -6820.46
37 52 -4440.0
37 2 -5718.78
37 3 5014.61
37 4 -88.9054
37 5 -5085.86
37 6 -8400.0
37 7 -5910.0
37 8 -5312.42
37 9 -5843.42
37 10 -5867.01
37 11 -6789.04
37 12 -5235.85
37 13 -1688.91
37 14 -2360.0
37 15 -394.838
37 17 -6320.0
37 18 -2941.31
37 19 -7538.08
37 20 -5046.11
37 21 -5550.0
37 22 -2748.08
37 23 -3806.57
37 24 -7808.08
37 25 -3508.08
37 26 -6853.19
37 27 -3829.5
37 28 -5622.68
37 29 -6040.0
37 30 -6141.92
37 31 656.351
37 32 -5494.14
37 33 -5560.0
37 34 -725.973
37 35 -6433.95
37 36 -7987.77
37 38 -934.919
37 39 1898.28
37 40 -7370.0
37 41 -7279.04
37 42 3741.64
37 43 2838.0
37 44 -3221.92
37 46 -4564.39
37 47 -1749.76
37 48 -1156.11
37 49 -757.054
37 50 -498.527
37 51 -3970.46
38 52 -2980.0
38 2 -4468.78
38 3 5154.61
38 4 951.095
38 5 -3905.86
38 6 -6940.0
38 7 -4450.0
38 8 -3922.42
38 9 -4663.42
38 10 -4757.01
38 11 -5329.04
38 12 -3705.85
38 13 -368.905
38 14 -1040.0
38 15 785.162
38 17 -4870.0
38 18 -1831.31
38 19 -6568.08
38 20 -3996.11
38 21 -4090.0
38 22 -1568.08
38 23 -2216.57
38 24 -6558.08
38 25 -2748.08
38 26 -5533.19
38 27 -2709.5
38 28 -4102.68
38 29 -4510.0
38 30 -4751.92
38 31 446.351
38 32 -4384.14
38 33 -4100.0
38 34 -35.973
38 35 -5253.95
38 36 -6667.77
38 37 -420.0
38 39 438.284
38 40 -5980.0
38 41 -5819.04
38 42 4161.64
38 43 3598.0
38 44 -2531.92
38 46 -3244.39
38 47 -1879.76
38 48 -2616.11
38 49 -1247.05
38 50 -978.527
38 51 -2790.46
39 52 -5830.0
39 2 -7038.78
39 3 4114.61
39 4 -1408.91
39 5 -6405.86
39 6 -9720.0
39 7 -7160.0
39 8 -6692.42
39 9 -6883.42
39 10 -7117.01
39 11 -8109.04
39 12 -6555.85
39 13 -2938.91
39 14 -3610.0
39 15 -1784.84
39 17 -7640.0
39 18 -3911.31
39 19 -8368.08
39 20 -6296.11
39 21 -6940.0
39 22 -3998.08
39 23 -5126.57
39 24 -8848.08
39 25 -4208.08
39 26 -8243.19
39 27 -5209.5
39 28 -6942.68
39 29 -7360.0
39 30 -7461.92
39 31 -313.649
39 32 -6744.14
39 33 -7010.0
39 34 -1705.97
39 35 -7683.95
39 36 -9097.77
39 37 -280.0
39 38 -2254.92
39 40 -8620.0
39 41 -8599.04
39 42 2701.64
39 43 1728.0
39 44 -3781.92
39 46 -5954.39
39 47 -2229.76
39 48 -116.108
39 49 -1667.05
39 50 -638.527
39 51 -5290.46
40 52 -3810.0
40 2 -4468.78
40 3 14.6081
40 4 -4598.91
40 5 -5435.86
40 6 -1800.0
40 7 340.0
40 8 -3992.42
40 9 -143.419
40 10 -5657.01
40 11 -189.041
40 12 -2245.85
40 13 -2798.91
40 14 -5690.0
40 15 -5674.84
40 17 -3550.0
40 18 178.689
40 19 -3648.08
40 20 -5456.11
40 21 -1870.0
40 22 -4838.08
40 23 -2286.57
40 24 -1558.08
40 25 -3508.08
40 26 -5043.19
40 27 -4799.5
40 28 -492.676
40 29 350.0
40 30 -1071.92
40 31 -5803.65
40 32 -6114.14
40 33 -2850.0
40 34 -3645.97
40 35 -6013.95
40 36 -967.77
40 37 -6810.0
40 38 -5934.92
40 39 -5881.72
40 41 -269.041
40 42 -288.365
40 43 1168.0
40 44 -1141.92
40 46 -3454.39
40 47 -6329.76
40 48 -8866.11
40 49 -7567.05
40 50 -5978.53
40 51 -5640.46
41 52 -4580.0
41 2 -3768.78
41 3 -325.392
41 4 -5358.91
41 5 -5225.86
41 6 -690.0
41 7 -1190.0
41 8 -3642.42
41 9 -1953.42
41 10 -5037.01
41 11 500.959
41 12 -2525.85
41 13 -4048.91
41 14 -6800.0
41 15 -6644.84
41 17 -2710.0
41 18 -1761.31
41 19 -5458.08
41 20 -4976.11
41 21 -1660.0
41 22 -5178.08
41 23 -2766.57
41 24 -3358.08
41 25 -5318.08
41 26 -4213.19
41 27 -4799.5
41 28 -72.6757
41 29 2220.0
41 30 -2321.92
41 31 -6563.65
41 32 -5704.14
41 33 -2920.0
41 34 -3575.97
41 35 -5323.95
41 36 -2637.77
41 37 -7850.0
41 38 -6904.92
41 39 -6991.72
41 40 -1400.0
41 42 -428.365
41 43 1588.0
41 44 -3081.92
41 46 -3244.39
41 47 -7789.76
41 48 -10046.1
41 49 -8397.05
41 50 -7438.53
41 51 -5840.46
42 52 -4790.0
42 2 -2868.78
42 3 7514.61
42 4 -638.905
42 5 -2585.86
42 6 -7700.0
42 7 -6250.0
42 8 -3362.42
42 9 -7163.42
42 10 -2677.01
42 11 -6299.04
42 12 -4605.85
42 13 -3418.91
42 14 -4370.0
42 15 -2554.84
42 17 -4030.0
42 18 -4751.31
42 19 -9618.08
42 20 -1986.11
42 21 -4510.0
42 22 -948.081
42 23 -3326.57
42 24 -8918.08
42 25 -6218.08
42 26 -4423.19
42 27 -1599.5
42 28 -4722.68
42 29 -4860.0
42 30 -6421.92
42 31 -453.649
42 32 -2504.14
42 33 -4720.0
42 34 3294.03
42 35 -3313.95
42 36 -8747.77
42 37 -2990.0
42 38 -3084.92
42 39 -1851.72
42 40 -7580.0
42 41 -6589.04
42 43 6798.0
42 44 -5931.92
42 46 -2684.39
42 47 -5429.76
42 48 -4976.11
42 49 -2427.05
42 50 -4518.53
42 51 -1750.46
43 52 -5830.0
43 2 -1548.78
43 3 4804.61
43 4 -2928.91
43 5 -2515.86
43 6 -7420.0
43 7 -6670.0
43 8 -3082.42
43 9 -7993.42
43 10 -1357.01
43 11 -6089.04
43 12 -4885.85
43 13 -5018.91
43 14 -6310.0
43 15 -4844.84
43 17 -2920.0
43 18 -6001.31
43 19 -10798.1
43 20 -1086.11
43 21 -4440.0
43 22 -2268.08
43 23 -4016.57
43 24 -9608.08
43 25 -7958.08
43 26 -3383.19
43 27 -1949.5
43 28 -4582.68
43 29 -4230.0
43 30 -6971.92
43 31 -3093.65
43 32 -1954.14
43 33 -4860.0
43 34 2534.03
43 35 -2063.95
43 36 -9167.77
43 37 -5560.0
43 38 -5314.92
43 39 -4491.72
43 40 -7790.0
43 41 -6239.04
43 42 5131.64
43 44 -7391.92
43 46 -2544.39
43 47 -7719.76
43 48 -7616.11
43 49 -5067.05
43 50 -6818.53
43 51 -2720.46
44 52 -6110.0
44 2 -8838.78
44 3 -1715.39
44 4 -5778.91
44 5 -8905.86
44 6 -7290.0
44 7 -4170.0
44 8 -8012.42
44 9 -1053.42
44 10 -9617.01
44 11 -5679.04
44 12 -6205.85
44 13 -3558.91
44 14 -6240.0
44 15 -6094.84
44 17 -8340.0
44 18 878.689
44 19 -1078.08
44 20 -9136.11
44 21 -6450.0
44 22 -7338.08
44 23 -5476.57
44 24 -3358.08
44 25 -1078.08
44 26 -9423.19
44 27 -7989.5
44 28 -5622.68
44 29 -5210.0
44 30 -5031.92
44 31 -6493.65
44 32 -9654.14
44 33 -6880.0
44 34 -6355.97
44 35 -10043.9
44 36 -4097.77
44 37 -6530.0
44 38 -6354.92
44 39 -4911.72
44 40 -5010.0
44 41 -5819.04
44 42 -2508.36
44 43 -2302.0
44 46 -7404.39
44 47 -4799.76
44 48 -7966.11
44 49 -8117.05
44 50 -4248.53
44 51 -8480.46
45 52 -4090.0
45 2 -928.784
45 3 1684.61
45 4 -3908.91
45 5 -2935.86
45 6 -2560.0
45 7 -2640.0
45 8 -1422.42
45 9 -4103.42
45 10 -2327.01
45 11 -1299.04
45 12 -1825.85
45 13 -3838.91
45 14 -6040.0
45 15 -5604.84
45 17 130.0
45 18 -3081.31
45 19 -7398.08
45 20 -2406.11
45 21 -690.0
45 22 -3308.08
45 23 -1866.57
45 24 -5518.08
45 25 -6078.08
45 26 -1503.19
45 27 -2709.5
45 28 -72.6757
45 29 1040.0
45 30 -3291.92
45 31 -5043.65
45 32 -3204.14
45 33 -1880.0
45 34 -1145.97
45 35 -2683.95
45 36 -4927.77
45 37 -6810.0
45 38 -5934.92
45 39 -6021.72
45 40 -3480.0
45 41 -1169.04
45 42 1791.64
45 43 4298.0
45 44 -4681.92
45 46 -1094.39
45 47 -7579.76
45 48 -9076.11
45 49 -7007.05
45 50 -7088.53
45 51 -3830.46
46 52 -2700.0
46 2 -368.784
46 3 3974.61
46 4 -1748.91
46 5 -785.865
46 6 -3950.0
46 7 -2920.0
46 8 457.581
46 9 -4313.42
46 10 -1077.01
46 11 -2479.04
46 12 -1205.85
46 13 -2308.91
46 14 -4230.0
46 15 -3454.84
46 17 -490.0
46 18 -2601.31
46 19 -7258.08
46 20 -736.108
46 21 -760.0
46 22 -1018.08
46 23 -546.568
46 24 -5928.08
46 25 -5038.08
46 26 -1223.19
46 27 -419.5
46 28 -972.676
46 29 -970.0
46 30 -3291.92
46 31 -2813.65
46 32 -1394.14
46 33 -1180.0
46 34 934.027
46 35 -1433.95
46 36 -5487.77
46 37 -4660.0
46 38 -3854.92
46 39 -3871.72
46 40 -4110.0
46 41 -2769.04
46 42 3951.64
46 43 5758.0
46 44 -4191.92
46 47 -5839.76
46 48 -6856.11
46 49 -4717.05
46 50 -5218.53
46 51 -1540.46
47 52 -4300.0
47 2 -6688.78
47 3 2864.61
47 4 -1478.91
47 5 -6125.86
47 6 -7910.0
47 7 -5000.0
47 8 -5932.42
47 9 -4243.42
47 10 -6977.01
47 11 -6299.04
47 12 -5095.85
47 13 -988.905
47 14 -2360.0
47 15 -1574.84
47 17 -6810.0
47 18 -1141.31
47 19 -5588.08
47 20 -6226.11
47 21 -5550.0
47 22 -3928.08
47 23 -3806.57
47 24 -6278.08
47 25 -1358.08
47 26 -7613.19
47 27 -4939.5
47 28 -5282.68
47 29 -5690.0
47 30 -5311.92
47 31 -1563.65
47 32 -6674.14
47 33 -5630.0
47 34 -2465.97
47 35 -7473.95
47 36 -6667.77
47 37 -1260.0
47 38 -1904.92
47 39 438.284
47 40 -6400.0
47 41 -6729.04
47 42 1791.64
47 43 1168.0
47 44 -1001.92
47 46 -5254.39
47 48 -2616.11
47 49 -3057.05
47 50 961.473
47 51 -5150.46
48 52 -5620.0
48 2 -6898.78
48 3 4114.61
48 4 -1268.91
48 5 -6265.86
48 6 -9510.0
48 7 -6950.0
48 8 -6492.42
48 9 -6673.42
48 10 -7047.01
48 11 -7969.04
48 12 -6345.85
48 13 -2728.91
48 14 -3470.0
48 15 -1574.84
48 17 -7500.0
48 18 -3641.31
48 19 -8228.08
48 20 -6156.11
48 21 -6730.0
48 22 -3858.08
48 23 -4986.57
48 24 -8708.08
48 25 -3998.08
48 26 -8103.19
48 27 -5009.5
48 28 -6742.68
48 29 -7150.0
48 30 -7251.92
48 31 -183.649
48 32 -6674.14
48 33 -6740.0
48 34 -1635.97
48 35 -7543.95
48 36 -8887.77
48 37 -140.0
48 38 -2114.92
48 39 3078.28
48 40 -8410.0
48 41 -8459.04
48 42 2771.64
48 43 1798.0
48 44 -3641.92
48 46 -5744.39
48 47 -2089.76
48 49 -1597.05
48 50 -498.527
48 51 -5150.46
49 52 -4440.0
49 2 -5018.78
49 3 6194.61
49 4 401.095
49 5 -4325.86
49 6 -8260.0
49 7 -6050.0
49 8 -4752.42
49 9 -6393.42
49 10 -4967.01
49 11 -6719.04
49 12 -5025.85
49 13 -2168.91
49 14 -2770.0
49 15 -534.838
49 17 -5700.0
49 18 -3571.31
49 19 -8298.08
49 20 -4206.11
49 21 -5270.0
49 22 -1918.08
49 23 -3536.57
49 24 -8288.08
49 25 -4348.08
49 26 -6223.19
49 27 -3129.5
49 28 -5352.68
49 29 -5830.0
49 30 -6281.92
49 31 1906.35
49 32 -4594.14
49 33 -5280.0
49 34 384.027
49 35 -5533.95
49 36 -8327.77
49 37 -140.0
49 38 -1144.92
49 39 1128.28
49 40 -7510.0
49 41 -7209.04
49 42 4921.64
49 43 3948.0
49 44 -4191.92
49 46 -4004.39
49 47 -2929.76
49 48 -1996.11
49 50 -1748.53
49 51 -3140.46
50 52 -4790.0
50 2 -7038.78
50 3 2864.61
50 4 -1678.91
50 5 -6475.86
50 6 -8540.0
50 7 -5630.0
50 8 -6352.42
50 9 -4873.42
50 10 -7327.01
50 11 -6929.04
50 12 -5715.85
50 13 -1548.91
50 14 -2770.0
50 15 -1714.84
50 17 -7230.0
50 18 -1831.31
50 19 -6148.08
50 20 -6566.11
50 21 -6040.0
50 22 -4208.08
50 23 -4296.57
50 24 -6968.08
50 25 -1918.08
50 26 -8033.19
50 27 -5279.5
50 28 -5972.68
50 29 -6320.0
50 30 -6001.92
50 31 -1493.65
50 32 -6954.14
50 33 -6180.0
50 34 -2605.97
50 35 -7823.95
50 36 -7357.77
50 37 -1050.0
50 38 -2044.92
50 39 988.284
50 40 -7090.0
50 41 -7419.04
50 42 1661.64
50 43 1028.0
50 44 -1491.92
50 46 -5674.39
50 47 -79.7568
50 48 -2066.11
50 49 -2917.05
50 51 -5430.46
51 52 -2910.0
51 2 -1478.78
51 3 5784.61
51 4 -228.905
51 5 -785.865
51 6 -5620.0
51 7 -4170.0
51 8 -1352.42
51 9 -5283.42
51 10 -1567.01
51 11 -4149.04
51 12 -2455.85
51 13 -1958.91
51 14 -3330.0
51 15 -2134.84
51 17 -2230.0
51 18 -3081.31
51 19 -7818.08
51 20 -806.108
51 21 -2360.0
51 22 651.919
51 23 -1306.57
51 24 -6968.08
51 25 -4898.08
51 26 -2753.19
51 27 410.5
51 28 -2572.68
51 29 -2780.0
51 30 -4341.92
51 31 -1083.65
51 32 -1254.14
51 33 -2570.0
51 34 2324.03
51 35 -2063.95
51 36 -6667.77
51 37 -3200.0
51 38 -2534.92
51 39 -2341.72
51 40 -5430.0
51 41 -4499.04
51 42 5751.64
51 43 6448.0
51 44 -4401.92
51 46 -674.392
51 47 -4869.76
51 48 -5396.11
51 49 -2987.05
51 50 -4108.53
52 2 0
52 3 0
52 4 0
52 5 0
52 6 0
52 7 0
52 8 0
52 9 0
52 10 0
52 11 0
52 12 0
52 13 0
52 14 0
52 15 0
52 16 0
52 17 0
52 18 0
52 19 0
52 20 0
52 21 0
52 22 0
52 23 0
52 24 0
52 25 0
52 26 0
52 27 0
52 28 0
52 29 0
52 30 0
52 31 0
52 32 0
52 33 0
52 34 0
52 35 0
52 36 0
52 37 0
52 38 0
52 39 0
52 40 0
52 41 0
52 42 0
52 43 0
52 44 0
52 45 0
52 46 0
52 47 0
52 48 0
52 49 0
52 50 0
52 51 0
2 1 0
3 1 0
4 1 0
5 1 0
6 1 0
7 1 0
8 1 0
9 1 0
10 1 0
11 1 0
12 1 0
13 1 0
14 1 0
15 1 0
16 1 0
17 1 0
18 1 0
19 1 0
20 1 0
21 1 0
22 1 0
23 1 0
24 1 0
25 1 0
26 1 0
27 1 0
28 1 0
29 1 0
30 1 0
31 1 0
32 1 0
33 1 0
34 1 0
35 1 0
36 1 0
37 1 0
38 1 0
39 1 0
40 1 0
41 1 0
42 1 0
43 1 0
44 1 0
45 1 0
46 1 0
47 1 0
48 1 0
49 1 0
50 1 0
51 1 0
52 1 0
