52 2457
1
2
3
4
5
6
7
8
9
10
11
12
13
14
15
16
17
18
19
20
21
22
23
24
25
26
27
28
29
30
31
32
33
34
35
36
37
38
39
40
41
42
43
44
45
46
47
48
49
50
51
52
1 52 -0.0
1 2 -22602.0
1 3 -22582.0
1 4 -24040.0
1 5 -22020.0
1 6 -22616.0
1 7 -21050.0
1 8 -23694.0
1 9 -22514.0
1 10 -20114.0
1 11 -22990.0
1 13 -23200.0
1 14 -21470.0
1 15 -21764.0
1 16 -20642.0
1 17 -21716.0
1 18 -22050.0
1 19 -23094.0
1 20 -21866.0
1 21 -22104.0
1 22 -22454.0
1 23 -20218.0
1 24 -19494.0
1 25 -22488.0
1 27 -22430.0
1 28 -23170.0
1 29 -19192.0
1 30 -21722.0
1 31 -22144.0
1 32 -22208.0
1 33 -22600.0
1 34 -23814.0
1 35 -22300.0
1 36 -22744.0
1 37 -22230.0
1 38 -22090.0
1 39 -24040.0
1 40 -20686.0
1 41 -21188.0
1 42 -21256.0
1 43 -25560.0
1 44 -22282.0
1 45 -24590.0
1 46 -25700.0
1 47 -22850.0
1 48 -21810.0
1 49 -21110.0
1 50 -19668.0
1 51 -18584.0
2 52 15814.0
2 3 -5832.0
2 4 -7850.0
2 5 -4720.0
2 6 -3786.0
2 7 -6250.0
2 8 1386.0
2 9 -6594.0
2 10 -4554.0
2 11 -7630.0
2 13 -7290.0
2 14 -3330.0
2 15 -5234.0
2 16 -3552.0
2 17 -2266.0
2 18 -6560.0
2 19 -2184.0
2 20 -4906.0
2 21 -1124.0
2 22 -6814.0
2 23 -4438.0
2 24 -4624.0
2 25 -4708.0
2 27 -1100.0
2 28 -3650.0
2 29 -4182.0
2 30 -6782.0
2 31 -6994.0
2 32 -4838.0
2 33 -7170.0
2 34 -124.0
2 35 -6240.0
2 36 -7044.0
2 37 -5200.0
2 38 -4920.0
2 39 -4520.0
2 40 -3596.0
2 41 -3608.0
2 42 -6516.0
2 43 -8470.0
2 44 -2752.0
2 45 -9020.0
2 46 -10900.0
2 47 -3400.0
2 48 -4860.0
2 49 -4650.0
2 50 -1748.0
2 51 2746.0
3 52 16714.0
3 2 -4952.0
3 4 -770.0
3 5 -6240.0
3 6 -6836.0
3 7 -3680.0
3 8 -6044.0
3 9 556.0
3 10 -2614.0
3 11 -6310.0
3 13 -700.0
3 14 -3820.0
3 15 -5644.0
3 16 -4112.0
3 17 -5666.0
3 18 -1350.0
3 19 -6704.0
3 20 -2336.0
3 21 -5424.0
3 22 -1054.0
3 23 -4168.0
3 24 -1774.0
3 25 992.0
3 27 -5200.0
3 28 -7260.0
3 29 1088.0
3 30 -4212.0
3 31 -5264.0
3 32 -6438.0
3 33 -1480.0
3 34 -6234.0
3 35 -6380.0
3 36 -374.0
3 37 -2560.0
3 38 -6310.0
3 39 -8200.0
3 40 -4846.0
3 41 -3188.0
3 42 -2146.0
3 43 -9440.0
3 44 -6572.0
3 45 -7770.0
3 46 -6590.0
3 47 -4160.0
3 48 -2980.0
3 49 -5270.0
3 50 -3828.0
3 51 806.0
4 52 16714.0
4 2 -5512.0
4 3 688.0
4 5 -6310.0
4 6 -6906.0
4 7 -3400.0
4 8 -6664.0
4 9 1456.0
4 10 -2684.0
4 11 -5900.0
4 13 -140.0
4 14 -4170.0
4 15 -5364.0
4 16 -4322.0
4 17 -5806.0
4 18 -930.0
4 19 -7044.0
4 20 -2686.0
4 21 -5774.0
4 22 -434.0
4 23 -3958.0
4 24 -1434.0
4 25 152.0
4 27 -5750.0
4 28 -7400.0
4 29 1858.0
4 30 -3652.0
4 31 -4844.0
4 32 -6438.0
4 33 -920.0
4 34 -6784.0
4 35 -6110.0
4 36 596.0
4 37 -3050.0
4 38 -6170.0
4 39 -8400.0
4 40 -4916.0
4 41 -3538.0
4 42 -1246.0
4 43 -9160.0
4 44 -6572.0
4 45 -7220.0
4 46 -5690.0
4 47 -4720.0
4 48 -3330.0
4 49 -5340.0
4 50 -3548.0
4 51 36.0
5 52 18864.0
5 2 -2252.0
5 3 -4652.0
5 4 -6180.0
5 6 -726.0
5 7 -2640.0
5 8 -3194.0
5 9 -4654.0
5 10 -2194.0
5 11 -2980.0
5 13 -5280.0
5 14 -2640.0
5 15 -644.0
5 16 -1542.0
5 17 -246.0
5 18 -4130.0
5 19 -1844.0
5 20 -3796.0
5 21 -1394.0
5 22 -4524.0
5 23 212.0
5 24 -1224.0
5 25 -4428.0
5 27 -2210.0
5 28 -1150.0
5 29 -992.0
5 30 -2472.0
5 31 -2484.0
5 32 -328.0
5 33 -4740.0
5 34 -3594.0
5 35 -1520.0
5 36 -4814.0
5 37 -4160.0
5 38 -480.0
5 39 -2090.0
5 40 224.0
5 41 -2638.0
5 42 -2216.0
5 43 -4160.0
5 44 -322.0
5 45 -4300.0
5 46 -6730.0
5 47 -3950.0
5 48 -3610.0
5 49 -1110.0
5 50 2072.0
5 51 526.0
6 52 17754.0
6 2 -1832.0
6 3 -5762.0
6 4 -7290.0
6 5 -1240.0
6 7 -3890.0
6 8 -2714.0
6 9 -5834.0
6 10 -3304.0
6 11 -4020.0
6 13 -6460.0
6 14 -3330.0
6 15 -1064.0
6 16 -2372.0
6 17 374.0
6 18 -5310.0
6 19 -1144.0
6 20 -4766.0
6 21 -1124.0
6 22 -5774.0
6 23 -828.0
6 24 -2474.0
6 25 -5398.0
6 27 -2210.0
6 28 30.0
6 29 -2242.0
6 30 -3582.0
6 31 -3594.0
6 32 -678.0
6 33 -5920.0
6 34 -3384.0
6 35 -2430.0
6 36 -6064.0
6 37 -5130.0
6 38 -620.0
6 39 -910.0
6 40 -816.0
6 41 -3468.0
6 42 -3326.0
6 43 -4230.0
6 44 788.0
6 45 -4990.0
6 46 -7840.0
6 47 -4510.0
6 48 -4580.0
6 49 -2220.0
6 50 2422.0
6 51 176.0
7 52 19494.0
7 2 -4122.0
7 3 -2432.0
7 4 -3610.0
7 5 -2980.0
7 6 -3716.0
7 8 -5144.0
7 9 -1944.0
7 10 -874.0
7 11 -2290.0
7 13 -2710.0
7 14 -2850.0
7 15 -1684.0
7 16 -2092.0
7 17 -2956.0
7 18 -1420.0
7 19 -4474.0
7 20 -2546.0
7 21 -3554.0
7 22 -1884.0
7 23 -348.0
7 24 1556.0
7 25 -2688.0
7 27 -3880.0
7 28 -4200.0
7 29 2058.0
7 30 -602.0
7 31 -1304.0
7 32 -2898.0
7 33 -1900.0
7 34 -5264.0
7 35 -2560.0
7 36 -1974.0
7 37 -2980.0
7 38 -2490.0
7 39 -5070.0
7 40 -1856.0
7 41 -2428.0
7 42 74.0
7 43 -5480.0
7 44 -3242.0
7 45 -3950.0
7 46 -4370.0
7 47 -4090.0
7 48 -2700.0
7 49 -2290.0
7 50 132.0
7 51 176.0
8 52 15184.0
8 2 1848.0
8 3 -6462.0
8 4 -8540.0
8 5 -5200.0
8 6 -4206.0
8 7 -6810.0
8 9 -7224.0
8 10 -5184.0
8 11 -8120.0
8 13 -7850.0
8 14 -3960.0
8 15 -5714.0
8 16 -4112.0
8 17 -2746.0
8 18 -7180.0
8 19 -2534.0
8 20 -5536.0
8 21 -1674.0
8 22 -7444.0
8 23 -4928.0
8 24 -5184.0
8 25 -5328.0
8 27 -1790.0
8 28 -3930.0
8 29 -4812.0
8 30 -7402.0
8 31 -7554.0
8 32 -5258.0
8 33 -7800.0
8 34 -814.0
8 35 -6730.0
8 36 -7734.0
8 37 -5760.0
8 38 -5340.0
8 39 -4790.0
8 40 -4146.0
8 41 -4238.0
8 42 -7076.0
8 43 -8880.0
8 44 -2962.0
8 45 -9440.0
8 46 -11520.0
8 47 -4090.0
8 48 -5550.0
8 49 -5270.0
8 50 -2018.0
8 51 2256.0
9 52 16294.0
9 2 -6202.0
9 3 68.0
9 4 -490.0
9 5 -6730.0
9 6 -7396.0
9 7 -3680.0
9 8 -7294.0
9 10 -3234.0
9 11 -6110.0
9 13 -630.0
9 14 -4790.0
9 15 -5644.0
9 16 -4872.0
9 17 -6426.0
9 18 -1280.0
9 19 -7604.0
9 20 -3316.0
9 21 -6394.0
9 22 -844.0
9 23 -4368.0
9 24 -1844.0
9 25 -398.0
9 27 -6310.0
9 28 -7880.0
9 29 1928.0
9 30 -3792.0
9 31 -5054.0
9 32 -6918.0
9 33 -1200.0
9 34 -7414.0
9 35 -6520.0
9 36 736.0
9 37 -3610.0
9 38 -6520.0
9 39 -8820.0
9 40 -5396.0
9 41 -4168.0
9 42 -1036.0
9 43 -9370.0
9 44 -7062.0
9 45 -7420.0
9 46 -5480.0
9 47 -5340.0
9 48 -3950.0
9 49 -5830.0
9 50 -3898.0
9 51 -584.0
10 52 20114.0
10 2 -2802.0
10 3 -1742.0
10 4 -3270.0
10 5 -2910.0
10 6 -3506.0
10 7 -1250.0
10 8 -3894.0
10 9 -1874.0
10 11 -3610.0
10 13 -2500.0
10 14 -1320.0
10 15 -2594.0
10 16 -982.0
10 17 -2466.0
10 18 -1420.0
10 19 -3714.0
10 20 -1156.0
10 21 -2574.0
10 22 -1814.0
10 23 -1108.0
10 24 516.0
10 25 -1648.0
10 27 -2700.0
10 28 -3930.0
10 29 1088.0
10 30 -2132.0
10 31 -2764.0
10 32 -3108.0
10 33 -2100.0
10 34 -4014.0
10 35 -3190.0
10 36 -2114.0
10 37 -1520.0
10 38 -3050.0
10 39 -4930.0
10 40 -1516.0
10 41 -898.0
10 42 -1386.0
10 43 -6450.0
10 44 -3172.0
10 45 -5340.0
10 46 -5830.0
10 47 -2560.0
10 48 -1110.0
10 49 -1940.0
10 50 -568.0
10 51 1706.0
11 52 17964.0
11 2 -5092.0
11 3 -4652.0
11 4 -5700.0
11 5 -2910.0
11 6 -3436.0
11 7 -1880.0
11 8 -6044.0
11 9 -3964.0
11 10 -2824.0
11 13 -4860.0
11 14 -4450.0
11 15 256.0
11 16 -3482.0
11 17 -3096.0
11 18 -3640.0
11 19 -4754.0
11 20 -4696.0
11 21 -4244.0
11 22 -3974.0
11 23 422.0
11 24 -734.0
11 25 -4848.0
11 27 -4920.0
11 28 -3650.0
11 29 538.0
11 30 98.0
11 31 -124.0
11 32 -2338.0
11 33 -3980.0
11 34 -6374.0
11 35 -1590.0
11 36 -3984.0
11 37 -5130.0
11 38 -1170.0
11 39 -4380.0
11 40 -2206.0
11 41 -4168.0
11 42 494.0
11 43 -3400.0
11 44 -2412.0
11 45 -1730.0
11 46 -4020.0
11 47 -5830.0
11 48 -4720.0
11 49 -3050.0
11 50 2072.0
11 51 -1624.0
12 52 16854.0
12 2 -6342.0
12 3 -1322.0
12 4 -1880.0
12 5 -5900.0
12 6 -6636.0
12 7 -2640.0
12 8 -7434.0
12 9 276.0
12 10 -2954.0
12 11 -4650.0
12 13 -1390.0
12 14 -4860.0
12 15 -4324.0
12 16 -4592.0
12 17 -5806.0
12 18 -1000.0
12 19 -7254.0
12 20 -3656.0
12 21 -6124.0
12 22 -844.0
12 23 -3258.0
12 24 -874.0
12 25 -1858.0
12 27 -6240.0
12 28 -7120.0
12 29 3658.0
12 30 -2132.0
12 31 -3664.0
12 32 -5948.0
12 33 -850.0
12 34 -7554.0
12 35 -5410.0
12 36 316.0
12 37 -4020.0
12 38 -5340.0
12 39 -7990.0
12 40 -4706.0
12 41 -4238.0
12 42 704.0
12 43 -7980.0
12 44 -6162.0
12 45 -5760.0
12 46 -3740.0
12 47 -5690.0
12 48 -4090.0
12 49 -5200.0
12 50 -2508.0
12 51 -1214.0
13 52 17274.0
13 2 -5232.0
13 3 478.0
13 4 -420.0
13 5 -5690.0
13 6 -6356.0
13 7 -2780.0
13 8 -6254.0
13 9 1036.0
13 10 -2194.0
13 11 -5340.0
13 14 -3750.0
13 15 -4814.0
13 16 -3832.0
13 17 -5386.0
13 18 -310.0
13 19 -6564.0
13 20 -2336.0
13 21 -5354.0
13 22 56.0
13 23 -3468.0
13 24 -944.0
13 25 -118.0
13 27 -5270.0
13 28 -6840.0
13 29 2268.0
13 30 -3102.0
13 31 -4294.0
13 32 -5878.0
13 33 -370.0
13 34 -6374.0
13 35 -5620.0
13 36 596.0
13 37 -2700.0
13 38 -5550.0
13 39 -7780.0
13 40 -4356.0
13 41 -3188.0
13 42 -966.0
13 43 -8540.0
13 44 -6022.0
13 45 -6730.0
13 46 -5410.0
13 47 -4370.0
13 48 -2910.0
13 49 -4790.0
13 50 -2998.0
13 51 246.0
14 52 19074.0
14 2 -1202.0
14 3 -2572.0
14 4 -4380.0
14 5 -2980.0
14 6 -3156.0
14 7 -2850.0
14 8 -2294.0
14 9 -3054.0
14 10 -944.0
14 11 -4860.0
14 13 -3680.0
14 15 -3354.0
14 16 -502.0
14 17 -1776.0
14 18 -2880.0
14 19 -2674.0
14 20 -1436.0
14 21 -1264.0
14 22 -3204.0
14 23 -1938.0
14 24 -1154.0
14 25 -1858.0
14 27 -1170.0
14 28 -3510.0
14 29 -572.0
14 30 -3652.0
14 31 -4014.0
14 32 -3308.0
14 33 -3560.0
14 34 -2414.0
14 35 -3950.0
14 36 -3494.0
14 37 -1730.0
14 38 -3400.0
14 39 -4450.0
14 40 -1446.0
14 41 2.0
14 42 -3116.0
14 43 -7010.0
14 44 -2822.0
14 45 -6520.0
14 46 -7560.0
14 47 -1040.0
14 48 -1380.0
14 49 -2150.0
14 50 -908.0
14 51 3166.0
15 52 17134.0
15 2 -4752.0
15 3 -6042.0
15 4 -7220.0
15 5 -2630.0
15 6 -2536.0
15 7 -3330.0
15 8 -5694.0
15 9 -5554.0
15 10 -3864.0
15 11 -1800.0
15 13 -6390.0
15 14 -5000.0
15 16 -3832.0
15 17 -2536.0
15 18 -5100.0
15 19 -4134.0
15 20 -5676.0
15 21 -3964.0
15 22 -5564.0
15 23 142.0
15 24 -2124.0
15 25 -6098.0
15 27 -4780.0
15 28 -2610.0
15 29 -1132.0
15 30 -1642.0
15 31 -1794.0
15 32 -1578.0
15 33 -5510.0
15 34 -6164.0
15 35 -1520.0
15 36 -5584.0
15 37 -6040.0
15 38 350.0
15 39 -3130.0
15 40 -2206.0
15 41 -4858.0
15 42 -1036.0
15 43 -1870.0
15 44 -1092.0
15 45 -2010.0
15 46 -5550.0
15 47 -6380.0
15 48 -5620.0
15 49 -3260.0
15 50 3742.0
15 51 -1974.0
16 52 19834.0
16 2 -1552.0
16 3 -2992.0
16 4 -4660.0
16 5 -2010.0
16 6 -2326.0
16 7 -2220.0
16 8 -2574.0
16 9 -3264.0
16 10 -734.0
16 11 -4020.0
16 13 -3890.0
16 14 -630.0
16 15 -2314.0
16 17 -1086.0
16 18 -2880.0
16 19 -2254.0
16 20 -1926.0
16 21 -1124.0
16 22 -3274.0
16 23 -968.0
16 24 -664.0
16 25 -2618.0
16 27 -1310.0
16 28 -2750.0
16 29 -232.0
16 30 -2892.0
16 31 -3244.0
16 32 -2338.0
16 33 -3560.0
16 34 -2764.0
16 35 -2980.0
16 36 -3564.0
16 37 -2220.0
16 38 -2490.0
16 39 -3750.0
16 40 -536.0
16 41 -628.0
16 42 -2496.0
16 43 -6040.0
16 44 -1992.0
16 45 -5550.0
16 46 -6940.0
16 47 -2010.0
16 48 -1800.0
16 49 -1110.0
16 50 62.0
16 51 2326.0
17 52 17964.0
17 2 -1002.0
17 3 -5282.0
17 4 -6880.0
17 5 -1450.0
17 6 -316.0
17 7 -3820.0
17 8 -1944.0
17 9 -5554.0
17 10 -2954.0
17 11 -4370.0
17 13 -6180.0
17 14 -2640.0
17 15 -1754.0
17 16 -1822.0
17 18 -5100.0
17 19 -384.0
17 20 -4216.0
17 21 -284.0
17 22 -5494.0
17 23 -1178.0
17 24 -2404.0
17 25 -4778.0
17 27 -1310.0
17 28 -590.0
17 29 -2172.0
17 30 -3862.0
17 31 -3944.0
17 32 -1298.0
17 33 -5710.0
17 34 -2484.0
17 35 -2910.0
17 36 -5724.0
17 37 -4510.0
17 38 -1450.0
17 39 -1530.0
17 40 -676.0
17 41 -2848.0
17 42 -3606.0
17 43 -5060.0
17 44 158.0
17 45 -5620.0
17 46 -8120.0
17 47 -3740.0
17 48 -4090.0
17 49 -2010.0
17 50 1522.0
17 51 1076.0
18 52 18174.0
18 2 -4752.0
18 3 -422.0
18 4 -1460.0
18 5 -4790.0
18 6 -5456.0
18 7 -1740.0
18 8 -5834.0
18 9 136.0
18 10 -1364.0
18 11 -4370.0
18 13 -560.0
18 14 -3200.0
18 15 -3774.0
18 16 -3072.0
18 17 -4556.0
18 19 -5864.0
18 20 -1996.0
18 21 -4664.0
18 22 266.0
18 23 -2428.0
18 24 96.0
18 25 -818.0
18 27 -4710.0
18 28 -5940.0
18 29 2758.0
18 30 -2132.0
18 31 -3314.0
18 32 -4908.0
18 33 50.0
18 34 -5954.0
18 35 -4580.0
18 36 -24.0
18 37 -2360.0
18 38 -4580.0
18 39 -6880.0
18 40 -3526.0
18 41 -2638.0
18 42 -406.0
18 43 -7630.0
18 44 -5182.0
18 45 -5760.0
18 46 -4790.0
18 47 -4090.0
18 48 -2430.0
18 49 -3950.0
18 50 -2018.0
18 51 386.0
19 52 17274.0
19 2 -232.0
19 3 -5632.0
19 4 -7430.0
19 5 -2360.0
19 6 -1146.0
19 7 -4650.0
19 8 -1044.0
19 9 -6044.0
19 10 -3514.0
19 11 -5340.0
19 13 -6670.0
19 14 -2850.0
19 15 -2664.0
19 16 -2302.0
19 17 304.0
19 18 -5720.0
19 20 -4496.0
19 21 266.0
19 22 -6054.0
19 23 -2148.0
19 24 -3164.0
19 25 -5048.0
19 27 -890.0
19 28 -1010.0
19 29 -2932.0
19 30 -4832.0
19 31 -4844.0
19 32 -2268.0
19 33 -6270.0
19 34 -1724.0
19 35 -3880.0
19 36 -6344.0
19 37 -4860.0
19 38 -2350.0
19 39 -1880.0
19 40 -1516.0
19 41 -3188.0
19 42 -4576.0
19 43 -5830.0
19 44 -182.0
19 45 -6590.0
19 46 -9020.0
19 47 -3740.0
19 48 -4440.0
19 49 -2840.0
19 50 892.0
19 51 1356.0
20 52 18794.0
20 2 -2662.0
20 3 -972.0
20 4 -2780.0
20 5 -4020.0
20 6 -4476.0
20 7 -2430.0
20 8 -3754.0
20 9 -1464.0
20 10 -664.0
20 11 -4990.0
20 13 -2150.0
20 14 -1320.0
20 15 -3914.0
20 16 -1682.0
20 17 -3236.0
20 18 -1560.0
20 19 -4204.0
20 21 -2924.0
20 22 -1684.0
20 23 -2428.0
20 24 -594.0
20 25 -468.0
20 27 -2770.0
20 28 -4900.0
20 29 608.0
20 30 -3312.0
20 31 -4014.0
20 32 -4288.0
20 33 -2170.0
20 34 -3874.0
20 35 -4510.0
20 36 -1904.0
20 37 -200.0
20 38 -4300.0
20 39 -5840.0
20 40 -2556.0
20 41 -628.0
20 42 -2286.0
20 43 -7770.0
20 44 -4142.0
20 45 -6590.0
20 46 -6800.0
20 47 -1870.0
20 48 -480.0
20 49 -3050.0
20 50 -1818.0
20 51 2606.0
21 52 17684.0
21 2 248.0
21 3 -4932.0
21 4 -6740.0
21 5 -2490.0
21 6 -1706.0
21 7 -4310.0
21 8 -764.0
21 9 -5414.0
21 10 -2954.0
21 11 -5410.0
21 13 -6040.0
21 14 -2020.0
21 15 -3074.0
21 16 -1752.0
21 17 -176.0
21 18 -5100.0
21 19 -314.0
21 20 -3796.0
21 22 -5494.0
21 23 -2218.0
21 24 -2754.0
21 25 -4218.0
21 27 -60.0
21 28 -1770.0
21 29 -2452.0
21 30 -4632.0
21 31 -4844.0
21 32 -2618.0
21 33 -5710.0
21 34 -1164.0
21 35 -4020.0
21 36 -5724.0
21 37 -4090.0
21 38 -2770.0
21 39 -2710.0
21 40 -1376.0
21 41 -2428.0
21 42 -4436.0
21 43 -6380.0
21 44 -952.0
21 45 -6730.0
21 46 -8880.0
21 47 -2840.0
21 48 -3740.0
21 49 -2630.0
21 50 202.0
21 51 2256.0
22 52 17754.0
22 2 -5022.0
22 3 -142.0
22 4 -980.0
22 5 -5200.0
22 6 -5936.0
22 7 -2220.0
22 8 -6114.0
22 9 556.0
22 10 -1774.0
22 11 -4720.0
22 13 -210.0
22 14 -3540.0
22 15 -4254.0
22 16 -3482.0
22 17 -4966.0
22 18 250.0
22 19 -6214.0
22 20 -2136.0
22 21 -5074.0
22 23 -2848.0
22 24 -324.0
22 25 -608.0
22 27 -4990.0
22 28 -6360.0
22 29 2688.0
22 30 -2542.0
22 31 -3734.0
22 32 -5328.0
22 33 190.0
22 34 -6234.0
22 35 -5060.0
22 36 386.0
22 37 -2560.0
22 38 -5060.0
22 39 -7360.0
22 40 -3876.0
22 41 -2918.0
22 42 -546.0
22 43 -7980.0
22 44 -5532.0
22 45 -6110.0
22 46 -4990.0
22 47 -4300.0
22 48 -2770.0
22 49 -4300.0
22 50 -2438.0
22 51 246.0
23 52 18864.0
23 2 -3772.0
23 3 -4382.0
23 4 -5630.0
23 5 -1590.0
23 6 -2116.0
23 7 -1810.0
23 8 -4724.0
23 9 -4094.0
23 10 -2194.0
23 11 -1450.0
23 13 -4860.0
23 14 -3400.0
23 15 326.0
23 16 -2302.0
23 17 -1776.0
23 18 -3570.0
23 19 -3434.0
23 20 -4006.0
23 21 -2924.0
23 22 -3974.0
23 24 -594.0
23 25 -4498.0
23 27 -3600.0
23 28 -2470.0
23 29 48.0
23 30 -952.0
23 31 -1024.0
23 32 -1088.0
23 33 -4050.0
23 34 -5054.0
23 35 -410.0
23 36 -4124.0
23 37 -4370.0
23 38 -340.0
23 39 -3200.0
23 40 -886.0
23 41 -3258.0
23 42 -756.0
23 43 -3470.0
23 44 -1432.0
23 45 -2840.0
23 46 -5200.0
23 47 -4790.0
23 48 -3950.0
23 49 -1800.0
23 50 2212.0
23 51 -514.0
24 52 19494.0
24 2 -4052.0
24 3 -2082.0
24 4 -3200.0
24 5 -3120.0
24 6 -3856.0
24 7 -0.0
24 8 -5074.0
24 9 -1664.0
24 10 -664.0
24 11 -2700.0
24 13 -2430.0
24 14 -2710.0
24 15 -2034.0
24 16 -2092.0
24 17 -3096.0
24 18 -1140.0
24 19 -4544.0
24 20 -2266.0
24 21 -3554.0
24 22 -1544.0
24 23 -688.0
24 25 -2278.0
24 27 -3810.0
24 28 -4340.0
24 29 2198.0
24 30 -812.0
24 31 -1654.0
24 32 -3238.0
24 33 -1620.0
24 34 -5264.0
24 35 -2840.0
24 36 -1694.0
24 37 -2700.0
24 38 -2770.0
24 39 -5280.0
24 40 -1996.0
24 41 -2218.0
24 42 -66.0
24 43 -5830.0
24 44 -3452.0
24 45 -4230.0
24 46 -4510.0
24 47 -3880.0
24 48 -2360.0
24 49 -2360.0
24 50 -218.0
24 51 386.0
25 52 16024.0
25 2 -4612.0
25 3 208.0
25 4 -2090.0
25 5 -6800.0
25 6 -7256.0
25 7 -4720.0
25 8 -5694.0
25 9 -694.0
25 10 -3304.0
25 11 -7290.0
25 13 -2080.0
25 14 -3890.0
25 15 -6484.0
25 16 -4522.0
25 17 -5946.0
25 18 -2530.0
25 19 -6904.0
25 20 -2616.0
25 21 -5494.0
25 22 -2304.0
25 23 -5068.0
25 24 -2754.0
25 27 -5200.0
25 28 -7680.0
25 29 -232.0
25 30 -5322.0
25 31 -6304.0
25 32 -7128.0
25 33 -2800.0
25 34 -5954.0
25 35 -7150.0
25 36 -1694.0
25 37 -2840.0
25 38 -7010.0
25 39 -8680.0
25 40 -5396.0
25 41 -3398.0
25 42 -3466.0
25 43 -10410.0
25 44 -6922.0
25 45 -8880.0
25 46 -7910.0
25 47 -3950.0
25 48 -3260.0
25 49 -5830.0
25 50 -4588.0
25 51 1426.0
26 52 15954.0
26 2 -7522.0
26 3 -5072.0
26 4 -5770.0
26 5 -5550.0
26 6 -6076.0
26 7 -3330.0
26 8 -8544.0
26 9 -3754.0
26 10 -4554.0
26 11 -2770.0
26 13 -5070.0
26 14 -6460.0
26 15 -2174.0
26 16 -5572.0
26 17 -5736.0
26 18 -4060.0
26 19 -7394.0
26 20 -6086.0
26 21 -6744.0
26 22 -4314.0
26 23 -2218.0
26 24 -1984.0
26 25 -5538.0
26 27 -7350.0
26 28 -6360.0
26 29 1088.0
26 30 -532.0
26 31 -2204.0
26 32 -5048.0
26 33 -4190.0
26 34 -8734.0
26 35 -4230.0
26 36 -3774.0
26 37 -6520.0
26 38 -3740.0
26 39 -7150.0
26 40 -4776.0
26 41 -6038.0
26 42 3134.0
26 43 -5200.0
26 44 -5182.0
26 45 -2560.0
26 46 -1450.0
26 47 -7770.0
26 48 -6310.0
26 49 -5480.0
26 50 62.0
26 51 -3504.0
27 52 17684.0
27 2 598.0
27 3 -4382.0
27 4 -6390.0
27 5 -2980.0
27 6 -2466.0
27 7 -4310.0
27 8 -554.0
27 9 -5004.0
27 10 -2754.0
27 11 -5760.0
27 13 -5630.0
27 14 -1600.0
27 15 -3564.0
27 16 -1612.0
27 17 -876.0
27 18 -4820.0
27 19 -1144.0
27 20 -3316.0
27 21 266.0
27 22 -5084.0
27 23 -2568.0
27 24 -2684.0
27 25 -3598.0
27 28 -2540.0
27 29 -2382.0
27 30 -4902.0
27 31 -5124.0
27 32 -3238.0
27 33 -5440.0
27 34 -674.0
27 35 -4440.0
27 36 -5444.0
27 37 -3610.0
27 38 -3400.0
27 39 -3540.0
27 40 -1786.0
27 41 -2008.0
27 42 -4576.0
27 43 -7080.0
27 44 -1782.0
27 45 -7220.0
27 46 -9020.0
27 47 -2150.0
27 48 -3260.0
27 49 -2840.0
27 50 -498.0
27 51 3026.0
28 52 16994.0
28 2 -1902.0
28 3 -6392.0
28 4 -7990.0
28 5 -1870.0
28 6 -176.0
28 7 -4580.0
28 8 -2644.0
28 9 -6524.0
28 10 -3934.0
28 11 -4440.0
28 13 -7150.0
28 14 -3890.0
28 15 -1344.0
28 16 -3002.0
28 17 -106.0
28 18 -6000.0
28 19 -1214.0
28 20 -5396.0
28 21 -1394.0
28 22 -6404.0
28 23 -1388.0
28 24 -3164.0
28 25 -6028.0
28 27 -2490.0
28 29 -2932.0
28 30 -4142.0
28 31 -4154.0
28 32 -1228.0
28 33 -6550.0
28 34 -3524.0
28 35 -3050.0
28 36 -6694.0
28 37 -5690.0
28 38 -830.0
28 39 -280.0
28 40 -1446.0
28 41 -4098.0
28 42 -3886.0
28 43 -4230.0
28 44 1478.0
28 45 -5340.0
28 46 -8330.0
28 47 -5060.0
28 48 -5270.0
28 49 -2910.0
28 50 2632.0
28 51 -174.0
29 52 17274.0
29 2 -6132.0
29 3 -1742.0
29 4 -2430.0
29 5 -5410.0
29 6 -6146.0
29 7 -2020.0
29 8 -7224.0
29 9 -414.0
29 10 -2614.0
29 11 -3950.0
29 13 -1740.0
29 14 -4650.0
29 15 -3564.0
29 16 -4182.0
29 17 -5386.0
29 18 -1000.0
29 19 -6834.0
29 20 -3586.0
29 21 -5774.0
29 22 -1054.0
29 23 -2568.0
29 24 -324.0
29 25 -2278.0
29 27 -6030.0
29 28 -6630.0
29 30 -1432.0
29 31 -2904.0
29 32 -5328.0
29 33 -990.0
29 34 -7344.0
29 35 -4720.0
29 36 -374.0
29 37 -4020.0
29 38 -4650.0
29 39 -7500.0
29 40 -4216.0
29 41 -4028.0
29 42 1254.0
29 43 -7220.0
29 44 -5602.0
29 45 -5060.0
29 46 -3190.0
29 47 -5620.0
29 48 -4020.0
29 49 -4650.0
29 50 -1818.0
29 51 -1214.0
30 52 17824.0
30 2 -5652.0
30 3 -3962.0
30 4 -4860.0
30 5 -3810.0
30 6 -4406.0
30 7 -1600.0
30 8 -6734.0
30 9 -3054.0
30 10 -2754.0
30 11 -1310.0
30 13 -4030.0
30 14 -4650.0
30 15 -994.0
30 16 -3762.0
30 17 -3996.0
30 18 -2810.0
30 19 -5654.0
30 20 -4426.0
30 21 -4874.0
30 22 -3204.0
30 23 -488.0
30 24 -254.0
30 25 -4288.0
30 27 -5470.0
30 28 -4760.0
30 29 1648.0
30 31 -474.0
30 32 -3378.0
30 33 -3210.0
30 34 -6924.0
30 35 -2630.0
30 36 -2944.0
30 37 -4860.0
30 38 -2350.0
30 39 -5560.0
30 40 -2966.0
30 41 -4238.0
30 42 1534.0
30 43 -4510.0
30 44 -3592.0
30 45 -2290.0
30 46 -2910.0
30 47 -5900.0
30 48 -4580.0
30 49 -3540.0
30 50 822.0
30 51 -1764.0
31 52 18314.0
31 2 -4952.0
31 3 -4102.0
31 4 -5140.0
31 5 -2910.0
31 6 -3506.0
31 7 -1390.0
31 8 -5974.0
31 9 -3404.0
31 10 -2474.0
31 11 -620.0
31 13 -4310.0
31 14 -4100.0
31 15 -234.0
31 16 -3202.0
31 17 -3166.0
31 18 -3080.0
31 19 -4754.0
31 20 -4216.0
31 21 -4174.0
31 22 -3484.0
31 23 352.0
31 24 -184.0
31 25 -4358.0
31 27 -4780.0
31 28 -3860.0
31 29 1088.0
31 30 438.0
31 32 -2478.0
31 33 -3490.0
31 34 -6234.0
31 35 -1730.0
31 36 -3364.0
31 37 -4580.0
31 38 -1450.0
31 39 -4590.0
31 40 -2136.0
31 41 -3818.0
31 42 634.0
31 43 -3950.0
31 44 -2752.0
31 45 -2150.0
31 46 -3810.0
31 47 -5480.0
31 48 -4300.0
31 49 -2840.0
31 50 1522.0
31 51 -1214.0
32 52 18244.0
32 2 -2802.0
32 3 -5282.0
32 4 -6740.0
32 5 -760.0
32 6 -596.0
32 7 -2990.0
32 8 -3684.0
32 9 -5274.0
32 10 -2824.0
32 11 -2840.0
32 13 -5900.0
32 14 -3400.0
32 15 -24.0
32 16 -2302.0
32 17 -526.0
32 18 -4680.0
32 19 -2184.0
32 20 -4496.0
32 21 -1954.0
32 22 -5084.0
32 23 282.0
32 24 -1774.0
32 25 -5188.0
32 27 -2900.0
32 28 -940.0
32 29 -1342.0
32 30 -2472.0
32 31 -2484.0
32 33 -5230.0
32 34 -4154.0
32 35 -1380.0
32 36 -5304.0
32 37 -4860.0
32 38 280.0
32 39 -1740.0
32 40 -536.0
32 41 -3468.0
32 42 -2216.0
32 43 -3400.0
32 44 158.0
32 45 -3880.0
32 46 -6730.0
32 47 -4650.0
32 48 -4370.0
32 49 -1800.0
32 50 2772.0
32 51 -174.0
33 52 17824.0
33 2 -5162.0
33 3 -352.0
33 4 -1250.0
33 5 -5200.0
33 6 -5866.0
33 7 -2020.0
33 8 -6254.0
33 9 416.0
33 10 -1844.0
33 11 -4510.0
33 13 -420.0
33 14 -3680.0
33 15 -3984.0
33 16 -3552.0
33 17 -4966.0
33 18 250.0
33 19 -6214.0
33 20 -2406.0
33 21 -5074.0
33 22 406.0
33 23 -2708.0
33 24 -184.0
33 25 -888.0
33 27 -5130.0
33 28 -6290.0
33 29 2968.0
33 30 -2332.0
33 31 -3524.0
33 32 -5258.0
33 34 -6374.0
33 35 -4860.0
33 36 386.0
33 37 -2700.0
33 38 -4920.0
33 39 -7290.0
33 40 -3876.0
33 41 -2988.0
33 42 -206.0
33 43 -7840.0
33 44 -5532.0
33 45 -5900.0
33 46 -4650.0
33 47 -4440.0
33 48 -2840.0
33 49 -4300.0
33 50 -2298.0
33 51 36.0
34 52 16504.0
34 2 1778.0
34 3 -5212.0
34 4 -7220.0
34 5 -4160.0
34 6 -3436.0
34 7 -5490.0
34 8 626.0
34 9 -5904.0
34 10 -3864.0
34 11 -7010.0
34 13 -6530.0
34 14 -2640.0
34 15 -4744.0
34 16 -2862.0
34 17 -1846.0
34 18 -5860.0
34 19 -1774.0
34 20 -4216.0
34 21 -634.0
34 22 -6124.0
34 23 -3818.0
34 24 -3934.0
34 25 -4148.0
34 27 -470.0
34 28 -3370.0
34 29 -3492.0
34 30 -6152.0
34 31 -6374.0
34 32 -4288.0
34 33 -6480.0
34 35 -5690.0
34 36 -6414.0
34 37 -4510.0
34 38 -4440.0
34 39 -4240.0
34 40 -3036.0
34 41 -2918.0
34 42 -5826.0
34 43 -8120.0
34 44 -2482.0
34 45 -8400.0
34 46 -10270.0
34 47 -2770.0
34 48 -4230.0
34 49 -4090.0
34 50 -1468.0
34 51 3166.0
35 52 18654.0
35 2 -3702.0
35 3 -4722.0
35 4 -5910.0
35 5 -1450.0
35 6 -1846.0
35 7 -2150.0
35 8 -4654.0
35 9 -4374.0
35 10 -2404.0
35 11 -1590.0
35 13 -5140.0
35 14 -3540.0
35 15 536.0
35 16 -2442.0
35 17 -1636.0
35 18 -3850.0
35 19 -3294.0
35 20 -4216.0
35 21 -2854.0
35 22 -4314.0
35 23 1462.0
35 24 -874.0
35 25 -4708.0
35 27 -3600.0
35 28 -2260.0
35 29 -232.0
35 30 -1222.0
35 31 -1234.0
35 32 -878.0
35 33 -4330.0
35 34 -5054.0
35 36 -4404.0
35 37 -4580.0
35 38 -60.0
35 39 -2990.0
35 40 -886.0
35 41 -3468.0
35 42 -966.0
35 43 -3260.0
35 44 -1092.0
35 45 -2840.0
35 46 -5410.0
35 47 -4860.0
35 48 -4160.0
35 49 -1870.0
35 50 2492.0
35 51 -584.0
36 52 16714.0
36 2 -6002.0
36 3 -212.0
36 4 -700.0
36 5 -6240.0
36 6 -6976.0
36 7 -3060.0
36 8 -7154.0
36 9 1386.0
36 10 -2824.0
36 11 -5480.0
36 13 -420.0
36 14 -4580.0
36 15 -5024.0
36 16 -4522.0
36 17 -5946.0
36 18 -790.0
36 19 -7254.0
36 20 -3106.0
36 21 -6054.0
36 22 -364.0
36 23 -3748.0
36 24 -1224.0
36 25 -748.0
36 27 -6100.0
36 28 -7400.0
36 29 2618.0
36 30 -3032.0
36 31 -4364.0
36 32 -6298.0
36 33 -580.0
36 34 -7274.0
36 35 -5900.0
36 37 -3470.0
36 38 -5960.0
36 39 -8400.0
36 40 -4916.0
36 41 -3958.0
36 42 -406.0
36 43 -8810.0
36 44 -6572.0
36 45 -6730.0
36 46 -4860.0
36 47 -5270.0
36 48 -3740.0
36 49 -5340.0
36 50 -3268.0
36 51 -654.0
37 52 18724.0
37 2 -2662.0
37 3 -902.0
37 4 -2850.0
37 5 -4090.0
37 6 -4546.0
37 7 -2570.0
37 8 -3684.0
37 9 -1464.0
37 10 -734.0
37 11 -5130.0
37 13 -2220.0
37 14 -1320.0
37 15 -3984.0
37 16 -1682.0
37 17 -3236.0
37 18 -1630.0
37 19 -4274.0
37 20 94.0
37 21 -2924.0
37 22 -1814.0
37 23 -2498.0
37 24 -734.0
37 25 -398.0
37 27 -2770.0
37 28 -4900.0
37 29 468.0
37 30 -3452.0
37 31 -4084.0
37 32 -4358.0
37 33 -2170.0
37 34 -3874.0
37 35 -4580.0
37 36 -1974.0
37 38 -4370.0
37 39 -5970.0
37 40 -2626.0
37 41 -628.0
37 42 -2426.0
37 43 -7840.0
37 44 -4212.0
37 45 -6730.0
37 46 -6870.0
37 47 -1800.0
37 48 -550.0
37 49 -3120.0
37 50 -1888.0
37 51 2676.0
38 52 17404.0
38 2 -3842.0
38 3 -6112.0
38 4 -7430.0
38 5 -1870.0
38 6 -1496.0
38 7 -3540.0
38 8 -4724.0
38 9 -5834.0
38 10 -3724.0
38 11 -2630.0
38 13 -6530.0
38 14 -4450.0
38 15 946.0
38 16 -3412.0
38 17 -1636.0
38 18 -5310.0
38 19 -3224.0
38 20 -5466.0
38 21 -3064.0
38 22 -5774.0
38 23 72.0
38 24 -2264.0
38 25 -6028.0
38 27 -4020.0
38 28 -1500.0
38 29 -1622.0
38 30 -2402.0
38 31 -2414.0
38 32 -678.0
38 33 -5850.0
38 34 -5264.0
38 35 -1520.0
38 36 -5924.0
38 37 -5830.0
38 39 -2090.0
38 40 -1646.0
38 41 -4508.0
38 42 -1936.0
38 43 -2290.0
38 44 -52.0
38 45 -3120.0
38 46 -6450.0
38 47 -5830.0
38 48 -5410.0
38 49 -2840.0
38 50 3882.0
38 51 -1354.0
39 52 16644.0
39 2 -2252.0
39 3 -6812.0
39 4 -8470.0
39 5 -2290.0
39 6 -596.0
39 7 -4930.0
39 8 -2984.0
39 9 -6944.0
39 10 -4414.0
39 11 -4650.0
39 13 -7570.0
39 14 -4310.0
39 15 -1344.0
39 16 -3482.0
39 17 -526.0
39 18 -6420.0
39 19 -1564.0
39 20 -5816.0
39 21 -1814.0
39 22 -6884.0
39 23 -1598.0
39 24 -3584.0
39 25 -6508.0
39 27 -2970.0
39 28 240.0
39 29 -3282.0
39 30 -4422.0
39 31 -4364.0
39 32 -1508.0
39 33 -7030.0
39 34 -3874.0
39 35 -3260.0
39 36 -7174.0
39 37 -6240.0
39 38 -900.0
39 40 -1926.0
39 41 -4578.0
39 42 -4156.0
39 43 -4090.0
39 44 1898.0
39 45 -5410.0
39 46 -8540.0
39 47 -5480.0
39 48 -5690.0
39 49 -3330.0
39 50 2912.0
39 51 -654.0
40 52 19354.0
40 2 -1972.0
40 3 -4102.0
40 4 -5630.0
40 5 -620.0
40 6 -1146.0
40 7 -2360.0
40 8 -2984.0
40 9 -4164.0
40 10 -1644.0
40 11 -3120.0
40 13 -4790.0
40 14 -1950.0
40 15 -1064.0
40 16 -912.0
40 17 -316.0
40 18 -3710.0
40 19 -1844.0
40 20 -3176.0
40 21 -1124.0
40 22 -4044.0
40 23 72.0
40 24 -944.0
40 25 -3868.0
40 27 -1860.0
40 28 -1570.0
40 29 -642.0
40 30 -2472.0
40 31 -2554.0
40 32 -948.0
40 33 -4260.0
40 34 -3314.0
40 35 -1800.0
40 36 -4334.0
40 37 -3540.0
40 38 -1100.0
40 39 -2570.0
40 41 -2078.0
40 42 -2216.0
40 43 -4720.0
40 44 -812.0
40 45 -4580.0
40 46 -6660.0
40 47 -3330.0
40 48 -3050.0
40 49 -550.0
40 50 1382.0
40 51 1076.0
41 52 19214.0
41 2 -1622.0
41 3 -2082.0
41 4 -3890.0
41 5 -3120.0
41 6 -3436.0
41 7 -2570.0
41 8 -2714.0
41 9 -2574.0
41 10 -664.0
41 11 -4720.0
41 13 -3260.0
41 14 -140.0
41 15 -3354.0
41 16 -642.0
41 17 -2126.0
41 18 -2460.0
41 19 -3154.0
41 20 -886.0
41 21 -1814.0
41 22 -2724.0
41 23 -1938.0
41 24 -804.0
41 25 -1508.0
41 27 -1720.0
41 28 -3860.0
41 29 -92.0
41 30 -3382.0
41 31 -3874.0
41 32 -3518.0
41 33 -3010.0
41 34 -2834.0
41 35 -4020.0
41 36 -3014.0
41 37 -1180.0
41 38 -3600.0
41 39 -4860.0
41 40 -1716.0
41 42 -2766.0
41 43 -7150.0
41 44 -3102.0
41 45 -6380.0
41 46 -7150.0
41 47 -1180.0
41 48 -830.0
41 49 -2220.0
41 50 -1118.0
41 51 3026.0
42 52 15044.0
42 2 -8632.0
42 3 -5142.0
42 4 -5700.0
42 5 -6800.0
42 6 -7396.0
42 7 -4170.0
42 8 -9654.0
42 9 -3544.0
42 10 -5254.0
42 11 -4160.0
42 13 -5140.0
42 14 -7360.0
42 15 -3634.0
42 16 -6612.0
42 17 -6986.0
42 18 -4330.0
42 19 -8644.0
42 20 -6646.0
42 21 -7924.0
42 22 -4454.0
42 23 -3538.0
42 24 -2754.0
42 25 -5678.0
42 27 -8390.0
42 28 -7750.0
42 29 1088.0
42 30 -1712.0
42 31 -3524.0
42 32 -6368.0
42 33 -4330.0
42 34 -9844.0
42 35 -5620.0
42 36 -3564.0
42 37 -7080.0
42 38 -5130.0
42 39 -8540.0
42 40 -5956.0
42 41 -6868.0
42 43 -6590.0
42 44 -6572.0
42 45 -4020.0
42 46 -270.0
42 47 -8470.0
42 48 -6940.0
42 49 -6590.0
42 50 -1328.0
42 51 -4264.0
43 52 15394.0
43 2 -5932.0
43 3 -7782.0
43 4 -8960.0
43 5 -4090.0
43 6 -3646.0
43 7 -5070.0
43 8 -6804.0
43 9 -7224.0
43 10 -5664.0
43 11 -3400.0
43 13 -8060.0
43 14 -6600.0
43 15 186.0
43 16 -5502.0
43 17 -3786.0
43 18 -6900.0
43 19 -5244.0
43 20 -7476.0
43 21 -5214.0
43 22 -7234.0
43 23 -1598.0
43 24 -3864.0
43 25 -7968.0
43 27 -6240.0
43 28 -3440.0
43 29 -2732.0
43 30 -3102.0
43 31 -3454.0
43 32 -2898.0
43 33 -7310.0
43 34 -7484.0
43 35 -3260.0
43 36 -7314.0
43 37 -7840.0
43 38 -830.0
43 39 -3820.0
43 40 -3806.0
43 41 -6598.0
43 42 -1936.0
43 44 -1572.0
43 45 -2700.0
43 46 -6520.0
43 47 -7980.0
43 48 -7420.0
43 49 -4990.0
43 50 5132.0
43 51 -3574.0
44 52 16294.0
44 2 -2592.0
44 3 -7292.0
44 4 -8750.0
44 5 -2630.0
44 6 -1006.0
44 7 -5210.0
44 8 -3264.0
44 9 -7294.0
44 10 -4764.0
44 11 -4790.0
44 13 -7920.0
44 14 -4790.0
44 15 -1414.0
44 16 -3832.0
44 17 -946.0
44 18 -6830.0
44 19 -1974.0
44 20 -6226.0
44 21 -2164.0
44 22 -7164.0
44 23 -1938.0
44 24 -3864.0
44 25 -6858.0
44 27 -3320.0
44 28 -110.0
44 29 -3492.0
44 30 -4562.0
44 31 -4634.0
44 32 -1718.0
44 33 -7380.0
44 34 -4224.0
44 35 -3470.0
44 36 -7454.0
44 37 -6590.0
44 38 -970.0
44 39 -210.0
44 40 -2276.0
44 41 -4928.0
44 42 -4296.0
44 43 -3950.0
44 45 -5480.0
44 46 -8810.0
44 47 -5900.0
44 48 -6110.0
44 49 -3740.0
44 50 3252.0
44 51 -1004.0
45 26 -850.0
46 12 -1804.0
47 52 18104.0
47 2 -862.0
47 3 -2502.0
47 4 -4520.0
47 5 -3880.0
47 6 -3926.0
47 7 -3680.0
47 8 -2014.0
47 9 -3194.0
47 10 -1774.0
47 11 -5830.0
47 13 -3890.0
47 14 -630.0
47 15 -4324.0
47 16 -1472.0
47 17 -2466.0
47 18 -3360.0
47 19 -3154.0
47 20 -1576.0
47 21 -1674.0
47 22 -3554.0
47 23 -2918.0
47 24 -1914.0
47 25 -1508.0
47 27 -1310.0
47 28 -4270.0
47 29 -1132.0
47 30 -4492.0
47 31 -4984.0
47 32 -4148.0
47 33 -3910.0
47 34 -2134.0
47 35 -4860.0
47 36 -3774.0
47 37 -1800.0
47 38 -4370.0
47 39 -5210.0
47 40 -2416.0
47 41 -628.0
47 42 -3816.0
47 43 -7980.0
47 44 -3522.0
47 45 -7490.0
47 46 -8260.0
47 48 -1730.0
47 49 -3120.0
47 50 -1748.0
47 51 4136.0
48 52 19144.0
48 2 -2322.0
48 3 -1322.0
48 4 -3130.0
48 5 -3540.0
48 6 -3996.0
48 7 -2290.0
48 8 -3474.0
48 9 -1804.0
48 10 -324.0
48 11 -4720.0
48 13 -2430.0
48 14 -970.0
48 15 -3564.0
48 16 -1262.0
48 17 -2816.0
48 18 -1700.0
48 19 -3854.0
48 20 -186.0
48 21 -2574.0
48 22 -2024.0
48 23 -2078.0
48 24 -394.0
48 25 -818.0
48 27 -2420.0
48 28 -4480.0
48 29 468.0
48 30 -3172.0
48 31 -3804.0
48 32 -3868.0
48 33 -2310.0
48 34 -3594.0
48 35 -4160.0
48 36 -2244.0
48 37 -550.0
48 38 -3950.0
48 39 -5420.0
48 40 -2136.0
48 41 -278.0
48 42 -2286.0
48 43 -7420.0
48 44 -3732.0
48 45 -6380.0
48 46 -6730.0
48 47 -1730.0
48 49 -2630.0
48 50 -1468.0
48 51 2676.0
49 52 19904.0
49 2 -2112.0
49 3 -3612.0
49 4 -5140.0
49 5 -1040.0
49 6 -1636.0
49 7 -1880.0
49 8 -3194.0
49 9 -3684.0
49 10 -1154.0
49 11 -3050.0
49 13 -4310.0
49 14 -1740.0
49 15 -1204.0
49 16 -572.0
49 17 -736.0
49 18 -3220.0
49 19 -2254.0
49 20 -2756.0
49 21 -1464.0
49 22 -3554.0
49 23 72.0
49 24 -394.0
49 25 -3388.0
49 27 -2000.0
49 28 -2120.0
49 29 -162.0
49 30 -2132.0
49 31 -2344.0
49 32 -1298.0
49 33 -3770.0
49 34 -3454.0
49 35 -1870.0
49 36 -3844.0
49 37 -3120.0
49 38 -1380.0
49 39 -3060.0
49 40 364.0
49 41 -1668.0
49 42 -1936.0
49 43 -4990.0
49 44 -1362.0
49 45 -4510.0
49 46 -6380.0
49 47 -3120.0
49 48 -2630.0
49 50 1102.0
49 51 1216.0
50 52 14634.0
50 2 -5862.0
50 3 -8822.0
50 4 -10000.0
50 5 -4510.0
50 6 -3646.0
50 7 -6110.0
50 8 -6594.0
50 9 -8404.0
50 10 -6434.0
50 11 -4580.0
50 13 -9170.0
50 14 -7150.0
50 15 -854.0
50 16 -6052.0
50 17 -3856.0
50 18 -7940.0
50 19 -5174.0
50 20 -8176.0
50 21 -5284.0
50 22 -8344.0
50 23 -2568.0
50 24 -4904.0
50 25 -8798.0
50 27 -6310.0
50 28 -3230.0
50 29 -3982.0
50 30 -4422.0
50 31 -4634.0
50 32 -3378.0
50 33 -8420.0
50 34 -7484.0
50 35 -4160.0
50 36 -8424.0
50 37 -8540.0
50 38 -1310.0
50 39 -3470.0
50 40 -4356.0
50 41 -7218.0
50 42 -3326.0
50 43 -1520.0
50 45 -4090.0
50 46 -7910.0
50 47 -8400.0
50 48 -8120.0
50 49 -5550.0
50 51 -3854.0
51 52 16574.0
51 2 -512.0
51 3 -3332.0
51 4 -5560.0
51 5 -5200.0
51 6 -5036.0
51 7 -5210.0
51 8 -1464.0
51 9 -4234.0
51 10 -3304.0
51 11 -7420.0
51 13 -5070.0
51 14 -2220.0
51 15 -5714.0
51 16 -2932.0
51 17 -3446.0
51 18 -4680.0
51 19 -3854.0
51 20 -2896.0
51 21 -2374.0
51 22 -4804.0
51 23 -4438.0
51 24 -3444.0
51 25 -1928.0
51 27 -1930.0
51 28 -5180.0
51 29 -2522.0
51 30 -6152.0
51 31 -6514.0
51 32 -5468.0
51 33 -5230.0
51 34 -1994.0
51 35 -6380.0
51 36 -4954.0
51 37 -3120.0
51 38 -5690.0
51 39 -6180.0
51 40 -3806.0
51 41 -2218.0
51 42 -5406.0
51 43 -9370.0
51 44 -4422.0
51 45 -9020.0
51 46 -9790.0
51 47 -1660.0
51 48 -3120.0
51 49 -4580.0
51 50 -2998.0
52 2 0
52 3 0
52 4 0
52 5 0
52 6 0
52 7 0
52 8 0
52 9 0
52 10 0
52 11 0
52 12 0
52 13 0
52 14 0
52 15 0
52 16 0
52 17 0
52 18 0
52 19 0
52 20 0
52 21 0
52 22 0
52 23 0
52 24 0
52 25 0
52 26 0
52 27 0
52 28 0
52 29 0
52 30 0
52 31 0
52 32 0
52 33 0
52 34 0
52 35 0
52 36 0
52 37 0
52 38 0
52 39 0
52 40 0
52 41 0
52 42 0
52 43 0
52 44 0
52 45 0
52 46 0
52 47 0
52 48 0
52 49 0
52 50 0
52 51 0
2 1 0
3 1 0
4 1 0
5 1 0
6 1 0
7 1 0
8 1 0
9 1 0
10 1 0
11 1 0
12 1 0
13 1 0
14 1 0
15 1 0
16 1 0
17 1 0
18 1 0
19 1 0
20 1 0
21 1 0
22 1 0
23 1 0
24 1 0
25 1 0
26 1 0
27 1 0
28 1 0
29 1 0
30 1 0
31 1 0
32 1 0
33 1 0
34 1 0
35 1 0
36 1 0
37 1 0
38 1 0
39 1 0
40 1 0
41 1 0
42 1 0
43 1 0
44 1 0
45 1 0
46 1 0
47 1 0
48 1 0
49 1 0
50 1 0
51 1 0
52 1 0
