52 2648
1
2
3
4
5
6
7
8
9
10
11
12
13
14
15
16
17
18
19
20
21
22
23
24
25
26
27
28
29
30
31
32
33
34
35
36
37
38
39
40
41
42
43
44
45
46
47
48
49
50
51
52
1 52 -0.0
1 2 -23338.6
1 3 -23621.0
1 4 -23900.0
1 5 -21831.4
1 6 -24037.0
1 7 -20005.9
1 8 -22077.2
1 9 -24134.4
1 10 -23672.6
1 11 -23851.8
1 12 -21252.1
1 13 -23087.4
1 14 -25205.8
1 15 -22640.0
1 16 -22500.0
1 17 -19152.8
1 18 -23900.0
1 19 -18488.7
1 20 -23484.3
1 21 -24543.4
1 22 -22049.8
1 23 -24800.0
1 24 -24040.0
1 25 -20683.1
1 26 -22555.4
1 27 -21223.4
1 28 -20064.2
1 29 -24018.6
1 30 -22230.0
1 31 -21815.9
1 32 -18335.8
1 33 -20256.4
1 34 -20976.6
1 35 -24213.4
1 36 -21760.2
1 37 -22597.6
1 38 -23654.4
1 39 -23472.8
1 40 -20884.8
1 41 -24590.0
1 42 -21971.0
1 43 -20922.9
1 44 -23651.0
1 45 -21094.2
1 46 -19580.0
1 47 -23831.4
1 48 -22511.4
1 49 -23535.5
1 50 -21180.0
1 51 -24380.0
2 52 14237.0
2 3 278.963
2 4 -830.0
2 5 -6891.43
2 6 -5277.04
2 7 -4025.94
2 8 1542.84
2 9 -5724.39
2 10 -5602.55
2 11 -1411.79
2 12 -6242.09
2 13 -4877.45
2 14 -5675.82
2 15 -5270.0
2 16 -3610.0
2 17 -1992.76
2 18 -7570.0
2 19 -1598.66
2 20 -6184.34
2 21 -8553.38
2 22 -5089.8
2 23 -7910.0
2 24 -4170.0
2 25 -4773.11
2 26 -7615.36
2 27 -5863.42
2 28 -3324.18
2 29 -9208.57
2 30 -4650.0
2 31 -4445.87
2 32 -3465.82
2 33 -5256.43
2 34 353.384
2 35 -3573.37
2 36 -2240.17
2 37 -7447.55
2 38 -4964.39
2 39 -3392.76
2 40 -6014.8
2 41 -8120.0
2 42 -1201.02
2 43 -5492.86
2 44 -931.02
2 45 -2054.18
2 46 -3540.0
2 47 -4241.43
2 48 -6321.43
2 49 -7625.49
2 50 -5270.0
2 51 -8470.0
3 52 14577.0
3 2 901.361
3 4 -1390.0
3 5 -6681.43
3 6 -5697.04
3 7 -3395.94
3 8 2302.84
3 9 -6074.39
3 10 -4842.55
3 11 -1901.79
3 12 -6102.09
3 13 -4047.45
3 14 -6165.82
3 15 -4650.0
3 16 -3050.0
3 17 -1922.76
3 18 -7010.0
3 19 -1808.66
3 20 -5554.34
3 21 -8693.38
3 22 -4399.8
3 23 -7220.0
3 24 -4720.0
3 25 -4283.11
3 26 -7405.36
3 27 -5313.42
3 28 -2904.18
3 29 -8868.57
3 30 -4720.0
3 31 -3825.87
3 32 -3045.82
3 33 -4906.43
3 34 213.384
3 35 -3993.37
3 36 -1820.17
3 37 -7307.55
3 38 -5374.39
3 39 -3952.76
3 40 -5664.8
3 41 -7360.0
3 42 -781.02
3 43 -5012.86
3 44 -101.02
3 45 -1294.18
3 46 -3260.0
3 47 -4591.43
3 48 -5761.43
3 49 -7005.49
3 50 -4790.0
3 51 -7910.0
4 52 14857.0
4 2 351.361
4 3 -831.037
4 5 -6061.43
4 6 -3957.04
4 7 -3955.94
4 8 362.84
4 9 -4404.39
4 10 -6022.55
4 11 -21.7857
4 12 -5342.09
4 13 -5297.45
4 14 -4355.82
4 15 -5410.0
4 16 -3740.0
4 17 -1022.76
4 18 -7640.0
4 19 -348.656
4 20 -6464.34
4 21 -7443.38
4 22 -5229.8
4 23 -8120.0
4 24 -2850.0
4 25 -4563.11
4 26 -6845.36
4 27 -5453.42
4 28 -3184.18
4 29 -8518.57
4 30 -3540.0
4 31 -4585.87
4 32 -2975.82
4 33 -4766.43
4 34 1183.38
4 35 -2123.37
4 36 -2100.17
4 37 -6537.55
4 38 -3574.39
4 39 -2072.76
4 40 -5454.8
4 41 -8190.0
4 42 -1201.02
4 43 -5212.86
4 44 -1971.02
4 45 -2404.18
4 46 -3050.0
4 47 -2851.43
4 48 -6321.43
4 49 -7555.49
4 50 -4990.0
4 51 -8400.0
5 52 16737.0
5 2 -5898.64
5 3 -6311.04
5 4 -6250.0
5 6 -4307.04
5 7 -65.9354
5 8 -4777.16
5 9 -4264.39
5 10 -5462.55
5 11 -6131.79
5 12 1117.91
5 13 -5017.45
5 14 -5745.82
5 15 -4720.0
5 16 -5130.0
5 17 -1022.76
5 18 -4720.0
5 19 2221.34
5 20 -4934.34
5 21 -2863.38
5 22 -3629.8
5 23 -5830.0
5 24 -5280.0
5 25 -2413.11
5 26 24.6429
5 27 -2463.42
5 28 -2484.18
5 29 -1778.57
5 30 -3610.0
5 31 -3755.87
5 32 3134.18
5 33 -1786.43
5 34 -3466.62
5 35 -5803.37
5 36 -4460.17
5 37 -157.551
5 38 -4124.39
5 39 -4092.76
5 40 -594.796
5 41 -5280.0
5 42 -4601.02
5 43 -1952.86
5 44 -6411.02
5 45 -3584.18
5 46 -2220.0
5 47 -5211.43
5 48 -2991.43
5 49 -3595.49
5 50 -3330.0
5 51 -4720.0
6 52 14237.0
6 2 -4578.64
6 3 -5621.04
6 4 -4440.0
6 5 -4601.43
6 7 -4925.94
6 8 -4427.16
6 9 385.612
6 10 -8792.55
6 11 -3981.79
6 12 -3672.09
6 13 -8077.45
6 14 -465.816
6 15 -7630.0
6 16 -6590.0
6 17 -1362.76
6 18 -9030.0
6 19 3741.34
6 20 -8614.34
6 21 -3833.38
6 22 -7239.8
6 23 -9990.0
6 24 -1460.0
6 25 -5813.11
6 26 -5115.36
6 27 -6283.42
6 28 -4984.18
6 29 -6918.57
6 30 -3050.0
6 31 -6805.87
6 32 -2215.82
6 33 -5186.43
6 34 -2426.62
6 35 -2673.37
6 36 -5160.17
6 37 -4317.55
6 38 455.612
6 39 1187.24
6 40 -5244.8
6 41 -9720.0
6 42 -4811.02
6 43 -5982.86
6 44 -6481.02
6 45 -5594.18
6 46 -4300.0
6 47 -2161.43
6 48 -7571.43
6 49 -8455.49
6 50 -6310.0
6 51 -9370.0
7 52 13957.0
7 2 -7638.64
7 3 -7631.04
7 4 -8750.0
7 5 -4671.43
7 6 -9237.04
7 8 -5607.16
7 9 -9264.39
7 10 -2682.55
7 11 -8911.79
7 12 -4232.09
7 13 -2727.45
7 14 -10605.8
7 15 -4230.0
7 16 -5830.0
7 17 -4562.76
7 18 -1110.0
7 19 -3128.66
7 20 -2154.34
7 21 -8283.38
7 22 -1619.8
7 23 -2010.0
7 24 -9510.0
7 25 -2893.11
7 26 -4695.36
7 27 -3363.42
7 28 -3464.18
7 29 -4208.57
7 30 -7700.0
7 31 -2985.87
7 32 2574.18
7 33 -4146.43
7 34 -5896.62
7 35 -9623.37
7 36 -5920.17
7 37 -5427.55
7 38 -8984.39
7 39 -8812.76
7 40 -2954.8
7 41 -760.0
7 42 -6131.02
7 43 -2442.86
7 44 -6971.02
7 45 -3024.18
7 46 -4440.0
7 47 -9241.43
7 48 418.571
7 49 914.507
7 50 -4580.0
7 51 -1040.0
8 52 14167.0
8 2 211.361
8 3 348.963
8 4 -2150.0
8 5 -7101.43
8 6 -6457.04
8 7 -3325.94
8 9 -6834.39
8 10 -4492.55
8 11 -2731.79
8 12 -6452.09
8 13 -3767.45
8 14 -6995.82
8 15 -4580.0
8 16 -3120.0
8 17 -2542.76
8 18 -6810.0
8 19 -2438.66
8 20 -5284.34
8 21 -9183.38
8 22 -4259.8
8 23 -7010.0
8 24 -5420.0
8 25 -4353.11
8 26 -7755.36
8 27 -5453.42
8 28 -3044.18
8 29 -9208.57
8 30 -5410.0
8 31 -3685.87
8 32 -3255.82
8 33 -5186.43
8 34 -476.616
8 35 -4823.37
8 36 -2100.17
8 37 -7787.55
8 38 -6074.39
8 39 -4782.76
8 40 -5874.8
8 41 -7220.0
8 42 -1131.02
8 43 -5212.86
8 44 248.98
8 45 -1084.18
8 46 -3540.0
8 47 -5351.43
8 48 -5691.43
8 49 -6935.49
8 50 -5060.0
8 51 -7840.0
9 52 14377.0
9 2 -4788.64
9 3 -5761.04
9 4 -4650.0
9 5 -4321.43
9 6 622.959
9 7 -4715.94
9 8 -4567.16
9 10 -8662.55
9 11 -4261.79
9 12 -3332.09
9 13 -8007.45
9 14 -815.816
9 15 -7560.0
9 16 -6590.0
9 17 -1292.76
9 18 -8890.0
9 19 4161.34
9 20 -8544.34
9 21 -3353.38
9 22 -7109.8
9 23 -9790.0
9 24 -1740.0
9 25 -5673.11
9 26 -4835.36
9 27 -6143.42
9 28 -4914.18
9 29 -6638.57
9 30 -2980.0
9 31 -6735.87
9 32 -1935.82
9 33 -5046.43
9 34 -2626.62
9 35 -2883.37
9 36 -5160.17
9 37 -3907.55
9 38 315.612
9 39 837.245
9 40 -4974.8
9 41 -9580.0
9 42 -4881.02
9 43 -5772.86
9 44 -6621.02
9 45 -5594.18
9 46 -4230.0
9 47 -2301.43
9 48 -7361.43
9 49 -8185.49
9 50 -6110.0
9 51 -9230.0
10 52 14577.0
10 2 -4928.64
10 3 -4791.04
10 4 -6530.0
10 5 -5781.43
10 6 -8817.04
10 7 1604.06
10 8 -2487.16
10 9 -8924.39
10 11 -6891.79
10 12 -5342.09
10 13 742.551
10 14 -9845.82
10 15 -2290.0
10 16 -3610.0
10 17 -3792.76
10 18 -2150.0
10 19 -3408.66
10 20 -354.337
10 21 -9253.38
10 22 -229.796
10 23 -1800.0
10 24 -8400.0
10 25 -2273.11
10 26 -6225.36
10 27 -3363.42
10 28 -2144.18
10 29 -6638.57
10 30 -6940.0
10 31 -1045.87
10 32 4.18367
10 33 -4006.43
10 34 -3946.62
10 35 -8163.37
10 36 -3770.17
10 37 -6747.55
10 38 -8364.39
10 39 -7912.76
10 40 -3924.8
10 41 -2010.0
10 42 -3901.02
10 43 -2712.86
10 44 -4051.02
10 45 -114.184
10 46 -3470.0
10 47 -8131.43
10 48 -1041.43
10 49 -2275.49
10 50 -3810.0
10 51 -3330.0
11 52 14997.0
11 2 -138.639
11 3 -1251.04
11 4 70.0
11 5 -5851.43
11 6 -3407.04
11 7 -4025.94
11 8 -127.16
11 9 -3924.39
11 10 -6292.55
11 12 -5132.09
11 13 -5507.45
11 14 -3805.82
11 15 -5480.0
11 16 -3880.0
11 17 -812.755
11 18 -7710.0
11 19 131.344
11 20 -6664.34
11 21 -6963.38
11 22 -5369.8
11 23 -8260.0
11 24 -2360.0
11 25 -4563.11
11 26 -6635.36
11 27 -5453.42
11 28 -3184.18
11 29 -8308.57
11 30 -3260.0
11 31 -4725.87
11 32 -2835.82
11 33 -4696.43
11 34 1183.38
11 35 -1633.37
11 36 -2240.17
11 37 -6197.55
11 38 -3154.39
11 39 -1592.76
11 40 -5384.8
11 41 -8330.0
11 42 -1471.02
11 43 -5212.86
11 44 -2321.02
11 45 -2744.18
11 46 -2980.0
11 47 -2371.43
11 48 -6391.43
11 49 -7625.49
11 50 -4990.0
11 51 -8470.0
12 52 16597.0
12 2 -5968.64
12 3 -6451.04
12 4 -6250.0
12 5 398.571
12 6 -4097.04
12 7 -345.935
12 8 -4847.16
12 9 -3994.39
12 10 -5742.55
12 11 -6131.79
12 13 -5297.45
12 14 -5605.82
12 15 -4990.0
12 16 -5270.0
12 17 -1022.76
12 18 -5000.0
12 19 2561.34
12 20 -5214.34
12 21 -2583.38
12 22 -3909.8
12 23 -6110.0
12 24 -5140.0
12 25 -2683.11
12 26 -45.3571
12 27 -2743.42
12 28 -2694.18
12 29 -1918.57
12 30 -3540.0
12 31 -4095.87
12 32 2854.18
12 33 -2056.43
12 34 -3466.62
12 35 -5733.37
12 36 -4530.17
12 37 52.449
12 38 -3984.39
12 39 -3882.76
12 40 -874.796
12 41 -5560.0
12 42 -4741.02
12 43 -2162.86
12 44 -6551.02
12 45 -3724.18
12 46 -2360.0
12 47 -5071.43
12 48 -3401.43
12 49 -3875.49
12 50 -3540.0
12 51 -5060.0
13 52 14927.0
13 2 -4438.64
13 3 -4231.04
13 4 -6040.0
13 5 -5571.43
13 6 -8337.04
13 7 1324.06
13 8 -1997.16
13 9 -8504.39
13 10 507.449
13 11 -6341.79
13 12 -5132.09
13 14 -9425.82
13 15 -1940.0
13 16 -3120.0
13 17 -3312.76
13 18 -2360.0
13 19 -3058.66
13 20 -554.337
13 21 -8973.38
13 22 -89.7959
13 23 -2150.0
13 24 -7920.0
13 25 -1993.11
13 26 -6015.36
13 27 -3093.42
13 28 -1724.18
13 29 -6638.57
13 30 -6450.0
13 31 -695.867
13 32 4.18367
13 33 -3726.43
13 34 -3396.62
13 35 -7673.37
13 36 -3280.17
13 37 -6537.55
13 38 -7944.39
13 39 -7492.76
13 40 -3654.8
13 41 -2360.0
13 42 -3351.02
13 43 -2442.86
13 44 -3431.02
13 45 375.816
13 46 -3050.0
13 47 -7641.43
13 48 -1251.43
13 49 -2485.49
13 50 -3400.0
13 51 -3470.0
14 52 13327.0
14 2 -4718.64
14 3 -5831.04
14 4 -4580.0
14 5 -5781.43
14 6 -207.041
14 7 -6035.94
14 8 -4707.16
14 9 -794.388
14 10 -9562.55
14 11 -4121.79
14 12 -4922.09
14 13 -8907.45
14 15 -8470.0
14 16 -7290.0
14 17 -2202.76
14 18 -10070.0
14 19 2631.34
14 20 -9584.34
14 21 -4943.38
14 22 -8149.8
14 23 -10970.0
14 24 -1670.0
14 25 -6853.11
14 26 -6295.36
14 27 -7323.42
14 28 -5824.18
14 29 -8168.57
14 30 -3950.0
14 31 -7705.87
14 32 -3395.82
14 33 -6226.43
14 34 -2836.62
14 35 -2743.37
14 36 -5780.17
14 37 -5497.55
14 38 -584.388
14 39 2367.24
14 40 -6424.8
14 41 -10760.0
14 42 -5361.02
14 43 -7022.86
14 44 -6831.02
14 45 -6354.18
14 46 -5200.0
14 47 -2641.43
14 48 -8611.43
14 49 -9505.49
14 50 -7220.0
14 51 -10480.0
15 52 16737.0
15 2 -3468.64
15 3 -3471.04
15 4 -4790.0
15 5 -3911.43
15 6 -6527.04
15 7 1184.06
15 8 -1447.16
15 9 -6694.39
15 10 -1162.55
15 11 -4951.79
15 12 -3462.09
15 13 -577.449
15 14 -7625.82
15 16 -1800.0
15 17 -1502.76
15 18 -2360.0
15 19 -1188.66
15 20 -1184.34
15 21 -7103.38
15 22 50.2041
15 23 -2840.0
15 24 -6180.0
15 25 -323.112
15 26 -4485.36
15 27 -1493.42
15 28 85.8163
15 29 -5258.57
15 30 -4650.0
15 31 694.133
15 32 984.184
15 33 -1856.43
15 34 -2006.62
15 35 -6073.37
15 36 -1890.17
15 37 -4807.55
15 38 -6074.39
15 39 -5752.76
15 40 -2124.8
15 41 -2850.0
15 42 -2101.02
15 43 -982.857
15 44 -2941.02
15 45 865.816
15 46 -1180.0
15 47 -5911.43
15 48 -1181.43
15 49 -2415.49
15 50 -1590.0
15 51 -3330.0
16 52 16877.0
16 2 -1808.64
16 3 -1871.04
16 4 -3120.0
16 5 -4321.43
16 6 -5487.04
16 7 -415.935
16 8 12.8401
16 9 -5724.39
16 10 -2482.55
16 11 -3351.79
16 12 -3742.09
16 13 -1757.45
16 14 -6445.82
16 15 -1800.0
16 17 -602.755
16 18 -4030.0
16 19 -698.656
16 20 -2784.34
16 21 -6963.38
16 22 -1619.8
16 23 -4440.0
16 24 -4930.0
16 25 -1303.11
16 26 -4975.36
16 27 -2463.42
16 28 -54.1837
16 29 -6228.57
16 30 -3740.0
16 31 -975.867
16 32 -135.816
16 33 -2266.43
16 34 -406.616
16 35 -4623.37
16 36 -160.17
16 37 -5087.55
16 38 -5034.39
16 39 -4502.76
16 40 -2954.8
16 41 -4580.0
16 42 -431.02
16 43 -2092.86
16 44 -1551.02
16 45 865.816
16 46 -830.0
16 47 -4661.43
16 48 -2781.43
16 49 -4085.49
16 50 -2010.0
16 51 -4990.0
17 52 17777.0
17 2 -2638.64
17 3 -3191.04
17 4 -2850.0
17 5 -2661.43
17 6 -2707.04
17 7 -1595.94
17 8 -1857.16
17 9 -2874.39
17 10 -5112.55
17 11 -2731.79
17 12 -1942.09
17 13 -4397.45
17 14 -3805.82
17 15 -3950.0
17 16 -3050.0
17 18 -5560.0
17 19 2221.34
17 20 -4934.34
17 21 -4323.38
17 22 -3629.8
17 23 -6380.0
17 24 -2500.0
17 25 -2273.11
17 26 -3375.36
17 27 -2813.42
17 28 -1304.18
17 29 -5118.57
17 30 -760.0
17 31 -3125.87
17 32 284.184
17 33 -1786.43
17 34 -66.6156
17 35 -2743.37
17 36 -1820.17
17 37 -3137.55
17 38 -2254.39
17 39 -2002.76
17 40 -2334.8
17 41 -6250.0
17 42 -1751.02
17 43 -2512.86
17 44 -3571.02
17 45 -1984.18
17 46 -620.0
17 47 -2301.43
17 48 -4101.43
17 49 -5125.49
17 50 -2630.0
17 51 -6040.0
18 52 15067.0
18 2 -6178.64
18 3 -6241.04
18 4 -7430.0
18 5 -4321.43
18 6 -8337.04
18 7 3894.06
18 8 -4087.16
18 9 -8434.39
18 10 -1432.55
18 11 -7591.79
18 12 -3882.09
18 13 -1407.45
18 14 -9635.82
18 15 -2770.0
18 16 -4440.0
18 17 -3522.76
18 19 -2438.66
18 20 -764.337
18 21 -7863.38
18 22 -159.796
18 23 -970.0
18 24 -8470.0
18 25 -1713.11
18 26 -4485.36
18 27 -2323.42
18 28 -2214.18
18 29 -4488.57
18 30 -6660.0
18 31 -1595.87
18 32 2234.18
18 33 -3166.43
18 34 -4576.62
18 35 -8503.37
18 36 -4530.17
18 37 -5087.55
18 38 -8014.39
18 39 -7842.76
18 40 -2334.8
18 41 -350.0
18 42 -4811.02
18 43 -1532.86
18 44 -5581.02
18 45 -1634.18
18 46 -3260.0
18 47 -8131.43
18 48 1388.57
18 49 154.507
18 50 -3400.0
18 51 -900.0
19 52 14857.0
19 2 -5828.64
19 3 -6661.04
19 4 -5760.0
19 5 -3001.43
19 6 -1187.04
19 7 -3745.94
19 8 -5337.16
19 9 -1004.39
19 10 -8312.55
19 11 -5371.79
19 12 -1942.09
19 13 -7727.45
19 14 -2555.82
19 15 -7220.0
19 16 -6730.0
19 17 -1362.76
19 18 -8060.0
19 20 -8054.34
19 21 -1613.38
19 22 -6619.8
19 23 -9160.0
19 24 -3130.0
19 25 -5183.11
19 26 -3305.36
19 27 -5383.42
19 28 -4574.18
19 29 -4978.57
19 30 -3190.0
19 31 -6455.87
19 32 -545.816
19 33 -4416.43
19 34 -3326.62
19 35 -4273.37
19 36 -5500.17
19 37 -2307.55
19 38 -1284.39
19 39 -1032.76
19 40 -3994.8
19 41 -8750.0
19 42 -5431.02
19 43 -5012.86
19 44 -7181.02
19 45 -5594.18
19 46 -3950.0
19 47 -3481.43
19 48 -6531.43
19 49 -7205.49
19 50 -5690.0
19 51 -8260.0
20 52 15137.0
20 2 -5138.64
20 3 -5131.04
20 4 -6600.0
20 5 -4881.43
20 6 -8267.04
20 7 2504.06
20 8 -2907.16
20 9 -8434.39
20 10 17.449
20 11 -6891.79
20 12 -4442.09
20 13 52.551
20 14 -9495.82
20 15 -1940.0
20 16 -3540.0
20 17 -3242.76
20 18 -1110.0
20 19 -2778.66
20 21 -8353.38
20 22 670.204
20 23 -1040.0
20 24 -8060.0
20 25 -1573.11
20 26 -5255.36
20 27 -2533.42
20 28 -1724.18
20 29 -5598.57
20 30 -6450.0
20 31 -695.867
20 32 984.184
20 33 -3306.43
20 34 -3876.62
20 35 -7953.37
20 36 -3700.17
20 37 -5847.55
20 38 -7944.39
20 39 -7562.76
20 40 -2954.8
20 41 -1250.0
20 42 -3901.02
20 43 -1812.86
20 44 -4401.02
20 45 -384.184
20 46 -2980.0
20 47 -7851.43
20 48 -71.4286
20 49 -1305.49
20 50 -3190.0
20 51 -2290.0
21 52 14717.0
21 2 -6868.64
21 3 -7631.04
21 4 -6940.0
21 5 -2171.43
21 6 -2847.04
21 7 -2985.94
21 8 -6167.16
21 9 -2604.39
21 10 -8242.55
21 11 -6551.79
21 12 -1172.09
21 13 -7727.45
21 14 -4215.82
21 15 -7220.0
21 16 -7080.0
21 17 -1992.76
21 18 -7570.0
21 19 4301.34
21 20 -7714.34
21 22 -6409.8
21 23 -8810.0
21 24 -4720.0
21 25 -4983.11
21 26 -2265.36
21 27 -5173.42
21 28 -4844.18
21 29 -3658.57
21 30 -4090.0
21 31 -6455.87
21 32 494.184
21 33 -4286.43
21 34 -4366.62
21 35 -5663.37
21 36 -6060.17
21 37 -1197.55
21 38 -2944.39
21 39 -2632.76
21 40 -3444.8
21 41 -8260.0
21 42 -6131.02
21 43 -4732.86
21 44 -8011.02
21 45 -5874.18
21 46 -4230.0
21 47 -4931.43
21 48 -5971.43
21 49 -6515.49
21 50 -5760.0
21 51 -7630.0
22 52 15897.0
22 2 -4718.64
22 3 -4651.04
22 4 -6040.0
22 5 -4251.43
22 6 -7567.04
22 7 2364.06
22 8 -2557.16
22 9 -7674.39
22 10 -532.551
22 11 -6271.79
22 12 -3812.09
22 13 -157.449
22 14 -8735.82
22 15 -1380.0
22 16 -3050.0
22 17 -2612.76
22 18 -1180.0
22 19 -2018.66
22 20 -4.33673
22 21 -7723.38
22 23 -1520.0
22 24 -7360.0
22 25 -813.112
22 26 -4625.36
22 27 -1843.42
22 28 -1034.18
22 29 -5118.57
22 30 -5690.0
22 31 -75.8673
22 32 1394.18
22 33 -2546.43
22 34 -3256.62
22 35 -7323.37
22 36 -3140.17
22 37 -5157.55
22 38 -7184.39
22 39 -6932.76
22 40 -2264.8
22 41 -1600.0
22 42 -3351.02
22 43 -1122.86
22 44 -4051.02
22 45 -44.1837
22 46 -2220.0
22 47 -7091.43
22 48 -1.42857
22 49 -1375.49
22 50 -2430.0
22 51 -2290.0
23 52 14577.0
23 2 -6108.64
23 3 -6041.04
23 4 -7500.0
23 5 -5021.43
23 6 -8887.04
23 7 3404.06
23 8 -3877.16
23 9 -8924.39
23 10 -672.551
23 11 -7731.79
23 12 -4582.09
23 13 -787.449
23 14 -10125.8
23 15 -2840.0
23 16 -4440.0
23 17 -3932.76
23 18 -560.0
23 19 -3128.66
23 20 -284.337
23 21 -8693.38
23 22 -89.7959
23 24 -8820.0
23 25 -2063.11
23 26 -5255.36
23 27 -2883.42
23 28 -2484.18
23 29 -5328.57
23 30 -7080.0
23 31 -1525.87
23 32 1324.18
23 33 -3726.43
23 34 -4716.62
23 35 -8783.37
23 36 -4600.17
23 37 -5917.55
23 38 -8504.39
23 39 -8322.76
23 40 -3094.8
23 41 -280.0
23 42 -4811.02
23 43 -2162.86
23 44 -5371.02
23 45 -1294.18
23 46 -3610.0
23 47 -8481.43
23 48 488.571
23 49 -545.493
23 50 -3810.0
23 51 -1730.0
24 52 14927.0
24 2 -2778.64
24 3 -3951.04
24 4 -2640.0
24 5 -4881.43
24 6 -767.041
24 7 -4505.94
24 8 -2697.16
24 9 -1284.39
24 10 -7682.55
24 11 -2241.79
24 12 -4022.09
24 13 -6967.45
24 14 -1235.82
24 15 -6590.0
24 16 -5340.0
24 17 -462.755
24 18 -8470.0
24 19 2491.34
24 20 -7714.34
24 21 -5013.38
24 22 -6339.8
24 23 -9230.0
24 25 -5053.11
24 26 -5525.36
24 27 -5663.42
24 28 -4014.18
24 29 -7338.57
24 30 -2290.0
24 31 -5835.87
24 32 -2285.82
24 33 -4696.43
24 34 -756.616
24 35 -803.367
24 36 -3770.17
24 37 -4877.55
24 38 -514.388
24 39 767.245
24 40 -5104.8
24 41 -9030.0
24 42 -3281.02
24 43 -5422.86
24 44 -4821.02
24 45 -4344.18
24 46 -3400.0
24 47 -631.429
24 48 -7011.43
24 49 -7975.49
24 50 -5480.0
24 51 -8950.0
25 52 17637.0
25 2 -4028.64
25 3 -4161.04
25 4 -5000.0
25 5 -2661.43
25 6 -5767.04
25 7 1464.06
25 8 -2277.16
25 9 -5864.39
25 10 -2202.55
25 11 -5091.79
25 12 -2212.09
25 13 -1687.45
25 14 -7065.82
25 15 -1380.0
25 16 -2360.0
25 17 -882.755
25 18 -2360.0
25 19 -208.656
25 20 -1874.34
25 21 -5923.38
25 22 -439.796
25 23 -3120.0
25 24 -5700.0
25 26 -3165.36
25 27 -243.418
25 28 285.816
25 29 -4078.57
25 30 -4020.0
25 31 -415.867
25 32 2094.18
25 33 -806.429
25 34 -2076.62
25 35 -5803.37
25 36 -2240.17
25 37 -3557.55
25 38 -5444.39
25 39 -5202.76
25 40 -874.796
25 41 -2920.0
25 42 -2521.02
25 43 197.143
25 44 -3781.02
25 45 -314.184
25 46 -620.0
25 47 -5491.43
25 48 -971.429
25 49 -2005.49
25 50 -760.0
25 51 -2980.0
26 52 16037.0
26 2 -6598.64
26 3 -7011.04
26 4 -7010.0
26 5 48.5714
26 6 -4797.04
26 7 -65.9354
26 8 -5407.16
26 9 -4754.39
26 10 -5882.55
26 11 -6891.79
26 12 697.908
26 13 -5437.45
26 14 -6235.82
26 15 -5270.0
26 16 -5760.0
26 17 -1712.76
26 18 -4860.0
26 19 1941.34
26 20 -5284.34
26 21 -2933.38
26 22 -3979.8
26 23 -6040.0
26 24 -5900.0
26 25 -2893.11
26 27 -2883.42
26 28 -3114.18
26 29 -1088.57
26 30 -4300.0
26 31 -4305.87
26 32 3414.18
26 33 -2406.43
26 34 -4156.62
26 35 -6493.37
26 36 -5090.17
26 37 -17.551
26 38 -4684.39
26 39 -4642.76
26 40 -944.796
26 41 -5420.0
26 42 -5361.02
26 43 -2302.86
26 44 -7041.02
26 45 -4134.18
26 46 -2910.0
26 47 -5841.43
26 48 -3191.43
26 49 -3595.49
26 50 -3950.0
26 51 -4790.0
27 52 17707.0
27 2 -4508.64
27 3 -4581.04
27 4 -5280.0
27 5 -2101.43
27 6 -5627.04
27 7 1604.06
27 8 -2767.16
27 9 -5724.39
27 10 -2682.55
27 11 -5371.79
27 12 -1662.09
27 13 -2177.45
27 14 -6925.82
27 15 -1940.0
27 16 -2910.0
27 17 -812.755
27 18 -2360.0
27 19 201.344
27 20 -2224.34
27 21 -5503.38
27 22 -859.796
27 23 -3330.0
27 24 -5700.0
27 25 366.888
27 26 -2545.36
27 28 -194.184
27 29 -3518.57
27 30 -3950.0
27 31 -975.867
27 32 2644.18
27 33 -396.429
27 34 -2426.62
27 35 -5873.37
27 36 -2590.17
27 37 -3067.55
27 38 -5304.39
27 39 -5132.76
27 40 -314.796
27 41 -3060.0
27 42 -3001.02
27 43 617.143
27 44 -4331.02
27 45 -944.184
27 46 -760.0
27 47 -5491.43
27 48 -901.429
27 49 -1865.49
27 50 -1040.0
27 51 -2840.0
28 52 17917.0
28 2 -2918.64
28 3 -3121.04
28 4 -3960.0
28 5 -3071.43
28 6 -5277.04
28 7 554.065
28 8 -1307.16
28 9 -5444.39
28 10 -2412.55
28 11 -4051.79
28 12 -2562.09
28 13 -1757.45
28 14 -6375.82
28 15 -1310.0
28 16 -1450.0
28 17 -252.755
28 18 -3200.0
28 19 61.3435
28 20 -2364.34
28 21 -6123.38
28 22 -999.796
28 23 -3880.0
28 24 -5000.0
28 25 -53.1122
28 26 -3725.36
28 27 -1143.42
28 29 -4908.57
28 30 -3400.0
28 31 -555.867
28 32 1184.18
28 33 -1016.43
28 34 -1106.62
28 35 -4963.37
28 36 -1130.17
28 37 -3907.55
28 38 -4894.39
28 39 -4572.76
28 40 -1634.8
28 41 -3820.0
28 42 -1471.02
28 43 -772.857
28 44 -2871.02
28 45 235.816
28 47 -4731.43
28 48 -1941.43
28 49 -3045.49
28 50 -690.0
28 51 -3950.0
29 52 14577.0
29 2 -8188.64
29 3 -8471.04
29 4 -8680.0
29 5 -1751.43
29 6 -6597.04
29 7 424.065
29 8 -6857.16
29 9 -6554.39
29 10 -6292.55
29 11 -8561.79
29 12 -1172.09
29 13 -6057.45
29 14 -8105.82
29 15 -6040.0
29 16 -7010.0
29 17 -3452.76
29 18 -4860.0
29 19 271.344
29 20 -5624.34
29 21 -4323.38
29 22 -4469.8
29 23 -6110.0
29 24 -7710.0
29 25 -3803.11
29 26 -1085.36
29 27 -3853.42
29 28 -4294.18
29 30 -6110.0
29 31 -5075.87
29 32 4384.18
29 33 -3726.43
29 34 -5826.62
29 35 -8303.37
29 36 -6480.17
29 37 -1607.55
29 38 -6484.39
29 39 -6452.76
29 40 -1914.8
29 41 -5210.0
29 42 -6821.02
29 43 -3132.86
29 44 -8361.02
29 45 -5174.18
29 46 -4300.0
29 47 -7711.43
29 48 -3061.43
29 49 -3115.49
29 50 -5060.0
29 51 -4510.0
30 52 17147.0
30 2 -2848.64
30 3 -3541.04
30 4 -2920.0
30 5 -2801.43
30 6 -1947.04
30 7 -2285.94
30 8 -2277.16
30 9 -2114.39
30 10 -5812.55
30 11 -2731.79
30 12 -2012.09
30 13 -5087.45
30 14 -3105.82
30 15 -4650.0
30 16 -3740.0
30 17 1687.24
30 18 -6250.0
30 19 2841.34
30 20 -5694.34
30 21 -3973.38
30 22 -4259.8
30 23 -7080.0
30 24 -1880.0
30 25 -2963.11
30 26 -3515.36
30 27 -3503.42
30 28 -2004.18
30 29 -5328.57
30 31 -3825.87
30 32 -135.816
30 33 -2476.43
30 34 -336.616
30 35 -2263.37
30 36 -2380.17
30 37 -3067.55
30 38 -1554.39
30 39 -1242.76
30 40 -2814.8
30 41 -6940.0
30 42 -2241.02
30 43 -3202.86
30 44 -4121.02
30 45 -2744.18
30 46 -1320.0
30 47 -1741.43
30 48 -4791.43
30 49 -5755.49
30 50 -3330.0
30 51 -6660.0
31 52 16527.0
31 2 -3678.64
31 3 -3681.04
31 4 -5000.0
31 5 -3981.43
31 6 -6737.04
31 7 1394.06
31 8 -1587.16
31 9 -6904.39
31 10 -952.551
31 11 -5231.79
31 12 -3602.09
31 13 -367.449
31 14 -7895.82
31 15 -340.0
31 16 -2010.0
31 17 -1712.76
31 18 -2220.0
31 19 -1458.66
31 20 -974.337
31 21 -7373.38
31 22 320.204
31 23 -2560.0
31 24 -6460.0
31 25 -393.112
31 26 -4555.36
31 27 -1563.42
31 28 -194.184
31 29 -5328.57
31 30 -4860.0
31 32 984.184
31 33 -2126.43
31 34 -2216.62
31 35 -6353.37
31 36 -2100.17
31 37 -4947.55
31 38 -6414.39
31 39 -6032.76
31 40 -2194.8
31 41 -2640.0
31 42 -2311.02
31 43 -1052.86
31 44 -3081.02
31 45 795.816
31 46 -1450.0
31 47 -6251.43
31 48 -971.429
31 49 -2275.49
31 50 -1800.0
31 51 -3120.0
32 52 15067.0
32 2 -7638.64
32 3 -7841.04
32 4 -8330.0
32 5 -2031.43
32 6 -7087.04
32 7 2014.06
32 8 -6097.16
32 9 -7044.39
32 10 -4842.55
32 11 -8281.79
32 12 -1592.09
32 13 -4607.45
32 14 -8525.82
32 15 -4990.0
32 16 -6110.0
32 17 -3242.76
32 18 -3330.0
32 19 -488.656
32 20 -4234.34
32 21 -5363.38
32 22 -3149.8
32 23 -4650.0
32 24 -7850.0
32 25 -2823.11
32 26 -1775.36
32 27 -2883.42
32 28 -3394.18
32 29 -808.571
32 30 -6110.0
32 31 -3955.87
32 33 -3036.43
32 34 -5406.62
32 35 -8303.37
32 36 -5850.17
32 37 -2447.55
32 38 -6904.39
32 39 -6932.76
32 40 -1224.8
32 41 -3680.0
32 42 -6131.02
32 43 -2092.86
32 44 -7531.02
32 45 -4064.18
32 46 -3680.0
32 47 -7781.43
32 48 -1601.43
32 50 -4230.0
33 52 18607.0
33 2 -4028.64
33 3 -4301.04
33 4 -4720.0
33 5 -1551.43
33 6 -4657.04
33 7 694.065
33 8 -2627.16
33 9 -4754.39
33 10 -3452.55
33 11 -4741.79
33 12 -1102.09
33 13 -2937.45
33 14 -5955.82
33 15 -2430.0
33 16 -2840.0
33 17 87.2449
33 18 -3330.0
33 19 1041.34
33 20 -3124.34
33 21 -4743.38
33 22 -1689.8
33 23 -4300.0
33 24 -4860.0
33 25 -323.112
33 26 -2195.36
33 27 -523.418
33 28 -194.184
33 29 -3518.57
33 30 -3050.0
33 31 -1665.87
33 32 2364.18
33 34 -1866.62
33 35 -5103.37
33 36 -2310.17
33 37 -2447.55
33 38 -4334.39
33 39 -4162.76
33 40 -244.796
33 41 -4030.0
33 42 -2651.02
33 43 -282.857
33 44 -4191.02
33 45 -1224.18
33 46 -200.0
33 47 -4591.43
33 48 -1811.43
33 49 -2765.49
33 50 -970.0
33 51 -3740.0
34 52 16037.0
34 2 -208.639
34 3 -971.037
34 4 -560.0
34 5 -5021.43
34 6 -3687.04
34 7 -2845.94
34 8 292.84
34 9 -4124.39
34 10 -5182.55
34 11 -651.786
34 12 -4302.09
34 13 -4397.45
34 14 -4355.82
34 15 -4370.0
34 16 -2770.0
34 17 17.2449
34 18 -6530.0
34 19 341.344
34 20 -5484.34
34 21 -6613.38
34 22 -4189.8
34 23 -7080.0
34 24 -2710.0
34 25 -3383.11
34 26 -5735.36
34 27 -4343.42
34 28 -2074.18
34 29 -7408.57
34 30 -2700.0
34 31 -3545.87
34 32 -1795.82
34 33 -3656.43
34 35 -2193.37
34 36 -1130.17
34 37 -5497.55
34 38 -3294.39
34 39 -2212.76
34 40 -4344.8
34 41 -7150.0
34 42 -361.02
34 43 -4102.86
34 44 -1761.02
34 45 -1634.18
34 46 -1940.0
34 47 -2641.43
34 48 -5211.43
34 49 -6445.49
34 50 -3880.0
34 51 -7290.0
35 52 14997.0
35 2 -1938.64
35 3 -2981.04
35 4 -1670.0
35 5 -5161.43
35 6 -1737.04
35 7 -4375.94
35 8 -1857.16
35 9 -2184.39
35 10 -7202.55
35 11 -1271.79
35 12 -4372.09
35 13 -6477.45
35 14 -2065.82
35 15 -6240.0
35 16 -4790.0
35 17 -462.755
35 18 -8260.0
35 19 1591.34
35 20 -7364.34
35 21 -5713.38
35 22 -6059.8
35 23 -8950.0
35 24 -560.0
35 25 -4913.11
35 26 -5875.36
35 27 -5593.42
35 28 -3734.18
35 29 -7688.57
35 30 -2430.0
35 31 -5485.87
35 32 -2495.82
35 33 -4696.43
35 36 -3210.17
35 37 -5357.55
35 38 -1424.39
35 39 77.2449
35 40 -5174.8
35 41 -8820.0
35 42 -2651.02
35 43 -5352.86
35 44 -3981.02
35 45 -3724.18
35 46 -3190.0
35 47 -841.429
35 48 -6871.43
35 49 -7905.49
35 50 -5270.0
35 51 -8810.0
36 52 16877.0
36 2 -1178.64
36 3 -1381.04
36 4 -2220.0
36 5 -4391.43
36 6 -4797.04
36 7 -1245.94
36 8 292.84
36 9 -5034.39
36 10 -3382.55
36 11 -2451.79
36 12 -3742.09
36 13 -2657.45
36 14 -5675.82
36 15 -2630.0
36 16 -900.0
36 17 -112.755
36 18 -4860.0
36 19 -208.656
36 20 -3684.34
36 21 -6683.38
36 22 -2449.8
36 23 -5340.0
36 24 -4100.0
36 25 -1923.11
36 26 -5045.36
36 27 -2883.42
36 28 -474.184
36 29 -6438.57
36 30 -3120.0
36 31 -1805.87
36 32 -615.816
36 33 -2476.43
36 34 493.384
36 35 -3783.37
36 37 -5017.55
36 38 -4404.39
36 39 -3672.76
36 40 -3234.8
36 41 -5350.0
36 42 328.98
36 43 -2582.86
36 44 -1281.02
36 45 95.8163
36 46 -830.0
36 47 -3891.43
36 48 -3611.43
36 49 -4845.49
36 50 -2360.0
36 51 -5690.0
37 52 15827.0
37 2 -6598.64
37 3 -7081.04
37 4 -6870.0
37 5 -301.429
37 6 -4167.04
37 7 -965.935
37 8 -5607.16
37 9 -3994.39
37 10 -6572.55
37 11 -6621.79
37 12 627.908
37 13 -6127.45
37 14 -5605.82
37 15 -5760.0
37 16 -6040.0
37 17 -1642.76
37 18 -5630.0
37 19 2771.34
37 20 -6044.34
37 21 -2033.38
37 22 -4679.8
37 23 -6870.0
37 24 -5420.0
37 25 -3453.11
37 26 -185.357
37 27 -3573.42
37 28 -3464.18
37 29 -1778.57
37 30 -4020.0
37 31 -4865.87
37 32 2574.18
37 33 -2826.43
37 34 -4086.62
37 35 -6143.37
37 36 -5230.17
37 38 -4054.39
37 39 -3952.76
37 40 -1634.8
37 41 -6250.0
37 42 -5501.02
37 43 -2992.86
37 44 -7251.02
37 45 -4624.18
37 46 -3120.0
37 47 -5421.43
37 48 -4031.43
37 49 -4435.49
37 50 -4370.0
37 51 -5620.0
38 52 14717.0
38 2 -4168.64
38 3 -5201.04
38 4 -3960.0
38 5 -4321.43
38 6 552.959
38 7 -4575.94
38 8 -3947.16
38 9 175.612
38 10 -8242.55
38 11 -3631.79
38 12 -3462.09
38 13 -7587.45
38 14 -745.816
38 15 -7080.0
38 16 -6040.0
38 17 -812.755
38 18 -8610.0
38 19 3741.34
38 20 -8194.34
38 21 -3833.38
38 22 -6759.8
38 23 -9510.0
38 24 -1110.0
38 25 -5393.11
38 26 -4905.36
38 27 -5863.42
38 28 -4504.18
38 29 -6708.57
38 30 -2560.0
38 31 -6385.87
38 32 -1935.82
38 33 -4766.43
38 34 -1936.62
38 35 -2263.37
38 36 -4670.17
38 37 -4107.55
38 39 977.245
38 40 -4834.8
38 41 -9240.0
38 42 -4321.02
38 43 -5562.86
38 44 -6001.02
38 45 -5104.18
38 46 -3750.0
38 47 -1741.43
38 48 -7151.43
38 49 -7975.49
38 50 -5760.0
38 51 -9020.0
39 52 12917.0
39 2 -4578.64
39 3 -5761.04
39 4 -4440.0
39 5 -6271.43
39 6 -697.041
39 7 -6385.94
39 8 -4637.16
39 9 -1284.39
39 10 -9772.55
39 11 -4051.79
39 12 -5342.09
39 13 -9117.45
39 14 224.184
39 15 -8740.0
39 16 -7490.0
39 17 -2542.76
39 18 -10420.0
39 19 2011.34
39 20 -9794.34
39 21 -5503.38
39 22 -8489.8
39 23 -11310.0
39 24 -1810.0
39 25 -7133.11
39 26 -6845.36
39 27 -7673.42
39 28 -6164.18
39 29 -8658.57
39 30 -4230.0
39 31 -7985.87
39 32 -3945.82
39 33 -6576.43
39 34 -2836.62
39 35 -2743.37
39 36 -5920.17
39 37 -5987.55
39 38 -1004.39
39 40 -6844.8
39 41 -11110.0
39 42 -5431.02
39 43 -7372.86
39 44 -6831.02
39 45 -6494.18
39 46 -5480.0
39 47 -2781.43
39 48 -8961.43
39 49 -9915.49
39 50 -7560.0
39 51 -10830.0
40 52 17357.0
40 2 -5348.64
40 3 -5621.04
40 4 -5970.0
40 5 -921.429
40 6 -5277.04
40 7 1324.06
40 8 -3877.16
40 9 -5244.39
40 10 -3932.55
40 11 -5991.79
40 12 -482.092
40 13 -3427.45
40 14 -6715.82
40 15 -3260.0
40 16 -4090.0
40 17 -1022.76
40 18 -3060.0
40 19 901.344
40 20 -3334.34
40 21 -4463.38
40 22 -1969.8
40 23 -4230.0
40 24 -5830.0
40 25 -953.112
40 26 -1295.36
40 27 -1003.42
40 28 -1374.18
40 29 -2268.57
40 30 -3950.0
40 31 -2295.87
40 32 3614.18
40 33 -806.429
40 34 -3116.62
40 35 -6143.37
40 36 -3630.17
40 37 -1817.55
40 38 -4964.39
40 39 -4992.76
40 41 -3750.0
40 42 -3971.02
40 43 -352.857
40 44 -5441.02
40 45 -2264.18
40 46 -1450.0
40 47 -5631.43
40 48 -1461.43
40 49 -2145.49
40 50 -2080.0
40 51 -3190.0
41 52 14237.0
41 2 -6868.64
41 3 -6731.04
41 4 -8120.0
41 5 -5021.43
41 6 -9167.04
41 7 4104.06
41 8 -4637.16
41 9 -9264.39
41 10 -1432.55
41 11 -8351.79
41 12 -4582.09
41 13 -1547.45
41 14 -10465.8
41 15 -3400.0
41 16 -5130.0
41 17 -4352.76
41 18 -490.0
41 19 -3268.66
41 20 -1044.34
41 21 -8693.38
41 22 -719.796
41 23 -830.0
41 24 -9170.0
41 25 -2413.11
41 26 -5185.36
41 27 -3163.42
41 28 -2974.18
41 29 -4978.57
41 30 -7490.0
41 31 -2155.87
41 32 1744.18
41 33 -4006.43
41 34 -5336.62
41 35 -9203.37
41 36 -5160.17
41 37 -5847.55
41 38 -8784.39
41 39 -8672.76
41 40 -3164.8
41 42 -5431.02
41 43 -2302.86
41 44 -6071.02
41 45 -2054.18
41 46 -4090.0
41 47 -8961.43
41 48 758.571
41 49 14.5068
41 50 -4230.0
41 51 -1310.0
42 52 16317.0
42 2 -488.639
42 3 -691.037
42 4 -1670.0
42 5 -4881.43
42 6 -4797.04
42 7 -1805.94
42 8 912.84
42 9 -5104.39
42 10 -3862.55
42 11 -2031.79
42 12 -4302.09
42 13 -3077.45
42 14 -5605.82
42 15 -3190.0
42 16 -1520.0
42 17 -392.755
42 18 -5490.0
42 19 -488.656
42 20 -4234.34
42 21 -7103.38
42 22 -3009.8
42 23 -5900.0
42 24 -3960.0
42 25 -2553.11
42 26 -5665.36
42 27 -3643.42
42 28 -1164.18
42 29 -7128.57
42 30 -3330.0
42 31 -2365.87
42 32 -1245.82
42 33 -3166.43
42 34 913.384
42 35 -3573.37
42 36 -20.1701
42 37 -5637.55
42 38 -4404.39
42 39 -3532.76
42 40 -3924.8
42 41 -5970.0
42 43 -3272.86
42 44 -791.02
42 45 -314.184
42 46 -1450.0
42 47 -3821.43
42 48 -4171.43
42 49 -5475.49
42 50 -3120.0
42 51 -6380.0
43 52 17427.0
43 2 -4718.64
43 3 -4861.04
43 4 -5620.0
43 5 -2171.43
43 6 -5907.04
43 7 1944.06
43 8 -3107.16
43 9 -5934.39
43 10 -2612.55
43 11 -5711.79
43 12 -1662.09
43 13 -2107.45
43 14 -7205.82
43 15 -2010.0
43 16 -3120.0
43 17 -1092.76
43 18 -2150.0
43 19 -8.65646
43 20 -2084.34
43 21 -5643.38
43 22 -719.796
43 23 -3190.0
43 24 -6040.0
43 25 226.888
43 26 -2545.36
43 27 36.5816
43 28 -404.184
43 29 -3378.57
43 30 -4230.0
43 31 -1045.87
43 32 2854.18
43 33 -736.429
43 34 -2766.62
43 35 -6213.37
43 36 -2870.17
43 37 -3067.55
43 38 -5584.39
43 39 -5412.76
43 40 -244.796
43 41 -2780.0
43 42 -3211.02
43 44 -4541.02
43 45 -1084.18
43 46 -1040.0
43 47 -5771.43
43 48 -631.429
43 49 -1585.49
43 50 -1310.0
43 51 -2560.0
44 52 14717.0
44 2 -138.639
44 3 68.9626
44 4 -2360.0
44 5 -6611.43
44 6 -6387.04
44 7 -2565.94
44 8 2372.84
44 9 -6764.39
44 10 -3932.55
44 11 -2801.79
44 12 -6032.09
44 13 -3077.45
44 14 -6995.82
44 15 -3950.0
44 16 -2560.0
44 17 -2132.76
44 18 -6180.0
44 19 -2158.66
44 20 -4654.34
44 21 -8903.38
44 22 -3629.8
44 23 -6380.0
44 24 -5420.0
44 25 -3733.11
44 26 -7265.36
44 27 -4893.42
44 28 -2484.18
44 29 -8588.57
44 30 -5130.0
44 31 -3055.87
44 32 -2565.82
44 33 -4626.43
44 34 -406.616
44 35 -4823.37
44 36 -1550.17
44 37 -7307.55
44 38 -6004.39
44 39 -4852.76
44 40 -5314.8
44 41 -6530.0
44 42 -711.02
44 43 -4522.86
44 45 -454.184
44 46 -3050.0
44 47 -5281.43
44 48 -5001.43
44 49 -6305.49
44 50 -4440.0
44 51 -7150.0
45 52 15967.0
45 2 -2568.64
45 3 -2431.04
45 4 -4100.0
45 5 -5091.43
45 6 -6807.04
45 7 74.0646
45 8 -267.16
45 9 -7044.39
45 10 -1302.55
45 11 -4531.79
45 12 -4512.09
45 13 -577.449
45 14 -7825.82
45 15 -1450.0
45 16 -1450.0
45 17 -1852.76
45 18 -3540.0
45 19 -1878.66
45 20 -1944.34
45 21 -8073.38
45 22 -929.796
45 23 -3610.0
45 24 -6250.0
45 25 -1573.11
45 26 -5665.36
45 27 -2813.42
45 28 -684.184
45 29 -6708.57
45 30 -5060.0
45 31 -485.867
45 32 -405.816
45 33 -2966.43
45 34 -1586.62
45 35 -5873.37
45 36 -1480.17
45 37 -5987.55
45 38 -6414.39
45 39 -5822.76
45 40 -3444.8
45 41 -3820.0
45 42 -1541.02
45 43 -2372.86
45 44 -1761.02
45 46 -1870.0
45 47 -5981.43
45 48 -2361.43
45 49 -3665.49
45 50 -2630.0
45 51 -4510.0
46 52 18747.0
46 2 -2848.64
46 3 -3191.04
46 4 -3540.0
46 5 -2521.43
46 6 -4307.04
46 7 -135.935
46 8 -1517.16
46 9 -4474.39
46 10 -3452.55
46 11 -3561.79
46 12 -1942.09
46 13 -2797.45
46 14 -5465.82
46 15 -2290.0
46 16 -1940.0
46 17 717.245
46 18 -3960.0
46 19 971.344
46 20 -3334.34
46 21 -5223.38
46 22 -1899.8
46 23 -4720.0
46 24 -4100.0
46 25 -673.112
46 26 -3235.36
46 27 -1423.42
46 28 355.816
46 29 -4628.57
46 30 -2430.0
46 31 -1525.87
46 32 1184.18
46 33 -736.429
46 34 -686.616
46 35 -4133.37
46 36 -1200.17
46 37 -3277.55
46 38 -3854.39
46 39 -3602.76
46 40 -1424.8
46 41 -4650.0
46 42 -1471.02
46 43 -1122.86
46 44 -3151.02
46 45 -664.184
46 47 -3891.43
46 48 -2571.43
46 49 -3665.49
46 50 -970.0
46 51 -4580.0
47 52 15487.0
47 2 -2498.64
47 3 -3471.04
47 4 -2290.0
47 5 -4461.43
47 6 -1117.04
47 7 -3885.94
47 8 -2277.16
47 9 -1494.39
47 10 -7062.55
47 11 -1901.79
47 12 -3602.09
47 13 -6337.45
47 14 -1855.82
47 15 -5970.0
47 16 -4720.0
47 17 87.2449
47 18 -7780.0
47 19 2491.34
47 20 -7154.34
47 21 -4873.38
47 22 -5719.8
47 23 -8540.0
47 24 -280.0
47 25 -4493.11
47 26 -5115.36
47 27 -5103.42
47 28 -3394.18
47 29 -6988.57
47 30 -1800.0
47 31 -5275.87
47 32 -1865.82
47 33 -4076.43
47 34 -336.616
47 35 -733.367
47 36 -3210.17
47 37 -4527.55
47 38 -794.388
47 39 147.245
47 40 -4554.8
47 41 -8470.0
47 42 -2791.02
47 43 -4802.86
47 44 -4331.02
47 45 -3724.18
47 46 -2840.0
47 48 -6391.43
47 49 -7415.49
47 50 -4860.0
47 51 -8330.0
48 52 15067.0
48 2 -6318.64
48 3 -6381.04
48 4 -7500.0
48 5 -3981.43
48 6 -8267.04
48 7 4034.06
48 8 -4357.16
48 9 -8294.39
48 10 -1712.55
48 11 -7661.79
48 12 -3672.09
48 13 -1687.45
48 14 -9565.82
48 15 -2980.0
48 16 -4580.0
48 17 -3452.76
48 18 6.36646e-12
48 19 -2298.66
48 20 -1114.34
48 21 -7653.38
48 22 -369.796
48 23 -1310.0
48 24 -8400.0
48 25 -1713.11
48 26 -4205.36
48 27 -2253.42
48 28 -2344.18
48 29 -4078.57
48 30 -6590.0
48 31 -1735.87
48 32 2574.18
48 33 -3036.43
48 34 -4646.62
48 35 -8503.37
48 36 -4670.17
48 37 -4877.55
48 38 -7944.39
48 39 -7772.76
48 40 -2124.8
48 41 -490.0
48 42 -4881.02
48 43 -1402.86
48 44 -5791.02
48 45 -1844.18
48 46 -3260.0
48 47 -8131.43
48 49 424.507
48 50 -3400.0
48 51 -550.0
49 52 14377.0
49 2 -7288.64
49 3 -7291.04
49 4 -8400.0
49 5 -4251.43
49 6 -8817.04
49 7 4864.06
49 8 -5267.16
49 9 -8784.39
49 10 -2612.55
49 11 -8561.79
49 12 -3812.09
49 13 -2587.45
49 14 -10125.8
49 15 -3880.0
49 16 -5550.0
49 17 -4142.76
49 18 -900.0
49 19 -2638.66
49 20 -2014.34
49 21 -7863.38
49 22 -1409.8
49 23 -2010.0
49 24 -9030.0
49 25 -2413.11
49 26 -4275.36
49 27 -2883.42
49 28 -3114.18
49 29 -3798.57
49 30 -7220.0
49 31 -2705.87
49 32 2924.18
49 33 -3656.43
49 34 -5546.62
49 35 -9203.37
49 36 -5570.17
49 37 -4947.55
49 38 -8434.39
49 39 -8392.76
49 40 -2474.8
49 41 -900.0
49 42 -5851.02
49 43 -2022.86
49 44 -6761.02
49 45 -2814.18
49 46 -4020.0
49 47 -8821.43
49 48 758.571
49 50 -4230.0
49 51 -620.0
50 52 18257.0
50 2 -3468.64
50 3 -3611.04
50 4 -4370.0
50 5 -2521.43
50 6 -5207.04
50 7 834.065
50 8 -1927.16
50 9 -5244.39
50 10 -2682.55
50 11 -4461.79
50 12 -2012.09
50 13 -2037.45
50 14 -6375.82
50 15 -1590.0
50 16 -2010.0
50 17 -182.755
50 18 -2990.0
50 19 341.344
50 20 -2434.34
50 21 -5643.38
50 22 -999.796
50 23 -3810.0
50 24 -5070.0
50 25 296.888
50 26 -3165.36
50 27 -593.418
50 28 705.816
50 29 -4278.57
50 30 -3330.0
50 31 -765.867
50 32 1744.18
50 33 -396.429
50 34 -1516.62
50 35 -5103.37
50 36 -1620.17
50 37 -3417.55
50 38 -4754.39
50 39 -4572.76
50 40 -944.796
50 41 -3680.0
50 42 -2031.02
50 43 -282.857
50 44 -3431.02
50 45 -314.184
50 46 140.0
50 47 -4801.43
50 48 -1601.43
50 49 -2765.49
50 51 -3610.0
51 52 14997.0
51 2 -6668.64
51 3 -6731.04
51 4 -7780.0
51 5 -3911.43
51 6 -8267.04
51 7 4374.06
51 8 -4707.16
51 9 -8364.39
51 10 -2202.55
51 11 -7941.79
51 12 -3532.09
51 13 -2107.45
51 14 -9635.82
51 15 -3330.0
51 16 -4990.0
51 17 -3592.76
51 18 -490.0
51 19 -2228.66
51 20 -1534.34
51 21 -7513.38
51 22 -859.796
51 23 -1730.0
51 24 -8540.0
51 25 -1923.11
51 26 -4005.36
51 27 -2393.42
51 28 -2554.18
51 29 -3728.57
51 30 -6660.0
51 31 -2085.87
51 32 2924.18
51 33 -3166.43
51 34 -4926.62
51 35 -8643.37
51 36 -4950.17
51 37 -4667.55
51 38 -8014.39
51 39 -7842.76
51 40 -2054.8
51 41 -760.0
51 42 -5291.02
51 43 -1532.86
51 44 -6141.02
51 45 -2194.18
51 46 -3470.0
51 47 -8271.43
51 48 1248.57
51 49 844.507
51 50 -3610.0
52 2 0
52 3 0
52 4 0
52 5 0
52 6 0
52 7 0
52 8 0
52 9 0
52 10 0
52 11 0
52 12 0
52 13 0
52 14 0
52 15 0
52 16 0
52 17 0
52 18 0
52 19 0
52 20 0
52 21 0
52 22 0
52 23 0
52 24 0
52 25 0
52 26 0
52 27 0
52 28 0
52 29 0
52 30 0
52 31 0
52 32 0
52 33 0
52 34 0
52 35 0
52 36 0
52 37 0
52 38 0
52 39 0
52 40 0
52 41 0
52 42 0
52 43 0
52 44 0
52 45 0
52 46 0
52 47 0
52 48 0
52 49 0
52 50 0
52 51 0
2 1 0
3 1 0
4 1 0
5 1 0
6 1 0
7 1 0
8 1 0
9 1 0
10 1 0
11 1 0
12 1 0
13 1 0
14 1 0
15 1 0
16 1 0
17 1 0
18 1 0
19 1 0
20 1 0
21 1 0
22 1 0
23 1 0
24 1 0
25 1 0
26 1 0
27 1 0
28 1 0
29 1 0
30 1 0
31 1 0
32 1 0
33 1 0
34 1 0
35 1 0
36 1 0
37 1 0
38 1 0
39 1 0
40 1 0
41 1 0
42 1 0
43 1 0
44 1 0
45 1 0
46 1 0
47 1 0
48 1 0
49 1 0
50 1 0
51 1 0
52 1 0
