52 2503
1
2
3
4
5
6
7
8
9
10
11
12
13
14
15
16
17
18
19
20
21
22
23
24
25
26
27
28
29
30
31
32
33
34
35
36
37
38
39
40
41
42
43
44
45
46
47
48
49
50
51
52
1 52 -0.0
1 3 -23418.4
1 4 -20340.0
1 5 -21654.7
1 6 -21977.5
1 7 -23690.0
1 8 -23480.0
1 9 -21376.6
1 10 -20683.8
1 11 -22650.0
1 12 -22995.4
1 13 -24310.0
1 14 -23000.0
1 15 -24240.0
1 16 -23366.2
1 17 -23786.1
1 18 -22670.0
1 19 -16474.8
1 20 -22375.7
1 21 -21010.0
1 22 -23186.2
1 23 -24590.0
1 24 -22567.9
1 25 -23607.5
1 26 -22990.0
1 27 -20900.0
1 28 -19150.0
1 29 -21187.9
1 30 -23559.5
1 31 -23252.5
1 32 -24730.0
1 33 -20173.7
1 34 -19747.1
1 35 -23607.4
1 36 -22646.3
1 37 -21543.9
1 38 -22537.5
1 39 -21686.7
1 40 -24030.0
1 41 -23263.8
1 42 -20991.3
1 43 -20210.0
1 44 -21147.4
1 45 -22810.8
1 46 -21280.7
1 47 -17522.2
1 48 -23931.7
1 49 -20980.0
1 50 -22590.0
1 51 -21223.9
2 52 11958.4
2 3 -6538.44
2 4 -3950.0
2 5 -5464.69
2 6 -4057.48
2 7 -8470.0
2 8 -4090.0
2 9 -5116.56
2 10 166.233
2 11 70.0
2 12 -7635.42
2 13 -8600.0
2 14 -5840.0
2 15 -6940.0
2 16 -786.233
2 17 -7596.06
2 18 -6620.0
2 19 -974.826
2 20 -5905.66
2 21 -3780.0
2 22 -7896.16
2 23 -1870.0
2 24 -6377.88
2 25 -8387.47
2 26 -4510.0
2 27 -5620.0
2 28 -250.0
2 29 -5967.88
2 30 -8199.5
2 31 -6442.47
2 32 -2840.0
2 33 -4893.7
2 34 -4187.08
2 35 -7967.4
2 36 -7356.32
2 37 -6053.94
2 38 -4057.53
2 39 -5356.72
2 40 -7980.0
2 41 -1103.75
2 42 -5771.34
2 43 -3750.0
2 44 -4047.36
2 45 -5860.82
2 46 -5300.71
2 48 -7261.72
2 49 -2220.0
2 50 -4590.0
2 51 -103.941
3 52 12658.4
3 4 -4430.0
3 5 -1154.69
3 6 392.517
3 7 -4310.0
3 8 -3400.0
3 9 -4286.56
3 10 -4563.77
3 11 -5770.0
3 12 -4785.42
3 13 -6730.0
3 14 -6810.0
3 15 -690.0
3 16 -6826.23
3 17 -7036.06
3 18 -300.0
3 19 5065.17
3 20 -5905.66
3 21 -5030.0
3 22 -4846.16
3 23 -8050.0
3 24 -687.882
3 25 -4087.47
3 26 -2770.0
3 27 -2840.0
3 28 -1920.0
3 29 -3467.88
3 30 -5359.5
3 31 -52.4653
3 32 -5410.0
3 33 -2803.7
3 34 -3217.08
3 35 -1577.4
3 36 -3886.32
3 37 -703.941
3 38 -2457.53
3 39 -1326.72
3 40 -1590.0
3 41 -3953.75
3 42 -2991.34
3 43 -4170.0
3 44 -5227.36
3 45 1159.18
3 46 -440.712
3 48 -7261.72
3 49 -4440.0
3 50 -6740.0
3 51 -3783.94
4 52 15638.4
4 3 -4588.44
4 5 -2754.69
4 6 -3077.48
4 7 -4100.0
4 8 -4440.0
4 9 -746.563
4 10 26.2326
4 11 -2430.0
4 12 -2985.42
4 13 -3950.0
4 14 -2090.0
4 15 -5340.0
4 16 -2936.23
4 17 -3216.06
4 18 -3640.0
4 19 2775.17
4 20 -1595.66
4 21 -100.0
4 22 -3246.16
4 23 -4100.0
4 24 -3667.88
4 25 -4017.47
4 26 -3950.0
4 27 -1170.0
4 28 440.0
4 29 -1737.88
4 30 -3479.5
4 31 -4292.47
4 32 -5340.0
4 33 -793.698
4 34 392.917
4 35 -4357.4
4 36 -2706.32
4 37 -2303.94
4 38 -3567.53
4 39 -2786.72
4 40 -4990.0
4 41 -3813.75
4 42 -1541.34
4 43 -210.0
4 44 -97.3611
4 45 -3910.82
4 46 -2250.71
4 48 -3161.72
4 49 -970.0
4 50 -1610.0
4 51 -1423.94
5 52 14388.4
5 3 -1188.44
5 4 -2630.0
5 6 -237.483
5 7 -3340.0
5 8 -3120.0
5 9 -2756.56
5 10 -3033.77
5 11 -4450.0
5 12 -3535.42
5 13 -5340.0
5 14 -5140.0
5 15 -2080.0
5 16 -5436.23
5 17 -5376.06
5 18 -580.0
5 19 4995.17
5 20 -4235.66
5 21 -3430.0
5 22 -3596.16
5 23 -6730.0
5 24 -337.882
5 25 -3117.47
5 26 -2220.0
5 27 -1380.0
5 28 -670.0
5 29 -1737.88
5 30 -4039.5
5 31 -1022.47
5 32 -4990.0
5 33 -1073.7
5 34 -1477.08
5 35 -1927.4
5 36 -2776.32
5 37 -153.941
5 38 -1977.53
5 39 273.281
5 40 -1870.0
5 41 -3533.75
5 42 -1331.34
5 43 -2500.0
5 44 -3497.36
5 45 -580.816
5 46 739.288
5 48 -5661.72
5 49 -2980.0
5 50 -5010.0
5 51 -2603.94
6 52 12798.4
6 3 -908.438
6 4 -4220.0
6 5 -1504.69
6 7 -5350.0
6 8 -2080.0
6 9 -4836.56
6 10 -3933.77
6 11 -4860.0
6 12 -5625.42
6 13 -7420.0
6 14 -6950.0
6 15 -1040.0
6 16 -5986.23
6 17 -7456.06
6 18 -1620.0
6 19 3675.17
6 20 -6115.66
6 21 -4820.0
6 22 -5676.16
6 23 -7150.0
6 24 -1657.88
6 25 -5127.47
6 26 -1590.0
6 27 -3530.0
6 28 -1220.0
6 29 -3817.88
6 30 -6189.5
6 31 -1092.47
6 32 -4020.0
6 33 -3013.7
6 34 -3357.08
6 35 -3037.4
6 36 -4856.32
6 37 -1883.94
6 38 -1347.53
6 39 -1536.72
6 40 -2980.0
6 41 -2493.75
6 42 -3481.34
6 43 -3890.0
6 44 -5027.36
6 45 -160.816
6 46 -1200.71
6 48 -7671.72
6 49 -3750.0
6 50 -6470.0
6 51 -2743.94
7 52 12798.4
7 3 -3898.44
7 4 -3530.0
7 5 -2894.69
7 6 -3637.48
7 8 -6520.0
7 9 -466.563
7 10 -4073.77
7 11 -6530.0
7 12 -415.417
7 13 -2700.0
7 14 -4170.0
7 15 -5130.0
7 16 -7106.23
7 17 -3496.06
7 18 -2110.0
7 19 6525.17
7 20 -3055.66
7 21 -4200.0
7 22 -676.163
7 23 -8330.0
7 24 -2977.88
7 25 82.5347
7 26 -5690.0
7 27 10.0
7 28 -3100.0
7 29 -2087.88
7 30 -1189.5
7 31 -3872.47
7 32 -8190.0
7 33 -1833.7
7 34 -1687.08
7 35 -887.396
7 36 563.681
7 37 546.059
7 38 -5377.53
7 39 -3196.72
7 40 -3190.0
7 41 -6733.75
7 42 -1331.34
7 43 -3960.0
7 44 -3707.36
7 45 -3220.82
7 46 -1690.71
7 48 -3791.72
7 49 -4860.0
7 50 -4940.0
7 51 -5103.94
8 52 13208.4
8 3 -2788.44
8 4 -3670.0
8 5 -2474.69
8 6 -167.483
8 7 -6320.0
8 9 -4906.56
8 10 -2543.77
8 11 -3060.0
8 12 -6245.42
8 13 -7770.0
8 14 -6460.0
8 15 -3050.0
8 16 -4186.23
8 17 -7386.06
8 18 -3220.0
8 19 2075.17
8 20 -5905.66
8 21 -3990.0
8 22 -6306.16
8 23 -5350.0
8 24 -3047.88
8 25 -6167.47
8 26 -900.0
8 27 -4020.0
8 28 170.0
8 29 -4167.88
8 30 -6749.5
8 31 -2832.47
8 32 -2010.0
8 33 -3223.7
8 34 -3217.08
8 35 -4707.4
8 36 -5686.32
8 37 -3273.94
8 38 -447.535
8 39 -2436.72
8 40 -4580.0
8 41 -553.75
8 42 -3901.34
8 43 -3260.0
8 44 -4397.36
8 45 -2110.82
8 46 -2380.71
8 48 -7401.72
8 49 -2500.0
8 50 -5700.0
8 51 -1003.94
9 52 11268.4
9 3 -7718.44
9 4 -4020.0
9 5 -6154.69
9 6 -6967.48
9 7 -4310.0
9 8 -8950.0
9 10 -2753.77
9 11 -6530.0
9 12 -1245.42
9 13 -1100.0
9 14 -1530.0
9 15 -8810.0
9 16 -6546.23
9 17 -586.059
9 18 -6140.0
9 19 2285.17
9 20 -975.66
9 21 -4270.0
9 22 -2346.16
9 23 -7500.0
9 24 -6727.88
9 25 -4297.47
9 26 -8330.0
9 27 -2420.0
9 28 -4280.0
9 29 -4447.88
9 30 -2299.5
9 31 -7622.47
9 32 -10060.0
9 33 -3983.7
9 34 -2797.08
9 35 -5327.4
9 36 -1596.32
9 37 -3763.94
9 38 -7947.53
9 39 -6326.72
9 40 -7420.0
9 41 -8533.75
9 42 -3901.34
9 43 -4860.0
9 44 -3077.36
9 45 -7110.82
9 46 -5300.71
9 48 -41.7188
9 49 -5620.0
9 50 -3270.0
9 51 -6143.94
10 52 12028.4
10 3 -7928.44
10 4 -3180.0
10 5 -6364.69
10 6 -5997.48
10 7 -7850.0
10 8 -6520.0
10 9 -2686.56
10 11 -910.0
10 12 -6245.42
10 13 -6660.0
10 14 -3130.0
10 15 -8540.0
10 16 -296.233
10 17 -5306.06
10 18 -7390.0
10 19 -1044.83
10 20 -3615.66
10 21 -2740.0
10 22 -6646.16
10 23 -1040.0
10 24 -7277.88
10 25 -7767.47
10 26 -6520.0
10 27 -4920.0
10 28 -1360.0
10 29 -5627.88
10 30 -6749.5
10 31 -7762.47
10 32 -6110.0
10 33 -4613.7
10 34 -3487.08
10 35 -8247.4
10 36 -6246.32
10 37 -6123.94
10 38 -6067.53
10 39 -6326.72
10 40 -8740.0
10 41 -4443.75
10 42 -5421.34
10 43 -3540.0
10 44 -2177.36
10 45 -7310.82
10 46 -5930.71
10 48 -4621.72
10 49 -2570.0
10 50 -1880.0
10 51 -2113.94
11 52 12518.4
11 3 -6678.44
11 4 -3180.0
11 5 -5324.69
11 6 -4467.48
11 7 -7850.0
11 8 -4580.0
11 9 -4006.56
11 10 1546.23
11 12 -6735.42
11 13 -7560.0
11 14 -4590.0
11 15 -7150.0
11 16 323.767
11 17 -6486.06
11 18 -6480.0
11 19 -694.826
11 20 -4725.66
11 21 -2810.0
11 22 -7066.16
11 23 -900.0
11 24 -6307.88
11 25 -7767.47
11 26 -4860.0
11 27 -4990.0
11 28 30.0
11 29 -5347.88
11 30 -7299.5
11 31 -6582.47
11 32 -3880.0
11 33 -4333.7
11 34 -3487.08
11 35 -7757.4
11 36 -6596.32
11 37 -5703.94
11 38 -4337.53
11 39 -5286.72
11 40 -7840.0
11 41 -2213.75
11 42 -5151.34
11 43 -3060.0
11 44 -2937.36
11 45 -6060.82
11 46 -5160.71
11 48 -6081.72
11 49 -1600.0
11 50 -3340.0
11 51 -173.941
12 52 12168.4
12 3 -5698.44
12 4 -3740.0
12 5 -4414.69
12 6 -5237.48
12 7 -1740.0
12 8 -7770.0
12 9 1273.44
12 10 -3793.77
12 11 -6740.0
12 13 -960.0
12 14 -3130.0
12 15 -6800.0
12 16 -7236.23
12 17 -2106.06
12 18 -3980.0
12 19 4925.17
12 20 -2015.66
12 21 -4400.0
12 22 13.8368
12 23 -8330.0
12 24 -4707.88
12 25 -1797.47
12 26 -7010.0
12 27 -620.0
12 28 -3790.0
12 29 -2987.88
12 30 -9.49653
12 31 -5542.47
12 32 -9300.0
12 33 -2603.7
12 34 -1967.08
12 35 -2627.4
12 36 1043.68
12 37 -1333.94
12 38 -6627.53
12 39 -4656.72
12 40 -5060.0
12 41 -7773.75
12 42 -2301.34
12 43 -4440.0
12 44 -3427.36
12 45 -5020.82
12 46 -3290.71
12 48 -2261.72
12 49 -5410.0
12 50 -4380.0
12 51 -5793.94
13 52 11958.4
13 3 -6538.44
13 4 -3600.0
13 5 -5114.69
13 6 -5927.48
13 7 -2920.0
13 8 -8190.0
13 9 2523.44
13 10 -3103.77
13 11 -6460.0
13 12 144.583
13 14 -2090.0
13 15 -7700.0
13 16 -6756.23
13 17 -996.059
13 18 -4890.0
13 19 3675.17
13 20 -1115.66
13 21 -4060.0
13 22 -956.163
13 23 -7780.0
13 24 -5547.88
13 25 -2907.47
13 26 -7490.0
13 27 -1240.0
13 28 -3860.0
13 29 -3467.88
13 30 -909.497
13 31 -6442.47
13 32 -9510.0
13 33 -3083.7
13 34 -2037.08
13 35 -3807.4
13 36 -206.319
13 37 -2373.94
13 38 -7107.53
13 39 -5286.72
13 40 -6040.0
13 41 -7983.75
13 42 -2791.34
13 43 -4440.0
13 44 -3007.36
13 45 -5860.82
13 46 -4120.71
13 48 -1081.72
13 49 -5280.0
13 50 -3620.0
13 51 -5793.94
14 52 12588.4
14 3 -7298.44
14 4 -2420.0
14 5 -5594.69
14 6 -6137.48
14 7 -5070.0
14 8 -7560.0
14 9 1413.44
14 10 -253.767
14 11 -4170.0
14 12 -2705.42
14 13 -2770.0
14 15 -8190.0
14 16 -4116.23
14 17 -1276.06
14 18 -6070.0
14 19 1385.17
14 20 64.3403
14 21 -2460.0
14 22 -3386.16
14 23 -5070.0
14 24 -6307.88
14 25 -5057.47
14 26 -7080.0
14 27 -2490.0
14 28 -2540.0
14 29 -3957.88
14 30 -3479.5
14 31 -7132.47
14 32 -8260.0
14 33 -3223.7
14 34 -1757.08
14 35 -6027.4
14 36 -2916.32
14 37 -4103.94
14 38 -6627.53
14 39 -5566.72
14 40 -7290.0
14 41 -6663.75
14 42 -3551.34
14 43 -3330.0
14 44 -1067.36
14 45 -6690.82
14 46 -4880.71
14 48 -521.719
14 49 -3680.0
14 50 -840.0
14 51 -4133.94
15 52 12448.4
15 3 -78.4375
15 4 -4570.0
15 5 -1434.69
15 6 872.517
15 7 -4930.0
15 8 -3050.0
15 9 -4766.56
15 10 -4563.77
15 11 -5630.0
15 12 -5275.42
15 13 -7280.0
15 14 -7090.0
15 16 -6686.23
15 17 -7386.06
15 18 -860.0
15 19 4505.17
15 20 -6315.66
15 21 -5240.0
15 22 -5336.16
15 23 -7980.0
15 24 -1237.88
15 25 -4637.47
15 26 -2430.0
15 27 -3260.0
15 28 -1850.0
15 29 -3817.88
15 30 -5909.5
15 31 -472.465
15 32 -4990.0
15 33 -3083.7
15 34 -3557.08
15 35 -2137.4
15 36 -4436.32
15 37 -1263.94
15 38 -2247.53
15 39 -1606.72
15 40 -2150.0
15 41 -3533.75
15 42 -3341.34
15 43 -4310.0
15 44 -5437.36
15 45 809.184
15 46 -860.712
15 48 -7671.72
15 49 -4440.0
15 50 -6950.0
15 51 -3573.94
16 52 11888.4
16 3 -7648.44
16 4 -3600.0
16 5 -6224.69
16 6 -5507.48
16 7 -8340.0
16 8 -5620.0
16 9 -3936.56
16 10 2246.23
16 11 410.0
16 12 -7145.42
16 13 -7770.0
16 14 -4450.0
16 15 -8120.0
16 17 -6486.06
16 18 -7320.0
16 19 -1394.83
16 20 -4795.66
16 21 -3290.0
16 22 -7416.16
16 23 140.0
16 24 -7137.88
16 25 -8387.47
16 26 -5830.0
16 27 -5480.0
16 28 -880.0
16 29 -6037.88
16 30 -7649.5
16 31 -7482.47
16 32 -4860.0
16 33 -4963.7
16 34 -3977.08
16 35 -8457.4
16 36 -7006.32
16 37 -6463.94
16 38 -5377.53
16 39 -6116.72
16 40 -8740.0
16 41 -3123.75
16 42 -5841.34
16 43 -3680.0
16 44 -3077.36
16 45 -6970.82
16 46 -5930.71
16 48 -6011.72
16 49 -2360.0
16 50 -3200.0
16 51 -1213.94
17 52 12378.4
17 3 -6948.44
17 4 -2970.0
17 5 -5254.69
17 6 -6067.48
17 7 -3820.0
17 8 -7910.0
17 9 2933.44
17 10 -1853.77
17 11 -5490.0
17 12 -1105.42
17 13 -1100.0
17 14 -700.0
17 15 -7910.0
17 16 -5576.23
17 18 -5440.0
17 19 2565.17
17 20 64.3403
17 21 -3290.0
17 22 -1996.16
17 23 -6660.0
17 24 -5887.88
17 25 -3877.47
17 26 -7290.0
17 27 -1590.0
17 28 -3240.0
17 29 -3537.88
17 30 -1889.5
17 31 -6722.47
17 32 -9020.0
17 33 -3013.7
17 34 -1757.08
17 35 -4847.4
17 36 -1386.32
17 37 -3133.94
17 38 -6907.53
17 39 -5356.72
17 40 -6660.0
17 41 -7423.75
17 42 -3061.34
17 43 -3820.0
17 44 -2037.36
17 45 -6270.82
17 46 -4400.71
17 48 168.281
17 49 -4580.0
17 50 -2370.0
17 51 -5033.94
18 52 12868.4
18 3 -838.438
18 4 -4020.0
18 5 -1084.69
18 6 -857.483
18 7 -3060.0
18 8 -4370.0
18 9 -3246.56
18 10 -4563.77
18 11 -6110.0
18 12 -3605.42
18 13 -5620.0
18 14 -6120.0
18 15 -2010.0
18 16 -7036.23
18 17 -6066.06
18 19 6315.17
18 20 -5135.66
18 21 -4820.0
18 22 -3666.16
18 23 -8330.0
18 24 -477.882
18 25 -2767.47
18 26 -3540.0
18 27 -1800.0
18 28 -2330.0
18 29 -2707.88
18 30 -4179.5
18 31 -952.465
18 32 -6380.0
18 33 -2183.7
18 34 -2657.08
18 35 -467.396
18 36 -2566.32
18 37 616.059
18 38 -3357.53
18 39 -1326.72
18 40 -270.0
18 41 -4923.75
18 42 -2161.34
18 43 -4030.0
18 44 -4747.36
18 45 -90.816
18 46 49.2882
18 48 -6351.72
18 49 -4580.0
18 50 -6260.0
18 51 -4203.94
19 52 10918.4
19 3 -3618.44
19 4 -5750.0
19 5 -3654.69
19 6 -3707.48
19 7 -2570.0
19 8 -7220.0
19 9 -2966.56
19 10 -6363.77
19 11 -8470.0
19 12 -2845.42
19 13 -5200.0
19 14 -6810.0
19 15 -4790.0
19 16 -9256.23
19 17 -6206.06
19 18 -1830.0
19 20 -5695.66
19 21 -6490.0
19 22 -3246.16
19 23 -10480.0
19 24 -3317.88
19 25 -2277.47
19 26 -6450.0
19 27 -2490.0
19 28 -4760.0
19 29 -4097.88
19 30 -3759.5
19 31 -3732.47
19 32 -9160.0
19 33 -3783.7
19 34 -3977.08
19 35 1542.6
19 36 -1736.32
19 38 -6137.53
19 39 -3966.72
19 40 -2770.0
19 41 -7703.75
19 42 -3411.34
19 43 -5970.0
19 44 -6137.36
19 45 -2800.82
19 46 -2380.71
19 48 -6491.72
19 49 -6800.0
19 50 -7510.0
19 51 -6703.94
20 52 13138.4
20 3 -6468.44
20 4 -2000.0
20 5 -4764.69
20 6 -5377.48
20 7 -4030.0
20 8 -7080.0
20 9 1893.44
20 10 -813.767
20 11 -4380.0
20 12 -1665.42
20 13 -1870.0
20 14 -10.0
20 15 -7490.0
20 16 -4536.23
20 17 -586.059
20 18 -5160.0
20 19 2425.17
20 21 -2250.0
20 22 -2346.16
20 23 -5620.0
20 24 -5477.88
20 25 -4017.47
20 26 -6590.0
20 27 -1450.0
20 28 -2330.0
20 29 -3057.88
20 30 -2369.5
20 31 -6302.47
20 32 -8050.0
20 33 -2393.7
20 34 -1057.08
20 35 -4987.4
20 36 -1866.32
20 37 -3133.94
20 38 -6137.53
20 39 -4866.72
20 40 -6380.0
20 41 -6453.75
20 42 -2581.34
20 43 -2920.0
20 44 -997.361
20 45 -5860.82
20 46 -3980.71
20 48 -451.719
20 49 -3540.0
20 50 -1330.0
20 51 -3993.94
21 52 15088.4
21 3 -5008.44
21 4 80.0
21 5 -3374.69
21 6 -3497.48
21 7 -4590.0
21 8 -4580.0
21 9 -816.563
21 10 646.233
21 11 -1880.0
21 12 -3465.42
21 13 -4230.0
21 14 -1950.0
21 15 -5830.0
21 16 -2446.23
21 17 -3356.06
21 18 -4260.0
21 19 2215.17
21 20 -1665.66
21 22 -3666.16
21 23 -3540.0
21 24 -4227.88
21 25 -4637.47
21 26 -4230.0
21 27 -1730.0
21 28 440.0
21 29 -2357.88
21 30 -3899.5
21 31 -4842.47
21 32 -5340.0
21 33 -1353.7
21 34 -227.083
21 35 -4987.4
21 36 -3256.32
21 37 -2923.94
21 38 -3847.53
21 39 -3336.72
21 40 -5550.0
21 41 -3743.75
21 42 -2161.34
21 43 -490.0
21 44 182.639
21 45 -4400.82
21 46 -2870.71
21 48 -3161.72
21 49 -760.0
21 50 -1190.0
21 51 -1283.94
22 52 12728.4
22 3 -5008.44
22 4 -3250.0
22 5 -3724.69
22 6 -4537.48
22 7 -1250.0
22 8 -7080.0
22 9 923.437
22 10 -3443.77
22 11 -6320.0
22 12 764.583
22 13 -1310.0
22 14 -3060.0
22 15 -6110.0
22 16 -6756.23
22 17 -2246.06
22 18 -3290.0
22 19 5275.17
22 20 -1945.66
22 21 -3850.0
22 23 -7910.0
22 24 -4017.88
22 25 -1237.47
22 26 -6310.0
22 28 -3170.0
22 29 -2357.88
22 30 130.503
22 31 -4912.47
22 32 -8670.0
22 33 -2043.7
22 34 -1477.08
22 35 -2207.4
22 36 1113.68
22 37 -773.941
22 38 -5997.53
22 39 -3896.72
22 40 -4440.0
22 41 -7143.75
22 42 -1611.34
22 43 -3820.0
22 44 -3077.36
22 45 -4330.82
22 46 -2660.71
22 48 -2471.72
22 49 -4790.0
22 50 -4170.0
22 51 -5173.94
23 52 11338.4
23 3 -8198.44
23 4 -4090.0
23 5 -6844.69
23 6 -5997.48
23 7 -8890.0
23 8 -6110.0
23 9 -4216.56
23 10 2176.23
23 11 -140.0
23 12 -7565.42
23 13 -8120.0
23 14 -4730.0
23 15 -8740.0
23 16 813.767
23 17 -6896.06
23 18 -7940.0
23 19 -1944.83
23 20 -5205.66
23 21 -3710.0
23 22 -7896.16
23 24 -7697.88
23 25 -8807.47
23 26 -6450.0
23 27 -5960.0
23 28 -1430.0
23 29 -6527.88
23 30 -8129.5
23 31 -8042.47
23 32 -5340.0
23 33 -5513.7
23 34 -4397.08
23 35 -9007.4
23 36 -7426.32
23 37 -6953.94
23 38 -5927.53
23 39 -6676.72
23 40 -9230.0
23 41 -3603.75
23 42 -6261.34
23 43 -4170.0
23 44 -3497.36
23 45 -7590.82
23 46 -6550.71
23 48 -6221.72
23 49 -2910.0
23 50 -3480.0
23 51 -1703.94
24 52 13628.4
24 3 -568.438
24 4 -3390.0
24 5 -184.688
24 6 -237.483
24 7 -3270.0
24 8 -3540.0
24 9 -3176.56
24 10 -3793.77
24 11 -5280.0
24 12 -3675.42
24 13 -5620.0
24 14 -5700.0
24 15 -1730.0
24 16 -6196.23
24 17 -5856.06
24 18 180.0
24 19 5485.17
24 20 -4795.66
24 21 -4130.0
24 22 -3736.16
24 23 -7430.0
24 25 -3047.47
24 26 -2700.0
24 27 -1660.0
24 28 -1430.0
24 29 -2287.88
24 30 -4249.5
24 31 -472.465
24 32 -5480.0
24 33 -1693.7
24 34 -2107.08
24 35 -1237.4
24 36 -2776.32
24 37 126.059
24 38 -2457.53
24 39 -426.719
24 40 -1180.0
24 41 -4023.75
24 42 -1811.34
24 43 -3260.0
24 44 -4187.36
24 45 -20.816
24 46 669.288
24 48 -6081.72
24 49 -3680.0
24 50 -5700.0
24 51 -3363.94
25 52 12728.4
25 3 -3828.44
25 4 -3600.0
25 5 -2824.69
25 6 -3567.48
25 7 -70.0
25 8 -6520.0
25 9 -606.563
25 10 -4143.77
25 11 -6600.0
25 12 -625.417
25 13 -2840.0
25 14 -4310.0
25 15 -4990.0
25 16 -7306.23
25 17 -3706.06
25 18 -1970.0
25 19 6665.17
25 20 -3195.66
25 21 -4400.0
25 22 -816.163
25 23 -8400.0
25 24 -2907.88
25 26 -5620.0
25 27 -130.0
25 28 -3100.0
25 29 -2087.88
25 30 -1399.5
25 31 -3732.47
25 32 -8190.0
25 33 -1903.7
25 34 -1757.08
25 35 -747.396
25 36 423.681
25 37 686.059
25 38 -5307.53
25 39 -3066.72
25 40 -3050.0
25 41 -6733.75
25 42 -1331.34
25 43 -4030.0
25 44 -3907.36
25 45 -3080.82
25 46 -1620.71
25 48 -3991.72
25 49 -4930.0
25 50 -5080.0
25 51 -5173.94
26 52 13698.4
26 3 -2158.44
26 4 -3180.0
26 5 -1574.69
26 6 322.517
26 7 -5490.0
26 8 -900.0
26 9 -4286.56
26 10 -2543.77
26 11 -3340.0
26 12 -5485.42
26 13 -7070.0
26 14 -5980.0
26 15 -2430.0
26 16 -4396.23
26 17 -6766.06
26 18 -2390.0
26 19 2845.17
26 20 -5415.66
26 21 -3640.0
26 22 -5536.16
26 23 -5690.0
26 24 -2207.88
26 25 -5267.47
26 27 -3190.0
26 28 300.0
26 29 -3467.88
26 30 -5979.5
26 31 -2132.47
26 32 -2840.0
26 33 -2463.7
26 34 -2657.08
26 35 -3877.4
26 36 -4856.32
26 37 -2373.94
26 38 182.465
26 39 -1536.72
26 40 -3810.0
26 41 -1383.75
26 42 -3131.34
26 43 -2780.0
26 44 -4047.36
26 45 -1410.82
26 46 -1480.71
26 48 -6911.72
26 49 -2360.0
26 50 -5420.0
26 51 -1283.94
27 52 14188.4
27 3 -3828.44
27 4 -2000.0
27 5 -2334.69
27 6 -3217.48
27 7 -1390.0
27 8 -5620.0
27 9 23.4375
27 10 -2543.77
27 11 -5070.0
27 12 -695.417
27 13 -2420.0
27 14 -2990.0
27 15 -4860.0
27 16 -5646.23
27 17 -2666.06
27 18 -2250.0
27 19 5205.17
27 20 -1875.66
27 21 -2740.0
27 22 -816.163
27 23 -6800.0
27 24 -2767.88
27 25 -1377.47
27 26 -4790.0
27 28 -1710.0
27 29 -767.882
27 30 -1259.5
27 31 -3662.47
27 32 -7080.0
27 33 -513.698
27 34 -227.083
27 35 -2067.4
27 36 -206.319
27 37 -83.941
27 38 -4477.53
27 39 -2506.72
27 40 -3470.0
27 41 -5623.75
27 42 -81.3368
27 43 -2500.0
27 44 -2247.36
27 45 -3150.82
27 46 -1340.71
27 48 -3021.72
27 49 -3470.0
27 50 -3550.0
27 51 -3783.94
28 52 14808.4
28 3 -4038.44
28 4 -1520.0
28 5 -2754.69
28 6 -2037.48
28 7 -5630.0
28 8 -2560.0
28 9 -2966.56
28 10 -113.767
28 11 -1180.0
28 12 -4995.42
28 13 -6170.0
28 14 -4170.0
28 15 -4580.0
28 16 -2176.23
28 17 -5446.06
28 18 -3910.0
28 19 1805.17
28 20 -3885.66
28 21 -1700.0
28 22 -5126.16
28 23 -3400.0
28 24 -3667.88
28 25 -5477.47
28 26 -2430.0
28 27 -2840.0
28 29 -3057.88
28 30 -5429.5
28 31 -3942.47
28 32 -3120.0
28 33 -2043.7
28 34 -1617.08
28 35 -5187.4
28 36 -4646.32
28 37 -3203.94
28 38 -1977.53
28 39 -2646.72
28 40 -5200.0
28 41 -1523.75
28 42 -2991.34
28 43 -1180.0
28 44 -2107.36
28 45 -3430.82
28 46 -2520.71
28 48 -5381.72
28 49 -70.0
28 50 -3270.0
28 51 656.059
29 52 15158.4
29 3 -3198.44
29 4 -1310.0
29 5 -1434.69
29 6 -2247.48
29 7 -2230.0
29 8 -4510.0
29 9 -746.563
29 10 -1993.77
29 11 -4170.0
29 12 -1805.42
29 13 -3390.0
29 14 -3200.0
29 15 -4160.0
29 16 -4946.23
29 17 -3356.06
29 18 -1900.0
29 19 4855.17
29 20 -2225.66
29 21 -2110.0
29 22 -1926.16
29 23 -6110.0
29 24 -2137.88
29 25 -2077.47
29 26 -3810.0
29 27 490.0
29 28 -670.0
29 30 -2299.5
29 31 -2972.47
29 32 -6040.0
29 33 526.302
29 34 322.917
29 35 -2347.4
29 36 -1246.32
29 37 -283.941
29 38 -3427.53
29 39 -1606.72
29 40 -3120.0
29 41 -4573.75
29 42 408.663
29 43 -1600.0
29 44 -1897.36
29 45 -2520.82
29 46 -650.712
29 48 -3581.72
29 49 -2500.0
29 50 -3340.0
29 51 -2743.94
30 52 12588.4
30 3 -5288.44
30 4 -3250.0
30 5 -3934.69
30 6 -4817.48
30 7 -1530.0
30 8 -7290.0
30 9 1203.44
30 10 -3313.77
30 11 -6320.0
30 12 974.583
30 13 -1030.0
30 14 -2920.0
30 15 -6450.0
30 16 -6756.23
30 17 -1906.06
30 18 -3570.0
30 19 4995.17
30 20 -1735.66
30 21 -3850.0
30 22 363.837
30 23 -7910.0
30 24 -4297.88
30 25 -1587.47
30 26 -6520.0
30 27 -200.0
30 28 -3240.0
30 29 -2497.88
30 31 -5192.47
30 32 -8810.0
30 33 -2183.7
30 34 -1547.08
30 35 -2487.4
30 36 973.681
30 37 -1053.94
30 38 -6207.53
30 39 -4176.72
30 40 -4720.0
30 41 -7283.75
30 42 -1811.34
30 43 -3890.0
30 44 -3077.36
30 45 -4610.82
30 46 -2870.71
30 48 -2261.72
30 49 -4860.0
30 50 -3970.0
30 51 -5243.94
31 52 13008.4
31 3 131.562
31 4 -3950.0
31 5 -804.688
31 6 392.517
31 7 -4100.0
31 8 -3260.0
31 9 -4006.56
31 10 -4213.77
31 11 -5490.0
31 12 -4445.42
31 13 -6450.0
31 14 -6460.0
31 15 -900.0
31 16 -6476.23
31 17 -6626.06
31 18 -230.0
31 19 5135.17
31 20 -5555.66
31 21 -4680.0
31 22 -4566.16
31 23 -7710.0
31 24 -407.882
31 25 -3807.47
31 26 -2560.0
31 27 -2490.0
31 28 -1640.0
31 29 -3057.88
31 30 -5079.5
31 32 -5270.0
31 33 -2393.7
31 34 -2797.08
31 35 -1647.4
31 36 -3606.32
31 37 -563.941
31 38 -2317.53
31 39 -976.719
31 40 -1520.0
31 41 -3743.75
31 42 -2581.34
31 43 -3820.0
31 44 -4817.36
31 45 809.184
31 46 -160.712
31 48 -6911.72
31 49 -4030.0
31 50 -6330.0
31 51 -3503.94
32 2 2138.26
33 52 15568.4
33 3 -3198.44
33 4 -1030.0
33 5 -1434.69
33 6 -2107.48
33 7 -2640.0
33 8 -4230.0
33 9 -946.563
33 10 -1643.77
33 11 -3820.0
33 12 -2085.42
33 13 -3670.0
33 14 -3130.0
33 15 -4090.0
33 16 -4536.23
33 17 -3496.06
33 18 -2040.0
33 19 4505.17
33 20 -2225.66
33 21 -1770.0
33 22 -2276.16
33 23 -5760.0
33 24 -2207.88
33 25 -2557.47
33 26 -3470.0
33 27 80.0
33 28 -320.0
33 29 -137.882
33 30 -2649.5
33 31 -2972.47
33 32 -5690.0
33 34 532.917
33 35 -2627.4
33 36 -1596.32
33 37 -563.941
33 38 -3087.53
33 39 -1466.72
33 40 -3330.0
33 41 -4163.75
33 42 58.6632
33 43 -1250.0
33 44 -1687.36
33 45 -2520.82
33 46 -720.712
33 48 -3651.72
33 49 -2150.0
33 50 -3200.0
33 51 -2393.94
34 52 15438.4
34 3 -4108.44
34 4 -340.0
34 5 -2334.69
34 6 -2947.48
34 7 -2990.0
34 8 -4720.0
34 9 -256.563
34 10 -1013.77
34 11 -3470.0
34 12 -1945.42
34 13 -3120.0
34 14 -2160.0
34 15 -5060.0
34 16 -4046.23
34 17 -2736.06
34 18 -3010.0
34 19 3815.17
34 20 -1385.66
34 21 -1140.0
34 22 -2206.16
34 23 -5140.0
34 24 -3117.88
34 25 -2907.47
34 26 -4160.0
34 27 -130.0
34 28 -390.0
34 29 -837.882
34 30 -2509.5
34 31 -3872.47
34 32 -5970.0
34 33 36.3021
34 35 -3457.4
34 36 -1666.32
34 37 -1333.94
34 38 -3777.53
34 39 -2436.72
34 40 -4230.0
34 41 -4443.75
34 42 -631.337
34 43 -970.0
34 44 -787.361
34 45 -3430.82
34 46 -1690.71
34 48 -2881.72
34 49 -1940.0
34 50 -2230.0
34 51 -2323.94
35 52 10848.4
35 3 -3198.44
35 4 -5820.0
35 5 -3514.69
35 6 -3357.48
35 7 -2920.0
35 8 -6940.0
35 9 -3516.56
35 10 -6503.77
35 11 -8470.0
35 12 -3335.42
35 13 -5620.0
35 14 -7160.0
35 15 -4370.0
35 16 -9256.23
35 17 -6556.06
35 18 -1550.0
35 19 8605.17
35 20 -6045.66
35 21 -6630.0
35 22 -3666.16
35 23 -10480.0
35 24 -2977.88
35 25 -2627.47
35 26 -6110.0
35 27 -2700.0
35 28 -4690.0
35 29 -4237.88
35 30 -4179.5
35 31 -3452.47
35 32 -8950.0
35 33 -3853.7
35 34 -4187.08
35 36 -2216.32
35 38 -5927.53
35 39 -3826.72
35 40 -2430.0
35 41 -7493.75
35 42 -3551.34
35 43 -6040.0
35 44 -6407.36
35 45 -2380.82
35 46 -2180.71
35 48 -6911.72
35 49 -6800.0
35 50 -7720.0
35 51 -6633.94
36 52 12168.4
36 3 -5148.44
36 4 -3810.0
36 5 -4004.69
36 6 -4817.48
36 7 -1110.0
36 8 -7560.0
36 9 573.437
36 10 -4143.77
36 11 -6950.0
36 12 694.583
36 13 -1660.0
36 14 -3690.0
36 15 -6310.0
36 16 -7446.23
36 17 -2736.06
36 18 -3290.0
36 19 5685.17
36 20 -2565.66
36 21 -4540.0
36 22 13.8368
36 23 -8540.0
36 24 -4157.88
36 25 -1097.47
36 26 -6730.0
36 27 -480.0
36 28 -3790.0
36 29 -2777.88
36 30 -359.497
36 31 -5052.47
36 32 -9090.0
36 33 -2463.7
36 34 -2037.08
36 35 -1857.4
36 37 -703.941
36 38 -6347.53
36 39 -4176.72
36 40 -4440.0
36 41 -7633.75
36 42 -2091.34
36 43 -4440.0
36 44 -3777.36
36 45 -4470.82
36 46 -2870.71
36 48 -3021.72
36 49 -5480.0
36 50 -4800.0
36 51 -5793.94
37 52 12868.4
37 3 -2368.44
37 4 -3810.0
37 5 -1784.69
37 6 -2247.48
37 7 -1530.0
37 8 -5550.0
37 9 -1996.56
37 10 -4423.77
37 11 -6460.0
37 12 -2085.42
37 13 -4230.0
37 14 -5280.0
37 15 -3540.0
37 16 -7306.23
37 17 -4886.06
37 18 -510.0
37 19 7215.17
37 20 -4235.66
37 21 -4610.0
37 22 -2276.16
37 23 -8470.0
37 24 -1657.88
37 25 -1237.47
37 26 -4650.0
37 27 -760.0
37 28 -2750.0
37 29 -2217.88
37 30 -2789.5
37 31 -2412.47
37 32 -7420.0
37 33 -1833.7
37 34 -2107.08
37 35 152.604
37 36 -1106.32
37 38 -4337.53
37 39 -2156.72
37 40 -1590.0
37 41 -5963.75
37 42 -1471.34
37 43 -3960.0
37 44 -4327.36
37 45 -1690.82
37 46 -510.712
37 48 -5241.72
37 49 -4790.0
37 50 -5770.0
37 51 -4753.94
38 52 13768.4
38 3 -2228.44
38 4 -3180.0
38 5 -1714.69
38 6 182.517
38 7 -5560.0
38 8 -830.0
38 9 -4286.56
38 10 -2473.77
38 11 -3200.0
38 12 -5485.42
38 13 -7070.0
38 14 -5910.0
38 15 -2630.0
38 16 -4326.23
38 17 -6766.06
38 18 -2590.0
38 19 2775.17
38 20 -5345.66
38 21 -3640.0
38 22 -5606.16
38 23 -5550.0
38 24 -2347.88
38 25 -5337.47
38 26 -200.0
38 27 -3260.0
38 28 370.0
38 29 -3467.88
38 30 -6049.5
38 31 -2272.47
38 32 -2700.0
38 33 -2463.7
38 34 -2657.08
38 35 -4077.4
38 36 -4856.32
38 37 -2443.94
38 39 -1606.72
38 40 -3950.0
38 41 -1243.75
38 42 -3201.34
38 43 -2710.0
38 44 -3977.36
38 45 -1550.82
38 46 -1620.71
38 48 -6911.72
38 49 -2290.0
38 50 -5290.0
38 51 -1143.94
39 52 14458.4
39 3 -1258.44
39 4 -2560.0
39 5 375.312
39 6 -167.483
39 7 -3540.0
39 8 -2980.0
39 9 -2826.56
39 10 -2893.77
39 11 -4310.0
39 12 -3675.42
39 13 -5410.0
39 14 -5010.0
39 15 -2150.0
39 16 -5226.23
39 17 -5376.06
39 18 -720.0
39 19 4785.17
39 20 -4235.66
39 21 -3290.0
39 22 -3666.16
39 23 -6460.0
39 24 -477.882
39 25 -3257.47
39 26 -2080.0
39 27 -1450.0
39 28 -460.0
39 29 -1807.88
39 30 -4179.5
39 31 -1092.47
39 32 -4790.0
39 33 -1003.7
39 34 -1477.08
39 35 -2137.4
39 36 -2846.32
39 37 -423.941
39 38 -1767.53
39 40 -2080.0
39 41 -3323.75
39 42 -1401.34
39 43 -2360.0
39 44 -3357.36
39 45 -650.816
39 46 529.288
39 48 -5661.72
39 49 -2710.0
39 50 -4870.0
39 51 -2393.94
40 52 12658.4
40 3 -978.438
40 4 -4220.0
40 5 -1224.69
40 6 -1067.48
40 7 -2990.0
40 8 -4580.0
40 9 -3376.56
40 10 -4763.77
40 11 -6320.0
40 12 -3535.42
40 13 -5620.0
40 14 -6190.0
40 15 -2150.0
40 16 -7306.23
40 17 -6136.06
40 18 880.0
40 19 6525.17
40 20 -5205.66
40 21 -4960.0
40 22 -3666.16
40 23 -8470.0
40 24 -687.882
40 25 -2697.47
40 26 -3810.0
40 27 -1870.0
40 28 -2470.0
40 29 -2777.88
40 30 -4179.5
40 31 -1092.47
40 32 -6590.0
40 33 -2323.7
40 34 -2727.08
40 35 -197.396
40 36 -2566.32
40 37 686.059
40 38 -3567.53
40 39 -1536.72
40 41 -5063.75
40 42 -2231.34
40 43 -4170.0
40 44 -4887.36
40 45 -230.816
40 46 -90.7118
40 48 -6421.72
40 49 -4720.0
40 50 -6400.0
40 51 -4473.94
41 52 11758.4
41 3 -5008.44
41 4 -4710.0
41 5 -4554.69
41 6 -2247.48
41 7 -8200.0
41 8 -2220.0
41 9 -6156.56
41 10 -2133.77
41 11 -2360.0
41 12 -7915.42
41 13 -9230.0
41 14 -7230.0
41 15 -5200.0
41 16 -3356.23
41 17 -8566.06
41 18 -5440.0
41 19 -74.8264
41 20 -6945.66
41 21 -4820.0
41 22 -8036.16
41 23 -4510.0
41 24 -5197.88
41 25 -8047.47
41 26 -3050.0
41 27 -5690.0
41 28 -460.0
41 29 -5897.88
41 30 -8409.5
41 31 -4982.47
41 32 -270.0
41 33 -4823.7
41 34 -4607.08
41 35 -6927.4
41 36 -7426.32
41 37 -5353.94
41 38 -2527.53
41 39 -4446.72
41 40 -6730.0
41 42 -5631.34
41 43 -4240.0
41 44 -5227.36
41 45 -4260.82
41 46 -4400.71
41 48 -8511.72
41 49 -3050.0
41 50 -6190.0
41 51 -863.941
42 52 14878.4
42 3 -3198.44
42 4 -1590.0
42 5 -1504.69
42 6 -2387.48
42 7 -1950.0
42 8 -4720.0
42 9 -676.563
42 10 -2263.77
42 11 -4450.0
42 12 -1595.42
42 13 -3190.0
42 14 -3270.0
42 15 -4160.0
42 16 -5226.23
42 17 -3356.06
42 18 -1830.0
42 19 5065.17
42 20 -2225.66
42 21 -2390.0
42 22 -1656.16
42 23 -6320.0
42 24 -2137.88
42 25 -1797.47
42 26 -3950.0
42 27 700.0
42 28 -1080.0
42 29 -67.8819
42 30 -2089.5
42 31 -2972.47
42 32 -6310.0
42 33 246.302
42 34 52.9167
42 35 -2137.4
42 36 -1036.32
42 37 -13.941
42 38 -3637.53
42 39 -1676.72
42 40 -3050.0
42 41 -4783.75
42 43 -1880.0
42 44 -2107.36
42 45 -2520.82
42 46 -650.712
42 48 -3581.72
42 49 -2910.0
42 50 -3550.0
42 51 -3023.94
43 52 15988.4
43 3 -4108.44
43 4 10.0
43 5 -2404.69
43 6 -2527.48
43 7 -4310.0
43 8 -3810.0
43 9 -1366.56
43 10 -113.767
43 11 -2090.0
43 12 -3465.42
43 13 -4570.0
43 14 -2780.0
43 15 -4860.0
43 16 -2796.23
43 17 -3846.06
43 18 -3430.0
43 19 2775.17
43 20 -2295.66
43 21 -450.0
43 22 -3596.16
43 23 -3960.0
43 24 -3317.88
43 25 -4227.47
43 26 -3330.0
43 27 -1450.0
43 28 1000.0
43 29 -1807.88
43 30 -3899.5
43 31 -3942.47
43 32 -4650.0
43 33 -793.698
43 34 -17.0833
43 35 -4357.4
43 36 -3116.32
43 37 -2233.94
43 38 -2877.53
43 39 -2366.72
43 40 -4720.0
43 41 -3123.75
43 42 -1611.34
43 44 -717.361
43 45 -3430.82
43 46 -1970.71
43 48 -3791.72
43 49 -550.0
43 50 -2160.0
43 51 -933.941
44 52 14458.4
44 3 -5698.44
44 4 -410.0
44 5 -3934.69
44 6 -4197.48
44 7 -4590.0
44 8 -5480.0
44 9 -116.563
44 10 716.233
44 11 -2500.0
44 12 -2985.42
44 13 -3670.0
44 14 -1050.0
44 15 -6520.0
44 16 -2726.23
44 17 -2596.06
44 18 -4680.0
44 19 2075.17
44 20 -905.66
44 21 -310.0
44 22 -3386.16
44 23 -3820.0
44 24 -4777.88
44 25 -4637.47
44 26 -5130.0
44 27 -1730.0
44 28 -460.0
44 29 -2637.88
44 30 -3619.5
44 31 -5472.47
44 32 -6240.0
44 33 -1763.7
44 34 -367.083
44 35 -5257.4
44 36 -2986.32
44 37 -3133.94
44 38 -4677.53
44 39 -3896.72
44 40 -5970.0
44 41 -4643.75
44 42 -2371.34
44 43 -1250.0
44 45 -5090.82
44 46 -3360.71
44 48 -2331.72
44 49 -1600.0
44 50 -490.0
44 51 -2113.94
45 52 12448.4
45 3 341.562
45 4 -4570.0
45 5 -1364.69
45 6 322.517
45 7 -4450.0
45 8 -3540.0
45 9 -4496.56
45 10 -4763.77
45 11 -5970.0
45 12 -4925.42
45 13 -6870.0
45 14 -7020.0
45 15 -620.0
45 16 -6966.23
45 17 -7176.06
45 18 -370.0
45 19 5065.17
45 20 -6115.66
45 21 -5240.0
45 22 -4986.16
45 23 -8260.0
45 24 -957.882
45 25 -4157.47
45 26 -2840.0
45 27 -2980.0
45 28 -2130.0
45 29 -3607.88
45 30 -5499.5
45 31 -192.465
45 32 -5480.0
45 33 -2943.7
45 34 -3357.08
45 35 -1577.4
45 36 -4026.32
45 37 -843.941
45 38 -2597.53
45 39 -1536.72
45 40 -1660.0
45 41 -4023.75
45 42 -3131.34
45 43 -4310.0
45 44 -5437.36
45 46 -650.712
45 48 -7401.72
45 49 -4580.0
45 50 -6950.0
45 51 -3923.94
46 52 14048.4
46 3 -1188.44
46 4 -2840.0
46 5 25.3125
46 6 -647.483
46 7 -2850.0
46 8 -3740.0
46 9 -2616.56
46 10 -3313.77
46 11 -5000.0
46 12 -3125.42
46 13 -5060.0
46 14 -5140.0
46 15 -2220.0
46 16 -5856.23
46 17 -5236.06
46 18 -160.0
46 19 5555.17
46 20 -4165.66
46 21 -3640.0
46 22 -3246.16
46 23 -7150.0
46 24 -197.882
46 25 -2627.47
46 26 -2840.0
46 27 -1100.0
46 28 -1150.0
46 29 -1667.88
46 30 -3689.5
46 31 -1092.47
46 32 -5550.0
46 33 -1073.7
46 34 -1547.08
46 35 -1307.4
46 36 -2356.32
46 37 406.059
46 38 -2597.53
46 39 -286.719
46 40 -1450.0
46 41 -4093.75
46 42 -1191.34
46 43 -2780.0
46 44 -3637.36
46 45 -580.816
46 48 -5521.72
46 49 -3400.0
46 50 -5150.0
46 51 -3093.94
47 52 14738.4
47 3 -1678.44
47 4 -2280.0
47 5 -254.688
47 6 -97.4826
47 7 -3960.0
47 8 -2360.0
47 9 -2966.56
47 10 -2403.77
47 11 -3750.0
47 12 -3955.42
47 13 -5620.0
47 14 -4940.0
47 15 -2360.0
47 16 -4676.23
47 17 -5446.06
47 18 -1410.0
47 19 4095.17
47 20 -4235.66
47 21 -2880.0
47 22 -4016.16
47 23 -5900.0
47 24 -1167.88
47 25 -3807.47
47 26 -1590.0
47 27 -1730.0
47 28 100.0
47 29 -1947.88
47 30 -4519.5
47 31 -1512.47
47 32 -4160.0
47 33 -1073.7
47 34 -1407.08
47 35 -2757.4
47 36 -3326.32
47 37 -983.941
47 38 -1277.53
47 39 -146.719
47 40 -2770.0
47 41 -2703.75
47 42 -1611.34
47 43 -2010.0
47 44 -3147.36
47 45 -1000.82
47 46 -160.712
47 48 -5661.72
47 49 -2220.0
47 50 -4660.0
47 51 -1773.94
48 52 11688.4
48 3 -7718.44
48 4 -3460.0
48 5 -6084.69
48 6 -6827.48
48 7 -4660.0
48 8 -8470.0
48 9 2933.44
48 10 -1713.77
48 11 -5630.0
48 12 -1805.42
48 13 -1730.0
48 14 -490.0
48 15 -8740.0
48 16 -5646.23
48 17 -376.059
48 18 -6270.0
48 19 1735.17
48 20 -345.66
48 21 -3640.0
48 22 -2766.16
48 23 -6530.0
48 24 -6657.88
48 25 -4707.47
48 26 -7980.0
48 27 -2490.0
48 28 -3720.0
48 29 -4307.88
48 30 -2789.5
48 31 -7552.47
48 32 -9440.0
48 33 -3713.7
48 34 -2447.08
48 35 -5747.4
48 36 -2216.32
48 37 -4033.94
48 38 -7597.53
48 39 -6186.72
48 40 -7490.0
48 41 -7913.75
48 42 -3831.34
48 43 -4310.0
48 44 -2317.36
48 45 -7040.82
48 46 -5230.71
48 49 -4930.0
48 50 -2300.0
48 51 -5383.94
49 52 14878.4
49 3 -4658.44
49 4 -1030.0
49 5 -3164.69
49 6 -2667.48
49 7 -5490.0
49 8 -3330.0
49 9 -2406.56
49 10 576.233
49 11 -910.0
49 12 -4715.42
49 13 -5690.0
49 14 -3410.0
49 15 -5270.0
49 16 -1756.23
49 17 -4886.06
49 18 -4260.0
49 19 1665.17
49 20 -3195.66
49 21 -1000.0
49 22 -4846.16
49 23 -2980.0
49 24 -4017.88
49 25 -5407.47
49 26 -3190.0
49 27 -2700.0
49 28 1830.0
49 29 -2987.88
49 30 -5149.5
49 31 -4432.47
49 32 -3810.0
49 33 -1973.7
49 34 -1267.08
49 35 -5397.4
49 36 -4436.32
49 37 -3343.94
49 38 -2737.53
49 39 -2996.72
49 40 -5550.0
49 41 -2213.75
49 42 -2921.34
49 43 -830.0
49 44 -1347.36
49 45 -3980.82
49 46 -2870.71
49 48 -4691.72
49 50 -2440.0
49 51 246.059
50 52 13278.4
50 3 -6948.44
50 4 -1660.0
50 5 -5184.69
50 6 -5377.48
50 7 -5560.0
50 8 -6520.0
50 9 -46.5625
50 10 1276.23
50 11 -2640.0
50 12 -3675.42
50 13 -4020.0
50 14 -560.0
50 15 -7770.0
50 16 -2586.23
50 17 -2666.06
50 18 -5930.0
50 19 965.174
50 20 -975.66
50 21 -1420.0
50 22 -4216.16
50 23 -3540.0
50 24 -6027.88
50 25 -5547.47
50 26 -6240.0
50 27 -2770.0
50 28 -1360.0
50 29 -3817.88
50 30 -4249.5
50 31 -6722.47
50 32 -6940.0
50 33 -3013.7
50 34 -1547.08
50 35 -6307.4
50 36 -3746.32
50 37 -4313.94
50 38 -5727.53
50 39 -5146.72
50 40 -7220.0
50 41 -5343.75
50 42 -3551.34
50 43 -2430.0
50 44 -227.361
50 45 -6340.82
50 46 -4610.71
50 48 -2051.72
50 49 -2430.0
50 51 -2743.94
51 52 13698.4
51 3 -4938.44
51 4 -2420.0
51 5 -3724.69
51 6 -2597.48
51 7 -6670.0
51 8 -2770.0
51 9 -3866.56
51 10 96.2326
51 11 -420.0
51 12 -6035.42
51 13 -7140.0
51 14 -4800.0
51 15 -5340.0
51 16 -1546.23
51 17 -6276.06
51 18 -4820.0
51 19 825.174
51 20 -4585.66
51 21 -2460.0
51 22 -6166.16
51 23 -2710.0
51 24 -4637.88
51 25 -6587.47
51 26 -3050.0
51 27 -3950.0
51 28 1620.0
51 29 -4167.88
51 30 -6469.5
51 31 -4842.47
51 32 -2560.0
51 33 -3153.7
51 34 -2587.08
51 35 -6167.4
51 36 -5686.32
51 37 -4243.94
51 38 -2527.53
51 39 -3616.72
51 40 -6240.0
51 41 -963.75
51 42 -3971.34
51 43 -2150.0
51 44 -2797.36
51 45 -4260.82
51 46 -3500.71
51 48 -6081.72
51 49 -690.0
51 50 -3690.0
52 2 0
52 3 0
52 4 0
52 5 0
52 6 0
52 7 0
52 8 0
52 9 0
52 10 0
52 11 0
52 12 0
52 13 0
52 14 0
52 15 0
52 16 0
52 17 0
52 18 0
52 19 0
52 20 0
52 21 0
52 22 0
52 23 0
52 24 0
52 25 0
52 26 0
52 27 0
52 28 0
52 29 0
52 30 0
52 31 0
52 32 0
52 33 0
52 34 0
52 35 0
52 36 0
52 37 0
52 38 0
52 39 0
52 40 0
52 41 0
52 42 0
52 43 0
52 44 0
52 45 0
52 46 0
52 47 0
52 48 0
52 49 0
52 50 0
52 51 0
2 1 0
3 1 0
4 1 0
5 1 0
6 1 0
7 1 0
8 1 0
9 1 0
10 1 0
11 1 0
12 1 0
13 1 0
14 1 0
15 1 0
16 1 0
17 1 0
18 1 0
19 1 0
20 1 0
21 1 0
22 1 0
23 1 0
24 1 0
25 1 0
26 1 0
27 1 0
28 1 0
29 1 0
30 1 0
31 1 0
32 1 0
33 1 0
34 1 0
35 1 0
36 1 0
37 1 0
38 1 0
39 1 0
40 1 0
41 1 0
42 1 0
43 1 0
44 1 0
45 1 0
46 1 0
47 1 0
48 1 0
49 1 0
50 1 0
51 1 0
52 1 0
