52 2264
1
2
3
4
5
6
7
8
9
10
11
12
13
14
15
16
17
18
19
20
21
22
23
24
25
26
27
28
29
30
31
32
33
34
35
36
37
38
39
40
41
42
43
44
45
46
47
48
49
50
51
52
1 52 -0.0
1 4 -23120.2
1 5 -23560.0
1 6 -20711.0
1 7 -24317.4
1 8 -22650.0
1 9 -23770.8
1 10 -20589.1
1 11 -25840.0
1 12 -24063.4
1 13 -22920.2
1 14 -24170.0
1 15 -18627.7
1 16 -23130.0
1 17 -24052.1
1 18 -22646.6
1 19 -21400.0
1 20 -21723.1
1 21 -22850.0
1 22 -20424.9
1 23 -21185.9
1 24 -23680.0
1 25 -23270.0
1 26 -24930.0
1 28 -20220.0
1 29 -22024.9
1 30 -23980.0
1 31 -24730.0
1 32 -24011.7
1 33 -23130.0
1 34 -24183.4
1 35 -24205.0
1 36 -22908.2
1 37 -24250.8
1 38 -20984.9
1 39 -20560.0
1 40 -22073.3
1 41 -21120.0
1 42 -18844.9
1 43 -23758.1
1 45 -24892.2
1 46 -23090.1
1 47 -20360.0
1 48 -22821.6
1 49 -26250.0
1 50 -23684.9
1 51 -22332.6
2 4 -340.204
2 5 -3060.0
2 6 1728.98
2 7 -3057.45
2 8 -5900.0
2 9 -6050.82
2 10 -3429.08
2 11 -3400.0
2 12 -6973.37
2 13 -3050.2
2 14 -6040.0
2 15 822.347
2 16 -1520.0
2 17 -1472.14
2 18 -5826.63
2 19 -2780.0
2 20 -2893.11
2 21 -6100.0
2 22 -2854.9
2 23 -2985.92
2 24 -4790.0
2 25 -6110.0
2 26 -7700.0
2 28 -3470.0
2 29 -3754.9
2 30 -3480.0
2 31 -3610.0
2 32 -6361.73
2 33 -1660.0
2 34 -6673.37
2 35 -6835.0
2 36 -4078.16
2 37 -6670.82
2 38 -3334.9
2 39 -1940.0
2 40 -5393.27
2 41 -4160.0
2 42 -1544.95
2 43 -6598.06
2 45 -7312.24
2 46 -6280.1
2 47 -2570.0
2 48 -661.633
2 49 -4370.0
2 50 -4434.9
2 51 -5582.55
3 52 18974.9
3 4 -1450.2
3 5 -3750.0
3 6 688.98
3 7 -3957.45
3 8 -5070.0
3 9 -5850.82
3 10 -2879.08
3 11 -4580.0
3 12 -5933.37
3 13 -2010.2
3 14 -4990.0
3 15 962.347
3 16 -2290.0
3 17 -2582.14
3 18 -5136.63
3 19 -1670.0
3 20 -1783.11
3 21 -5340.0
3 22 -1874.9
3 23 -1875.92
3 24 -4990.0
3 25 -5130.0
3 26 -6590.0
3 28 -2710.0
3 29 -2574.9
3 30 -2650.0
3 31 -2980.0
3 32 -5181.73
3 33 -2360.0
3 34 -6463.37
3 35 -6485.0
3 36 -2968.16
3 37 -6400.82
3 38 -3124.9
3 39 -830.0
3 40 -4563.27
3 41 -3610.0
3 42 -364.949
3 43 -5488.06
3 45 -6202.24
3 46 -5580.1
3 47 -2290.0
3 48 -1771.63
3 49 -5410.0
3 50 -3324.9
3 51 -4612.55
4 52 17584.9
4 5 -2300.0
4 6 2288.98
4 7 -2087.45
4 8 -6530.0
4 9 -6050.82
4 10 -3849.08
4 11 -2360.0
4 12 -7873.37
4 13 -4090.2
4 14 -7080.0
4 15 482.347
4 16 -1180.0
4 17 -362.143
4 18 -6246.63
4 19 -3750.0
4 20 -4003.11
4 21 -6730.0
4 22 -3754.9
4 23 -3955.92
4 24 -4580.0
4 25 -7010.0
4 26 -8600.0
4 28 -4030.0
4 29 -4794.9
4 30 -4460.0
4 31 -4580.0
4 32 -7331.73
4 33 -1180.0
4 34 -6873.37
4 35 -6975.0
4 36 -5188.16
4 37 -6740.82
4 38 -3544.9
4 39 -2910.0
4 40 -5953.27
4 41 -4650.0
4 42 -2514.95
4 43 -7498.06
4 45 -8222.24
4 46 -6900.1
4 47 -2780.0
4 48 378.367
4 49 -3330.0
4 50 -5544.9
4 51 -6282.55
5 52 16674.9
5 4 -2770.2
5 6 -631.02
5 7 -67.449
5 8 -6530.0
5 9 -3830.82
5 10 -3919.08
5 11 -3120.0
5 12 -8573.37
5 13 -6870.2
5 14 -8950.0
5 15 -357.653
5 16 -2840.0
5 17 -2792.14
5 18 -5346.63
5 19 -5700.0
5 20 -6163.11
5 21 -6590.0
5 22 -5144.9
5 23 -5825.92
5 24 -2360.0
5 25 -7980.0
5 26 -9510.0
5 28 -4100.0
5 29 -6734.9
5 30 -7580.0
5 31 -7840.0
5 32 -8861.73
5 33 -2770.0
5 34 -5003.37
5 35 -5095.0
5 36 -7478.16
5 37 -4660.82
5 38 -2224.9
5 39 -4790.0
5 40 -5603.27
5 41 -4300.0
5 42 -3624.95
5 43 -8468.06
5 45 -9672.24
5 46 -6560.1
5 47 -2090.0
5 48 798.367
5 49 -2290.0
5 50 -8114.9
5 51 -6632.55
6 4 289.796
6 5 -2160.0
6 7 -2087.45
6 8 -6180.0
6 9 -5640.82
6 10 -3499.08
6 11 -2630.0
6 12 -7593.37
6 13 -3950.2
6 14 -6870.0
6 15 892.347
6 16 -830.0
6 17 -572.143
6 18 -5896.63
6 19 -3410.0
6 20 -3733.11
6 21 -6310.0
6 22 -3404.9
6 23 -3745.92
6 24 -4300.0
6 25 -6730.0
6 26 -8260.0
6 28 -3680.0
6 29 -4584.9
6 30 -4390.0
6 31 -4580.0
6 32 -7121.73
6 33 -900.0
6 34 -6463.37
6 35 -6625.0
6 36 -4978.16
6 37 -6330.82
6 38 -3194.9
6 39 -2570.0
6 40 -5603.27
6 41 -4300.0
6 42 -2234.95
6 43 -7148.06
6 45 -8012.24
6 46 -6490.1
6 47 -2430.0
6 48 238.367
6 49 -3400.0
6 50 -5404.9
6 51 -5932.55
7 52 15844.9
7 4 -2630.2
7 5 -140.0
7 6 -631.02
7 8 -7640.0
7 9 -5080.82
7 10 -4959.08
7 11 -2150.0
7 12 -9613.37
7 13 -7220.2
7 14 -9650.0
7 15 -1117.65
7 16 -3120.0
7 17 -2442.14
7 18 -6596.63
7 19 -6320.0
7 20 -6783.11
7 21 -7700.0
7 22 -5974.9
7 23 -6455.92
7 24 -3610.0
7 25 -8950.0
7 26 -10550.0
7 28 -5140.0
7 29 -7434.9
7 30 -7790.0
7 31 -7910.0
7 32 -9691.73
7 33 -2980.0
7 34 -6253.37
7 35 -6415.0
7 36 -8098.16
7 37 -5910.82
7 38 -3474.9
7 39 -5480.0
7 40 -6783.27
7 41 -5480.0
7 42 -4594.95
7 43 -9378.06
7 45 -10512.2
7 46 -7740.1
7 47 -3200.0
7 48 1978.37
7 49 -1040.0
7 50 -8534.9
7 51 -7742.55
8 52 18274.9
8 4 -6310.2
8 5 -5840.0
8 6 -3961.02
8 7 -6877.45
8 9 -3140.82
8 10 -2389.08
8 11 -8880.0
8 12 -1833.37
8 13 -4790.2
8 14 -4230.0
8 15 -1607.65
8 16 -6240.0
8 17 -7232.14
8 18 -136.633
8 19 -4030.0
8 20 -3523.11
8 21 -270.0
8 22 -2574.9
8 23 -3255.92
8 24 -5130.0
8 25 -2080.0
8 26 -2980.0
8 28 280.0
8 29 -3054.9
8 30 -5980.0
8 31 -7290.0
8 32 -3301.73
8 33 -6310.0
8 34 -3263.37
8 35 -2735.0
8 36 -4218.16
8 37 -3480.82
8 38 -1254.9
8 39 -3260.0
8 40 926.735
8 41 -1040.0
8 42 2695.05
8 43 -2088.06
8 45 -3702.24
8 46 -170.102
8 47 -1950.0
8 48 -5661.63
8 49 -9020.0
8 50 -5064.9
8 51 -172.551
9 52 16264.9
9 4 -6720.2
9 5 -4030.0
9 6 -4311.02
9 7 -5207.45
9 8 -4030.0
9 10 -3639.08
9 11 -8120.0
9 12 -6213.37
9 13 -8120.2
9 14 -8400.0
9 15 -2297.65
9 16 -6380.0
9 17 -7162.14
9 18 -1316.63
9 19 -6600.0
9 20 -6853.11
9 21 -3950.0
9 22 -5354.9
9 23 -6315.92
9 24 -3050.0
9 25 -6450.0
9 26 -7490.0
9 28 -2500.0
9 29 -6804.9
9 30 -9180.0
9 31 -9990.0
9 32 -7681.73
9 33 -6310.0
9 34 -283.367
9 35 -95.0
9 36 -7898.16
9 37 409.184
9 38 -284.898
9 39 -5760.0
9 40 -2203.27
9 41 -2640.0
9 42 -1754.95
9 43 -6598.06
9 45 -8152.24
9 46 -3430.1
9 47 -2020.0
9 48 -4411.63
9 49 -7560.0
9 50 -8744.9
9 51 -4612.55
10 52 20424.9
10 4 -3600.2
10 5 -3200.0
10 6 -1251.02
10 7 -4167.45
10 8 -2360.0
10 9 -2720.82
10 11 -6040.0
10 12 -4263.37
10 13 -4090.2
10 14 -4990.0
10 15 1102.35
10 16 -3400.0
10 17 -4392.14
10 18 -2006.63
10 19 -2570.0
10 20 -2823.11
10 21 -2490.0
10 22 -1394.9
10 23 -2285.92
10 24 -2910.0
10 25 -3610.0
10 26 -5200.0
10 28 210.0
10 29 -2984.9
10 30 -5080.0
10 31 -5900.0
10 32 -4621.73
10 33 -3470.0
10 34 -3193.37
10 35 -3155.0
10 36 -4008.16
10 37 -3270.82
10 38 65.102
10 39 -1730.0
10 40 -1713.27
10 41 -280.0
10 42 745.051
10 43 -4028.06
10 45 -5372.24
10 46 -2600.1
10 47 480.0
10 48 -2881.63
10 49 -6240.0
10 50 -4784.9
10 51 -2322.55
11 52 15634.9
11 4 -1590.2
11 5 -1880.0
11 6 138.98
11 7 -837.449
11 8 -8330.0
11 9 -6680.82
11 10 -5519.08
11 12 -9893.37
11 13 -6380.2
11 14 -9370.0
11 15 -1257.65
11 16 -2840.0
11 17 -1122.14
11 18 -7636.63
11 19 -5980.0
11 20 -6233.11
11 21 -8460.0
11 22 -5904.9
11 23 -6245.92
11 24 -5200.0
11 25 -9160.0
11 26 -10690.0
11 28 -5830.0
11 29 -7084.9
11 30 -6610.0
11 31 -6730.0
11 32 -9621.73
11 33 -2770.0
11 34 -7713.37
11 35 -7875.0
11 36 -7478.16
11 37 -7440.82
11 38 -4654.9
11 39 -5140.0
11 40 -7683.27
11 41 -6180.0
11 42 -4664.95
11 43 -9648.06
11 45 -10512.2
11 46 -8570.1
11 47 -4100.0
11 48 2598.37
11 49 -1380.0
11 50 -7834.9
11 51 -8222.55
12 52 16334.9
12 4 -8180.2
12 5 -8410.0
12 6 -5901.02
12 7 -9377.45
12 8 -2360.0
12 9 -5850.82
12 10 -4819.08
12 11 -10970.0
12 13 -4790.2
12 14 -3260.0
12 15 -3757.65
12 16 -8260.0
12 17 -9112.14
12 18 -2356.63
12 19 -5210.0
12 20 -3873.11
12 21 -3050.0
12 22 -3894.9
12 23 -4095.92
12 24 -7840.0
12 25 -2010.0
12 26 -550.0
12 28 -2220.0
12 29 -3054.9
12 30 -5640.0
12 31 -7630.0
12 32 -1711.73
12 33 -8330.0
12 34 -5973.37
12 35 -5235.0
12 36 -4008.16
12 37 -6120.82
12 38 -4034.9
12 39 -4440.0
12 40 -673.265
12 41 -3750.0
12 42 5265.05
12 43 -968.061
12 45 -1552.24
12 46 -2600.1
12 47 -4590.0
12 48 -7951.63
12 49 -11380.0
12 50 -4574.9
12 51 -1772.55
13 52 17234.9
13 4 -4640.2
13 5 -6950.0
13 6 -2501.02
13 7 -7227.45
13 8 -5560.0
13 9 -8000.82
13 10 -4889.08
13 11 -7700.0
13 12 -5033.37
13 14 -3050.0
13 15 -2017.65
13 16 -5550.0
13 17 -5642.14
13 18 -6176.63
13 19 -2710.0
13 20 -743.112
13 21 -6100.0
13 22 -2714.9
13 23 -2145.92
13 24 -7770.0
13 25 -4580.0
13 26 -5480.0
13 28 -3820.0
13 29 -1324.9
13 30 130.0
13 31 -1730.0
13 32 -3581.73
13 33 -5620.0
13 34 -8403.37
13 35 -8225.0
13 36 -878.163
13 37 -8480.82
13 38 -5214.9
13 39 -2010.0
13 40 -4983.27
13 41 -5140.0
13 42 1095.05
13 43 -4718.06
13 45 -4472.24
13 46 -6280.1
13 47 -4720.0
13 48 -4961.63
13 49 -8670.0
13 50 -274.898
13 51 -4822.55
14 52 17304.9
14 4 -6310.2
14 5 -7710.0
14 6 -4101.02
14 7 -8337.45
14 8 -3680.0
14 9 -6960.82
14 10 -4469.08
14 11 -9370.0
14 12 -2183.37
14 13 -1730.2
14 15 -2577.65
14 16 -6800.0
14 17 -7442.14
14 18 -4366.63
14 19 -3270.0
14 20 -1303.11
14 21 -4300.0
14 22 -2504.9
14 23 -2215.92
14 24 -7770.0
14 25 -2220.0
14 26 -2560.0
14 28 -2570.0
14 29 -484.898
14 30 -2510.0
14 31 -4650.0
14 32 -601.735
14 33 -6870.0
14 34 -7223.37
14 35 -6835.0
14 36 -1018.16
14 37 -7370.82
14 38 -4514.9
14 39 -2570.0
14 40 -2823.27
14 41 -4160.0
14 42 4015.05
14 43 -1948.06
14 45 -1482.24
14 46 -4330.1
14 47 -4380.0
14 48 -6561.63
14 49 -10130.0
14 50 -1384.9
14 51 -2812.55
15 4 -1790.2
15 5 -2160.0
15 6 618.98
15 7 -2847.45
15 8 -4100.0
15 9 -3900.82
15 11 -4300.0
15 12 -5723.37
15 13 -3740.2
15 14 -5620.0
15 17 -2582.14
15 18 -3746.63
15 19 -2300.0
15 20 -2823.11
15 21 -4230.0
15 22 -1874.9
15 23 -2495.92
15 24 -2980.0
15 25 -4990.0
15 26 -6590.0
15 28 -1530.0
15 29 -3404.9
15 30 -4590.0
15 31 -4990.0
15 32 -5601.73
15 33 -1660.0
15 34 -4583.37
15 35 -4685.0
15 36 -4148.16
15 37 -4520.82
15 38 -1184.9
15 39 -1460.0
15 40 -3453.27
15 41 -2150.0
15 42 -504.949
15 43 -5418.06
15 45 -6482.24
15 46 -4470.1
15 48 -1281.63
15 49 -4650.0
15 50 -4784.9
15 51 -3922.55
16 2 1199.8
17 52 16954.9
17 4 -60.2041
17 5 -2020.0
17 6 1728.98
17 7 -1597.45
17 8 -7150.0
17 9 -6190.82
17 10 -4339.08
17 11 -1590.0
17 12 -8503.37
17 13 -4790.2
17 14 -7910.0
17 15 -7.65306
17 16 -1520.0
17 18 -6726.63
17 19 -4450.0
17 20 -4703.11
17 21 -7280.0
17 22 -4444.9
17 23 -4715.92
17 24 -4650.0
17 25 -7700.0
17 26 -9300.0
17 28 -4580.0
17 29 -5554.9
17 30 -5150.0
17 31 -5270.0
17 32 -8031.73
17 33 -1520.0
17 34 -7083.37
17 35 -7185.0
17 36 -5948.16
17 37 -6950.82
17 38 -3824.9
17 39 -3610.0
17 40 -6503.27
17 41 -5070.0
17 42 -3144.95
17 43 -8128.06
17 45 -8982.24
17 46 -7390.1
17 47 -3130.0
17 48 1078.37
17 49 -2630.0
17 50 -6244.9
17 51 -6902.55
18 52 16884.9
18 4 -7420.2
18 5 -6050.0
18 6 -5071.02
18 7 -7227.45
18 8 -1530.0
18 9 -1820.82
18 10 -3429.08
18 11 -9580.0
18 12 -3223.37
18 13 -6800.2
18 14 -6310.0
18 15 -2647.65
18 16 -7150.0
18 17 -8202.14
18 19 -5770.0
18 20 -5463.11
18 21 -1660.0
18 22 -4374.9
18 23 -5135.92
18 24 -5060.0
18 25 -4090.0
18 26 -4580.0
18 28 -1110.0
18 29 -5004.9
18 30 -7860.0
18 31 -9160.0
18 32 -5181.73
18 33 -7150.0
18 34 -2013.37
18 35 -1005.0
18 36 -6228.16
18 37 -2160.82
18 38 -1114.9
18 39 -4930.0
18 40 856.735
18 41 -1870.0
18 42 1095.05
18 43 -3958.06
18 45 -5512.24
18 46 -720.102
18 47 -2570.0
18 48 -6281.63
18 49 -9440.0
18 50 -7074.9
18 51 -2182.55
19 52 19944.9
19 4 -3110.2
19 5 -4590.0
19 6 -771.02
19 7 -5137.45
19 8 -3610.0
19 9 -5290.82
19 10 -2179.08
19 11 -6110.0
19 12 -4263.37
19 13 -1520.2
19 14 -3400.0
19 15 612.347
19 16 -3470.0
19 17 -4112.14
19 18 -3956.63
19 20 -463.112
19 21 -3950.0
19 22 -214.898
19 23 -205.918
19 24 -5130.0
19 25 -3400.0
19 26 -4920.0
19 28 -1390.0
19 29 -1044.9
19 30 -2510.0
19 31 -3330.0
19 32 -3581.73
19 33 -3540.0
19 34 -5763.37
19 35 -5655.0
19 36 -1718.16
19 37 -5840.82
19 38 -2504.9
19 39 700.0
19 40 -3103.27
19 41 -2570.0
19 42 1305.05
19 43 -3818.06
19 45 -4472.24
19 46 -4130.1
19 47 -1880.0
19 48 -3231.63
19 49 -6800.0
19 50 -2424.9
19 51 -3082.55
20 52 18764.9
20 4 -4220.2
20 5 -5910.0
20 6 -1951.02
20 7 -6457.45
20 8 -3960.0
20 9 -6400.82
20 10 -3289.08
20 11 -7220.0
20 12 -3783.37
20 13 -410.204
20 14 -2290.0
20 15 -767.653
20 16 -4720.0
20 17 -5222.14
20 18 -4506.63
20 19 -1320.0
20 21 -4440.0
20 22 -1114.9
20 23 -415.918
20 24 -6380.0
20 25 -3120.0
20 26 -4300.0
20 28 -2150.0
20 29 -4.89796
20 30 -1540.0
20 31 -2910.0
20 32 -2681.73
20 33 -4790.0
20 34 -6673.37
20 35 -6555.0
20 36 -398.163
20 37 -6880.82
20 38 -3614.9
20 39 -620.0
20 40 -3383.27
20 41 -3470.0
20 42 2065.05
20 43 -3398.06
20 45 -3632.24
20 46 -4610.1
20 47 -3130.0
20 48 -4411.63
20 49 -7980.0
20 50 -1104.9
20 51 -3222.55
21 52 18414.9
21 4 -6170.2
21 5 -5560.0
21 6 -3751.02
21 7 -6597.45
21 8 70.0
21 9 -2720.82
21 10 -2179.08
21 11 -8670.0
21 12 -2183.37
21 13 -4990.2
21 14 -4510.0
21 15 -1397.65
21 16 -5970.0
21 17 -7022.14
21 18 73.3673
21 19 -4030.0
21 20 -3663.11
21 22 -2574.9
21 23 -3325.92
21 24 -4720.0
21 25 -2360.0
21 26 -3400.0
21 28 550.0
21 29 -3264.9
21 30 -6050.0
21 31 -7290.0
21 32 -3651.73
21 33 -5970.0
21 34 -2853.37
21 35 -2455.0
21 36 -4488.16
21 37 -3130.82
21 38 -904.898
21 39 -3260.0
21 40 856.735
21 41 -760.0
21 42 2345.05
21 43 -2498.06
21 45 -4052.24
21 46 -100.102
21 47 -1670.0
21 48 -5381.63
21 49 -8740.0
21 50 -5204.9
21 51 -452.551
22 52 20424.9
22 4 -3670.2
22 5 -4590.0
22 6 -1321.02
22 7 -5347.45
22 8 -2710.0
22 9 -4600.82
22 10 -1559.08
22 11 -6590.0
22 12 -3503.37
22 13 -2080.2
22 14 -3190.0
22 15 482.347
22 16 -3880.0
22 17 -4662.14
22 18 -3116.63
22 19 -770.0
22 20 -813.112
22 21 -3050.0
22 23 -275.918
22 24 -4720.0
22 25 -2700.0
22 26 -4230.0
22 28 -560.0
22 29 -1044.9
22 30 -3140.0
22 31 -4160.0
22 32 -3101.73
22 33 -3950.0
22 34 -5003.37
22 35 -4955.0
22 36 -1988.16
22 37 -5150.82
22 38 -1944.9
22 39 1.13687e-12
22 40 -2203.27
22 41 -1800.0
22 42 1855.05
22 43 -3128.06
22 45 -4052.24
22 46 -3290.1
22 47 -1460.0
22 48 -3581.63
22 49 -7080.0
22 50 -2774.9
22 51 -2182.55
23 52 19734.9
23 4 -3740.2
23 5 -5140.0
23 6 -1531.02
23 7 -5697.45
23 8 -3260.0
23 9 -5430.82
23 10 -2319.08
23 11 -6800.0
23 12 -3573.37
23 13 -1380.2
23 14 -2770.0
23 15 -7.65306
23 16 -4160.0
23 17 -4802.14
23 18 -3746.63
23 19 -630.0
23 20 16.8878
23 21 -3670.0
23 22 -144.898
23 24 -5480.0
23 25 -2840.0
23 26 -4230.0
23 28 -1250.0
23 29 -484.898
23 30 -2440.0
23 31 -3540.0
23 32 -2891.73
23 33 -4230.0
23 34 -5833.37
23 35 -5655.0
23 36 -1228.16
23 37 -5910.82
23 38 -2644.9
23 39 70.0
23 40 -2753.27
23 41 -2570.0
23 42 1995.05
23 43 -3128.06
23 45 -3842.24
23 46 -3850.1
23 47 -2220.0
23 48 -3921.63
23 49 -7490.0
23 50 -2004.9
23 51 -2602.55
24 44 517.551
25 52 18204.9
25 4 -6240.2
25 5 -6740.0
25 6 -3961.02
25 7 -7637.45
25 8 -1530.0
25 9 -5010.82
25 10 -3089.08
25 11 -9160.0
25 12 -933.367
25 13 -3260.2
25 14 -2220.0
25 15 -1947.65
25 16 -6380.0
25 17 -7232.14
25 18 -2146.63
25 19 -3270.0
25 20 -2133.11
25 21 -2150.0
25 22 -2014.9
25 23 -2285.92
25 24 -6380.0
25 26 -1660.0
25 28 -700.0
25 29 -1394.9
25 30 -4250.0
25 31 -5970.0
25 32 -1291.73
25 33 -6450.0
25 34 -5143.37
25 35 -4685.0
25 36 -2548.16
25 37 -5420.82
25 38 -2784.9
25 39 -2500.0
25 40 -673.265
25 41 -2360.0
25 42 4285.05
25 43 -558.061
25 45 -1902.24
25 46 -2110.1
25 47 -2990.0
25 48 -6081.63
25 49 -9510.0
25 50 -3254.9
25 51 -652.551
26 52 16404.9
26 4 -7970.2
26 5 -8410.0
26 6 -5631.02
26 7 -9377.45
26 8 -2570.0
26 9 -6190.82
26 10 -4819.08
26 11 -10830.0
26 12 386.633
26 13 -4300.2
26 14 -2700.0
26 15 -3687.65
26 16 -8120.0
26 17 -8972.14
26 18 -2776.63
26 19 -4930.0
26 20 -3453.11
26 21 -3330.0
26 22 -3684.9
26 23 -3815.92
26 24 -7980.0
26 25 -1800.0
26 28 -2360.0
26 29 -2574.9
26 30 -5150.0
26 31 -7150.0
26 32 -1151.73
26 33 -8190.0
26 34 -6323.37
26 35 -5655.0
26 36 -3518.16
26 37 -6470.82
26 38 -4304.9
26 39 -4230.0
26 40 -1093.27
26 41 -3890.0
26 42 5815.05
26 43 -628.061
26 45 -992.245
26 46 -2950.1
26 47 -4720.0
26 48 -7881.63
26 49 -11310.0
26 50 -3954.9
26 51 -1972.55
27 52 17164.9
27 4 -1520.2
27 5 -140.0
27 6 618.98
27 7 -207.449
27 8 -6460.0
27 9 -4600.82
27 10 -3709.08
27 11 -2150.0
27 12 -8293.37
27 13 -5830.2
27 14 -8260.0
27 15 272.347
27 16 -1730.0
27 17 -1472.14
27 18 -5686.63
27 19 -4930.0
27 20 -5323.11
27 21 -6520.0
27 22 -4584.9
27 23 -5065.92
27 24 -3050.0
27 25 -7630.0
27 26 -9230.0
27 28 -3960.0
27 29 -5974.9
27 30 -6470.0
27 31 -6660.0
27 32 -8301.73
27 33 -1590.0
27 34 -5693.37
27 35 -5795.0
27 36 -6578.16
27 37 -5420.82
27 38 -2574.9
27 39 -3960.0
27 40 -5743.27
27 41 -4300.0
27 42 -3274.95
27 43 -8058.06
27 45 -9192.24
27 46 -6630.1
27 47 -2090.0
27 48 1348.37
27 49 -2010.0
27 50 -7144.9
27 51 -6492.55
28 52 19524.9
28 4 -4990.2
28 5 -4590.0
28 6 -2641.02
28 7 -5557.45
28 8 -900.0
28 9 -2790.82
28 10 -999.082
28 11 -7560.0
28 12 -2873.37
28 13 -4230.2
28 14 -4300.0
28 15 -217.653
28 16 -4790.0
28 17 -5842.14
28 18 -896.633
28 19 -2990.0
28 20 -2893.11
28 21 -970.0
28 22 -1604.9
28 23 -2425.92
28 24 -3950.0
28 25 -2430.0
28 26 -3950.0
28 29 -2644.9
28 30 -5290.0
28 31 -6450.0
28 32 -3651.73
28 33 -4860.0
28 34 -2993.37
28 35 -2805.0
28 36 -3798.16
28 37 -3200.82
28 38 -354.898
28 39 -2220.0
28 40 -323.265
28 41 70.0
28 42 1925.05
28 43 -2848.06
28 45 -4262.24
28 46 -1210.1
28 47 -700.0
28 48 -4341.63
28 49 -7700.0
28 50 -4644.9
28 51 -932.551
29 52 18484.9
29 4 -4990.2
29 5 -6460.0
29 6 -2781.02
29 7 -7087.45
29 8 -3470.0
29 9 -6330.82
29 10 -3429.08
29 11 -8050.0
29 12 -2943.37
29 13 -970.204
29 14 -1450.0
29 15 -1327.65
29 16 -5480.0
29 17 -6052.14
29 18 -4026.63
29 19 -1880.0
29 20 16.8878
29 21 -4020.0
29 22 -1324.9
29 23 -895.918
29 24 -6660.0
29 25 -2360.0
29 26 -3400.0
29 28 -1880.0
29 30 -1960.0
29 31 -3740.0
29 32 -1711.73
29 33 -5550.0
29 34 -6533.37
29 35 -6345.0
29 36 -258.163
29 37 -6740.82
29 38 -3684.9
29 39 -1180.0
29 40 -2823.27
29 41 -3400.0
29 42 2905.05
29 43 -2498.06
29 45 -2732.24
29 46 -4060.1
29 47 -3340.0
29 48 -5241.63
29 49 -8740.0
29 50 -1104.9
29 51 -2602.55
30 52 15844.9
30 4 -5340.2
30 5 -7990.0
30 6 -3271.02
30 7 -8127.45
30 8 -7080.0
30 9 -9390.82
30 10 -6209.08
30 11 -8260.0
30 12 -6213.37
30 13 -200.204
30 14 -4160.0
30 15 -3197.65
30 16 -6520.0
30 17 -6332.14
30 18 -7566.63
30 19 -4030.0
30 20 -2203.11
30 21 -7490.0
30 22 -4104.9
30 23 -3535.92
30 24 -9020.0
30 25 -5900.0
30 26 -6660.0
30 28 -5210.0
30 29 -2644.9
30 31 -1660.0
30 32 -4691.73
30 33 -6590.0
30 34 -9793.37
30 35 -9745.0
30 36 -2198.16
30 37 -9870.82
30 38 -6664.9
30 39 -3330.0
30 40 -6433.27
30 41 -6590.0
30 42 55.051
30 43 -5968.06
30 45 -5512.24
30 46 -7670.1
30 47 -6040.0
30 48 -5591.63
30 49 -9370.0
30 50 -1174.9
30 51 -6212.55
31 3 3226.17
32 52 16954.9
32 4 -7070.2
32 5 -8130.0
32 6 -4861.02
32 7 -8887.45
32 8 -3260.0
32 9 -6750.82
32 10 -4609.08
32 11 -10130.0
32 12 -1143.37
32 13 -2770.2
32 14 -1110.0
32 15 -3067.65
32 16 -7420.0
32 17 -8072.14
32 18 -3746.63
32 19 -3960.0
32 20 -2203.11
32 21 -3950.0
32 22 -2924.9
32 23 -2845.92
32 24 -7910.0
32 25 -1800.0
32 26 -1520.0
32 28 -2430.0
32 29 -1254.9
32 30 -3550.0
32 31 -5690.0
32 33 -7490.0
32 34 -6943.37
32 35 -6485.0
32 36 -2058.16
32 37 -7160.82
32 38 -4514.9
32 39 -3260.0
32 40 -2203.27
32 41 -4090.0
32 42 5125.05
32 43 -1178.06
32 45 -512.245
32 46 -3780.1
32 47 -4520.0
32 48 -7121.63
32 49 -10690.0
32 50 -2424.9
32 51 -2392.55
33 27 1075.2
34 52 16744.9
34 4 -6650.2
34 5 -4310.0
34 6 -4241.02
34 7 -5487.45
34 8 -3260.0
34 9 609.184
34 10 -3219.08
34 11 -8260.0
34 12 -5443.37
34 13 -7630.2
34 14 -7770.0
34 15 -2087.65
34 16 -6310.0
34 17 -7162.14
34 18 -616.633
34 19 -6180.0
34 20 -6233.11
34 21 -3190.0
34 22 -4864.9
34 23 -5825.92
34 24 -3260.0
34 25 -5690.0
34 26 -6730.0
34 28 -1810.0
34 29 -6114.9
34 30 -8690.0
34 31 -9510.0
34 32 -6981.73
34 33 -6310.0
34 35 315.0
34 36 -7338.16
34 37 269.184
34 38 -4.89796
34 39 -5340.0
34 40 -1433.27
34 41 -2080.0
34 42 -984.949
34 43 -5898.06
34 45 -7452.24
34 46 -2670.1
34 47 -1740.0
34 48 -4621.63
34 49 -7840.0
34 50 -8184.9
34 51 -3852.55
35 52 15914.9
35 4 -7560.2
35 5 -5210.0
35 6 -5211.02
35 7 -6457.45
35 8 -3540.0
35 9 -10.8163
35 10 -3989.08
35 11 -9230.0
35 12 -5513.37
35 13 -8260.2
35 14 -8190.0
35 15 -2997.65
35 16 -7220.0
35 17 -8072.14
35 18 -416.633
35 19 -6880.0
35 20 -6923.11
35 21 -3600.0
35 22 -5624.9
35 23 -6455.92
35 24 -4230.0
35 25 -6040.0
35 26 -6870.0
35 28 -2430.0
35 29 -6734.9
35 30 -9450.0
35 31 -10340.0
35 32 -7331.73
35 33 -7220.0
35 34 -493.367
35 36 -7898.16
35 37 -290.816
35 38 -904.898
35 39 -6110.0
35 40 -1433.27
35 41 -2710.0
35 42 -1124.95
35 43 -6178.06
35 45 -7662.24
35 46 -2810.1
35 47 -2710.0
35 48 -5591.63
35 49 -8740.0
35 50 -8744.9
35 51 -4132.55
36 52 17924.9
36 4 -5060.2
36 5 -6880.0
36 6 -2851.02
36 7 -7427.45
36 8 -4310.0
36 9 -7100.82
36 10 -4129.08
36 11 -8120.0
36 12 -3573.37
36 13 -200.204
36 14 -1660.0
36 15 -1747.65
36 16 -5690.0
36 17 -6122.14
36 18 -4926.63
36 19 -2230.0
36 20 -53.1122
36 21 -4920.0
36 22 -1944.9
36 23 -1315.92
36 24 -7290.0
36 25 -3190.0
36 26 -4020.0
36 28 -2710.0
36 29 65.102
36 30 -1190.0
36 31 -3050.0
36 32 -2191.73
36 33 -5760.0
36 34 -7433.37
36 35 -7185.0
36 37 -7510.82
36 38 -4444.9
36 39 -1530.0
36 40 -3663.27
36 41 -4230.0
36 42 2485.05
36 43 -3198.06
36 45 -3082.24
36 46 -4960.1
36 47 -4030.0
36 48 -5381.63
36 49 -8950.0
36 50 -274.898
36 51 -3502.55
37 52 16404.9
37 4 -6790.2
37 5 -4240.0
37 6 -4381.02
37 7 -5417.45
37 8 -3750.0
37 9 1029.18
37 10 -3569.08
37 11 -8260.0
37 12 -5863.37
37 13 -7980.2
37 14 -8190.0
37 15 -2297.65
37 16 -6450.0
37 17 -7302.14
37 18 -1036.63
37 19 -6530.0
37 20 -6713.11
37 21 -3740.0
37 22 -5284.9
37 23 -6175.92
37 24 -3190.0
37 25 -6240.0
37 26 -7150.0
37 28 -2290.0
37 29 -6594.9
37 30 -9040.0
37 31 -9920.0
37 32 -7471.73
37 33 -6380.0
37 34 -3.36735
37 35 245.0
37 36 -7688.16
37 38 -214.898
37 39 -5690.0
37 40 -1923.27
37 41 -2430.0
37 42 -1474.95
37 43 -6388.06
37 45 -7872.24
37 46 -3150.1
37 47 -1950.0
37 48 -4621.63
37 49 -7770.0
37 50 -8534.9
37 51 -4332.55
38 52 18484.9
38 4 -4780.2
38 5 -2990.0
38 6 -2431.02
38 7 -4167.45
38 8 -2710.0
38 9 -850.816
38 10 -1419.08
38 11 -6660.0
38 12 -4963.37
38 13 -5900.2
38 14 -6520.0
38 15 -147.653
38 16 -4440.0
38 17 -5362.14
38 18 -1176.63
38 19 -4380.0
38 20 -4633.11
38 21 -2700.0
38 22 -3264.9
38 23 -4095.92
38 24 -1940.0
38 25 -4790.0
38 26 -6170.0
38 28 -630.0
38 29 -4724.9
38 30 -7020.0
38 31 -7700.0
38 32 -6011.73
38 33 -4440.0
38 34 -1463.37
38 35 -1555.0
38 36 -5808.16
38 37 -1400.82
38 39 -3540.0
38 40 -1573.27
38 41 -690.0
38 42 -294.949
38 43 -5138.06
38 45 -6622.24
38 46 -2530.1
38 47 140.0
38 48 -3161.63
38 49 -6380.0
38 50 -6654.9
38 51 -3152.55
39 52 20014.9
39 4 -3040.2
39 5 -4450.0
39 6 -701.02
39 7 -5067.45
39 8 -3610.0
39 9 -5220.82
39 10 -2109.08
39 11 -6040.0
39 12 -4263.37
39 13 -1590.2
39 14 -3470.0
39 15 682.347
39 16 -3400.0
39 17 -4042.14
39 18 -3886.63
39 19 -70.0
39 20 -533.112
39 21 -3950.0
39 22 -214.898
39 23 -275.918
39 24 -4990.0
39 25 -3400.0
39 26 -4990.0
39 28 -1390.0
39 29 -1114.9
39 30 -2580.0
39 31 -3400.0
39 32 -3651.73
39 33 -3470.0
39 34 -5693.37
39 35 -5655.0
39 36 -1788.16
39 37 -5770.82
39 38 -2434.9
39 40 -3103.27
39 41 -2500.0
39 42 1235.05
39 43 -3818.06
39 45 -4542.24
39 46 -4130.1
39 47 -1810.0
39 48 -3161.63
39 49 -6730.0
39 50 -2494.9
39 51 -3082.55
40 52 17094.9
40 4 -7490.2
40 5 -6670.0
40 6 -5141.02
40 7 -7777.45
40 8 -830.0
40 9 -3070.82
40 10 -3499.08
40 11 -9990.0
40 12 -1903.37
40 13 -5970.2
40 14 -5130.0
40 15 -2717.65
40 16 -7290.0
40 17 -8342.14
40 18 493.367
40 19 -5280.0
40 20 -4703.11
40 21 -1240.0
40 22 -3824.9
40 23 -4505.92
40 24 -5760.0
40 25 -2980.0
40 26 -3260.0
40 28 -900.0
40 29 -4164.9
40 30 -7090.0
40 31 -8470.0
40 32 -4001.73
40 33 -7420.0
40 34 -3193.37
40 35 -2385.0
40 36 -5328.16
40 37 -3410.82
40 38 -1874.9
40 39 -4510.0
40 41 -2010.0
40 42 2415.05
40 43 -2708.06
40 45 -4192.24
40 46 -100.102
40 47 -2920.0
40 48 -6701.63
40 49 -9990.0
40 50 -6104.9
40 51 -1282.55
41 52 19454.9
41 4 -4780.2
41 5 -3960.0
41 6 -2431.02
41 7 -5067.45
41 8 -1390.0
41 9 -2100.82
41 10 -659.082
41 11 -7080.0
41 12 -3573.37
41 13 -4720.2
41 14 -5060.0
41 15 -7.65306
41 16 -4510.0
41 17 -5502.14
41 18 -826.633
41 19 -3340.0
41 20 -3383.11
41 21 -1450.0
41 22 -2014.9
41 23 -2915.92
41 24 -3260.0
41 25 -3260.0
41 26 -4650.0
41 28 900.0
41 29 -3334.9
41 30 -5840.0
41 31 -6730.0
41 32 -4481.73
41 33 -4580.0
41 34 -2433.37
41 35 -2255.0
41 36 -4488.16
41 37 -2510.82
41 39 -2500.0
41 40 -603.265
41 42 1165.05
41 43 -3608.06
41 45 -5092.24
41 46 -1490.1
41 47 -140.0
41 48 -3851.63
41 49 -7150.0
41 50 -5274.9
41 51 -1632.55
42 52 15984.9
42 4 -8390.2
42 5 -9030.0
42 6 -6111.02
42 7 -9927.45
42 8 -3400.0
42 9 -6960.82
42 10 -5379.08
42 11 -11310.0
42 12 -303.367
42 13 -4230.2
42 14 -2630.0
42 15 -4107.65
42 16 -8540.0
42 17 -9322.14
42 18 -3606.63
42 19 -5210.0
42 20 -3593.11
42 21 -4090.0
42 22 -4104.9
42 23 -4095.92
42 24 -8670.0
42 25 -2360.0
42 26 -690.0
42 28 -2990.0
42 29 -2774.9
42 30 -4940.0
42 31 -7150.0
42 32 -1011.73
42 33 -8670.0
42 34 -7083.37
42 35 -6415.0
42 36 -3518.16
42 37 -7300.82
42 38 -4934.9
42 39 -4510.0
42 40 -1923.27
42 41 -4580.0
42 43 -1318.06
42 45 -512.245
42 46 -3710.1
42 47 -5280.0
42 48 -8301.63
42 49 -11800.0
42 50 -3814.9
42 51 -2602.55
43 52 17374.9
43 4 -7070.2
43 5 -7570.0
43 6 -4721.02
43 7 -8407.45
43 8 -1880.0
43 9 -5500.82
43 10 -3849.08
43 11 -9990.0
43 12 -233.367
43 13 -3740.2
43 14 -2290.0
43 15 -2717.65
43 16 -7150.0
43 17 -8002.14
43 18 -2356.63
43 19 -4030.0
43 20 -2753.11
43 21 -2630.0
43 22 -2784.9
43 23 -2915.92
43 24 -7080.0
43 25 -900.0
43 26 -830.0
43 28 -1460.0
43 29 -1874.9
43 30 -4660.0
43 31 -6520.0
43 32 -1011.73
43 33 -7220.0
43 34 -5693.37
43 35 -5165.0
43 36 -2898.16
43 37 -5910.82
43 38 -3474.9
43 39 -3260.0
43 40 -743.265
43 41 -3050.0
43 42 4985.05
43 45 -1272.24
43 46 -2390.1
43 47 -3750.0
43 48 -6911.63
43 49 -10340.0
43 50 -3534.9
43 51 -1142.55
44 52 16814.9
44 4 -5960.2
44 5 -3270.0
44 6 -3611.02
44 7 -4447.45
44 8 -3960.0
44 9 609.184
44 10 -3089.08
44 11 -7420.0
44 12 -6213.37
44 13 -7630.2
44 14 -8120.0
44 15 -1607.65
44 16 -5620.0
44 17 -6402.14
44 18 -1596.63
44 19 -6110.0
44 20 -6303.11
44 21 -3950.0
44 22 -4934.9
44 23 -5895.92
44 24 -2290.0
44 25 -6310.0
44 26 -7490.0
44 28 -2220.0
44 29 -6454.9
44 30 -8690.0
44 31 -9370.0
44 32 -7541.73
44 33 -5550.0
44 34 -633.367
44 35 -725.0
44 36 -7478.16
44 37 -220.816
44 38 205.102
44 39 -5210.0
44 40 -2343.27
44 41 -2290.0
44 42 -1684.95
44 43 -6528.06
44 45 -8082.24
44 46 -3500.1
44 47 -1390.0
44 48 -3711.63
44 49 -6730.0
44 50 -8324.9
44 51 -4542.55
45 52 16264.9
45 4 -7770.2
45 5 -8750.0
45 6 -5561.02
45 7 -9517.45
45 8 -3470.0
45 9 -7030.82
45 10 -5169.08
45 11 -10830.0
45 12 -793.367
45 13 -3470.2
45 14 -1800.0
45 15 -3757.65
45 16 -8120.0
45 17 -8832.14
45 18 -3886.63
45 19 -4660.0
45 20 -2963.11
45 21 -4160.0
45 22 -3684.9
45 23 -3605.92
45 24 -8400.0
45 25 -2220.0
45 26 -1170.0
45 28 -2850.0
45 29 -2084.9
45 30 -4180.0
45 31 -6450.0
45 32 -321.735
45 33 -8190.0
45 34 -7223.37
45 35 -6625.0
45 36 -2758.16
45 37 -7370.82
45 38 -4934.9
45 39 -3960.0
45 40 -2203.27
45 41 -4510.0
45 42 5815.05
45 43 -1248.06
45 46 -3920.1
45 47 -5140.0
45 48 -7881.63
45 49 -11380.0
45 50 -3044.9
45 51 -2672.55
46 52 17724.9
46 4 -6790.2
46 5 -5980.0
46 6 -4381.02
46 7 -7087.45
46 8 -280.0
46 9 -2650.82
46 10 -2739.08
46 11 -9230.0
46 12 -2183.37
46 13 -5620.2
46 14 -4990.0
46 15 -2087.65
46 16 -6590.0
46 17 -7582.14
46 18 563.367
46 19 -4660.0
46 20 -4283.11
46 21 -550.0
46 22 -3264.9
46 23 -3955.92
46 24 -5130.0
46 25 -2770.0
46 26 -3470.0
46 28 -140.0
46 29 -3754.9
46 30 -6680.0
46 31 -7980.0
46 32 -3931.73
46 33 -6660.0
46 34 -2783.37
46 35 -2115.0
46 36 -4978.16
46 37 -2990.82
46 38 -1184.9
46 39 -3890.0
46 40 1546.73
46 41 -1250.0
46 42 2275.05
46 43 -2708.06
46 45 -4262.24
46 47 -2220.0
46 48 -5941.63
46 49 -9230.0
46 50 -5824.9
46 51 -932.551
47 52 19594.9
47 4 -3530.2
47 5 -2370.0
47 6 -1181.02
47 7 -3407.45
47 8 -2920.0
47 9 -2100.82
47 10 -519.082
47 11 -5620.0
47 12 -5033.37
47 13 -4920.2
47 14 -5900.0
47 16 -3190.0
47 17 -4182.14
47 18 -2146.63
47 19 -3270.0
47 20 -3663.11
47 21 -2980.0
47 22 -2294.9
47 23 -3185.92
47 24 -1940.0
47 25 -4510.0
47 26 -6100.0
47 28 -490.0
47 29 -3894.9
47 30 -5910.0
47 31 -6520.0
47 32 -5531.73
47 33 -3190.0
47 34 -2713.37
47 35 -2875.0
47 36 -4908.16
47 37 -2650.82
47 38 625.102
47 39 -2430.0
47 40 -2133.27
47 41 -760.0
47 42 -154.949
47 43 -4928.06
47 45 -6342.24
47 46 -3080.1
47 48 -2261.63
47 49 -5550.0
47 50 -5684.9
47 51 -3152.55
48 52 14944.9
48 4 -2560.2
48 5 -1670.0
48 6 -701.02
48 7 -417.449
48 8 -8820.0
48 9 -6680.82
48 10 -6069.08
48 11 -1110.0
48 12 -10583.4
48 13 -7350.2
48 14 -10270.0
48 15 -1947.65
48 16 -3540.0
48 17 -2162.14
48 18 -8046.63
48 19 -6810.0
48 20 -7133.11
48 21 -8880.0
48 22 -6604.9
48 23 -7075.92
48 24 -5200.0
48 25 -9790.0
48 26 -11450.0
48 28 -6320.0
48 29 -7984.9
48 30 -7650.0
48 31 -7770.0
48 32 -10321.7
48 33 -3470.0
48 34 -7783.37
48 35 -7945.0
48 36 -8448.16
48 37 -7510.82
48 38 -4864.9
48 39 -5970.0
48 40 -8103.27
48 41 -6660.0
48 42 -5364.95
48 43 -10278.1
48 45 -11272.2
48 46 -8990.1
48 47 -4450.0
48 49 -480.0
48 50 -8744.9
48 51 -8782.55
49 52 15084.9
49 4 -2700.2
49 5 -1190.0
49 6 -771.02
49 7 132.551
49 8 -8610.0
49 9 -6260.82
49 10 -5859.08
49 11 -1520.0
49 12 -10443.4
49 13 -7490.2
49 14 -10270.0
49 15 -1747.65
49 16 -3470.0
49 17 -2302.14
49 18 -7636.63
49 19 -6810.0
49 20 -7133.11
49 21 -8670.0
49 22 -6534.9
49 23 -7075.92
49 24 -4790.0
49 25 -9650.0
49 26 -11310.0
49 28 -6110.0
49 29 -7914.9
49 30 -7860.0
49 31 -7980.0
49 32 -10321.7
49 33 -3400.0
49 34 -7433.37
49 35 -7525.0
49 36 -8448.16
49 37 -7090.82
49 38 -4514.9
49 39 -5970.0
49 40 -7823.27
49 41 -6390.0
49 42 -5294.95
49 43 -10138.1
49 45 -11202.2
49 46 -8710.1
49 47 -4170.0
49 48 3088.37
49 50 -8814.9
49 51 -8572.55
50 52 16954.9
50 4 -5610.2
50 5 -7710.0
50 6 -3471.02
50 7 -8057.45
50 8 -5350.0
50 9 -8140.82
50 10 -5099.08
50 11 -8670.0
50 12 -4333.37
50 13 209.796
50 14 -2220.0
50 15 -2577.65
50 16 -6380.0
50 17 -6612.14
50 18 -5966.63
50 19 -3130.0
50 20 -953.112
50 21 -5830.0
50 22 -2924.9
50 23 -2285.92
50 24 -8190.0
50 25 -4090.0
50 26 -4650.0
50 28 -3750.0
50 29 -974.898
50 30 -360.0
50 31 -2770.0
50 32 -2751.73
50 33 -6450.0
50 34 -8473.37
50 35 -8225.0
50 36 -468.163
50 37 -8550.82
50 38 -5484.9
50 39 -2430.0
50 40 -4633.27
50 41 -5210.0
50 42 1995.05
50 43 -4028.06
50 45 -3562.24
50 46 -6000.1
50 47 -5000.0
50 48 -5871.63
50 49 -9510.0
50 51 -4542.55
51 52 18484.9
51 4 -6170.2
51 5 -6050.0
51 6 -3821.02
51 7 -7087.45
51 8 -280.0
51 9 -3830.82
51 10 -2459.08
51 11 -8880.0
51 12 -1353.37
51 13 -4160.2
51 14 -3470.0
51 15 -1537.65
51 16 -6110.0
51 17 -7092.14
51 18 -896.633
51 19 -3610.0
51 20 -2893.11
51 21 -900.0
51 22 -2154.9
51 23 -2705.92
51 24 -5480.0
51 25 -1310.0
51 26 -2490.0
51 28 140.0
51 29 -2294.9
51 30 -5220.0
51 31 -6730.0
51 32 -2541.73
51 33 -6240.0
51 34 -3963.37
51 35 -3435.0
51 36 -3518.16
51 37 -4170.82
51 38 -1804.9
51 39 -2840.0
51 40 366.735
51 41 -1390.0
51 42 3385.05
51 43 -1458.06
51 45 -3012.24
51 46 -930.102
51 47 -2290.0
51 48 -5731.63
51 49 -9090.0
51 50 -4364.9
52 2 0
52 3 0
52 4 0
52 5 0
52 6 0
52 7 0
52 8 0
52 9 0
52 10 0
52 11 0
52 12 0
52 13 0
52 14 0
52 15 0
52 16 0
52 17 0
52 18 0
52 19 0
52 20 0
52 21 0
52 22 0
52 23 0
52 24 0
52 25 0
52 26 0
52 27 0
52 28 0
52 29 0
52 30 0
52 31 0
52 32 0
52 33 0
52 34 0
52 35 0
52 36 0
52 37 0
52 38 0
52 39 0
52 40 0
52 41 0
52 42 0
52 43 0
52 44 0
52 45 0
52 46 0
52 47 0
52 48 0
52 49 0
52 50 0
52 51 0
2 1 0
3 1 0
4 1 0
5 1 0
6 1 0
7 1 0
8 1 0
9 1 0
10 1 0
11 1 0
12 1 0
13 1 0
14 1 0
15 1 0
16 1 0
17 1 0
18 1 0
19 1 0
20 1 0
21 1 0
22 1 0
23 1 0
24 1 0
25 1 0
26 1 0
27 1 0
28 1 0
29 1 0
30 1 0
31 1 0
32 1 0
33 1 0
34 1 0
35 1 0
36 1 0
37 1 0
38 1 0
39 1 0
40 1 0
41 1 0
42 1 0
43 1 0
44 1 0
45 1 0
46 1 0
47 1 0
48 1 0
49 1 0
50 1 0
51 1 0
52 1 0
