100 660
0
1
2
3
4
5
6
7
8
9
10
11
12
13
14
15
16
17
18
19
20
21
22
23
24
25
26
27
28
29
30
31
32
33
34
35
36
37
38
39
40
41
42
43
44
45
46
47
48
49
50
51
52
53
54
55
56
57
58
59
60
61
62
63
64
65
66
67
68
69
70
71
72
73
74
75
76
77
78
79
80
81
82
83
84
85
86
87
88
89
90
91
92
93
94
95
96
97
98
99
6 76 900
2 34 850
8 83 750
1 83 350
57 40 650
19 6 900
20 46 100
63 40 850
53 91 100
36 34 50
28 69 900
75 65 950
54 79 700
68 37 450
83 1 900
72 34 250
30 79 50
87 97 600
16 89 850
96 62 850
47 66 400
19 57 650
27 26 50
53 26 1000
33 84 650
22 61 200
97 96 800
58 70 750
89 10 700
66 6 850
13 15 650
41 30 850
74 70 500
29 57 550
87 92 550
98 76 850
62 82 350
10 40 350
84 33 800
17 35 700
41 56 750
65 41 250
92 33 350
7 17 500
81 8 700
36 53 400
23 20 300
47 49 650
46 89 250
0 20 750
14 12 800
17 80 900
24 57 50
14 42 450
3 11 550
3 65 250
47 57 1000
78 13 150
2 16 750
29 26 200
44 96 450
91 27 350
35 79 250
83 41 600
31 15 300
82 22 550
7 24 750
42 77 150
23 27 250
1 63 750
95 18 50
14 9 300
43 67 350
41 83 50
45 84 550
37 21 250
57 82 550
38 22 150
87 30 650
27 23 250
43 97 900
45 62 1000
78 22 600
50 47 650
29 1 600
60 86 250
91 26 250
2 28 250
80 89 550
53 32 650
18 0 800
6 33 450
97 70 600
64 80 200
10 60 250
58 6 650
32 7 50
88 90 150
35 2 950
86 23 550
19 77 400
72 81 600
1 29 1000
82 77 600
97 9 50
52 8 100
9 77 100
81 72 250
25 44 500
82 62 50
56 47 300
36 79 350
1 81 750
7 32 950
39 61 800
72 79 900
48 75 350
39 56 750
86 58 950
5 32 500
79 35 850
93 95 200
22 98 700
81 37 400
21 70 700
92 87 700
90 71 550
2 3 650
67 93 100
72 25 450
77 9 150
75 13 750
94 74 800
67 99 750
65 28 550
35 76 400
16 2 800
55 33 250
4 31 100
42 14 50
2 47 150
17 7 550
62 92 550
88 76 50
74 94 900
44 25 450
98 84 250
59 11 250
75 93 300
82 91 700
22 85 450
88 65 350
71 87 400
45 44 500
3 19 800
66 13 650
40 6 50
96 97 600
46 64 50
8 92 600
89 35 850
40 52 150
31 7 900
12 41 500
36 60 750
10 5 250
13 16 400
86 60 650
99 58 900
59 96 850
65 75 500
57 47 150
18 54 1000
51 14 700
32 64 100
58 86 600
39 15 50
5 6 550
6 5 950
54 7 450
15 21 250
28 65 100
62 66 550
19 3 350
17 19 750
32 19 1000
89 46 300
61 43 300
57 19 650
77 82 850
78 66 650
41 50 900
26 21 800
50 20 50
98 14 450
20 83 300
6 96 500
2 0 850
0 48 850
87 13 500
25 42 250
30 1 700
95 93 850
0 42 700
5 15 1000
20 23 950
77 42 550
10 93 950
46 20 1000
50 77 1000
10 51 550
67 34 950
70 21 850
85 41 300
81 9 950
34 24 50
46 88 850
11 12 200
44 56 300
95 65 600
2 5 750
83 8 200
20 70 50
64 32 600
5 10 50
18 16 550
33 74 700
21 45 700
4 45 150
18 95 700
67 66 950
30 62 500
84 45 450
34 2 50
5 70 450
61 31 850
87 70 750
42 39 800
14 98 50
56 30 550
41 78 1000
13 11 800
11 3 150
65 88 700
20 0 850
93 70 500
32 83 600
80 49 200
0 2 750
24 61 350
3 7 50
79 72 950
83 97 550
34 92 650
13 87 150
32 16 900
89 29 450
31 61 600
64 46 200
2 58 1000
58 53 1000
23 83 400
56 41 450
10 89 700
7 54 650
62 67 400
91 53 850
68 19 1000
97 36 700
96 59 700
43 41 700
67 62 400
29 89 950
79 41 50
41 79 200
47 2 150
46 84 600
61 22 350
50 13 200
1 0 950
25 1 600
89 24 500
20 50 600
33 92 700
41 12 600
53 36 450
97 66 50
22 26 550
71 90 50
7 3 300
40 57 800
43 32 750
8 0 500
42 59 100
19 73 50
81 21 1000
39 62 950
24 7 1000
62 30 250
1 25 950
61 95 1000
98 22 750
33 44 750
13 75 1000
95 79 650
62 96 150
16 13 500
30 41 500
45 21 250
22 15 650
1 71 450
99 67 900
15 10 350
92 34 150
66 47 950
10 11 100
41 65 900
33 55 150
50 27 250
80 62 750
67 89 450
3 2 350
79 83 950
70 97 650
67 95 900
15 5 1000
46 53 800
16 10 850
53 54 450
54 53 250
90 61 600
30 56 900
71 46 700
84 61 800
79 30 150
10 4 150
76 88 50
39 84 100
95 17 500
81 28 500
21 81 750
46 57 350
26 27 650
20 77 700
3 9 550
18 49 300
4 10 1000
69 74 800
80 64 850
18 23 400
40 10 250
40 91 100
95 67 300
8 81 600
56 39 300
89 5 100
63 60 750
14 75 400
28 81 800
39 53 950
70 5 550
27 65 200
92 8 800
76 81 750
54 89 1000
0 95 600
66 67 200
82 57 300
10 15 450
93 75 1000
40 63 350
71 1 500
25 23 550
12 25 700
92 63 100
84 98 200
78 41 850
77 19 200
7 80 550
44 33 900
51 48 450
64 30 700
45 42 1000
19 25 200
32 53 650
65 27 550
53 58 1000
7 31 150
21 15 500
93 10 550
15 31 300
60 36 200
13 27 650
80 7 800
70 20 100
85 22 650
9 3 900
17 95 400
96 44 750
18 89 150
0 18 400
48 51 750
96 6 150
25 12 550
23 52 100
19 58 150
2 4 200
48 18 550
19 32 300
9 81 700
24 89 600
97 87 650
26 91 700
31 50 250
74 69 100
94 10 600
1 69 150
22 7 700
9 14 250
30 87 500
47 50 200
5 89 900
25 72 350
12 11 700
25 19 500
56 44 750
13 50 100
29 77 1000
34 72 600
49 18 250
73 19 600
28 2 900
50 41 750
24 34 400
89 18 1000
63 1 900
7 45 200
61 84 150
76 98 200
23 25 850
24 68 400
39 42 850
53 46 1000
7 51 50
6 35 100
55 13 600
69 1 700
95 61 400
30 64 800
78 36 950
47 41 150
44 45 350
74 33 800
66 64 450
79 54 50
60 10 250
49 47 300
46 71 900
48 67 100
26 29 750
90 60 150
36 97 450
1 3 500
97 43 550
54 18 1000
70 84 250
52 40 950
67 40 900
45 7 450
78 89 450
34 36 750
37 81 350
41 43 850
59 42 250
83 23 300
6 58 950
62 45 1000
27 91 250
39 99 400
95 0 650
26 22 950
23 86 600
77 29 1000
1 30 300
91 40 800
73 5 300
65 95 150
63 15 350
27 13 950
25 41 150
4 88 450
2 35 400
83 56 750
57 51 450
10 94 100
71 94 550
87 88 450
68 24 750
42 25 350
57 29 600
31 4 500
65 45 750
33 6 900
66 78 1000
64 66 500
79 36 150
99 39 500
37 0 300
50 26 100
75 48 700
70 74 50
14 46 450
87 19 350
22 33 100
51 57 450
75 14 600
79 95 200
41 25 750
9 97 650
57 24 550
6 40 350
84 46 700
58 19 850
92 62 450
29 96 950
89 67 700
11 10 250
59 12 400
69 29 700
96 29 250
17 75 800
14 51 750
18 48 150
16 40 500
22 38 700
70 93 1000
76 6 150
0 37 850
22 78 50
89 16 100
84 70 300
60 90 900
61 90 150
5 38 700
84 39 650
42 45 400
58 2 400
91 82 550
89 78 950
35 6 700
90 88 650
13 55 650
26 15 350
77 20 800
51 7 100
45 65 150
26 53 950
81 76 200
88 4 350
15 22 650
35 89 200
42 0 850
40 16 400
88 46 100
46 14 150
62 39 250
69 28 250
41 47 600
88 87 150
5 73 400
12 59 50
43 61 600
40 67 800
47 56 800
61 24 400
75 17 800
13 78 250
50 31 500
15 13 400
6 19 900
32 43 950
70 82 950
89 54 350
57 46 200
83 32 100
16 32 250
49 80 950
62 80 500
67 43 150
32 5 900
89 80 1000
2 92 150
98 80 450
63 92 350
6 66 400
23 18 700
11 13 750
38 5 200
12 14 800
21 26 1000
58 99 200
0 8 350
56 83 500
3 1 750
34 67 650
4 2 600
77 50 950
97 83 600
60 63 450
15 26 250
80 98 950
20 9 600
53 39 550
92 2 150
19 87 350
87 71 100
7 22 200
81 1 950
67 48 300
83 20 50
9 20 950
15 63 950
19 68 400
93 67 950
41 85 450
52 23 250
0 1 100
22 82 500
66 97 650
94 71 100
82 70 300
70 87 600
26 50 50
5 2 400
36 78 650
90 29 250
21 37 550
13 66 400
19 17 950
29 69 200
65 3 600
37 68 800
80 17 500
16 18 850
45 4 950
8 52 650
15 39 1000
61 39 700
51 10 800
33 22 200
66 62 750
11 59 100
29 90 50
10 16 650
70 58 250
76 35 800
48 0 700
35 17 150
27 50 600
83 79 850
