52 2410
1
2
3
4
5
6
7
8
9
10
11
12
13
14
15
16
17
18
19
20
21
22
23
24
25
26
27
28
29
30
31
32
33
34
35
36
37
38
39
40
41
42
43
44
45
46
47
48
49
50
51
52
1 52 -0.0
1 2 -12221.6
1 3 -26320.0
1 4 -24450.0
1 5 -22857.6
1 6 -23912.6
1 7 -25210.0
1 8 -21265.0
1 9 -23362.6
1 10 14420.4
1 11 -21752.5
1 12 -21587.4
1 13 -16077.7
1 14 -22517.8
1 15 -23834.7
1 16 -20935.1
1 18 -19172.6
1 19 -20842.2
1 20 -22227.9
1 21 -17742.9
1 22 -24450.0
1 23 -23282.6
1 24 -24730.0
1 25 -22379.6
1 26 4115.65
1 27 -21894.5
1 28 -21243.2
1 30 -19932.8
1 31 -8417.74
1 32 -12455.1
1 33 -21312.7
1 34 -20432.6
1 35 -22920.0
1 36 -20189.6
1 37 -24380.0
1 38 -20437.6
1 39 -20697.9
1 40 -21727.5
1 41 -20177.3
1 42 -20260.2
1 43 -20685.0
1 44 -21195.1
1 45 -23750.0
1 46 -21120.0
1 47 -12264.8
1 48 -20349.8
1 49 -19877.6
1 50 -22570.0
1 51 -22283.1
2 52 -50659.8
2 3 -5188750.0
2 4 -1110.0
2 5 -5190450.0
2 6 -5191230.0
2 7 -5188820.0
2 8 -5189400.0
2 9 -5190600.0
2 10 -5152960.0
2 11 -5187940.0
2 12 -5189160.0
2 13 -5183650.0
2 14 -5185920.0
2 15 275.304
2 16 -5188730.0
2 18 -5186880.0
2 19 907.759
2 20 -5186800.0
2 21 -5186090.0
2 23 -5190600.0
2 24 -5190010.0
2 25 -5190600.0
2 26 -5157050.0
2 27 -5187800.0
2 28 -5186510.0
2 30 2927.18
2 31 -5175460.0
2 32 -5173340.0
2 33 -5188680.0
2 34 -5187380.0
2 35 -5190150.0
2 36 -5182810.0
2 37 -5190570.0
2 38 -5187450.0
2 39 -5188340.0
2 40 642.471
2 41 -5187000.0
2 42 -5185320.0
2 43 -5188260.0
2 44 -5183830.0
2 45 -5190370.0
2 46 -5188410.0
2 47 -5179360.0
2 48 -5188030.0
2 49 -5187800.0
2 50 -5189100.0
2 51 -5190500.0
3 17 -2560.0
4 52 -50449.8
4 2 11328.4
4 3 -5189660.0
4 5 -5190590.0
4 6 -5191440.0
4 7 -5189660.0
4 8 -5188980.0
4 9 -5189830.0
4 10 -5152260.0
4 11 -5188360.0
4 12 -5188600.0
4 13 -5183720.0
4 14 -5186760.0
4 15 -694.696
4 16 -5188240.0
4 18 -5186460.0
4 19 1117.76
4 20 -5185890.0
4 21 -5185880.0
4 23 -5189900.0
4 24 -5190640.0
4 25 -5190460.0
4 26 -5156210.0
4 27 -5188220.0
4 28 -5185740.0
4 30 -5181920.0
4 31 -5174760.0
4 32 11444.9
4 33 -5188050.0
4 34 -5186750.0
4 35 -5189520.0
4 36 2110.37
4 37 -5191060.0
4 38 -5186890.0
4 39 -5188410.0
4 40 -5184070.0
4 41 -5187280.0
4 42 -5185740.0
4 43 -5187980.0
4 44 -5184740.0
4 45 -5189600.0
4 46 -5187920.0
4 47 -5178660.0
4 48 -5188100.0
4 49 -5187310.0
4 50 -5189380.0
4 51 -5190290.0
5 52 -49889.8
5 2 -5179040.0
5 3 -5190640.0
5 4 -5191620.0
5 6 -22.6275
5 7 -5189170.0
5 8 -5187230.0
5 9 -5189340.0
5 10 -5151350.0
5 11 -5184440.0
5 12 -5188530.0
5 13 3722.34
5 14 -5186690.0
5 15 -5190580.0
5 16 -5187050.0
5 18 -5186250.0
5 19 -5188000.0
5 20 -5189880.0
5 21 -5180910.0
5 23 -5188780.0
5 24 -5187560.0
5 25 -569.597
5 26 -5163210.0
5 27 -5184860.0
5 28 -5188750.0
5 30 -5186050.0
5 31 -5174340.0
5 32 -5179780.0
5 33 -5187840.0
5 34 -5187450.0
5 35 -5189590.0
5 36 -5187710.0
5 37 -5186370.0
5 38 -5187730.0
5 39 -547.94
5 40 -5187990.0
5 41 1982.68
5 42 -5185180.0
5 43 -5188330.0
5 44 -5185510.0
5 45 -5190020.0
5 46 -5188550.0
5 47 -5178520.0
5 48 -5180680.0
5 49 -5186540.0
5 50 -5186580.0
5 51 -5185180.0
6 52 -51069.8
6 2 -5179950.0
6 3 -5190990.0
6 4 -5192600.0
6 5 -147.611
6 7 -5189590.0
6 8 -5188280.0
6 9 -5190250.0
6 10 -5152260.0
6 11 -5185000.0
6 12 -5189580.0
6 13 -5181270.0
6 14 -5187040.0
6 15 -5191490.0
6 16 -5188030.0
6 18 -5187370.0
6 19 -5188980.0
6 20 -5190930.0
6 21 -5181680.0
6 23 -5189620.0
6 24 -5187770.0
6 25 -1189.6
6 26 -5164260.0
6 27 -5185280.0
6 28 -5189870.0
6 30 -5186890.0
6 31 -5175250.0
6 32 -5180830.0
6 33 -5188890.0
6 34 -5188500.0
6 35 -5190640.0
6 36 -5188760.0
6 37 -2700.0
6 38 -5188850.0
6 39 -5185540.0
6 40 -5188830.0
6 41 1492.68
6 42 -5185950.0
6 43 -5189450.0
6 44 -5185930.0
6 45 -5191000.0
6 46 -5189670.0
6 47 -5179500.0
6 48 3960.17
6 49 -5187590.0
6 50 -5187420.0
6 51 -5185880.0
7 52 -51209.8
7 2 -5176380.0
7 3 -1590.0
7 4 -5189660.0
7 5 -5188140.0
7 6 -5188430.0
7 8 -5190100.0
7 9 -5192210.0
7 10 -5154360.0
7 11 -5184930.0
7 12 -5190490.0
7 13 -5182250.0
7 14 2352.24
7 15 -5187850.0
7 16 -5189710.0
7 18 -5188070.0
7 19 -5186390.0
7 20 -5190020.0
7 21 -5185250.0
7 23 -5192000.0
7 24 -2010.0
7 25 -5189340.0
7 26 -5161740.0
7 27 -5184580.0
7 28 -5189380.0
7 30 -5182690.0
7 31 -5177140.0
7 32 -5178030.0
7 33 -5190150.0
7 34 -5189200.0
7 35 -5191830.0
7 36 -5186800.0
7 37 -5187140.0
7 38 -5189200.0
7 39 -5187010.0
7 40 -5184910.0
7 41 -5184200.0
7 42 -5183430.0
7 43 -5189380.0
7 44 3534.89
7 45 -5192470.0
7 46 -5189880.0
7 47 -5181110.0
7 48 -5185440.0
7 49 -5188850.0
7 50 -5187140.0
7 51 -5189660.0
8 52 -48229.8
8 2 -5177920.0
8 3 -5192180.0
8 4 -5189940.0
8 5 -5187160.0
8 6 -5188080.0
8 7 -5191060.0
8 9 -5185350.0
8 10 -5147500.0
8 11 -5187100.0
8 12 -747.447
8 13 -5181410.0
8 14 -5188440.0
8 15 -5189600.0
8 16 1084.89
8 18 767.447
8 19 -5186600.0
8 20 -5186800.0
8 21 -5180560.0
8 23 -5185070.0
8 24 -5190290.0
8 25 -5185490.0
8 26 -5160620.0
8 27 -5187380.0
8 28 -5185530.0
8 30 -5185910.0
8 31 -5170350.0
8 32 -5177610.0
8 33 157.29
8 34 -5183600.0
8 35 -5185530.0
8 36 -5185120.0
8 37 -5189590.0
8 38 -5184370.0
8 39 -5185750.0
8 40 -5187710.0
8 41 -5185180.0
8 42 -5186230.0
8 43 -5186230.0
8 44 -5187120.0
8 45 -5185960.0
8 46 -5185610.0
8 47 -5174460.0
8 48 -5183760.0
8 49 1242.45
8 50 -5188190.0
8 51 -5185040.0
9 52 -50659.8
9 2 -5179460.0
9 3 -5194490.0
9 4 -5191130.0
9 5 -5189610.0
9 6 -5190390.0
9 7 -5193510.0
9 8 -5185690.0
9 10 38600.4
9 11 -5189690.0
9 12 -5186220.0
9 13 -5183930.0
9 14 -5190820.0
9 15 -5191210.0
9 16 -5184460.0
9 18 -5185060.0
9 19 -5188140.0
9 20 -5187360.0
9 21 -5182520.0
9 23 1097.45
9 24 -5192880.0
9 25 -5187450.0
9 26 -5160830.0
9 27 -5189970.0
9 28 -5186020.0
9 30 -5187800.0
9 31 16172.3
9 32 -5178310.0
9 33 -5184340.0
9 34 -5184300.0
9 35 -5185880.0
9 36 -5185890.0
9 37 -5192180.0
9 38 -5185560.0
9 39 -5188340.0
9 40 -5189670.0
9 41 -5187700.0
9 42 -5188680.0
9 43 -5188260.0
9 44 -5189430.0
9 45 350.0
9 46 -5187290.0
9 47 11355.2
9 48 -5185720.0
9 49 -5184720.0
9 50 -5190710.0
9 51 -5186860.0
10 52 -50659.8
10 2 -5179600.0
10 3 -5194560.0
10 4 -5191340.0
10 5 -5189400.0
10 6 -5190180.0
10 7 -5193440.0
10 8 -5185620.0
10 9 817.447
10 11 -5189550.0
10 12 -5186290.0
10 13 -5183860.0
10 14 -5190820.0
10 15 -5191350.0
10 16 -5184390.0
10 18 -5185130.0
10 19 -5188280.0
10 20 -5187640.0
10 21 -5182170.0
10 23 1307.45
10 24 -5192740.0
10 25 -5187100.0
10 26 -5161110.0
10 27 -5189830.0
10 28 -5186300.0
10 30 -5187870.0
10 31 15892.3
10 32 -5178520.0
10 33 -5184410.0
10 34 -5184440.0
10 35 -5185950.0
10 36 -5186100.0
10 37 -5192040.0
10 38 -5185700.0
10 39 -5188200.0
10 40 -5189740.0
10 41 -5187560.0
10 42 -5188610.0
10 43 -5188330.0
10 44 -5189430.0
10 45 -60.0
10 46 -5187360.0
10 47 11075.2
10 48 -5185440.0
10 49 -5184720.0
10 50 -5190640.0
10 51 -5186580.0
11 52 -49679.8
11 2 -5177430.0
11 3 -5188330.0
11 4 -5190290.0
11 5 -5185340.0
11 6 -5185770.0
11 7 -5186860.0
11 8 -5188070.0
11 9 -5190320.0
11 10 -5152400.0
11 12 -5188950.0
11 13 -5180010.0
11 14 -5184380.0
11 15 -5188970.0
11 16 -5187890.0
11 18 -5186530.0
11 19 -5186740.0
11 20 -5189460.0
11 21 -5182730.0
11 23 -5189970.0
11 24 -1450.0
11 25 -5186610.0
11 26 -5162230.0
11 27 1445.54
11 28 -5188540.0
11 30 -5184160.0
11 31 -5175320.0
11 32 -5178660.0
11 33 -5188470.0
11 34 -5187800.0
11 35 -5190150.0
11 36 -5186870.0
11 37 -900.0
11 38 -5187870.0
11 39 -5184630.0
11 40 -5186170.0
11 41 2602.68
11 42 -5183220.0
11 43 -5188120.0
11 44 -5183200.0
11 45 -5190860.0
11 46 -5188550.0
11 47 -5179360.0
11 48 -5182780.0
11 49 -5187100.0
11 50 -1180.0
11 51 -5187070.0
12 52 -48019.8
12 2 -5177150.0
12 3 -5191970.0
12 4 -5189030.0
12 5 -5187930.0
12 6 -5188850.0
12 7 -5190920.0
12 8 -5184220.0
12 9 -5185350.0
12 10 -5147640.0
12 11 -5187450.0
12 13 -5181760.0
12 14 -5188300.0
12 15 -5188830.0
12 16 -5183340.0
12 18 1457.45
12 19 -5185760.0
12 20 -5185680.0
12 21 -5181610.0
12 23 -5185280.0
12 24 -5190500.0
12 25 -5186540.0
12 26 -5159500.0
12 27 -5187590.0
12 28 -5184410.0
12 30 -5185280.0
12 31 -5170350.0
12 32 -5176560.0
12 33 637.29
12 34 1377.45
12 35 -5184970.0
12 36 -5184070.0
12 37 -5190010.0
12 38 752.447
12 39 -5186170.0
12 40 -5187150.0
12 41 -5185600.0
12 42 -5186160.0
12 43 -5185670.0
12 44 -5186840.0
12 45 -5185680.0
12 46 -5184700.0
12 47 -5174250.0
12 48 -5184810.0
12 49 1452.45
12 50 -5188330.0
12 51 -5186090.0
13 52 -47949.8
13 2 -5177080.0
13 3 -5189450.0
13 4 -5189590.0
13 5 -5185060.0
13 6 -5185980.0
13 7 -5188120.0
13 8 -5186320.0
13 9 -5188500.0
13 10 -5150650.0
13 11 -12.4712
13 12 -5187200.0
13 14 -5185570.0
13 15 -5188620.0
13 16 -5186070.0
13 18 -5184780.0
13 19 -5186040.0
13 20 -5188060.0
13 21 -5181260.0
13 23 -5188220.0
13 24 -5187140.0
13 25 -5185490.0
13 26 -5161250.0
13 27 -5184230.0
13 28 -5187070.0
13 30 -5184230.0
13 31 -5173570.0
13 32 -5177820.0
13 33 -5186720.0
13 34 -5186050.0
13 35 -5188400.0
13 36 -5185750.0
13 37 -5186510.0
13 38 -5186260.0
13 39 1052.06
13 40 -5186100.0
13 41 1772.68
13 42 -5183570.0
13 43 -5186580.0
13 44 -5184390.0
13 45 -5189040.0
13 46 -5186940.0
13 47 -5177540.0
13 48 -5182640.0
13 49 -5185280.0
13 50 -1110.0
13 51 -5185670.0
14 52 -51279.8
14 2 -5176240.0
14 3 -1380.0
14 4 -5189520.0
14 5 -5188420.0
14 6 -5188640.0
14 7 -410.0
14 8 -5190240.0
14 9 -5192280.0
14 10 -5154500.0
14 11 -5185210.0
14 12 -5190630.0
14 13 -5182460.0
14 15 -5187710.0
14 16 -5189850.0
14 18 -5188140.0
14 19 -5186320.0
14 20 -5189950.0
14 21 -5185460.0
14 23 -5192140.0
14 24 -2290.0
14 25 -5189550.0
14 26 -5161600.0
14 27 -5184790.0
14 28 -5189380.0
14 30 -5182480.0
14 31 -5177280.0
14 32 -5177890.0
14 33 -5190290.0
14 34 -5189270.0
14 35 -5191900.0
14 36 -5186730.0
14 37 -5187420.0
14 38 -5189270.0
14 39 -5187150.0
14 40 -5184770.0
14 41 -5184480.0
14 42 -5183570.0
14 43 -5189450.0
14 44 3814.89
14 45 -5192540.0
14 46 -5189950.0
14 47 -5181180.0
14 48 -5185720.0
14 49 -5188920.0
14 50 -5187350.0
14 51 -5189870.0
15 52 -50519.8
15 2 12028.4
15 3 -5188470.0
15 4 -1380.0
15 5 -5190240.0
15 6 -5191020.0
15 7 -5188540.0
15 8 -5189330.0
15 9 -5190600.0
15 10 -5152960.0
15 11 -5187730.0
15 12 -5189090.0
15 13 -5183440.0
15 14 -5185640.0
15 16 -5188730.0
15 18 -5186810.0
15 19 907.759
15 20 -5186870.0
15 21 -5185950.0
15 23 -5190600.0
15 24 -5189730.0
15 25 -5190460.0
15 26 -5157330.0
15 27 -5187520.0
15 28 -5186580.0
15 30 3207.18
15 31 -5175530.0
15 32 -5173620.0
15 33 -5188680.0
15 34 -5187380.0
15 35 -5190150.0
15 36 -5183020.0
15 37 -5190360.0
15 38 -5187450.0
15 39 -5188200.0
15 40 922.471
15 41 -5186720.0
15 42 -5185040.0
15 43 -5188190.0
15 44 -5183550.0
15 45 -5190440.0
15 46 -5188410.0
15 47 -5179360.0
15 48 -5187820.0
15 49 -5187730.0
15 50 -5188890.0
15 51 -5190360.0
16 52 -48639.8
16 2 -5177990.0
16 3 -5192530.0
16 4 -5189940.0
16 5 -5187720.0
16 6 -5188570.0
16 7 -5191410.0
16 8 345.0
16 9 -5184860.0
16 10 -5147010.0
16 11 -5187660.0
16 12 -607.447
16 13 -5181900.0
16 14 -5188790.0
16 15 -5189740.0
16 18 -5183240.0
16 19 -5186600.0
16 20 -5186590.0
16 21 -5181050.0
16 23 -5184650.0
16 24 -5190780.0
16 25 -5185980.0
16 26 -5160340.0
16 27 -5187870.0
16 28 -5185250.0
16 30 -5186120.0
16 31 -5169860.0
16 32 -5177470.0
16 33 707.29
16 34 -5183250.0
16 35 -1040.0
16 36 -5184980.0
16 37 -5190150.0
16 38 -5184160.0
16 39 -5186240.0
16 40 -5187920.0
16 41 -5185670.0
16 42 -5186650.0
16 43 -5186440.0
16 44 -5187470.0
16 45 -5185400.0
16 46 -5185610.0
16 47 -5173900.0
16 48 -5184320.0
16 49 1242.45
16 50 -5188610.0
16 51 -5185460.0
17 52 -49889.8
17 2 -5175050.0
17 3 -5186440.0
17 4 -5188190.0
17 5 -5187930.0
17 6 -5188500.0
17 7 -1730.0
17 8 -5188910.0
17 9 -5190880.0
17 10 -5153100.0
17 11 -5184930.0
17 12 -5189230.0
17 13 -5181550.0
17 14 1102.24
17 15 -5186520.0
17 16 -5188520.0
17 18 -5186740.0
17 19 -5184850.0
17 20 -5188410.0
17 21 -5184550.0
17 23 -5190810.0
17 24 -5186650.0
17 25 -5188780.0
17 26 -5160270.0
17 27 -5184650.0
17 28 -5187840.0
17 30 -5181500.0
17 31 -5175880.0
17 32 -5176560.0
17 33 -5188890.0
17 34 -5187870.0
17 35 -5190500.0
17 36 -5185260.0
17 37 -5187420.0
17 38 -5187870.0
17 39 -5186310.0
17 40 362.471
17 41 -5184130.0
17 42 1549.77
17 43 -5188050.0
17 44 -5181310.0
17 45 -5191140.0
17 46 -5188550.0
17 47 -5179780.0
17 48 -5185440.0
17 49 -5187590.0
17 50 -5186580.0
17 51 -5189030.0
18 52 -47389.8
18 2 -5176660.0
18 3 -5191270.0
18 4 -5188680.0
18 5 -5187440.0
18 6 -5188430.0
18 7 -5190290.0
18 8 -5184430.0
18 9 -5185980.0
18 10 -5148270.0
18 11 -5186820.0
18 12 -327.447
18 13 -5181130.0
18 14 -5187600.0
18 15 -5188340.0
18 16 -5183760.0
18 19 -5185340.0
18 20 -5185680.0
18 21 -5181540.0
18 23 -5185910.0
18 24 -5189870.0
18 25 -5186400.0
18 26 -5159430.0
18 27 -5186960.0
18 28 -5184480.0
18 30 -5184720.0
18 31 -5170980.0
18 32 -5176350.0
18 33 -5183990.0
18 34 -5183180.0
18 35 -5185600.0
18 36 -5183930.0
18 37 -5189380.0
18 38 612.447
18 39 -5185610.0
18 40 -5186590.0
18 41 -5185040.0
18 42 -5185460.0
18 43 -1105.0
18 44 -5186210.0
18 45 -5186310.0
18 46 -350.0
18 47 -5174880.0
18 48 -5184530.0
18 49 1242.45
18 50 -5187700.0
18 51 -5186020.0
19 52 -49269.8
19 2 10918.4
19 3 -5189100.0
19 4 -1310.0
19 5 -5189400.0
19 6 -5190250.0
19 7 -5188820.0
19 8 -5188070.0
19 9 -5189270.0
19 10 -5151630.0
19 11 -5187240.0
19 12 -5187760.0
19 13 -5182600.0
19 14 -5185990.0
19 15 -834.696
19 16 -5187330.0
19 18 -5185550.0
19 20 -5185610.0
19 21 -5184760.0
19 23 -5189270.0
19 24 -5189590.0
19 25 -5189340.0
19 26 -5157190.0
19 27 -5187100.0
19 28 -5185320.0
19 30 -5181570.0
19 31 -5174130.0
19 32 -5173550.0
19 33 -5187280.0
19 34 -5186050.0
19 35 -5188820.0
19 36 1830.37
19 37 -5189940.0
19 38 -5186120.0
19 39 -5187290.0
19 40 362.471
19 41 -5186160.0
19 42 -5184690.0
19 43 -5186930.0
19 44 -5184180.0
19 45 -5189110.0
19 46 -5187010.0
19 47 -5178030.0
19 48 -5186980.0
19 49 -5186400.0
19 50 -5188260.0
19 51 -5189240.0
20 52 -49269.8
20 2 -5175400.0
20 3 -5191620.0
20 4 -5186930.0
20 5 -5189890.0
20 6 -5190810.0
20 7 -5191060.0
20 8 -5186880.0
20 9 -5187100.0
20 10 -5149600.0
20 11 -5188570.0
20 12 -5186290.0
20 13 -5183230.0
20 14 -5188230.0
20 15 -5187220.0
20 16 -5185930.0
20 18 -5184500.0
20 19 -5184220.0
20 21 -5184200.0
20 23 -5187170.0
20 24 -5191270.0
20 25 -5188990.0
20 26 -5156840.0
20 27 -5188570.0
20 28 986.83
20 30 -5184160.0
20 31 -5171960.0
20 32 -5173970.0
20 33 -5185530.0
20 34 -292.553
20 35 -5186930.0
20 36 2390.37
20 37 -5191200.0
20 38 -637.553
20 39 -5187780.0
20 40 -5186100.0
20 41 -5187140.0
20 42 -5186440.0
20 43 -5186650.0
20 44 -5186560.0
20 45 -5186730.0
20 46 -2090.0
20 47 -5175860.0
20 48 -5187120.0
20 49 -5185140.0
20 50 -5189380.0
20 51 -5188680.0
21 52 -49549.8
21 2 -5179460.0
21 3 -5192460.0
21 4 -5191690.0
21 5 -1807.61
21 6 -5186330.0
21 7 -5191060.0
21 8 -1465.0
21 9 -5187030.0
21 10 -5148900.0
21 11 -5186610.0
21 12 -5186990.0
21 13 -5181200.0
21 14 -5188510.0
21 15 -5191070.0
21 16 -5185160.0
21 18 -5185130.0
21 19 -5188140.0
21 20 -5188970.0
21 23 -5186260.0
21 24 -5189800.0
21 25 750.403
21 26 -5162720.0
21 27 -5186960.0
21 28 -5187700.0
21 30 -5186960.0
21 31 -5171960.0
21 32 -5179570.0
21 33 -5186020.0
21 34 -5185910.0
21 35 -5187770.0
21 36 -5187150.0
21 37 -5188820.0
21 38 -5186540.0
21 39 -5185470.0
21 40 -5188830.0
21 41 -5184270.0
21 42 -5186580.0
21 43 -5187840.0
21 44 -5187330.0
21 45 -5187780.0
21 46 -5187570.0
21 47 -5176280.0
21 48 -5181590.0
21 49 -5185000.0
21 50 -5188050.0
21 51 1266.9
22 52 -50449.8
22 2 -5180230.0
22 3 -5193860.0
22 4 -5192250.0
22 5 -5187300.0
22 6 -5187870.0
22 7 -5192530.0
22 8 -1595.0
22 9 -5185910.0
22 10 -5147780.0
22 11 -5188150.0
22 12 -5187060.0
22 13 -5182670.0
22 14 -5189980.0
22 15 -5191840.0
22 16 -995.107
22 18 -5185480.0
22 19 -5188840.0
22 20 -5189040.0
22 21 4007.08
22 23 -5184860.0
22 24 -5191340.0
22 25 -709.597
22 26 -5162860.0
22 27 -5188500.0
22 28 -5187700.0
22 30 -5188010.0
22 31 -5170840.0
22 32 -5179920.0
22 33 -5185670.0
22 34 -5185770.0
22 35 -5187350.0
22 36 -5187430.0
22 37 -5190430.0
22 38 -5186610.0
22 39 -5186870.0
22 40 -5189880.0
22 41 -5185880.0
22 42 -5187910.0
22 43 -5188470.0
22 44 -5188730.0
22 45 -5186730.0
22 46 -5187920.0
22 47 -5175370.0
22 48 -5182780.0
22 49 -5185070.0
22 50 -5189520.0
22 51 -263.096
23 52 -51419.8
23 2 -5180300.0
23 3 -5195260.0
23 4 -5192040.0
23 5 -5189890.0
23 6 -5190600.0
23 7 -5194140.0
23 8 -5186250.0
23 9 257.447
23 10 38250.4
23 11 -5190180.0
23 12 -5186990.0
23 13 -5184490.0
23 14 -5191520.0
23 15 -5192050.0
23 16 -5185090.0
23 18 -5185830.0
23 19 -5188980.0
23 20 -5188270.0
23 21 -5182590.0
23 24 -5193370.0
23 25 -5187450.0
23 26 -5161740.0
23 27 -5190460.0
23 28 -5186930.0
23 30 -5188640.0
23 31 15682.3
23 32 -5179220.0
23 33 -5185180.0
23 34 -5185210.0
23 35 -5186720.0
23 36 -5186800.0
23 37 -5192670.0
23 38 -5186400.0
23 39 -5188830.0
23 40 -5190510.0
23 41 -5188120.0
23 42 -5189380.0
23 43 -5189030.0
23 44 -5190130.0
23 45 -270.0
23 46 -5188060.0
23 47 10385.2
23 48 -5185720.0
23 49 -5185420.0
23 50 -5191270.0
23 51 -5186930.0
24 52 -50729.8
24 2 -5177570.0
24 3 -5187420.0
24 4 -5190640.0
24 5 -5186530.0
24 6 -5186610.0
24 7 -2010.0
24 8 -5189330.0
24 9 -5191580.0
24 10 -5153660.0
24 11 477.529
24 12 -5190070.0
24 13 -5181270.0
24 14 -5183470.0
24 15 -5189040.0
24 16 -5189080.0
24 18 -5187650.0
24 19 -5187160.0
24 20 -5190230.0
24 21 -5183990.0
24 23 -5191230.0
24 25 -5187870.0
24 26 -5162650.0
24 27 815.543
24 28 -5189450.0
24 30 -5184090.0
24 31 -5176580.0
24 32 -5179010.0
24 33 -5189660.0
24 34 -5188920.0
24 35 -5191340.0
24 36 -5187430.0
24 37 -1380.0
24 38 -5188990.0
24 39 -5185890.0
24 40 -5186170.0
24 41 1352.68
24 42 -5183500.0
24 43 -5189100.0
24 44 -5182360.0
24 45 -5192050.0
24 46 -5189600.0
24 47 -5180550.0
24 48 -5183620.0
24 49 -5188220.0
24 50 -5186230.0
24 51 -5188330.0
25 52 -50099.8
25 2 -5179880.0
25 3 -5192460.0
25 4 -5192180.0
25 5 -1257.61
25 6 -1752.63
25 7 -5191060.0
25 8 -5186250.0
25 9 -5187870.0
25 10 -5149740.0
25 11 -5186400.0
25 12 -5187830.0
25 13 -5181340.0
25 14 -5188510.0
25 15 -5191490.0
25 16 -5186000.0
25 18 -5185900.0
25 19 -5188630.0
25 20 -5189670.0
25 21 4837.08
25 23 -5187030.0
25 24 -5189590.0
25 26 -5163420.0
25 27 -5186750.0
25 28 -5188470.0
25 30 -5187310.0
25 31 -5172800.0
25 32 -5180200.0
25 33 -5186860.0
25 34 -5186750.0
25 35 -5188610.0
25 36 -5187850.0
25 37 -5188470.0
25 38 -5187310.0
25 39 -5185540.0
25 40 -5189110.0
25 41 -5183990.0
25 42 -5186650.0
25 43 -5188400.0
25 44 -5187330.0
25 45 -5188620.0
25 46 -5188270.0
25 47 -5177190.0
25 48 3130.17
25 49 -5185770.0
25 50 -5188050.0
25 51 706.904
26 52 -52669.8
26 2 8418.44
26 3 -5192460.0
26 4 -3120.0
26 5 -5192970.0
26 6 -5193890.0
26 7 -5192530.0
26 8 -5190450.0
26 9 -5190320.0
26 10 -5152820.0
26 11 -5191090.0
26 12 -5189860.0
26 13 -5186170.0
26 14 -5189630.0
26 15 -5187430.0
26 16 -5189430.0
26 18 -5188000.0
26 19 -5185550.0
26 21 -5187700.0
26 23 -5190390.0
26 24 -5193440.0
26 25 -5192490.0
26 27 -5191020.0
26 28 -5186510.0
26 30 -5184720.0
26 31 -5175110.0
26 32 11584.9
26 33 -5189030.0
26 34 -5187730.0
26 35 -5190430.0
26 36 1280.37
26 37 -5193790.0
26 38 -5188150.0
26 39 -5190860.0
26 40 -5186940.0
26 41 -5189940.0
26 42 -5188610.0
26 43 -5189870.0
26 44 -5187610.0
26 45 -5189670.0
26 46 -5189460.0
26 47 -5179150.0
26 48 -5190410.0
26 49 -5188710.0
26 50 -5192040.0
26 51 -5192180.0
27 52 -49819.8
27 2 -5177290.0
27 3 -5187910.0
27 4 -5190150.0
27 5 -5185760.0
27 6 -5186050.0
27 7 -5186510.0
27 8 -5188350.0
27 9 -5190600.0
27 10 -5152680.0
27 11 1447.53
27 12 -5189090.0
27 13 -5180290.0
27 14 -5183960.0
27 15 -5188760.0
27 16 -5188100.0
27 18 -5186670.0
27 19 -5186600.0
27 20 -5189460.0
27 21 -5183080.0
27 23 -5190250.0
27 24 -1110.0
27 25 -5186960.0
27 26 -5162160.0
27 28 -5188610.0
27 30 -5183950.0
27 31 -5175600.0
27 32 -5178520.0
27 33 -5188680.0
27 34 -5187940.0
27 35 -5190360.0
27 36 -5186800.0
27 37 -970.0
27 38 -5188080.0
27 39 -5184910.0
27 40 -5185890.0
27 41 2122.68
27 42 -5183010.0
27 43 -5188190.0
27 44 -5182850.0
27 45 -5191070.0
27 46 -5188690.0
27 47 -5179570.0
27 48 -5183130.0
27 49 -5187310.0
27 50 -1380.0
27 51 -5187420.0
28 52 -48989.8
28 2 -5175820.0
28 3 -5191760.0
28 4 -5187490.0
28 5 -5189470.0
28 6 -5190460.0
28 7 -5191130.0
28 8 -5186320.0
28 9 -5186470.0
28 10 -5148970.0
28 11 -5188360.0
28 12 -5185730.0
28 13 -5182950.0
28 14 -5188370.0
28 15 -5187640.0
28 16 -5185300.0
28 18 -5184010.0
28 19 -5184640.0
28 20 282.06
28 21 -5183640.0
28 23 -5186540.0
28 24 -5191200.0
28 25 -5188500.0
28 26 -5157470.0
28 27 -5188430.0
28 30 -5184510.0
28 31 -5171330.0
28 32 -5174670.0
28 33 -5184900.0
28 34 337.447
28 35 -5186300.0
28 36 1760.37
28 37 -5191060.0
28 38 -77.5535
28 39 -5187500.0
28 40 -5186450.0
28 41 -5186860.0
28 42 -5186440.0
28 43 -5186370.0
28 44 -5186770.0
28 45 -5186170.0
28 46 -1600.0
28 47 -5175230.0
28 48 -5186630.0
28 49 -5184580.0
28 50 -5189170.0
28 51 -5188120.0
29 52 -50169.8
29 2 -5173930.0
29 3 -5186650.0
29 4 -5187210.0
29 5 -5188910.0
29 6 -5189550.0
29 7 -5186580.0
29 8 -5189260.0
29 9 -5190950.0
29 10 -5153240.0
29 11 -5186050.0
29 12 -5189300.0
29 13 -5182320.0
29 14 -5183610.0
29 15 -1464.7
29 16 -5188730.0
29 18 -5186880.0
29 19 -5184150.0
29 20 -5187990.0
29 21 -5185250.0
29 23 -5190950.0
29 24 -5187840.0
29 25 -5189550.0
29 26 -5159290.0
29 27 -5185770.0
29 28 -5187490.0
29 30 3687.18
29 31 -5175950.0
29 32 -5175580.0
29 33 -5188960.0
29 34 -5187800.0
29 35 -5190500.0
29 36 -5184560.0
29 37 -5188610.0
29 38 -5187800.0
29 39 -5187080.0
29 40 1542.47
29 41 -5185180.0
29 42 509.77
29 43 -5188120.0
29 44 -5181730.0
29 45 -5191070.0
29 46 -5188550.0
29 47 -5179850.0
29 48 -5186490.0
29 49 -5187730.0
29 50 -5187490.0
29 51 -5189660.0
30 52 -50589.8
30 2 10708.4
30 3 -5187210.0
30 4 -5186580.0
30 5 -5189680.0
30 6 -5190390.0
30 7 -5187350.0
30 8 -5189610.0
30 9 -5191160.0
30 10 -5153450.0
30 11 -5186890.0
30 12 -5189510.0
30 13 -5183020.0
30 14 -5184380.0
30 15 -764.696
30 16 -5189080.0
30 18 -5187160.0
30 19 -5183800.0
30 20 -5187780.0
30 21 -5185810.0
30 23 -5191160.0
30 24 -5188750.0
30 25 -5190250.0
30 26 -5158590.0
30 27 -5186680.0
30 28 -5187420.0
30 31 -5176090.0
30 32 -5174880.0
30 33 -5189170.0
30 34 -5187940.0
30 35 -5190710.0
30 36 -5184140.0
30 37 -5189450.0
30 38 -5187940.0
30 39 -5187780.0
30 40 1822.47
30 41 -5186090.0
30 42 -5184270.0
30 43 -5188470.0
30 44 -5182290.0
30 45 -5191140.0
30 46 -5188760.0
30 47 -5179990.0
30 48 -5187330.0
30 49 -5188080.0
30 50 -5188260.0
30 51 -5190290.0
31 52 -50999.8
31 2 -5179600.0
31 3 -5194770.0
31 4 -5191340.0
31 5 -5189890.0
31 6 -5190670.0
31 7 -5193720.0
31 8 -5185970.0
31 9 887.447
31 10 38390.4
31 11 -5189970.0
31 12 -5186500.0
31 13 -5184280.0
31 14 -5191100.0
31 15 -5191420.0
31 16 -5184740.0
31 18 -5185340.0
31 19 -5188280.0
31 20 -5187500.0
31 21 -5182730.0
31 23 1237.45
31 24 -5193160.0
31 25 -5187660.0
31 26 -5160900.0
31 27 -5190250.0
31 28 -5186160.0
31 30 -5188010.0
31 32 -5178380.0
31 33 -5184620.0
31 34 -5184510.0
31 35 -5186090.0
31 36 -5185960.0
31 37 -5192460.0
31 38 -5185770.0
31 39 -5188620.0
31 40 -5189880.0
31 41 -5187980.0
31 42 -5188960.0
31 43 -5188540.0
31 44 -5189710.0
31 45 560.0
31 46 -5187500.0
31 47 11145.2
31 48 -5186000.0
31 49 -5185000.0
31 50 -5190990.0
31 51 -5187140.0
32 52 -51559.8
32 2 9878.44
32 3 -5191130.0
32 4 -1660.0
32 5 -5191850.0
32 6 -5192770.0
32 7 -5191130.0
32 8 -5189750.0
32 9 -5190110.0
32 10 -5152540.0
32 11 -5189830.0
32 12 -5189230.0
32 13 -5185050.0
32 14 -5188230.0
32 15 -5186030.0
32 16 -5188870.0
32 18 -5187230.0
32 19 -342.241
32 20 -5186030.0
32 21 -5186860.0
32 23 -5190180.0
32 24 -5192110.0
32 25 -5191580.0
32 26 29265.6
32 27 -5189690.0
32 28 -5186020.0
32 30 -5183320.0
32 31 -5174900.0
32 33 -5188540.0
32 34 -5187170.0
32 35 -5189940.0
32 36 2110.37
32 37 -5192530.0
32 38 -5187450.0
32 39 -5189740.0
32 40 -5185610.0
32 41 -5188680.0
32 42 -5187280.0
32 43 -5188960.0
32 44 -5186210.0
32 45 -5189600.0
32 46 -5188690.0
32 47 -5178870.0
32 48 -5189360.0
32 49 -5188010.0
32 50 -5190780.0
32 51 -5191270.0
33 52 -48849.8
33 2 -5177780.0
33 3 -5192740.0
33 4 -5189590.0
33 5 -5188350.0
33 6 -5189270.0
33 7 -5191690.0
33 8 -5184360.0
33 9 -5184580.0
33 10 -5146870.0
33 11 -5188080.0
33 12 -467.447
33 13 -5182390.0
33 14 -5189070.0
33 15 -5189530.0
33 16 874.893
33 18 -5183310.0
33 19 -5186390.0
33 20 -5186030.0
33 21 -5181750.0
33 23 -5184580.0
33 24 -5191200.0
33 25 -5186680.0
33 26 -5159780.0
33 27 -5188290.0
33 28 -5184690.0
33 30 -5186050.0
33 31 -5169580.0
33 32 -5176980.0
33 34 1307.45
33 35 -270.0
33 36 -5184490.0
33 37 -5190640.0
33 38 -5183810.0
33 39 -5186800.0
33 40 -5187850.0
33 41 -5186230.0
33 42 -5186930.0
33 43 -5186510.0
33 44 -5187610.0
33 45 -5184910.0
33 46 -5185470.0
33 47 -5173480.0
33 48 -5185020.0
33 49 962.447
33 50 -5189030.0
33 51 -5186160.0
34 52 -48569.8
34 2 -5177080.0
34 3 -5192320.0
34 4 -5188890.0
34 5 -5188560.0
34 6 -5189480.0
34 7 -5191340.0
34 8 -5184780.0
34 9 -5185140.0
34 10 -5147500.0
34 11 -5188010.0
34 12 -327.447
34 13 -5182320.0
34 14 -5188650.0
34 15 -5188830.0
34 16 -5183690.0
34 18 -5183100.0
34 19 -5185760.0
34 20 -5185330.0
34 21 -5182240.0
34 23 -5185210.0
34 24 -5191060.0
34 25 -5187170.0
34 26 -5159080.0
34 27 -5188150.0
34 28 -5183990.0
34 30 -5185420.0
34 31 -5170070.0
34 32 -5176210.0
34 33 707.29
34 35 -760.0
34 36 -5183790.0
34 37 -5190640.0
34 38 752.447
34 39 -5186800.0
34 40 -5187290.0
34 41 -5186230.0
34 42 -5186580.0
34 43 -5186090.0
34 44 -5187190.0
34 45 -5185190.0
34 46 -5184980.0
34 47 -5173970.0
34 48 -5185440.0
34 49 822.447
34 50 -5188890.0
34 51 -5186720.0
35 52 -48919.8
35 2 -5177710.0
35 3 -5192810.0
35 4 -5189520.0
35 5 -5188560.0
35 6 -5189480.0
35 7 -5191830.0
35 8 -5184570.0
35 9 -5184580.0
35 10 -5146870.0
35 11 -5188220.0
35 12 -537.447
35 13 -5182530.0
35 14 -5189140.0
35 15 -5189460.0
35 16 664.893
35 18 -5183380.0
35 19 -5186390.0
35 20 -5185890.0
35 21 -5181960.0
35 23 -5184580.0
35 24 -5191340.0
35 25 -5186890.0
35 26 -5159640.0
35 27 -5188430.0
35 28 -5184550.0
35 30 -5186050.0
35 31 -5169510.0
35 32 -5176840.0
35 33 1267.29
35 34 1377.45
35 36 -5184420.0
35 37 -5190780.0
35 38 -5183810.0
35 39 -5186940.0
35 40 -5187920.0
35 41 -5186440.0
35 42 -5187000.0
35 43 -5186510.0
35 44 -5187680.0
35 45 -5184770.0
35 46 -5185470.0
35 47 -5173410.0
35 48 -5185230.0
35 49 822.447
35 50 -5189170.0
35 51 -5186370.0
36 52 -50099.8
36 2 -5174280.0
36 3 -5191060.0
36 4 -1800.0
36 5 -5190590.0
36 6 -5191510.0
36 7 -5190710.0
36 8 -5188070.0
36 9 -5188500.0
36 10 -5150930.0
36 11 -5188850.0
36 12 -5187550.0
36 13 -5183790.0
36 14 -5187880.0
36 15 -5186240.0
36 16 -5187190.0
36 18 -5185620.0
36 19 347.759
36 20 -477.94
36 21 -5185250.0
36 23 -5188570.0
36 24 -5191340.0
36 25 -5190040.0
36 26 -5155720.0
36 27 -5188780.0
36 28 -403.17
36 30 -5183390.0
36 31 -5173290.0
36 32 11304.9
36 33 -5186860.0
36 34 -5185560.0
36 35 -5188330.0
36 37 -5191550.0
36 38 -5185840.0
36 39 -5188410.0
36 40 -5185470.0
36 41 -5187560.0
36 42 -5186440.0
36 43 -5187420.0
36 44 -5186070.0
36 45 -5188060.0
36 46 -5187080.0
36 47 -5177260.0
36 48 -5187960.0
36 49 -5186330.0
36 50 -5189730.0
36 51 -5189730.0
37 52 -50379.8
37 2 -5178130.0
37 3 -5188540.0
37 4 -5191060.0
37 5 -5185340.0
37 6 -5185420.0
37 7 -5187140.0
37 8 -5188630.0
37 9 -5190880.0
37 10 -5152960.0
37 11 1027.53
37 12 -5189580.0
37 13 -5180640.0
37 14 -5184660.0
37 15 -5189670.0
37 16 -5188450.0
37 18 -5187160.0
37 19 -5187510.0
37 20 -5190160.0
37 21 -5183010.0
37 23 -5190530.0
37 24 -1380.0
37 25 -5186750.0
37 26 -5163000.0
37 27 955.543
37 28 -5189310.0
37 30 -5184790.0
37 31 -5175880.0
37 32 -5179430.0
37 33 -5189100.0
37 34 -5188500.0
37 35 -5190780.0
37 36 -5187640.0
37 38 -5188570.0
37 39 -5185190.0
37 40 -5186800.0
37 41 2532.68
37 42 -5183920.0
37 43 -5188820.0
37 44 -5183480.0
37 45 -5191420.0
37 46 -5189320.0
37 47 -5179920.0
37 48 -5182430.0
37 49 -5187730.0
37 50 -2010.0
37 51 -5187350.0
38 52 -47949.8
38 2 -5176520.0
38 3 -5191690.0
38 4 -5188400.0
38 5 -5188210.0
38 6 -5189200.0
38 7 -5190710.0
38 8 -5184920.0
38 9 -5185770.0
38 10 -5148130.0
38 11 -5187450.0
38 12 -327.447
38 13 -5181900.0
38 14 -5188020.0
38 15 -5188270.0
38 16 -5183970.0
38 18 1317.45
38 19 -5185200.0
38 20 -5185050.0
38 21 -5182240.0
38 23 -5185770.0
38 24 -5190500.0
38 25 -5187100.0
38 26 -5158870.0
38 27 -5187660.0
38 28 -5183780.0
38 30 -5184790.0
38 31 -5170700.0
38 32 -5175860.0
38 33 -5183780.0
38 34 1377.45
38 35 -5185320.0
38 36 -5183440.0
38 37 -5190080.0
38 39 -5186380.0
38 40 -5186660.0
38 41 -5185810.0
38 42 -5185950.0
38 43 -5185460.0
38 44 -5186560.0
38 45 -5185890.0
38 46 -420.0
38 47 -5174600.0
38 48 -5185300.0
38 49 822.447
38 50 -5188330.0
38 51 -5186650.0
39 52 -48089.8
39 2 -5177290.0
39 3 -5189730.0
39 4 -5189800.0
39 5 -907.611
39 6 -5185770.0
39 7 -5188400.0
39 8 -5186180.0
39 9 -5188430.0
39 10 -5150510.0
39 11 -152.471
39 12 -5187130.0
39 13 5532.34
39 14 -5185780.0
39 15 -5188900.0
39 16 -5185930.0
39 18 -5184780.0
39 19 -5186250.0
39 20 -5188130.0
39 21 -5181050.0
39 23 -5188080.0
39 24 -5187280.0
39 25 -5185210.0
39 26 -5161460.0
39 27 -5184370.0
39 28 -5187140.0
39 30 -5184510.0
39 31 -5173430.0
39 32 -5178030.0
39 33 -5186650.0
39 34 -5186050.0
39 35 -5188330.0
39 36 -5185890.0
39 37 -5186580.0
39 38 -5186260.0
39 40 -5186380.0
39 41 1772.68
39 42 -5183850.0
39 43 -5186650.0
39 44 -5184600.0
39 45 -5188970.0
39 46 -5186940.0
39 47 -5177470.0
39 48 -5182430.0
39 49 -5185210.0
39 50 -1380.0
39 51 -5185460.0
40 52 -50099.8
40 2 10708.4
40 3 -5187350.0
40 4 -5186440.0
40 5 -5189330.0
40 6 -5190040.0
40 7 -5187280.0
40 8 -5189120.0
40 9 -5190740.0
40 10 -5153030.0
40 11 -5186610.0
40 12 -5189090.0
40 13 -5182600.0
40 14 -5184380.0
40 15 -764.696
40 16 -5188590.0
40 18 -5186740.0
40 19 417.759
40 20 -5187430.0
40 21 -5185390.0
40 23 -5190740.0
40 24 -5188540.0
40 25 -5189760.0
40 26 -5158520.0
40 27 -5186330.0
40 28 -5187070.0
40 30 4107.18
40 31 -5175670.0
40 32 -5174880.0
40 33 -5188680.0
40 34 -5187520.0
40 35 -5190290.0
40 36 -5183930.0
40 37 -5189170.0
40 38 -5187520.0
40 39 -5187360.0
40 41 -5185740.0
40 42 -5183920.0
40 43 -5187980.0
40 44 -5182430.0
40 45 -5190720.0
40 46 -5188340.0
40 47 -5179570.0
40 48 -5186910.0
40 49 -5187590.0
40 50 -5187910.0
40 51 -5189870.0
41 52 -49749.8
41 2 -5178130.0
41 3 -5189240.0
41 4 -5190850.0
41 5 -557.611
41 6 -5184860.0
41 7 -5187770.0
41 8 -5187790.0
41 9 -5189970.0
41 10 -5152050.0
41 11 957.529
41 12 -5188740.0
41 13 -5179870.0
41 14 -5185290.0
41 15 -5189600.0
41 16 -5187540.0
41 18 -5186390.0
41 19 -5187300.0
41 20 -5189670.0
41 21 -5182030.0
41 23 -5189550.0
41 24 -5186160.0
41 25 -5185840.0
41 26 -5162720.0
41 27 475.543
41 28 -5188680.0
41 30 -5185000.0
41 31 -5174970.0
41 32 -5179150.0
41 33 -5188260.0
41 34 -5187660.0
41 35 -5190010.0
41 36 -5187220.0
41 37 -1040.0
41 38 -5187870.0
41 39 -5184350.0
41 40 -5186940.0
41 42 -5183990.0
41 43 -5188190.0
41 44 -5184110.0
41 45 -5190580.0
41 46 -5188550.0
41 47 -5179080.0
41 48 -5181870.0
41 49 -5186890.0
41 50 -1660.0
41 51 -5186370.0
42 29 -2220.0
43 52 -46629.8
43 2 -5175820.0
43 3 -5190360.0
43 4 -5187980.0
43 5 -5187300.0
43 6 -5188290.0
43 7 -5189380.0
43 8 -5185270.0
43 9 -5186960.0
43 10 -5149250.0
43 11 -5186190.0
43 12 -1297.45
43 13 -5180710.0
43 14 -5186690.0
43 15 -5187500.0
43 16 -5184740.0
43 18 1107.45
43 19 -5184500.0
43 20 -5185610.0
43 21 -5182030.0
43 23 -5186890.0
43 24 -5189100.0
43 25 -5186680.0
43 26 -5159080.0
43 27 -5186260.0
43 28 -5184620.0
43 30 -5183810.0
43 31 -5171960.0
43 32 -5175860.0
43 33 -5184970.0
43 34 -5183950.0
43 35 -5186510.0
43 36 -5183510.0
43 37 -5188820.0
43 38 -7.55345
43 39 -5185260.0
43 40 -5185610.0
43 41 -5184620.0
43 42 -5184550.0
43 44 -5185230.0
43 45 -5187220.0
43 46 -630.0
43 47 -5175860.0
43 48 -5184600.0
43 49 -5183740.0
43 50 -5187000.0
43 51 -5186510.0
44 52 -51909.8
44 2 -5176100.0
44 3 -480.0
44 4 -5189450.0
44 5 -5189190.0
44 6 -5189480.0
44 7 -1180.0
44 8 -5190870.0
44 9 -5192840.0
44 10 -5155060.0
44 11 -5185980.0
44 12 -5191120.0
44 13 -5183230.0
44 14 1862.24
44 15 -5187570.0
44 16 -5190480.0
44 18 -5188700.0
44 19 -5186460.0
44 20 -5190230.0
44 21 -5186230.0
44 23 -5192700.0
44 24 -5187070.0
44 25 -5190320.0
44 26 -5161530.0
44 27 -5185630.0
44 28 -5189730.0
44 30 -5182340.0
44 31 -5177840.0
44 32 -5177820.0
44 33 -5190780.0
44 34 -5189760.0
44 35 -5192390.0
44 36 -5186870.0
44 37 -5188190.0
44 38 -5189760.0
44 39 -5187920.0
44 40 -5184770.0
44 41 -5185250.0
44 42 -5184200.0
44 43 -5189940.0
44 45 -5193030.0
44 46 -5190510.0
44 47 -5181740.0
44 48 -5186560.0
44 49 -5189480.0
44 50 -5188120.0
44 51 -5190640.0
45 52 -51209.8
45 2 -5179390.0
45 3 -5194910.0
45 4 -5191060.0
45 5 -5190450.0
45 6 -5191300.0
45 7 -5193930.0
45 8 -5186460.0
45 9 187.447
45 10 37560.4
45 11 -5190390.0
45 12 -5186710.0
45 13 -5184630.0
45 14 -5191240.0
45 15 -5191210.0
45 16 -5185160.0
45 18 -5185550.0
45 19 -5188140.0
45 20 -5187150.0
45 21 -5183430.0
45 23 407.447
45 24 -5193510.0
45 25 -5188360.0
45 26 -5160340.0
45 27 -5190600.0
45 28 -5185880.0
45 30 -5187940.0
45 31 15682.3
45 32 -5177960.0
45 33 -5184830.0
45 34 -5184510.0
45 35 -5186230.0
45 36 -5185610.0
45 37 -5192880.0
45 38 -5185840.0
45 39 -5189040.0
45 40 -5189810.0
45 41 -5188470.0
45 42 -5189170.0
45 43 -5188680.0
45 44 -5189780.0
45 46 -5187570.0
45 47 10865.2
45 48 -5186700.0
45 49 -5185350.0
45 50 -5191340.0
45 51 -5187840.0
46 52 -47389.8
46 2 -5176240.0
46 3 -5191130.0
46 4 -5188190.0
46 5 -5187790.0
46 6 -5188780.0
46 7 -5190150.0
46 8 -5184920.0
46 9 -5186260.0
46 10 -5148550.0
46 11 -5186890.0
46 12 -537.447
46 13 -5181340.0
46 14 -5187460.0
46 15 -5187990.0
46 16 -5184180.0
46 18 1597.45
46 19 -5184850.0
46 20 -5185260.0
46 21 -5182030.0
46 23 -5186190.0
46 24 -5189870.0
46 25 -5186820.0
46 26 -5158940.0
46 27 -5187030.0
46 28 -5184060.0
46 30 -5184370.0
46 31 -5171190.0
46 32 -5175860.0
46 33 -5184200.0
46 34 -5183110.0
46 35 -5185740.0
46 36 -5183440.0
46 37 -5189590.0
46 38 822.447
46 39 -5185820.0
46 40 -5186240.0
46 41 -5185250.0
46 42 -5185390.0
46 43 -895.0
46 44 -5186070.0
46 45 -5186380.0
46 47 -5175090.0
46 48 -5184950.0
46 49 822.447
46 50 -5187770.0
46 51 -5186510.0
47 52 -50239.8
47 2 -5178900.0
47 3 -5194070.0
47 4 -5190640.0
47 5 -5189470.0
47 6 -5190320.0
47 7 -5193090.0
47 8 -5185480.0
47 9 677.447
47 10 38180.4
47 11 -5189410.0
47 12 -5185800.0
47 13 -5183650.0
47 14 -5190400.0
47 15 -5190650.0
47 16 -5184180.0
47 18 -5184640.0
47 19 -5187580.0
47 20 -5186800.0
47 21 -5182450.0
47 23 -5183390.0
47 24 -5192530.0
47 25 -5187450.0
47 26 -5160340.0
47 27 -5189620.0
47 28 -5185460.0
47 30 -5187310.0
47 31 15752.3
47 32 -5177750.0
47 33 -5183920.0
47 34 -5183810.0
47 35 -1450.0
47 36 -5185330.0
47 37 -5191900.0
47 38 -5185070.0
47 39 -5188060.0
47 40 -5189180.0
47 41 -5187490.0
47 42 -5188260.0
47 43 -5187840.0
47 44 -5189010.0
47 45 350.0
47 46 -5186800.0
47 48 -5185790.0
47 49 -5184370.0
47 50 -5190360.0
47 51 -5186860.0
48 52 -52389.8
48 2 -5181630.0
48 3 -5192950.0
48 4 -5194140.0
48 5 -1807.61
48 6 -922.627
48 7 -5191480.0
48 8 -5188840.0
48 9 -5190460.0
48 10 -5152400.0
48 11 -5186890.0
48 12 -5190420.0
48 13 -5182810.0
48 14 -5189000.0
48 15 -5193170.0
48 16 -5188660.0
48 18 -5188350.0
48 19 -5190590.0
48 20 -5192120.0
48 21 1997.08
48 23 -5189620.0
48 24 -5189660.0
48 25 -1189.6
48 26 -5165660.0
48 27 -5187240.0
48 28 -5190920.0
48 30 -5188710.0
48 31 -5175460.0
48 32 -5182300.0
48 33 -5189520.0
48 34 -5189340.0
48 35 -5191270.0
48 36 -5190090.0
48 37 -5188470.0
48 38 -5189830.0
48 39 -5187080.0
48 40 -5190580.0
48 41 -5184340.0
48 42 -5187770.0
48 43 -5190640.0
48 44 -5187890.0
48 45 -5191280.0
48 46 -5190720.0
48 47 -5179850.0
48 49 -5188360.0
48 50 -5189170.0
48 51 -2073.1
49 52 -47879.8
49 2 -5177360.0
49 3 -5191900.0
49 4 -5189310.0
49 5 -5187510.0
49 6 -5188430.0
49 7 -5190850.0
49 8 205.0
49 9 -5185420.0
49 10 -5147640.0
49 11 -5187170.0
49 12 -117.447
49 13 -5181410.0
49 14 -5188160.0
49 15 -5189040.0
49 16 944.893
49 18 1457.45
49 19 -5185970.0
49 20 -5186100.0
49 21 -5181190.0
49 23 -5185280.0
49 24 -5190220.0
49 25 -5186050.0
49 26 -5159920.0
49 27 -5187380.0
49 28 -5184830.0
49 30 -5185420.0
49 31 -5170420.0
49 32 -5176910.0
49 33 497.29
49 34 -5183040.0
49 35 -5185180.0
49 36 -5184420.0
49 37 -5189730.0
49 38 -5183670.0
49 39 -5185820.0
49 40 -5187220.0
49 41 -5185320.0
49 42 -5186020.0
49 43 -5185740.0
49 44 -5186770.0
49 45 -5185890.0
49 46 -5184910.0
49 47 -5174390.0
49 48 -5184320.0
49 50 -5188120.0
49 51 -5185670.0
50 52 -48569.8
50 2 -5176660.0
50 3 -5188540.0
50 4 -5189380.0
50 5 -5185550.0
50 6 -5186260.0
50 7 -5187140.0
50 8 -5187230.0
50 9 -5189410.0
50 10 -5151560.0
50 11 747.529
50 12 -5187900.0
50 13 4762.34
50 14 -5184590.0
50 15 -5188200.0
50 16 -5186910.0
50 18 -5185480.0
50 19 -5185830.0
50 20 -5188340.0
50 21 -5182240.0
50 23 -5189130.0
50 24 -5186230.0
50 25 -5186330.0
50 26 -5161250.0
50 27 545.543
50 28 -5187420.0
50 30 -5183600.0
50 31 -5174410.0
50 32 -5177680.0
50 33 -5187490.0
50 34 -5186750.0
50 35 -5189170.0
50 36 -5185820.0
50 37 -5185950.0
50 38 -5186820.0
50 39 12.06
50 40 -5185540.0
50 41 -5182030.0
50 42 1209.77
50 43 -5187000.0
50 44 -5183410.0
50 45 -5189880.0
50 46 -5187500.0
50 47 -5178380.0
50 48 -5183130.0
50 49 -5186120.0
50 51 -5186650.0
51 52 -49819.8
51 2 -5179600.0
51 3 -5192600.0
51 4 -5191830.0
51 5 -1807.61
51 6 -5186260.0
51 7 -5191200.0
51 8 -1735.0
51 9 -5187100.0
51 10 -5149040.0
51 11 -5186680.0
51 12 -5187200.0
51 13 -5181340.0
51 14 -5188650.0
51 15 -5191210.0
51 16 -5185300.0
51 18 -5185340.0
51 19 -5188350.0
51 20 -5189180.0
51 21 5537.08
51 23 -5186330.0
51 24 -5189870.0
51 25 890.403
51 26 -5162930.0
51 27 -5187030.0
51 28 -5187910.0
51 30 -5187170.0
51 31 -5172100.0
51 32 -5179710.0
51 33 -5186160.0
51 34 -5186120.0
51 35 -5187910.0
51 36 -5187360.0
51 37 -5188890.0
51 38 -5186680.0
51 39 -5185610.0
51 40 -5189040.0
51 41 -5184340.0
51 42 -5186720.0
51 43 -5188050.0
51 44 -5187470.0
51 45 -5187920.0
51 46 -5187780.0
51 47 -5176420.0
51 48 -5181450.0
51 49 -5185210.0
51 50 -5188190.0
52 2 0
52 3 0
52 4 0
52 5 0
52 6 0
52 7 0
52 8 0
52 9 0
52 10 0
52 11 0
52 12 0
52 13 0
52 14 0
52 15 0
52 16 0
52 17 0
52 18 0
52 19 0
52 20 0
52 21 0
52 22 0
52 23 0
52 24 0
52 25 0
52 26 0
52 27 0
52 28 0
52 29 0
52 30 0
52 31 0
52 32 0
52 33 0
52 34 0
52 35 0
52 36 0
52 37 0
52 38 0
52 39 0
52 40 0
52 41 0
52 42 0
52 43 0
52 44 0
52 45 0
52 46 0
52 47 0
52 48 0
52 49 0
52 50 0
52 51 0
2 1 0
3 1 0
4 1 0
5 1 0
6 1 0
7 1 0
8 1 0
9 1 0
10 1 0
11 1 0
12 1 0
13 1 0
14 1 0
15 1 0
16 1 0
17 1 0
18 1 0
19 1 0
20 1 0
21 1 0
22 1 0
23 1 0
24 1 0
25 1 0
26 1 0
27 1 0
28 1 0
29 1 0
30 1 0
31 1 0
32 1 0
33 1 0
34 1 0
35 1 0
36 1 0
37 1 0
38 1 0
39 1 0
40 1 0
41 1 0
42 1 0
43 1 0
44 1 0
45 1 0
46 1 0
47 1 0
48 1 0
49 1 0
50 1 0
51 1 0
52 1 0
