52 2222
1
2
3
4
5
6
7
8
9
10
11
12
13
14
15
16
17
18
19
20
21
22
23
24
25
26
27
28
29
30
31
32
33
34
35
36
37
38
39
40
41
42
43
44
45
46
47
48
49
50
51
52
1 52 -0.0
1 2 -20290.0
1 3 -22990.0
1 5 -21457.8
1 6 -24590.0
1 7 -19447.9
1 8 -25910.0
1 9 -21880.0
1 10 -22791.1
1 11 -22300.0
1 12 -21950.0
1 13 -22285.7
1 15 -20464.7
1 17 -23204.3
1 18 -20350.0
1 19 -24170.0
1 20 -23403.4
1 22 -23477.8
1 24 -21810.0
1 25 -23115.7
1 26 -21661.3
1 27 -24520.0
1 28 -26250.0
1 29 -21192.2
1 30 -21124.4
1 31 -24243.4
1 33 -21814.4
1 34 -18397.9
1 35 -20285.6
1 36 -22351.3
1 37 -24051.0
1 38 -19473.8
1 39 -24450.0
1 40 -20897.8
1 41 -20980.0
1 42 -23680.0
1 43 -23890.0
1 44 -20293.3
1 45 -22845.5
1 46 -22510.0
1 47 -21269.0
1 48 -19313.4
1 49 -26050.0
1 50 -17154.0
1 51 -23123.5
2 52 10713.8
3 52 9533.82
3 2 -3200.0
3 4 -5690.0
3 5 -4287.79
3 6 -2910.0
3 7 -2277.87
3 8 -3050.0
3 9 -1040.0
3 10 -5831.1
3 11 -2290.0
3 12 -4790.0
3 13 -3665.74
3 15 1005.29
3 17 -5764.34
3 18 -1460.0
3 19 -7220.0
3 20 -6033.38
3 22 -4577.79
3 24 -4860.0
3 25 -4075.74
3 26 -4011.25
3 27 -5410.0
3 28 -9230.0
3 29 -4172.21
3 30 -1604.41
3 31 -5763.38
3 32 -6310.0
3 33 -3334.41
3 34 2172.06
3 35 -485.588
3 36 -2901.25
3 37 -5711.03
3 38 -1273.75
3 39 -6320.0
3 40 -3877.79
3 41 -690.0
3 42 -760.0
3 43 -4300.0
3 44 -3343.31
3 45 -3185.51
3 46 -5350.0
3 47 -1468.97
3 48 -1043.38
3 49 -9160.0
3 50 5836.03
3 51 -2283.46
4 21 3558.01
5 2 -560.0
5 3 -4990.0
5 4 -1800.0
5 6 -5620.0
5 7 772.132
5 8 -7910.0
5 9 -3670.0
5 10 -1181.1
5 11 -4510.0
5 12 2.27374e-13
5 13 -1165.74
5 15 -1354.71
5 17 -3544.34
5 18 -2570.0
5 19 -2980.0
5 20 -3673.38
5 22 -4997.79
5 24 -1110.0
5 25 -2275.74
5 26 -2131.25
5 27 -6040.0
5 28 -4440.0
5 29 -902.206
5 30 -3334.41
5 31 -5343.38
5 32 -2350.0
5 33 -3264.41
5 34 -537.941
5 35 -2225.59
5 36 -1651.25
5 37 -5091.03
5 38 2266.25
5 39 -2710.0
5 40 -477.794
5 41 -2430.0
5 42 -5620.0
5 43 -3740.0
5 44 -563.309
5 45 -4785.51
5 46 -490.0
5 47 -3338.97
5 48 -1113.38
5 49 -4580.0
5 50 976.029
5 51 -5273.46
6 52 7933.82
6 2 -4930.0
6 3 -2910.0
6 4 -5480.0
6 5 -4917.79
6 7 -4087.87
6 8 -4230.0
6 9 -2770.0
6 10 -6801.1
6 11 -5060.0
6 12 -5620.0
6 13 -2625.74
6 15 3855.29
6 17 -7854.34
6 18 -3680.0
6 19 -8400.0
6 20 -8113.38
6 22 -7287.79
6 24 -6040.0
6 25 -2825.74
6 26 -6301.25
6 27 -8190.0
6 28 -9990.0
6 29 -5492.21
6 30 -4104.41
6 31 -8463.38
6 32 -5830.0
6 33 -5894.41
6 34 -677.941
6 35 -2365.59
6 36 -1161.25
6 37 -8281.03
6 38 -443.75
6 39 -5490.0
6 40 -5127.79
6 41 -1660.0
6 42 -2910.0
6 43 -2840.0
6 44 -4733.31
6 45 -6035.51
6 46 -5900.0
6 47 -4308.97
6 48 -3403.38
6 49 -10130.0
6 50 5006.03
6 51 -5133.46
7 52 7793.82
7 2 -1530.0
7 3 -7560.0
7 4 -5970.0
7 5 -3807.79
7 6 -9370.0
7 8 -10130.0
7 9 -6660.0
7 10 -2641.1
7 11 -5760.0
7 12 -3190.0
7 13 -5535.74
7 15 -5174.71
7 17 -974.338
7 18 -4580.0
7 19 -2220.0
7 20 -483.382
7 22 -3467.79
7 24 -3540.0
7 25 -6715.74
7 26 1408.75
7 27 -4160.0
7 28 -4160.0
7 29 -3202.21
7 30 -4934.41
7 31 -2493.38
7 32 -6240.0
7 33 -2284.41
7 34 -607.941
7 35 -4935.59
7 36 -6091.25
7 37 -2451.03
7 38 -1763.75
7 39 -6670.0
7 40 -3037.79
7 41 -5830.0
7 42 -8190.0
7 43 -8050.0
7 44 -2853.31
7 45 -4505.51
7 46 -3680.0
7 47 -3548.97
7 48 -1873.38
7 49 -3400.0
7 50 -1383.97
7 51 -5893.46
8 52 6613.82
8 2 -6040.0
8 3 -3050.0
8 4 -8540.0
8 5 -7207.79
8 6 -4230.0
8 7 -4847.87
8 9 -4020.0
8 10 -8751.1
8 11 -4440.0
8 12 -7710.0
8 13 -6235.74
8 15 -244.706
8 17 -8264.34
8 18 -4300.0
8 19 -10130.0
8 20 -8463.38
8 22 -6177.79
8 24 -7770.0
8 25 -6575.74
8 26 -6371.25
8 27 -6730.0
8 28 -12080.0
8 29 -7152.21
8 30 -4174.41
8 31 -7493.38
8 32 -9090.0
8 33 -5344.41
8 34 1472.06
8 35 -3335.59
8 36 -5121.25
8 37 -7591.03
8 38 -3983.75
8 39 -9030.0
8 40 -6857.79
8 41 -3540.0
8 42 -2360.0
8 43 -6660.0
8 44 -6193.31
8 45 -4715.51
8 46 -8330.0
8 47 -3128.97
8 48 -3473.38
8 49 -12010.0
8 50 8686.03
8 51 -3253.46
9 52 10503.8
9 2 -2360.0
9 3 -1180.0
9 4 -4510.0
9 5 -3107.79
9 6 -2910.0
9 7 -1517.87
9 8 -4160.0
9 10 -4721.1
9 11 -2290.0
9 12 -3680.0
9 13 -2625.74
9 15 1145.29
9 17 -5074.34
9 18 -830.0
9 19 -6240.0
9 20 -5343.38
9 22 -4507.79
9 24 -3880.0
9 25 -3105.74
9 26 -3521.25
9 27 -5410.0
9 28 -8120.0
9 29 -3132.21
9 30 -1324.41
9 31 -5553.38
9 32 -5200.0
9 33 -3054.41
9 34 1682.06
9 35 414.412
9 36 -2001.25
9 37 -5431.03
9 38 -163.75
9 39 -5210.0
9 40 -2837.79
9 41 350.0
9 42 -1870.0
9 43 -3400.0
9 44 -2303.31
9 45 -3325.51
9 46 -4170.0
9 47 -1538.97
9 48 -553.382
9 49 -8120.0
9 50 4726.03
9 51 -2773.46
10 52 9113.82
10 2 -770.0
10 3 -6450.0
10 4 -2840.0
10 5 -1097.79
10 6 -7420.0
10 7 2022.13
10 8 -9370.0
10 9 -5200.0
10 11 -5480.0
10 12 -210.0
10 13 -2485.74
10 15 -3084.71
10 17 -2854.34
10 18 -3750.0
10 19 -1380.0
10 20 -2843.38
10 22 -5067.79
10 24 -1660.0
10 25 -3725.74
10 26 -1301.25
10 27 -6040.0
10 28 -2840.0
10 29 -1532.21
10 30 -4444.41
10 31 -4993.38
10 32 -3050.0
10 33 -3464.41
10 34 -1297.94
10 35 -3685.59
10 36 -3111.25
10 37 -4741.03
10 38 1436.25
10 39 -3470.0
10 40 -1237.79
10 41 -4090.0
10 42 -7080.0
10 43 -5340.0
10 44 -1333.31
10 45 -5335.51
10 46 -490.0
10 47 -4038.97
10 48 -1803.38
10 49 -2840.0
10 50 -613.971
10 51 -6173.46
11 14 1451.1
12 52 9743.82
12 2 -630.0
12 3 -5620.0
12 4 -2010.0
12 5 -127.794
12 6 -6450.0
12 7 1262.13
12 8 -8540.0
12 9 -4370.0
12 10 -421.103
12 11 -5060.0
12 13 -1585.74
12 15 -2114.71
12 17 -3334.34
12 18 -3120.0
12 19 -2220.0
12 20 -3393.38
12 22 -5197.79
12 24 -1180.0
12 25 -2825.74
12 26 -1791.25
12 27 -6180.0
12 28 -3610.0
12 29 -1112.21
12 30 -3824.41
12 31 -5273.38
12 32 -2420.0
12 33 -3464.41
12 34 -957.941
12 35 -2985.59
12 36 -2271.25
12 37 -5021.03
12 38 2126.25
12 39 -2850.0
12 40 -747.794
12 41 -3260.0
12 42 -6380.0
12 43 -4370.0
12 44 -843.309
12 45 -5065.51
12 46 70.0
12 47 -3688.97
12 48 -1523.38
12 49 -3810.0
12 50 216.029
12 51 -5753.46
13 52 8213.82
13 2 -3680.0
13 3 -5690.0
13 4 -1730.0
13 5 -2487.79
13 6 -4650.0
13 7 -2277.87
13 8 -8260.0
13 9 -4510.0
13 10 -3891.1
13 11 -6450.0
13 12 -2780.0
13 15 -104.706
13 17 -6674.34
13 18 -4510.0
13 19 -5760.0
13 20 -6863.38
13 22 -7837.79
13 24 -4230.0
13 25 504.265
13 26 -5191.25
13 27 -8880.0
13 28 -6310.0
13 29 -3962.21
13 30 -5214.41
13 31 -8333.38
13 32 -1450.0
13 33 -6104.41
13 34 -2617.94
13 35 -3615.59
13 36 1198.75
13 37 -8141.03
13 39 -970.0
13 40 -3527.79
13 41 -3050.0
13 42 -6240.0
13 43 -1870.0
13 44 -3413.31
13 45 -7215.51
13 46 -2780.0
13 47 -5628.97
13 48 -3613.38
13 49 -6800.0
13 50 636.029
13 51 -7213.46
14 52 8703.82
14 2 -3470.0
14 3 -2430.0
14 4 -7220.0
14 5 -5337.79
14 6 -5270.0
14 7 -1867.87
14 8 -3330.0
14 9 -2980.0
14 10 -6461.1
14 11 -1660.0
14 12 -5760.0
14 13 -5675.74
14 15 -1354.71
14 17 -5144.34
14 18 -2010.0
14 19 -7560.0
14 20 -5343.38
14 22 -2907.79
14 24 -5550.0
14 25 -6155.74
14 26 -3241.25
14 27 -3470.0
14 28 -9790.0
14 29 -4862.21
14 30 -1674.41
14 31 -4163.38
14 32 -7910.0
14 33 -2084.41
14 34 4532.06
14 35 -1805.59
14 36 -5121.25
14 37 -4321.03
14 38 -3013.75
14 39 -7990.0
14 40 -4567.79
14 41 -2700.0
14 42 -2430.0
14 43 -6450.0
14 44 -3903.31
14 45 -1385.51
14 46 -6390.0
14 47 201.029
14 48 -623.382
14 49 -9510.0
14 50 5356.03
14 51 6.54412
15 52 7723.82
15 2 -5070.0
15 3 -3330.0
15 4 -5410.0
15 5 -4987.79
15 6 -480.0
15 7 -4227.87
15 8 -4580.0
15 9 -3050.0
15 10 -6801.1
15 11 -5410.0
15 12 -5620.0
15 13 -2415.74
15 17 -7994.34
15 18 -3960.0
15 19 -8470.0
15 20 -8323.38
15 22 -7627.79
15 24 -6240.0
15 25 -2545.74
15 26 -6511.25
15 27 -8540.0
15 28 -9920.0
15 29 -5632.21
15 30 -4514.41
15 31 -8743.38
15 32 -5620.0
15 33 -6244.41
15 34 -1027.94
15 35 -2705.59
15 36 -751.25
15 37 -8561.03
15 38 -233.75
15 39 -5280.0
15 40 -5267.79
15 41 -1870.0
15 42 -3330.0
15 43 -2700.0
15 44 -4873.31
15 45 -6315.51
15 46 -5900.0
15 47 -4658.97
15 48 -3613.38
15 49 -10130.0
15 50 4586.03
15 51 -5543.46
16 52 7723.82
16 2 -3340.0
16 3 -5130.0
16 4 -8260.0
16 5 -5957.79
16 6 -7910.0
16 7 -477.868
16 8 -6240.0
16 9 -5130.0
16 10 -6391.1
16 11 -3050.0
16 12 -6110.0
16 13 -7135.74
16 15 -3924.71
16 17 -3824.34
16 18 -3330.0
16 19 -6940.0
16 20 -3953.38
16 22 -407.794
16 24 -5760.0
16 25 -7895.74
16 26 -1371.25
16 27 -550.0
16 28 -9300.0
16 29 -5072.21
16 30 -2994.41
16 31 -1593.38
16 32 -8950.0
16 33 -694.412
16 34 4532.06
16 35 -3615.59
16 36 -7001.25
16 37 -1961.03
16 38 -4263.75
16 39 -9170.0
16 40 -4917.79
16 41 -4790.0
16 42 -5340.0
16 43 -8400.0
16 44 -4313.31
16 45 -205.515
16 46 -6800.0
16 47 271.029
16 48 -763.382
16 49 -8810.0
16 50 2576.03
16 51 -1383.46
17 52 8773.82
17 2 -700.0
17 3 -6310.0
17 4 -5760.0
17 5 -3387.79
17 6 -8400.0
17 7 3762.13
17 8 -8810.0
17 9 -5480.0
17 10 -2781.1
17 11 -4370.0
17 12 -3050.0
17 13 -5195.74
17 15 -4204.71
17 18 -3400.0
17 19 -2910.0
17 20 216.618
17 22 -2147.79
17 24 -3050.0
17 25 -6295.74
17 26 1958.75
17 27 -2980.0
17 28 -5130.0
17 29 -2572.21
17 30 -3684.41
17 31 -1593.38
17 32 -6240.0
17 33 -834.412
17 34 782.059
17 35 -3815.59
17 36 -5611.25
17 37 -1411.03
17 38 -1693.75
17 39 -6600.0
17 40 -2417.79
17 41 -4720.0
17 42 -6870.0
17 43 -7420.0
17 44 -2093.31
17 45 -3115.51
17 46 -3680.0
17 47 -2158.97
17 48 -553.382
17 49 -4510.0
17 50 -63.9706
17 51 -4433.46
18 52 11473.8
18 2 -1110.0
18 3 -2220.0
18 4 -4580.0
18 5 -2627.79
18 6 -4440.0
18 7 -57.8676
18 8 -5060.0
18 9 -1450.0
18 10 -3891.1
18 11 -1380.0
18 12 -3050.0
18 13 -3245.74
18 15 -384.706
18 17 -3614.34
18 19 -5130.0
18 20 -3813.38
18 22 -3117.79
18 24 -2910.0
18 25 -3865.74
18 26 -1991.25
18 27 -4090.0
18 28 -7220.0
18 29 -2222.21
18 30 -74.4118
18 31 -4093.38
18 32 -5270.0
18 33 -1524.41
18 34 2512.06
18 35 274.412
18 36 -2971.25
18 37 -3911.03
18 38 -443.75
18 39 -5420.0
18 40 -1997.79
18 41 -900.0
18 42 -2910.0
18 43 -4370.0
18 44 -1263.31
18 45 -2145.51
18 46 -3680.0
18 47 -428.971
18 48 976.618
18 49 -7080.0
18 50 3756.03
18 51 -2143.46
19 52 8353.82
19 2 -1180.0
19 3 -7220.0
19 4 -4090.0
19 5 -2277.79
19 6 -8400.0
19 7 3062.13
19 8 -10130.0
19 9 -6100.0
19 10 -761.103
19 11 -5970.0
19 12 -1390.0
19 13 -3735.74
19 15 -4134.71
19 17 -2364.34
19 18 -4370.0
19 20 -2143.38
19 22 -4857.79
19 24 -2430.0
19 25 -5045.74
19 26 -541.25
19 27 -5760.0
19 28 -2430.0
19 29 -2292.21
19 30 -4934.41
19 31 -4303.38
19 32 -4230.0
19 33 -3264.41
19 34 -1507.94
19 35 -4515.59
19 36 -4361.25
19 37 -4251.03
19 38 256.25
19 39 -4650.0
19 40 -2067.79
19 41 -5000.0
19 42 -7910.0
19 43 -6590.0
19 44 -2093.31
19 45 -5405.51
19 46 -1740.0
19 47 -4238.97
19 48 -2083.38
19 49 -2080.0
19 50 -1313.97
19 51 -6453.46
20 52 8423.82
20 2 -1040.0
20 3 -6730.0
20 4 -5970.0
20 5 -3667.79
20 6 -8810.0
20 7 4102.13
20 8 -9160.0
20 9 -5900.0
20 10 -2921.1
20 11 -4720.0
20 12 -3260.0
20 13 -5535.74
20 15 -4684.71
20 17 65.6618
20 18 -3750.0
20 19 -2840.0
20 22 -2357.79
20 24 -3330.0
20 25 -6575.74
20 26 2168.75
20 27 -3050.0
20 28 -5060.0
20 29 -2852.21
20 30 -4034.41
20 31 -1593.38
20 32 -6450.0
20 33 -1174.41
20 34 502.059
20 35 -4235.59
20 36 -5951.25
20 37 -1481.03
20 38 -1963.75
20 39 -6870.0
20 40 -2697.79
20 41 -5200.0
20 42 -7290.0
20 43 -7770.0
20 44 -2373.31
20 45 -3395.51
20 46 -3820.0
20 47 -2438.97
20 48 -903.382
20 49 -4370.0
20 50 -473.971
20 51 -4783.46
21 52 9883.82
21 2 -770.0
21 3 -5410.0
21 4 -1730.0
21 5 152.206
21 6 -6040.0
21 7 912.132
21 8 -8330.0
21 9 -4160.0
21 10 -831.103
21 11 -4990.0
21 12 350.0
21 13 -1235.74
21 15 -1704.71
21 17 -3614.34
21 18 -3050.0
21 19 -2700.0
21 20 -3673.38
21 22 -5337.79
21 24 -1310.0
21 25 -2475.74
21 26 -2131.25
21 27 -6380.0
21 28 -4020.0
21 29 -1182.21
21 30 -3754.41
21 31 -5483.38
21 32 -2150.0
21 33 -3534.41
21 34 -887.941
21 35 -2775.59
21 36 -1861.25
21 37 -5231.03
21 38 2336.25
21 39 -2570.0
21 40 -747.794
21 41 -2980.0
21 42 -6040.0
21 43 -4020.0
21 44 -843.309
21 45 -5135.51
21 46 -1.81899e-12
21 47 -3688.97
21 48 -1523.38
21 49 -4160.0
21 50 426.029
21 51 -5683.46
22 52 8003.82
22 2 -2640.0
22 3 -5620.0
22 4 -7770.0
22 5 -5337.79
22 6 -8330.0
22 7 772.132
22 8 -7220.0
22 9 -5410.0
22 10 -5491.1
22 11 -3400.0
22 12 -5410.0
22 13 -6855.74
22 15 -4334.71
22 17 -2644.34
22 18 -3400.0
22 19 -5900.0
22 20 -2703.38
22 24 -5130.0
22 25 -7685.74
22 26 -51.25
22 27 -70.0
22 28 -8260.0
22 29 -4452.21
22 30 -3264.41
22 31 -343.382
22 32 -8390.0
22 33 145.588
22 34 3282.06
22 35 -3815.59
22 36 -6861.25
22 37 -641.029
22 38 -3773.75
22 39 -8750.0
22 40 -4287.79
22 41 -4930.0
22 42 -5970.0
22 43 -8400.0
22 44 -3693.31
22 45 -825.515
22 46 -6110.0
22 47 -288.971
22 48 -483.382
22 49 -7700.0
22 50 1536.03
22 51 -2353.46
23 52 8563.82
23 2 -1040.0
23 3 -6940.0
23 4 -3540.0
23 5 -1857.79
23 6 -8050.0
23 7 2582.13
23 8 -9920.0
23 9 -5760.0
23 10 -211.103
23 11 -5830.0
23 12 -970.0
23 13 -3245.74
23 15 -3784.71
23 17 -2574.34
23 18 -4230.0
23 19 -620.0
23 20 -2493.38
23 22 -4997.79
23 24 -2150.0
23 25 -4495.74
23 26 -951.25
23 27 -5970.0
23 28 -2360.0
23 29 -2022.21
23 30 -4794.41
23 31 -4653.38
23 32 -3740.0
23 33 -3464.41
23 34 -1507.94
23 35 -4235.59
23 36 -3941.25
23 37 -4531.03
23 38 806.25
23 39 -4100.0
23 40 -1727.79
23 41 -4720.0
23 42 -7700.0
23 43 -6110.0
23 44 -1813.31
23 45 -5475.51
23 46 -1320.0
23 47 -4238.97
23 48 -2013.38
23 49 -2220.0
23 50 -1103.97
23 51 -6383.46
24 52 10713.8
24 2 480.0
24 3 -4860.0
24 4 -2840.0
24 5 -407.794
24 6 -6040.0
24 7 1742.13
24 8 -7770.0
24 9 -3740.0
24 10 -1041.1
24 11 -3950.0
24 12 -350.0
24 13 -2205.74
24 15 -1904.71
24 17 -2504.34
24 18 -2150.0
24 19 -2430.0
24 20 -2633.38
24 22 -4087.79
24 25 -3315.74
24 26 -1021.25
24 27 -5070.0
24 28 -4440.0
24 29 -2.20588
24 30 -2784.41
24 31 -4233.38
24 32 -3460.0
24 33 -2284.41
24 34 222.059
24 35 -2155.59
24 36 -2691.25
24 37 -3981.03
24 38 1156.25
24 39 -3750.0
24 40 362.206
24 41 -2700.0
24 42 -5550.0
24 43 -4510.0
24 44 266.691
24 45 -3955.51
24 46 -1110.0
24 47 -2578.97
24 48 -343.382
24 49 -4370.0
24 50 1046.03
24 51 -4643.46
25 52 8143.82
25 2 -3890.0
25 3 -5340.0
25 4 -2220.0
25 5 -2837.79
25 6 -4090.0
25 7 -2697.87
25 8 -7840.0
25 9 -4230.0
25 10 -4371.1
25 11 -6310.0
25 12 -3260.0
25 13 1264.26
25 15 525.294
25 17 -7014.34
25 18 -4370.0
25 19 -6310.0
25 20 -7143.38
25 22 -7907.79
25 24 -4580.0
25 26 -5471.25
25 27 -8950.0
25 28 -6940.0
25 29 -4172.21
25 30 -5144.41
25 31 -8533.38
25 32 -2080.0
25 33 -6174.41
25 34 -2417.94
25 35 -3405.59
25 36 1818.75
25 37 -8281.03
25 38 3446.25
25 39 -1600.0
25 40 -3737.79
25 41 -2770.0
25 42 -5760.0
25 43 -1310.0
25 44 -3623.31
25 45 -7145.51
25 46 -3330.0
25 47 -5558.97
25 48 -3683.38
25 49 -7420.0
25 50 1256.03
25 51 -7003.46
26 52 7863.82
26 2 -1670.0
26 3 -7010.0
26 4 -6730.0
26 5 -4427.79
26 6 -9300.0
26 7 3692.13
26 8 -9370.0
26 9 -6380.0
26 10 -3681.1
26 11 -5060.0
26 12 -3960.0
26 13 -6165.74
26 15 -5174.71
26 17 -494.338
26 18 -4230.0
26 19 -3540.0
26 20 -133.382
26 22 -2007.79
26 24 -4020.0
26 25 -7205.74
26 27 -2570.0
26 28 -5620.0
26 29 -3542.21
26 30 -4444.41
26 31 -903.382
26 32 -7210.0
26 33 -1104.41
26 34 572.059
26 35 -4655.59
26 36 -6581.25
26 37 -921.029
26 38 -2663.75
26 39 -7570.0
26 40 -3387.79
26 41 -5620.0
26 42 -7630.0
26 43 -8330.0
26 44 -3063.31
26 45 -3325.51
26 46 -4580.0
26 47 -2508.97
26 48 -1183.38
26 49 -4990.0
26 50 -683.971
26 51 -4783.46
27 52 6963.82
27 2 -3610.0
27 3 -6450.0
27 4 -8810.0
27 5 -6377.79
27 6 -9230.0
27 7 82.1324
27 8 -7770.0
27 9 -6310.0
27 10 -6461.1
27 11 -4230.0
27 12 -6390.0
27 13 -7895.74
27 15 -5244.71
27 17 -3474.34
27 18 -4370.0
27 19 -6800.0
27 20 -3393.38
27 22 -67.7941
27 24 -6110.0
27 25 -8725.74
27 26 -611.25
27 28 -9090.0
27 29 -5492.21
27 30 -4104.41
27 31 -273.382
27 32 -9370.0
27 33 -834.412
27 34 3002.06
27 35 -4725.59
27 36 -7901.25
27 37 -991.029
27 38 -4813.75
27 39 -9790.0
27 40 -5267.79
27 41 -5900.0
27 42 -6730.0
27 43 -9370.0
27 44 -4733.31
27 45 -1455.51
27 46 -7080.0
27 47 -1048.97
27 48 -1523.38
27 49 -8400.0
27 50 1046.03
27 51 -2903.46
28 23 6043.31
29 52 10923.8
29 2 620.0
29 3 -4580.0
29 4 -3050.0
29 5 -607.794
29 6 -5900.0
29 7 1672.13
29 8 -7560.0
29 9 -3400.0
29 10 -1321.1
29 11 -3610.0
29 12 -690.0
29 13 -2345.74
29 15 -1704.71
29 17 -2434.34
29 18 -1870.0
29 19 -2700.0
29 20 -2563.38
29 22 -3817.79
29 24 -410.0
29 25 -3315.74
29 26 -951.25
29 27 -4860.0
29 28 -4720.0
29 30 -2504.41
29 31 -4093.38
29 32 -3600.0
29 33 -2014.41
29 34 502.059
29 35 -1875.59
29 36 -2691.25
29 37 -3841.03
29 38 1016.25
29 39 -3960.0
29 40 502.206
29 41 -2430.0
29 42 -5270.0
29 43 -4510.0
29 44 546.691
29 45 -3675.51
29 46 -1390.0
29 47 -2298.97
29 48 -3.38235
29 49 -4580.0
29 50 1256.03
29 51 -4363.46
30 52 10853.8
30 2 -1390.0
30 3 -2150.0
30 4 -5200.0
30 5 -3177.79
30 6 -4650.0
30 7 -197.868
30 8 -4720.0
30 9 -1730.0
30 10 -4371.1
30 11 -760.0
30 12 -3540.0
30 13 -3735.74
30 15 -724.706
30 17 -3684.34
30 18 140.0
30 19 -5480.0
30 20 -3883.38
30 22 -2767.79
30 24 -3330.0
30 25 -4425.74
30 26 -1991.25
30 27 -3610.0
30 28 -7700.0
30 29 -2642.21
30 31 -3813.38
30 32 -5830.0
30 33 -1314.41
30 34 3072.06
30 35 -135.588
30 36 -3521.25
30 37 -3631.03
30 38 -1063.75
30 39 -6040.0
30 40 -2417.79
30 41 -1250.0
30 42 -2770.0
30 43 -4860.0
30 44 -1813.31
30 45 -1655.51
30 46 -4170.0
30 47 61.0294
30 48 1046.62
30 49 -7490.0
30 50 3966.03
30 51 -1523.46
31 52 6823.82
31 2 -3200.0
31 3 -7220.0
31 4 -8470.0
31 5 -6097.79
31 6 -9920.0
31 7 1332.13
31 8 -8950.0
31 9 -6870.0
31 10 -5831.1
31 11 -5060.0
31 12 -5900.0
31 13 -7765.74
31 15 -5864.71
31 17 -2504.34
31 18 -4790.0
31 19 -5760.0
31 20 -2353.38
31 22 -757.794
31 24 -5690.0
31 25 -8725.74
31 26 638.75
31 27 -690.0
31 28 -7980.0
31 29 -5142.21
31 30 -4724.41
31 32 -9020.0
31 33 -1034.41
31 34 1612.06
31 35 -5205.59
31 36 -7971.25
31 37 -21.0294
31 38 -4533.75
31 39 -9440.0
31 40 -4987.79
31 41 -6380.0
31 42 -7700.0
31 43 -9580.0
31 44 -4523.31
31 45 -2495.51
31 46 -6530.0
31 47 -2018.97
31 48 -1733.38
31 49 -7220.0
31 50 -203.971
31 51 -4153.46
32 52 8073.82
32 2 -3130.0
32 3 -6590.0
32 4 -1040.0
32 5 -1927.79
32 6 -6110.0
32 7 -1237.87
32 8 -9370.0
32 9 -5340.0
32 10 -2711.1
32 11 -6800.0
32 12 -1870.0
32 13 294.265
32 15 -1564.71
32 17 -5974.34
32 18 -4790.0
32 19 -4510.0
32 20 -6033.38
32 22 -7627.79
32 24 -3740.0
32 25 -1095.74
32 26 -4491.25
32 27 -8610.0
32 28 -4650.0
32 29 -3472.21
32 30 -5564.41
32 31 -7843.38
32 33 -5894.41
32 34 -2967.94
32 35 -4165.59
32 36 -471.25
32 37 -7591.03
32 38 4696.25
32 39 -210.0
32 40 -3107.79
32 41 -3950.0
32 42 -7150.0
32 43 -3400.0
32 44 -3133.31
32 45 -7285.51
32 46 -1670.0
32 47 -5768.97
32 48 -3613.38
32 49 -5270.0
32 50 -473.971
32 51 -7563.46
33 52 9183.82
33 2 -1320.0
33 3 -4860.0
33 4 -6520.0
33 5 -4087.79
33 6 -7420.0
33 7 1472.13
33 8 -6870.0
33 9 -4440.0
33 10 -4371.1
33 11 -2700.0
33 12 -4160.0
33 13 -5605.74
33 15 -3434.71
33 17 -1814.34
33 18 -2290.0
33 19 -4790.0
33 20 -2003.38
33 22 -337.794
33 24 -3810.0
33 25 -6435.74
33 26 368.75
33 27 -1320.0
33 28 -7150.0
33 29 -3132.21
33 30 -2294.41
33 31 -1103.38
33 32 -7140.0
33 34 3072.06
33 35 -2775.59
33 36 -5681.25
33 37 -921.029
33 38 -2523.75
33 39 -7430.0
33 40 -3037.79
33 41 -3950.0
33 42 -5340.0
33 43 -7220.0
33 44 -2443.31
33 45 -825.515
33 46 -4790.0
33 47 61.0294
33 48 696.618
33 49 -6730.0
33 50 1816.03
33 51 -2283.46
34 16 -1590.0
35 52 11063.8
35 2 -1740.0
35 3 -1660.0
35 4 -4440.0
35 5 -2697.79
35 6 -3540.0
35 7 -827.868
35 8 -4510.0
35 9 -620.0
35 10 -4241.1
35 11 -1870.0
35 12 -3330.0
35 13 -2765.74
35 15 455.294
35 17 -4444.34
35 18 -140.0
35 19 -5690.0
35 20 -4713.38
35 22 -3947.79
35 24 -3330.0
35 25 -3315.74
35 26 -2831.25
35 27 -4860.0
35 28 -7700.0
35 29 -2642.21
35 30 -764.412
35 31 -4923.38
35 32 -5060.0
35 33 -2424.41
35 34 2032.06
35 36 -2341.25
35 37 -4811.03
35 38 -163.75
35 39 -5140.0
35 40 -2347.79
35 41 -70.0
35 42 -2290.0
35 43 -3740.0
35 44 -1813.31
35 45 -2835.51
35 46 -3820.0
35 47 -1118.97
35 48 136.618
35 49 -7630.0
35 50 4246.03
35 51 -2493.46
36 52 7453.82
36 2 -4720.0
36 3 -5620.0
36 4 -3120.0
36 5 -3667.79
36 6 -3880.0
36 7 -3527.87
36 8 -7840.0
36 9 -4580.0
36 10 -5211.1
36 11 -6800.0
36 12 -4160.0
36 13 504.265
36 15 865.294
36 17 -7784.34
36 18 -4930.0
36 19 -7080.0
36 20 -7973.38
36 22 -8537.79
36 24 -5410.0
36 25 364.265
36 26 -6301.25
36 27 -9580.0
36 28 -7770.0
36 29 -5002.21
36 30 -5694.41
36 31 -9233.38
36 32 -2910.0
36 33 -6874.41
36 34 -2967.94
36 35 -3885.59
36 37 -9041.03
36 39 -2290.0
36 40 -4567.79
36 41 -3120.0
36 42 -5970.0
36 43 -1450.0
36 44 -4453.31
36 45 -7765.51
36 46 -4170.0
36 47 -6048.97
36 48 -4373.38
36 49 -8190.0
36 50 1256.03
36 51 -7423.46
37 52 7593.82
37 2 -2430.0
37 3 -6590.0
37 4 -7700.0
37 5 -5267.79
37 6 -9160.0
37 7 1952.13
37 8 -8470.0
37 9 -6170.0
37 10 -5001.1
37 11 -4370.0
37 12 -5070.0
37 13 -6995.74
37 15 -5104.71
37 17 -1744.34
37 18 -4030.0
37 19 -5130.0
37 20 -1663.38
37 22 -477.794
37 24 -4860.0
37 25 -7895.74
37 26 1198.75
37 27 -830.0
37 28 -7290.0
37 29 -4312.21
37 30 -3964.41
37 31 556.618
37 32 -8190.0
37 33 -274.412
37 34 1892.06
37 35 -4515.59
37 36 -7201.25
37 38 -3703.75
37 39 -8610.0
37 40 -4157.79
37 41 -5620.0
37 42 -7010.0
37 43 -8810.0
37 44 -3693.31
37 45 -2075.51
37 46 -5760.0
37 47 -1468.97
37 48 -973.382
37 49 -6660.0
37 50 216.029
37 51 -3673.46
38 52 7523.82
38 2 -3820.0
38 3 -6800.0
38 4 -1590.0
38 5 -2557.79
38 6 -5970.0
38 7 -2007.87
38 8 -9510.0
38 9 -5550.0
38 10 -3471.1
38 11 -7220.0
38 12 -2570.0
38 13 574.265
38 15 -1424.71
38 17 -6674.34
38 18 -5210.0
38 19 -5270.0
38 20 -6793.38
38 22 -8257.79
38 24 -4370.0
38 25 -815.735
38 26 -5191.25
38 27 -9300.0
38 28 -5340.0
38 29 -4102.21
38 30 -6044.41
38 31 -8603.38
38 32 -550.0
38 33 -6524.41
38 34 -3387.94
38 35 -4515.59
38 36 -51.25
38 37 -8351.03
38 39 350.0
38 40 -3737.79
38 41 -4160.0
38 42 -7420.0
38 43 -3190.0
38 44 -3693.31
38 45 -7835.51
38 46 -2430.0
38 47 -6258.97
38 48 -4233.38
38 49 -5900.0
38 50 -613.971
38 51 -8043.46
39 52 7523.82
39 2 -3820.0
39 3 -6870.0
39 4 -1590.0
39 5 -2557.79
39 6 -6040.0
39 7 -1937.87
39 8 -9580.0
39 9 -5620.0
39 10 -3401.1
39 11 -7220.0
39 12 -2570.0
39 13 504.265
39 15 -1494.71
39 17 -6604.34
39 18 -5210.0
39 19 -5200.0
39 20 -6723.38
39 22 -8257.79
39 24 -4300.0
39 25 -885.735
39 26 -5121.25
39 27 -9300.0
39 28 -5270.0
39 29 -4102.21
39 30 -6044.41
39 31 -8533.38
39 32 -480.0
39 33 -6454.41
39 34 -3387.94
39 35 -4515.59
39 36 -121.25
39 37 -8281.03
39 38 5326.25
39 40 -3667.79
39 41 -4160.0
39 42 -7420.0
39 43 -3260.0
39 44 -3693.31
39 45 -7835.51
39 46 -2360.0
39 47 -6258.97
39 48 -4163.38
39 49 -5830.0
39 50 -613.971
39 51 -8043.46
40 52 10923.8
40 2 550.0
40 3 -4580.0
40 4 -2910.0
40 5 -477.794
40 6 -5830.0
40 7 1542.13
40 8 -7560.0
40 9 -3400.0
40 10 -1321.1
40 11 -3740.0
40 12 -620.0
40 13 -2205.74
40 15 -1634.71
40 17 -2574.34
40 18 -1940.0
40 19 -2770.0
40 20 -2703.38
40 22 -3947.79
40 24 -340.0
40 25 -3175.74
40 26 -1091.25
40 27 -4930.0
40 28 -4650.0
40 29 207.794
40 30 -2574.41
40 31 -4233.38
40 32 -3530.0
40 33 -2214.41
40 34 432.059
40 35 -1875.59
40 36 -2551.25
40 37 -3981.03
40 38 1086.25
40 39 -3820.0
40 41 -2360.0
40 42 -5270.0
40 43 -4370.0
40 44 476.691
40 45 -3745.51
40 46 -1250.0
40 47 -2368.97
40 48 -133.382
40 49 -4580.0
40 50 1256.03
40 51 -4433.46
41 52 10503.8
41 2 -2360.0
41 3 -1730.0
41 4 -4090.0
41 5 -2767.79
41 6 -2700.0
41 7 -1587.87
41 8 -4580.0
41 9 -550.0
41 10 -4511.1
41 11 -2840.0
41 12 -3470.0
41 13 -2065.74
41 15 1425.29
41 17 -5214.34
41 18 -1180.0
41 19 -6040.0
41 20 -5543.38
41 22 -4927.79
41 24 -3740.0
41 25 -2545.74
41 26 -3661.25
41 27 -5900.0
41 28 -7910.0
41 29 -3062.21
41 30 -1744.41
41 31 -5963.38
41 32 -4710.0
41 33 -3464.41
41 34 1062.06
41 35 64.4118
41 36 -1441.25
41 37 -5781.03
41 38 326.25
41 39 -4650.0
41 40 -2697.79
41 42 -2290.0
41 43 -2840.0
41 44 -2233.31
41 45 -3815.51
41 46 -3890.0
41 47 -2158.97
41 48 -833.382
41 49 -7910.0
41 50 4316.03
41 51 -3393.46
42 52 8843.82
42 2 -3890.0
42 3 -760.0
42 4 -6310.0
42 5 -4917.79
42 6 -2910.0
42 7 -2907.87
42 8 -2360.0
42 9 -1730.0
42 10 -6461.1
42 11 -2770.0
42 12 -5550.0
42 13 -4215.74
42 15 1005.29
42 17 -6324.34
42 18 -2150.0
42 19 -7910.0
42 20 -6593.38
42 22 -4927.79
42 24 -5550.0
42 25 -4495.74
42 26 -4631.25
42 27 -5690.0
42 28 -9920.0
42 29 -4862.21
42 30 -2224.41
42 31 -6243.38
42 32 -6870.0
42 33 -3814.41
42 34 2102.06
42 35 -1115.59
42 36 -3251.25
42 37 -6131.03
42 38 -1893.75
42 39 -6870.0
42 40 -4567.79
42 41 -1250.0
42 43 -4650.0
42 44 -4033.31
42 45 -3465.51
42 46 -6040.0
42 47 -1808.97
42 48 -1593.38
42 49 -9790.0
42 50 6466.03
42 51 -2423.46
43 52 8633.82
43 2 -3750.0
43 3 -4300.0
43 4 -2910.0
43 5 -3037.79
43 6 -2840.0
43 7 -2767.87
43 8 -6660.0
43 9 -3260.0
43 10 -4721.1
43 11 -5480.0
43 12 -3540.0
43 13 154.265
43 15 1635.29
43 17 -6874.34
43 18 -3610.0
43 19 -6590.0
43 20 -7073.38
43 22 -7357.79
43 24 -4510.0
43 25 -45.7353
43 26 -5331.25
43 27 -8330.0
43 28 -7630.0
43 29 -4102.21
43 30 -4314.41
43 31 -8123.38
43 32 -3120.0
43 33 -5694.41
43 34 -1647.94
43 35 -2565.59
43 36 1268.75
43 37 -7931.03
43 38 2336.25
43 39 -2710.0
43 40 -3667.79
43 41 -1800.0
43 42 -4650.0
43 44 -3483.31
43 45 -6385.51
43 46 -3750.0
43 47 -4728.97
43 48 -3123.38
43 49 -7980.0
43 50 2436.03
43 51 -6103.46
44 52 11273.8
44 2 620.0
44 3 -4300.0
44 4 -3120.0
44 5 -817.794
44 6 -5690.0
44 7 1472.13
44 8 -7150.0
44 9 -3120.0
44 10 -1671.1
44 11 -3260.0
44 12 -970.0
44 13 -2345.74
44 15 -1494.71
44 17 -2504.34
44 18 -1460.0
44 19 -3050.0
44 20 -2633.38
44 22 -3607.79
44 24 -690.0
44 25 -3315.74
44 26 -1021.25
44 27 -4650.0
44 28 -5060.0
44 29 -2.20588
44 30 -2224.41
44 31 -4023.38
44 32 -3810.0
44 33 -1874.41
44 34 782.059
44 35 -1595.59
44 36 -2691.25
44 37 -3771.03
44 38 876.25
44 39 -4100.0
44 40 222.206
44 41 -2150.0
44 42 -4990.0
44 43 -4440.0
44 45 -3395.51
44 46 -1600.0
44 47 -2018.97
44 48 276.618
44 49 -4990.0
44 50 1606.03
44 51 -4023.46
45 52 8773.82
45 2 -2500.0
45 3 -4090.0
45 4 -7220.0
45 5 -4987.79
45 6 -6940.0
45 7 -127.868
45 8 -5620.0
45 9 -4090.0
45 10 -5621.1
45 11 -1940.0
45 12 -5140.0
45 13 -6095.74
45 15 -2884.71
45 17 -3474.34
45 18 -2290.0
45 19 -6310.0
45 20 -3603.38
45 22 -687.794
45 24 -4860.0
45 25 -6785.74
45 26 -1231.25
45 27 -1320.0
45 28 -8670.0
45 29 -4172.21
45 30 -2014.41
45 31 -1943.38
45 32 -7910.0
45 33 -204.412
45 34 4672.06
45 35 -2565.59
45 36 -5951.25
45 37 -2101.03
45 38 -3213.75
45 39 -8190.0
45 40 -3947.79
45 41 -3680.0
45 42 -4370.0
45 43 -7290.0
45 44 -3343.31
45 46 -5900.0
45 47 1311.03
45 48 206.618
45 49 -8190.0
45 50 3136.03
45 51 -753.456
46 52 9393.82
46 2 -1180.0
46 3 -5970.0
46 4 -1800.0
46 5 -407.794
46 6 -6520.0
46 7 982.132
46 8 -8950.0
46 9 -4650.0
46 10 -491.103
46 11 -5480.0
46 12 280.0
46 13 -1375.74
46 15 -2184.71
46 17 -3754.34
46 18 -3540.0
46 19 -2360.0
46 20 -3743.38
46 22 -5687.79
46 24 -1730.0
46 25 -2685.74
46 26 -2201.25
46 27 -6660.0
46 28 -3470.0
46 29 -1602.21
46 30 -4244.41
46 31 -5693.38
46 32 -2010.0
46 33 -3884.41
46 34 -1437.94
46 35 -3265.59
46 36 -2071.25
46 37 -5501.03
46 38 2476.25
46 39 -2430.0
46 40 -1167.79
46 41 -3470.0
46 42 -6660.0
46 43 -4370.0
46 44 -1263.31
46 45 -5615.51
46 47 -4238.97
46 48 -1943.38
46 49 -3740.0
46 50 -63.9706
46 51 -6173.46
47 52 9253.82
47 2 -2290.0
47 3 -3470.0
47 4 -6800.0
47 5 -4637.79
47 6 -6310.0
47 7 -267.868
47 8 -5130.0
47 9 -3400.0
47 10 -5421.1
47 11 -1380.0
47 12 -4860.0
47 13 -5605.74
47 15 -2324.71
47 17 -3614.34
47 18 -1670.0
47 19 -6240.0
47 20 -3743.38
47 22 -1247.79
47 24 -4580.0
47 25 -6295.74
47 26 -1511.25
47 27 -2010.0
47 28 -8540.0
47 29 -3892.21
47 30 -1394.41
47 31 -2563.38
47 32 -7490.0
47 33 -414.412
47 34 4672.06
47 35 -1945.59
47 36 -5331.25
47 37 -2591.03
47 38 -2733.75
47 39 -7710.0
47 40 -3667.79
47 41 -3120.0
47 42 -3810.0
47 43 -6730.0
47 44 -3063.31
47 45 214.485
47 46 -5620.0
47 48 556.618
47 49 -8190.0
47 50 3686.03
47 51 -343.456
48 52 10783.8
48 2 -490.0
48 3 -3470.0
48 4 -5130.0
48 5 -2837.79
48 6 -5830.0
48 7 982.132
48 8 -5900.0
48 9 -2840.0
48 10 -3611.1
48 11 -1590.0
48 12 -3120.0
48 13 -4015.74
48 15 -1704.71
48 17 -2434.34
48 18 -690.0
48 19 -4510.0
48 20 -2633.38
48 22 -1867.79
48 24 -2770.0
48 25 -4845.74
48 26 -611.25
48 27 -2910.0
48 28 -6800.0
48 29 -2022.21
48 30 -834.412
48 31 -2703.38
48 32 -5760.0
48 33 -204.412
48 34 2862.06
48 35 -1115.59
48 36 -4081.25
48 37 -2521.03
48 38 -1133.75
48 39 -6040.0
48 40 -1857.79
48 41 -2220.0
48 42 -4020.0
48 43 -5550.0
48 44 -1193.31
48 45 -1315.51
48 46 -3750.0
48 47 131.029
48 49 -6520.0
48 50 2786.03
48 51 -2003.46
49 52 6473.82
49 2 -3130.0
49 3 -9160.0
49 4 -5200.0
49 5 -3877.79
49 6 -10130.0
49 7 1882.13
49 8 -12010.0
49 9 -7980.0
49 10 -2221.1
49 11 -7980.0
49 12 -2980.0
49 13 -4775.74
49 15 -5794.71
49 17 -3964.34
49 18 -6320.0
49 19 -2080.0
49 20 -3673.38
49 22 -6657.79
49 24 -4370.0
49 25 -6155.74
49 26 -1991.25
49 27 -7360.0
49 28 -900.0
49 29 -4172.21
49 30 -6944.41
49 31 -5763.38
49 32 -4990.0
49 33 -5204.41
49 34 -3387.94
49 35 -6455.59
49 36 -5471.25
49 37 -5781.03
49 38 -373.75
49 39 -5280.0
49 40 -3877.79
49 41 -6870.0
49 42 -9790.0
49 43 -7980.0
49 44 -4033.31
49 45 -7285.51
49 46 -3120.0
49 47 -6188.97
49 48 -4093.38
49 50 -3253.97
49 51 -8463.46
50 52 5923.82
50 2 -6740.0
50 3 -3610.0
50 4 -9090.0
50 5 -7767.79
50 6 -4440.0
50 7 -5547.87
50 8 -760.0
50 9 -4580.0
50 10 -9441.1
50 11 -5200.0
50 12 -8400.0
50 13 -6785.74
50 15 -524.706
50 17 -8964.34
50 18 -4930.0
50 19 -10760.0
50 20 -9223.38
50 22 -6867.79
50 24 -8400.0
50 25 -6925.74
50 26 -7131.25
50 27 -7360.0
50 28 -12770.0
50 29 -7782.21
50 30 -4934.41
50 31 -8193.38
50 32 -9640.0
50 33 -6104.41
50 34 782.059
50 35 -4025.59
50 36 -5471.25
50 37 -8351.03
50 38 -4533.75
50 39 -9510.0
50 40 -7487.79
50 41 -4090.0
50 42 -2980.0
50 43 -7010.0
50 44 -6883.31
50 45 -5405.51
50 46 -8890.0
50 47 -3758.97
50 48 -4233.38
50 49 -12700.0
50 51 -3953.46
51 52 8563.82
51 2 -3270.0
51 3 -3120.0
51 4 -7490.0
51 5 -5407.79
51 6 -5970.0
51 7 -1447.87
51 8 -4090.0
51 9 -3470.0
51 10 -6391.1
51 11 -1730.0
51 12 -5760.0
51 13 -6025.74
51 15 -2044.71
51 17 -4724.34
51 18 -2220.0
51 19 -7290.0
51 20 -4923.38
51 22 -2147.79
51 24 -5480.0
51 25 -6575.74
51 26 -2621.25
51 27 -2700.0
51 28 -9580.0
51 29 -4792.21
51 30 -1814.41
51 31 -3533.38
51 32 -8120.0
51 33 -1594.41
51 34 5222.06
51 35 -2155.59
51 36 -5541.25
51 37 -3631.03
51 38 -3353.75
51 39 -8330.0
51 40 -4567.79
51 41 -3190.0
51 42 -3260.0
51 43 -6940.0
51 44 -3903.31
51 45 -685.515
51 46 -6390.0
51 47 821.029
51 48 -413.382
51 49 -9300.0
51 50 4656.03
52 2 0
52 3 0
52 4 0
52 5 0
52 6 0
52 7 0
52 8 0
52 9 0
52 10 0
52 11 0
52 12 0
52 13 0
52 14 0
52 15 0
52 16 0
52 17 0
52 18 0
52 19 0
52 20 0
52 21 0
52 22 0
52 23 0
52 24 0
52 25 0
52 26 0
52 27 0
52 28 0
52 29 0
52 30 0
52 31 0
52 32 0
52 33 0
52 34 0
52 35 0
52 36 0
52 37 0
52 38 0
52 39 0
52 40 0
52 41 0
52 42 0
52 43 0
52 44 0
52 45 0
52 46 0
52 47 0
52 48 0
52 49 0
52 50 0
52 51 0
2 1 0
3 1 0
4 1 0
5 1 0
6 1 0
7 1 0
8 1 0
9 1 0
10 1 0
11 1 0
12 1 0
13 1 0
14 1 0
15 1 0
16 1 0
17 1 0
18 1 0
19 1 0
20 1 0
21 1 0
22 1 0
23 1 0
24 1 0
25 1 0
26 1 0
27 1 0
28 1 0
29 1 0
30 1 0
31 1 0
32 1 0
33 1 0
34 1 0
35 1 0
36 1 0
37 1 0
38 1 0
39 1 0
40 1 0
41 1 0
42 1 0
43 1 0
44 1 0
45 1 0
46 1 0
47 1 0
48 1 0
49 1 0
50 1 0
51 1 0
52 1 0
