27 702
1
2
3
4
5
6
7
8
9
10
11
12
13
14
15
16
17
18
19
20
21
22
23
24
25
26
27
1 27 -0.0
1 2 -23410.0
1 3 -23550.0
1 4 -21095.0
1 5 1810.0
1 6 -22975.0
1 7 -21865.0
1 8 -22705.0
1 9 -24170.0
1 10 -22975.0
1 11 -20070.0
1 12 -20420.0
1 13 -22560.0
1 14 -20420.0
1 15 -20990.0
1 16 -18630.0
1 17 -22510.0
1 18 -21785.0
1 19 -20930.0
1 20 -21890.0
1 21 -20910.0
1 22 -19600.0
1 23 -21390.0
1 24 -22580.0
1 25 -21900.0
1 26 -20990.0
2 27 -3470.0
2 3 -5187700.0
2 4 -5187900.0
2 5 -5161380.0
2 6 -5189030.0
2 7 -5189030.0
2 8 -5189660.0
2 9 -5191130.0
2 10 -5189510.0
2 11 -5187080.0
2 12 -5186940.0
2 13 -540.0
2 14 -5187710.0
2 15 -490.0
2 16 -5185110.0
2 17 -5189740.0
2 18 -5188520.0
2 19 -5187540.0
2 20 -420.0
2 21 -5187920.0
2 22 1800.0
2 23 -5184980.0
2 24 -5187710.0
2 25 1170.0
2 26 -5184520.0
3 27 -3610.0
3 2 -5187700.0
3 4 -2195.0
3 5 -5164530.0
3 6 -5185950.0
3 7 -5187630.0
3 8 -5187630.0
3 9 -5191060.0
3 10 -5187130.0
3 11 -5187430.0
3 12 -5187780.0
3 13 -1510.0
3 14 -5186940.0
3 15 -5186320.0
3 16 -5185670.0
3 17 -5188760.0
3 18 -2675.0
3 19 -5185090.0
3 20 -5187580.0
3 21 -5188270.0
3 22 1030.0
3 23 -5187570.0
3 24 -5189670.0
3 25 -5185010.0
3 26 2000.0
4 27 -2150.0
4 2 -5188890.0
4 3 -5187070.0
4 5 -5164040.0
4 6 -5184970.0
4 7 -5184620.0
4 8 -955.0
4 9 -5188260.0
4 10 -885.0
4 11 -5186100.0
4 12 -5186170.0
4 13 -5187350.0
4 14 -130.0
4 15 -5186670.0
4 16 -5183010.0
4 17 -5185750.0
4 18 175.0
4 19 1090.0
4 20 -5187720.0
4 21 -5186240.0
4 22 -5184520.0
4 23 -5187290.0
4 24 -5188270.0
4 25 -5186970.0
4 26 -5184870.0
5 27 -5690.0
5 2 -5188820.0
5 3 -5191970.0
5 4 -5190490.0
5 6 -5192250.0
5 7 -5190430.0
5 8 -5191830.0
5 9 -5190710.0
5 10 -5192240.0
5 11 -5189040.0
5 12 -3960.0
5 13 -5189170.0
5 14 -5189040.0
5 15 -3830.0
5 16 -5183780.0
5 17 -5190720.0
5 18 -5191180.0
5 19 -5190130.0
5 20 -1530.0
5 21 -5188760.0
5 22 -5186620.0
5 23 -2430.0
5 24 -2150.0
5 25 -5187250.0
5 26 -5189000.0
6 27 -4510.0
6 2 -5190500.0
6 3 -5187420.0
6 4 -1565.0
6 5 -5166280.0
6 7 -5185880.0
6 8 -1515.0
6 9 -5190080.0
6 10 -1225.0
6 11 -5188340.0
6 12 -5188550.0
6 13 -5188470.0
6 14 -5186170.0
6 15 -5188560.0
6 16 -5184970.0
6 17 -5187290.0
6 18 -1845.0
6 19 1300.0
6 20 -5189750.0
6 21 -5188550.0
6 22 -5185850.0
6 23 -5189460.0
6 24 -5190580.0
6 25 -5188230.0
6 26 -5185290.0
7 27 -3540.0
7 2 -5190640.0
7 3 -5189240.0
7 4 -1295.0
7 5 -5164600.0
7 6 -5186020.0
7 8 -605.0
7 9 -5186790.0
7 10 -5186010.0
7 11 -5187290.0
7 12 -5186870.0
7 13 -5189380.0
7 14 150.0
7 15 -5188280.0
7 16 -5181680.0
7 17 -0.0
7 18 -5185930.0
7 19 670.0
7 20 -5188980.0
7 21 -5186590.0
7 22 -5186550.0
7 23 -5188550.0
7 24 -5188480.0
7 25 -5188930.0
7 26 -5186970.0
8 27 -3540.0
8 2 -5190430.0
8 3 -5188400.0
8 4 -735.0
8 5 -5165160.0
8 6 -5184760.0
8 7 235.0
8 9 -5188050.0
8 10 -815.0
8 11 -5187430.0
8 12 -5187220.0
8 13 -5188890.0
8 14 -5184350.0
8 15 -5188140.0
8 16 -5182870.0
8 17 -5185190.0
8 18 -1285.0
8 19 1920.0
8 20 -5189120.0
8 21 -5187080.0
8 22 -5186060.0
8 23 -5188690.0
8 24 -5189180.0
8 25 -5188510.0
8 26 -5186200.0
9 27 -4230.0
9 2 -5191130.0
9 3 -5191060.0
9 4 -5187270.0
9 5 -5163270.0
9 6 -5188610.0
9 7 -1295.0
9 8 -5187280.0
9 10 -5188530.0
9 11 -5187850.0
9 12 -5186660.0
9 13 -5190430.0
9 14 -1100.0
9 15 -5188700.0
9 16 4990.0
9 17 -1320.0
9 18 -5188030.0
9 19 -5185930.0
9 20 -5188770.0
9 21 -2640.0
9 22 -5187530.0
9 23 -5188340.0
9 24 -5187080.0
9 25 -5189700.0
9 26 -5188650.0
10 27 -3330.0
10 2 -5189800.0
10 3 -5187420.0
10 4 -185.0
10 5 -5165090.0
10 6 -45.0
10 7 -5184690.0
10 8 -335.0
10 9 -5188820.0
10 11 -5187150.0
10 12 -5187290.0
10 13 -5188120.0
10 14 -5184770.0
10 15 -5187650.0
10 16 -5183640.0
10 17 -5186030.0
10 18 -595.0
10 19 2200.0
10 20 -5188770.0
10 21 -5187220.0
10 22 -5185360.0
10 23 -5188410.0
10 24 -5189320.0
10 25 -5187740.0
10 26 -5185220.0
11 27 -270.0
11 2 -5187280.0
11 3 -5187630.0
11 4 -5185310.0
11 5 -5161800.0
11 6 -5187070.0
11 7 -5185880.0
11 8 -5186860.0
11 9 -5188050.0
11 10 -5187060.0
11 12 -280.0
11 13 -5186440.0
11 14 -550.0
11 15 -980.0
11 16 -5182310.0
11 17 -5186520.0
11 18 -5186000.0
11 19 -5185020.0
11 20 -5185620.0
11 21 -900.0
11 22 -5183610.0
11 23 -5185190.0
11 24 -5186310.0
11 25 -5185780.0
11 26 -5185010.0
12 27 -1310.0
12 2 -5187770.0
12 3 -5188610.0
12 4 -5186010.0
12 5 -5161170.0
12 6 -5187910.0
12 7 -5186090.0
12 8 -5187280.0
12 9 -5187490.0
12 10 -5187830.0
12 11 -910.0
12 13 -5187210.0
12 14 -5184630.0
12 15 -5185410.0
12 16 -5181540.0
12 17 -5186520.0
12 18 -5186770.0
12 19 -5185650.0
12 20 -5185550.0
12 21 -350.0
12 22 -5184380.0
12 23 -1110.0
12 24 -1390.0
12 25 -5186340.0
12 26 -5185990.0
13 27 -3740.0
13 2 -1660.0
13 3 -5186510.0
13 4 -5187480.0
13 5 -5162850.0
13 6 -5188120.0
13 7 -5188890.0
13 8 -5189240.0
13 9 -5191550.0
13 10 -5188950.0
13 11 -5187360.0
13 12 -5187500.0
13 14 -5187780.0
13 15 -1190.0
13 16 -5185740.0
13 17 -5189740.0
13 18 -5188030.0
13 19 -5186980.0
13 20 -5185760.0
13 21 -5188340.0
13 22 2700.0
13 23 -5186170.0
13 24 -5188830.0
13 25 1240.0
13 26 750.0
14 27 -2150.0
14 2 -5189380.0
14 3 -5188610.0
14 4 -805.0
14 5 -5163270.0
14 6 -5186370.0
14 7 95.0
14 8 -5185250.0
14 9 -5186650.0
14 10 -5186150.0
14 11 -5185960.0
14 12 -5185470.0
14 13 -5188330.0
14 15 -5186950.0
14 16 -5181330.0
14 17 -550.0
14 18 -1565.0
14 19 -5183830.0
14 20 -5187650.0
14 21 -1320.0
14 22 -5185430.0
14 23 -5187150.0
14 24 -5187220.0
14 25 -5187740.0
14 26 -5186270.0
15 27 -2080.0
15 2 -1520.0
15 3 -5187350.0
15 4 -5186710.0
15 5 -5161240.0
15 6 -5188120.0
15 7 -5187700.0
15 8 -5188400.0
15 9 -5189730.0
15 10 -5188390.0
15 11 -1810.0
15 12 -5185610.0
15 13 -5185040.0
15 14 -5186310.0
15 16 -5183850.0
15 17 -5188340.0
15 18 -5187330.0
15 19 -5186420.0
15 20 -420.0
15 21 -5186520.0
15 22 1660.0
15 23 -340.0
15 24 -5186800.0
15 25 -5184030.0
15 26 -5184450.0
16 27 -5270.0
16 2 -5191690.0
16 3 -5192250.0
16 4 -5188600.0
16 5 -5162920.0
16 6 -5190080.0
16 7 -5186650.0
16 8 -5188680.0
16 9 -1590.0
16 10 -5189930.0
16 11 -5188690.0
16 12 -5187290.0
16 13 -5191200.0
16 14 -2420.0
16 15 -5189400.0
16 17 -2910.0
16 18 -5189290.0
16 19 -5187400.0
16 20 -5188980.0
16 21 -3540.0
16 22 -5188370.0
16 23 -5188690.0
16 24 -3050.0
16 25 -5190330.0
16 26 -5189770.0
17 27 -3400.0
17 2 -5190570.0
17 3 -5189590.0
17 4 -1705.0
17 5 -5164110.0
17 6 -5186650.0
17 7 785.0
17 8 -1305.0
17 9 -2150.0
17 10 -5186570.0
17 11 -5187150.0
17 12 -5186520.0
17 13 -5189450.0
17 14 290.0
17 15 -5188140.0
17 16 -5180980.0
17 18 -5186280.0
17 19 -5183970.0
17 20 -5188700.0
17 21 -5186240.0
17 22 -5186620.0
17 23 -5188270.0
17 24 -5187920.0
17 25 -5188930.0
17 26 -5187320.0
18 27 -2290.0
18 2 -5188960.0
18 3 -5187000.0
18 4 725.0
18 5 -5164180.0
18 6 -5184760.0
18 7 -5184760.0
18 8 -955.0
18 9 -5188470.0
18 10 -745.0
18 11 -5186240.0
18 12 -5186380.0
18 13 -5187350.0
18 14 -340.0
18 15 -5186740.0
18 16 -5183150.0
18 17 -5185890.0
18 19 1230.0
18 20 -5187860.0
18 21 -5186380.0
18 22 -5184520.0
18 23 -5187430.0
18 24 -5188410.0
18 25 -5186970.0
18 26 -5184730.0
19 27 -3810.0
19 2 -5190360.0
19 3 -5187910.0
19 4 -735.0
19 5 -5165510.0
19 6 -45.0
19 7 -5184480.0
19 8 -125.0
19 9 -5188750.0
19 10 -325.0
19 11 -5187640.0
19 12 -5187640.0
19 13 -5188680.0
19 14 -5184980.0
19 15 -5188210.0
19 16 -5183640.0
19 17 -5185960.0
19 18 -1145.0
19 20 -5189330.0
19 21 -5187570.0
19 22 -5185850.0
19 23 -5188900.0
19 24 -5189600.0
19 25 -5188300.0
19 26 -5185780.0
20 27 -3540.0
20 2 -2010.0
20 3 -5189170.0
20 4 -5188320.0
20 5 24320.0
20 6 -5189870.0
20 7 -5188960.0
20 8 -5189940.0
20 9 -5190360.0
20 10 -5190070.0
20 11 -5187010.0
20 12 -5186310.0
20 13 -5186230.0
20 14 -5187570.0
20 15 -980.0
20 16 -5183990.0
20 17 -5189460.0
20 18 -5189010.0
20 19 -5188100.0
20 21 -5187360.0
20 22 -5183750.0
20 23 70.0
20 24 -2290.0
20 25 -5184520.0
20 26 -5186130.0
21 27 -1380.0
21 2 -5188330.0
21 3 -5188680.0
21 4 -1775.0
21 5 -5161730.0
21 6 -5187490.0
21 7 -5185390.0
21 8 -5186720.0
21 9 -5186930.0
21 10 -5187340.0
21 11 -1110.0
21 12 70.0
21 13 -5187630.0
21 14 -60.0
21 15 -5185900.0
21 16 -5181190.0
21 17 -1940.0
21 18 -5186350.0
21 19 -5185160.0
21 20 -5186180.0
21 22 -5184730.0
21 23 -5185750.0
21 24 -1870.0
21 25 -5186830.0
21 26 -5186130.0
22 27 -3050.0
22 2 -1590.0
22 3 -5186300.0
22 4 -5186920.0
22 5 -5162570.0
22 6 -5187770.0
22 7 -5188330.0
22 8 -5188680.0
22 9 -5190920.0
22 10 -5188460.0
22 11 -5186800.0
22 12 -5186940.0
22 13 430.0
22 14 -5187150.0
22 15 -700.0
22 16 -5185180.0
22 17 -5189180.0
22 18 -5187470.0
22 19 -5186420.0
22 20 -5185550.0
22 21 -5187710.0
22 23 -5185750.0
22 24 -5188340.0
22 25 820.0
22 26 820.0
23 27 -2560.0
23 2 -2150.0
23 3 -5188680.0
23 4 -5187410.0
23 5 -5159980.0
23 6 -5189100.0
23 7 -5188050.0
23 8 -5189030.0
23 9 -5189450.0
23 10 -5189230.0
23 11 -2160.0
23 12 -1390.0
23 13 -5186160.0
23 14 -5186590.0
23 15 -420.0
23 16 -5183220.0
23 17 -5188550.0
23 18 -5188100.0
23 19 -5187190.0
23 20 550.0
23 21 -5186450.0
23 22 -5183470.0
23 24 -5185750.0
23 25 -5184730.0
23 26 -5185710.0
24 27 -3540.0
24 2 -5188610.0
24 3 -5190570.0
24 4 -5188180.0
24 5 24390.0
24 6 -5190010.0
24 7 -5187770.0
24 8 -5189310.0
24 9 -5187980.0
24 10 -5189930.0
24 11 -5187010.0
24 12 -1460.0
24 13 -5188610.0
24 14 -5186450.0
24 15 -5186670.0
24 16 -5181190.0
24 17 -5187990.0
24 18 -5188870.0
24 19 -5187680.0
24 20 -1600.0
24 21 -2360.0
24 22 -5185850.0
24 23 -1660.0
24 25 -5187320.0
24 26 -5187810.0
25 27 -4650.0
25 2 -1520.0
25 3 -5187700.0
25 4 -5188670.0
25 5 -5162500.0
25 6 -5189450.0
25 7 -5190010.0
25 8 -5190430.0
25 9 -5192390.0
25 10 -5190140.0
25 11 -5188270.0
25 12 -5188200.0
25 13 -330.0
25 14 -5188760.0
25 15 -1810.0
25 16 -5186440.0
25 17 -5190790.0
25 18 -5189220.0
25 19 -5188170.0
25 20 -5185620.0
25 21 -5189110.0
25 22 1520.0
25 23 -5186310.0
25 24 -5189110.0
25 26 -500.0
26 27 -3810.0
26 2 -5187280.0
26 3 -760.0
26 4 -5186640.0
26 5 -5164320.0
26 6 -5186580.0
26 7 -5188120.0
26 8 -5188190.0
26 9 -5191410.0
26 10 -5187690.0
26 11 -5187570.0
26 12 -5187920.0
26 13 -890.0
26 14 -5187360.0
26 15 -2300.0
26 16 -5185950.0
26 17 -5189250.0
26 18 -5187050.0
26 19 -5185720.0
26 20 -5187300.0
26 21 -5188480.0
26 22 1450.0
26 23 -5187360.0
26 24 -5189670.0
26 25 -570.0
27 2 0
27 3 0
27 4 0
27 5 0
27 6 0
27 7 0
27 8 0
27 9 0
27 10 0
27 11 0
27 12 0
27 13 0
27 14 0
27 15 0
27 16 0
27 17 0
27 18 0
27 19 0
27 20 0
27 21 0
27 22 0
27 23 0
27 24 0
27 25 0
27 26 0
2 1 0
3 1 0
4 1 0
5 1 0
6 1 0
7 1 0
8 1 0
9 1 0
10 1 0
11 1 0
12 1 0
13 1 0
14 1 0
15 1 0
16 1 0
17 1 0
18 1 0
19 1 0
20 1 0
21 1 0
22 1 0
23 1 0
24 1 0
25 1 0
26 1 0
27 1 0
