52 2222
1
2
3
4
5
6
7
8
9
10
11
12
13
14
15
16
17
18
19
20
21
22
23
24
25
26
27
28
29
30
31
32
33
34
35
36
37
38
39
40
41
42
43
44
45
46
47
48
49
50
51
52
1 52 -0.0
1 2 -18670.4
1 3 -22216.3
1 4 -19631.1
1 5 -26530.0
1 6 -22041.2
1 7 -22468.4
1 8 -19717.2
1 9 -24199.7
1 10 -24660.0
1 11 -22821.5
1 12 -20350.0
1 13 -21808.7
1 14 -19973.7
1 15 -22701.6
1 16 -24030.0
1 17 -20786.8
1 18 -22020.0
1 19 -26050.0
1 20 -21787.2
1 22 -24084.4
1 23 -19240.0
1 25 -22334.1
1 26 -22990.5
1 27 -23404.1
1 28 -24651.8
1 29 -25297.0
1 30 -23890.0
1 31 -22093.8
1 32 -24307.6
1 33 -24975.0
1 34 -20623.8
1 35 -23073.5
1 37 -23750.0
1 39 -19920.0
1 40 -21460.0
1 41 -25490.0
1 42 -22373.6
1 43 -20881.4
1 45 -23680.0
1 46 -21172.6
1 47 -23145.6
1 48 -22780.0
1 49 -26005.4
1 50 -21903.0
1 51 -21410.0
2 52 17256.5
2 3 -5187150.0
2 4 -5184540.0
2 5 -5191060.0
2 6 -5186820.0
2 7 -5185430.0
2 8 -337.202
2 9 -5187390.0
2 10 -5187710.0
2 11 -5185860.0
2 12 -1110.0
2 13 -5185130.0
2 14 -5184050.0
2 15 -5187560.0
2 16 -5187770.0
2 17 -5185420.0
2 18 -5186440.0
2 19 -5190640.0
2 20 -5185800.0
2 21 -5186020.0
2 22 -5186980.0
2 23 1610.0
2 25 -5186760.0
2 26 -5186170.0
2 27 -5186450.0
2 28 -5187980.0
2 29 -5189820.0
2 30 -5188750.0
2 31 -5185120.0
2 32 -5188840.0
2 33 -5189420.0
2 34 -5184560.0
2 35 -5186670.0
2 37 -5188190.0
2 39 -550.0
2 40 -5185120.0
2 41 -5190150.0
2 42 -5185270.0
2 43 -5184050.0
2 45 -5188400.0
2 46 -5186010.0
2 47 -5185980.0
2 48 -5185810.0
2 49 -5190470.0
2 50 -5186470.0
2 51 -5185900.0
3 52 14626.5
3 2 -5186170.0
3 4 -5185170.0
3 5 -5188960.0
3 6 -1201.21
3 7 -5189910.0
3 8 -5186520.0
3 9 -5191170.0
3 10 -5191770.0
3 11 -5190060.0
3 12 -5186660.0
3 13 -5188560.0
3 14 -5185450.0
3 15 -51.5704
3 16 -5189730.0
3 17 -5185840.0
3 18 -5187980.0
3 19 -5187840.0
3 20 -5187130.0
3 21 -5187700.0
3 22 -5191390.0
3 23 -5186670.0
3 25 -5186900.0
3 26 -5189880.0
3 27 -5190510.0
3 28 -5191200.0
3 29 -5187160.0
3 30 -1180.0
3 31 -5189250.0
3 32 -5185830.0
3 33 -5188090.0
3 34 -5187010.0
3 35 -5189330.0
3 37 -5188050.0
3 39 -5187420.0
3 40 -5187570.0
3 41 -5187000.0
3 42 -5189680.0
3 43 -5188110.0
3 45 -1940.0
3 46 -5184890.0
3 47 -5190460.0
3 48 -5190220.0
3 49 -5188860.0
3 50 -5185700.0
3 51 -5186950.0
4 52 17256.5
4 2 -5183580.0
4 3 -5185190.0
4 5 -5189940.0
4 6 -5185000.0
4 7 -5187320.0
4 8 -407.202
4 9 -5189000.0
4 10 -5189460.0
4 11 -5187680.0
4 12 -760.0
4 13 -5186530.0
4 14 -5183770.0
4 15 -5185880.0
4 16 -5187980.0
4 17 -216.814
4 18 -5186440.0
4 19 -5189030.0
4 20 -5185590.0
4 21 -5185880.0
4 22 -5188940.0
4 23 -5184220.0
4 25 -5185710.0
4 26 -5187500.0
4 27 -5188200.0
4 28 -5189240.0
4 29 -5188210.0
4 30 -5186790.0
4 31 -5186730.0
4 32 -5187160.0
4 33 -5188580.0
4 34 -5185190.0
4 35 -5187650.0
4 37 -5187630.0
4 39 -960.0
4 40 -5185540.0
4 41 -5188400.0
4 42 -5187160.0
4 43 -5185730.0
4 45 -5186580.0
4 46 -322.599
4 47 -5187940.0
4 48 -5187700.0
4 49 -5189560.0
4 50 -5185140.0
4 51 -5185620.0
5 44 5058.19
6 52 15596.5
6 2 -5185050.0
6 3 -5184350.0
6 4 -5184190.0
6 5 -5190290.0
6 7 -5188790.0
6 8 -5185960.0
6 9 -5190610.0
6 10 -5191070.0
6 11 -5189220.0
6 12 -5186240.0
6 13 -5188140.0
6 14 -5183770.0
6 15 -5185600.0
6 16 -5188050.0
6 17 -356.814
6 18 -5187910.0
6 19 -5187420.0
6 20 -5185450.0
6 21 -5186020.0
6 22 -5190410.0
6 23 -5185760.0
6 25 -5185220.0
6 26 -5188340.0
6 27 -5189810.0
6 28 -5190850.0
6 29 -5186670.0
6 30 -1450.0
6 31 -5187780.0
6 32 -5185550.0
6 33 -5189140.0
6 34 -5186730.0
6 35 -5189190.0
6 37 -5188680.0
6 39 -5186440.0
6 40 -5185890.0
6 41 -5186790.0
6 42 -5188490.0
6 43 -5187340.0
6 45 -970.0
6 46 717.401
6 47 -5189200.0
6 48 -5189240.0
6 49 -5190120.0
6 50 -93.0054
6 51 -5187020.0
7 52 14756.5
7 2 -5184070.0
7 3 -5189530.0
7 4 -5186920.0
7 5 -5192810.0
7 6 -5189200.0
7 8 -5186450.0
7 9 -5186130.0
7 10 -5186100.0
7 11 -5183970.0
7 12 -5187220.0
7 13 -5184500.0
7 14 -5185730.0
7 15 -5189870.0
7 16 -5188680.0
7 17 -5187590.0
7 18 -5188120.0
7 19 -5192740.0
7 20 -5187340.0
7 21 -5187630.0
7 22 -944.386
7 23 1610.0
7 25 -5188790.0
7 26 -5185680.0
7 27 -5184770.0
7 28 -5187490.0
7 29 -5191920.0
7 30 -5191060.0
7 31 -5184490.0
7 32 -5190940.0
7 33 -5191170.0
7 34 -5185680.0
7 35 -5186600.0
7 37 -5189800.0
7 39 -5186930.0
7 40 -5186100.0
7 41 -5192390.0
7 42 826.399
7 43 -5183770.0
7 45 -5190640.0
7 46 -5188320.0
7 47 -15.5957
7 48 -270.0
7 49 -5192220.0
7 50 -5188640.0
7 51 -5187720.0
8 52 17536.5
8 2 989.63
8 3 -5186170.0
8 4 -5183980.0
8 5 -5189730.0
8 6 -5186400.0
8 7 -5186480.0
8 9 -5187670.0
8 10 -5188200.0
8 11 -5186490.0
8 12 210.0
8 13 -5185200.0
8 14 -5184680.0
8 15 -5186370.0
8 16 -5188610.0
8 17 -5185420.0
8 18 -1380.0
8 19 -5190360.0
8 20 -5186430.0
8 21 -5186650.0
8 22 -5187820.0
8 23 -5183170.0
8 25 -5186900.0
8 26 -5187430.0
8 27 -5186940.0
8 28 -5187910.0
8 29 -5189610.0
8 30 -5188050.0
8 31 -5186450.0
8 32 -5188490.0
8 33 -5188160.0
8 34 -5183860.0
8 35 -5186320.0
8 37 -5186930.0
8 39 -550.0
8 40 -5186100.0
8 41 -5189730.0
8 42 -5186460.0
8 43 -5184540.0
8 45 -5187980.0
8 46 -5185590.0
8 47 -5187240.0
8 48 -5186650.0
8 49 -5189210.0
8 50 -5186400.0
8 51 -5184710.0
9 52 13096.5
9 2 -5185960.0
9 3 -5190720.0
9 4 -5188530.0
9 5 -5192250.0
9 6 -5190950.0
9 7 -5186060.0
9 8 -5187570.0
9 10 -700.0
9 11 458.457
9 12 -5188200.0
9 13 1741.3
9 14 -5188250.0
9 15 -5190430.0
9 16 -5191550.0
9 17 -5189620.0
9 18 -5188330.0
9 19 -5194840.0
9 20 -5189930.0
9 21 -5190220.0
9 22 -5185580.0
9 23 -5183940.0
9 25 -5191030.0
9 26 -5188690.0
9 27 1255.93
9 28 -1171.82
9 29 -5194020.0
9 30 -5192670.0
9 31 -5187500.0
9 32 -5193040.0
9 33 -5190610.0
9 34 -5185610.0
9 35 -5184640.0
9 37 -5189380.0
9 39 -5188540.0
9 40 -5188900.0
9 41 -5194280.0
9 42 -5186040.0
9 43 -5184470.0
9 45 -5192460.0
9 46 -5190140.0
9 47 -5186960.0
9 48 -5185810.0
9 49 -5191450.0
9 50 -5190740.0
9 51 -5187860.0
10 52 13376.5
10 2 -5185540.0
10 3 -5190580.0
10 4 -5188250.0
10 5 -5192670.0
10 6 -5190670.0
10 7 -5185290.0
10 8 -5187360.0
10 9 40.3249
10 11 1358.46
10 12 -5188130.0
10 13 1051.3
10 14 -5187760.0
10 15 -5190500.0
10 16 -5190850.0
10 17 -5189270.0
10 18 -5188400.0
10 19 -5194490.0
10 20 -5189370.0
10 21 -5189660.0
10 22 -674.386
10 23 -5183450.0
10 25 -5190610.0
10 26 -5187920.0
10 27 1395.93
10 28 -5185810.0
10 29 -5193670.0
10 30 -5192460.0
10 31 -5186730.0
10 32 -5192690.0
10 33 -5191030.0
10 34 -5185680.0
10 35 -5185270.0
10 37 -5189660.0
10 39 -5188260.0
10 40 -5188270.0
10 41 -5194000.0
10 42 -5185270.0
10 43 -5184120.0
10 45 -5192180.0
10 46 -5189790.0
10 47 -5186190.0
10 48 -1170.0
10 49 -5191870.0
10 50 -5190320.0
10 51 -5187930.0
11 52 13506.5
11 2 -5185400.0
11 3 -5190580.0
11 4 -5188180.0
11 5 -5192950.0
11 6 -5190530.0
11 7 -5184870.0
11 8 -5187360.0
11 9 -509.675
11 10 -350.0
11 12 -5188130.0
11 13 -5183310.0
11 14 -5187480.0
11 15 -5190640.0
11 16 -5190500.0
11 17 -5189130.0
11 18 -5188540.0
11 19 -5194350.0
11 20 -5189090.0
11 21 -5189380.0
11 22 -254.386
11 23 -5183310.0
11 25 -5190400.0
11 26 -5187570.0
11 27 1045.93
11 28 -5186230.0
11 29 -5193530.0
11 30 -5192390.0
11 31 -5186310.0
11 32 -5192550.0
11 33 -5191240.0
11 34 -5185890.0
11 35 -5185690.0
11 37 -5189940.0
11 39 -5188190.0
11 40 -5187920.0
11 41 -5193860.0
11 42 -5184780.0
11 43 -5184120.0
11 45 -5192110.0
11 46 -5189720.0
11 47 -5185770.0
11 48 -960.0
11 49 -5192220.0
11 50 -5190180.0
11 51 -5188070.0
12 52 17326.5
12 2 -5183300.0
12 3 -5185890.0
12 4 -5183910.0
12 5 -5189380.0
12 6 -5186260.0
12 7 -5186830.0
12 8 632.798
12 9 -5187880.0
12 10 -5188550.0
12 11 -5186840.0
12 13 -5185340.0
12 14 -5184820.0
12 15 -5186020.0
12 16 -5188820.0
12 17 -5185420.0
12 18 -1180.0
12 19 -5190220.0
12 20 -5186570.0
12 21 -5186790.0
12 22 -5188170.0
12 23 -5183520.0
12 25 -5186970.0
12 26 -5187780.0
12 27 -5187220.0
12 28 -5188050.0
12 29 -5189470.0
12 30 -5187840.0
12 31 -5186800.0
12 32 -5188350.0
12 33 -5187810.0
12 34 -5183930.0
12 35 -5186390.0
12 37 -5186650.0
12 39 -760.0
12 40 -5186310.0
12 41 -5189590.0
12 42 -5186810.0
12 43 -5184890.0
12 45 -5187770.0
12 46 -5185520.0
12 47 -5187590.0
12 48 -5187000.0
12 49 -5188860.0
12 50 -5186400.0
12 51 -560.0
13 52 13646.5
13 2 -5185540.0
13 3 -5189950.0
13 4 -5187900.0
13 5 -5191200.0
13 6 -5190320.0
13 7 -5186270.0
13 8 -5186940.0
13 9 -99.6751
13 10 -1530.0
13 11 -5184180.0
13 12 -5187500.0
13 14 -5187970.0
13 15 -5189520.0
13 16 -5191410.0
13 17 -5189130.0
13 18 -5187490.0
13 19 -5194280.0
13 20 -5189720.0
13 21 -5189940.0
13 22 -5186140.0
13 23 -5183730.0
13 25 -5190610.0
13 26 -5188900.0
13 27 215.93
13 28 -201.823
13 29 -5193460.0
13 30 -5191970.0
13 31 -5187640.0
13 32 -5192410.0
13 33 -5189630.0
13 34 -5184770.0
13 35 276.453
13 37 -5188400.0
13 39 -5188050.0
13 40 -5188830.0
13 41 -5193650.0
13 42 -5186390.0
13 43 -5184190.0
13 45 -5191900.0
13 46 -5189510.0
13 47 -5187310.0
13 48 -5185950.0
13 49 -5190470.0
13 50 -5190250.0
13 51 -5186950.0
14 52 15526.5
14 2 -5184420.0
14 3 -5186800.0
14 4 -5185100.0
14 5 -5192390.0
14 6 -5185910.0
14 7 -5187460.0
14 8 -5186380.0
14 9 -5190050.0
14 10 -5190300.0
14 11 -5188310.0
14 12 -5186940.0
14 13 -5187930.0
14 15 -5187980.0
14 16 -5185600.0
14 17 -496.814
14 18 -5188680.0
14 19 -5188470.0
14 20 932.771
14 21 290.0
14 22 -5189290.0
14 23 -5184990.0
14 25 -664.125
14 26 -5186100.0
14 27 -5189040.0
14 28 -5190780.0
14 29 -5187650.0
14 30 -5187700.0
14 31 -5185890.0
14 32 -5186740.0
14 33 -5191030.0
14 34 -5187150.0
14 35 -5189400.0
14 37 -5190080.0
14 39 -5186370.0
14 40 430.0
14 41 -5188330.0
14 42 -5186880.0
14 43 -5186780.0
14 45 -5187000.0
14 46 -5185100.0
14 47 -5187590.0
14 48 -5188260.0
14 49 -5192010.0
14 50 -5184650.0
14 51 -5188000.0
15 52 13786.5
15 2 -5186940.0
15 3 -406.345
15 4 -5186220.0
15 5 -3400.0
15 6 -5186750.0
15 7 -5190610.0
15 8 -5187080.0
15 9 -5191240.0
15 10 -5192050.0
15 11 -5190480.0
15 12 -5187150.0
15 13 -5188490.0
15 14 -5186990.0
15 16 -5191270.0
15 17 -5187310.0
15 18 -5187980.0
15 19 -5189380.0
15 20 -5188670.0
15 21 -5189170.0
15 22 -5191880.0
15 23 -5187230.0
15 25 -5188440.0
15 26 -5191070.0
15 27 -5190650.0
15 28 -5191060.0
15 29 -5188700.0
15 30 -2980.0
15 31 -5190300.0
15 32 -5187230.0
15 33 -2814.97
15 34 -5187010.0
15 35 -5189050.0
15 37 -5187350.0
15 39 -5188260.0
15 40 -5188970.0
15 41 -5188470.0
15 42 -5190520.0
15 43 -5188530.0
15 45 -5187630.0
15 46 -5186430.0
15 47 -5191300.0
15 48 -5190710.0
15 49 -5187320.0
15 50 -5187380.0
15 51 -5186880.0
16 24 -736.877
17 52 16426.5
17 2 -5184070.0
17 3 -5185470.0
17 4 168.944
17 5 -5190990.0
17 6 -781.209
17 7 -5187600.0
17 8 -5185400.0
17 9 -5189700.0
17 10 -5190090.0
17 11 -5188240.0
17 12 -5185820.0
17 13 -5187370.0
17 14 -5182720.0
17 15 -5186580.0
17 16 -5187000.0
17 18 -5187560.0
17 19 -5188260.0
17 20 -5184470.0
17 21 -5184900.0
17 22 -5189360.0
17 23 -5184710.0
17 25 -594.125
17 26 -5187010.0
17 27 -5188830.0
17 28 -5190150.0
17 29 -5187440.0
17 30 -5186650.0
17 31 -5186520.0
17 32 -5186390.0
17 33 -5189630.0
17 34 -5186240.0
17 35 -5188630.0
17 37 -5188820.0
17 39 -5185600.0
17 40 -5184770.0
17 41 -5187770.0
17 42 -5187230.0
17 43 -5186430.0
17 45 -5186090.0
17 46 157.401
17 47 -5188010.0
17 48 -5188190.0
17 49 -5190610.0
17 50 -93.0054
17 51 -5186810.0
18 52 16286.5
18 2 -5184000.0
18 3 -5186520.0
18 4 -5184960.0
18 5 -5188820.0
18 6 -5187240.0
18 7 -5187040.0
18 8 -267.202
18 9 -5187320.0
18 10 -5188130.0
18 11 -5186560.0
18 12 -490.0
18 13 -5184640.0
18 14 -5185870.0
18 15 -5186160.0
18 16 -5189870.0
18 17 -5186470.0
18 19 -5191200.0
18 20 -5187620.0
18 21 -5187910.0
18 22 -5188100.0
18 23 -5183660.0
18 25 -5188020.0
18 26 -5188480.0
18 27 -5186800.0
18 28 -5187280.0
18 29 -5190450.0
18 30 -5188680.0
18 31 -5187430.0
18 32 -5189330.0
18 33 -5187180.0
18 34 906.173
18 35 -5185480.0
18 37 -1870.0
18 39 -5185740.0
18 40 -5187290.0
18 41 -5190500.0
18 42 -5187090.0
18 43 -5184680.0
18 45 -5188750.0
18 46 -5186500.0
18 47 -5187940.0
18 48 -5187000.0
18 49 -5188230.0
18 50 -5187450.0
18 51 340.0
19 36 6096.98
20 52 15036.5
20 2 -5184840.0
20 3 -5187150.0
20 4 -5185590.0
20 5 -5192810.0
20 6 -5186260.0
20 7 -5187740.0
20 8 -5186800.0
20 9 -5190400.0
20 10 -5190580.0
20 11 -5188590.0
20 12 -5187360.0
20 13 -5188350.0
20 14 2256.25
20 15 -5188330.0
20 16 -1310.0
20 17 -5184860.0
20 18 -5189100.0
20 19 -5188400.0
20 21 -130.0
20 22 -5189570.0
20 23 -5185340.0
20 25 -1004.12
20 26 -5186100.0
20 27 -5189320.0
20 28 -5191200.0
20 29 -5187580.0
20 30 -5187980.0
20 31 -5186030.0
20 32 -5186670.0
20 33 -5191450.0
20 34 -5187570.0
20 35 -5189820.0
20 37 -5190570.0
20 39 -5186860.0
20 40 500.0
20 41 -5188400.0
20 42 -5187090.0
20 43 -5187200.0
20 45 -5187140.0
20 46 -5185380.0
20 47 -5187800.0
20 48 -5188540.0
20 49 -5192500.0
20 50 -5184860.0
20 51 -5188420.0
21 52 15666.5
21 2 -5184210.0
21 3 -5186870.0
21 4 -5185030.0
21 5 -5192320.0
21 6 -5185980.0
21 7 -5187180.0
21 8 -5186170.0
21 9 -5189840.0
21 10 -5190020.0
21 11 -5188030.0
21 12 -5186730.0
21 13 -5187720.0
21 14 2466.25
21 15 -5187980.0
21 16 -5185600.0
21 17 -496.814
21 18 -5188540.0
21 19 -5188680.0
21 20 722.771
21 22 -5189080.0
21 23 -5184710.0
21 25 -864.125
21 26 -5185890.0
21 27 -5188760.0
21 28 -5190570.0
21 29 -5187930.0
21 30 -5187840.0
21 31 -5185680.0
21 32 -5186950.0
21 33 -5190960.0
21 34 -5186940.0
21 35 -5189190.0
21 37 -5189940.0
21 39 -5186230.0
21 40 630.0
21 41 -5188540.0
21 42 -5186670.0
21 43 -5186570.0
21 45 -5187140.0
21 46 -5185100.0
21 47 -5187380.0
21 48 -5187980.0
21 49 -5191940.0
21 50 -5184860.0
21 51 -5187860.0
22 52 13716.5
22 2 -5185050.0
22 3 -5190440.0
22 4 -5187970.0
22 5 -5193090.0
22 6 -5190250.0
22 7 -368.375
22 8 -5187220.0
22 9 -5185080.0
22 10 -910.0
22 11 1218.46
22 12 -5187990.0
22 13 -5183800.0
22 14 -5186990.0
22 15 -5190570.0
22 16 -5189940.0
22 17 -5188780.0
22 18 -5188610.0
22 19 -5194000.0
22 20 -5188600.0
22 21 -5188960.0
22 23 -5183100.0
22 25 -5189980.0
22 26 -5186940.0
22 27 355.93
22 28 -5186790.0
22 29 -5193180.0
22 30 -5192110.0
22 31 -5185750.0
22 32 -5192200.0
22 33 -5191450.0
22 34 -5185960.0
22 35 -5186110.0
22 37 -5190080.0
22 39 -5187910.0
22 40 -5187430.0
22 41 -5193580.0
22 42 -5184150.0
22 43 -5184050.0
22 45 -5191760.0
22 46 -5189440.0
22 47 -5185140.0
22 48 -550.0
22 49 -5192360.0
22 50 -5189830.0
22 51 -5188140.0
23 52 15936.5
24 38 -1590.0
25 52 15526.5
25 2 -5184770.0
25 3 -5185890.0
25 4 -5184680.0
25 5 -5191690.0
25 6 -5185000.0
25 7 -5188160.0
25 8 -5186240.0
25 9 -5190470.0
25 10 -5190790.0
25 11 -5188870.0
25 12 -5186730.0
25 13 -5188210.0
25 14 1696.25
25 15 -5187070.0
25 16 -5186510.0
25 17 53.1859
25 18 -5188470.0
25 19 -5187630.0
25 20 32.7708
25 21 -680.0
25 22 -5189920.0
25 23 -5185410.0
25 26 -5187080.0
25 27 -5189530.0
25 28 -5190990.0
25 29 -5186810.0
25 30 -5186720.0
25 31 -5186800.0
25 32 -5185830.0
25 33 -5190470.0
25 34 -5187150.0
25 35 -5189540.0
25 37 -5189660.0
25 39 -5186440.0
25 40 -5184490.0
25 41 -5187350.0
25 42 -5187650.0
25 43 -5187200.0
25 45 -5185950.0
25 46 -252.599
25 47 -5188430.0
25 48 -5188820.0
25 49 -5191450.0
25 50 326.995
25 51 -5187720.0
26 52 14276.5
26 2 -5184770.0
26 3 -5189460.0
26 4 -5187060.0
26 5 -5194070.0
26 6 -5188710.0
26 7 -5185640.0
26 8 -5187360.0
26 9 -5188720.0
26 10 -5188690.0
26 11 -5186630.0
26 12 -5188130.0
26 13 -5187090.0
26 14 -5184330.0
26 15 -5190290.0
26 16 -5186440.0
26 17 -5186960.0
26 18 -5189520.0
26 19 -5191480.0
26 20 -5185660.0
26 21 -5186300.0
26 22 -5187470.0
26 23 -5184220.0
26 25 -5187670.0
26 27 -5187430.0
26 28 -5190010.0
26 29 -5190660.0
26 30 -5190570.0
26 31 346.173
26 32 -5189680.0
26 33 -5192570.0
26 34 -5187500.0
26 35 -5189050.0
26 37 -5191270.0
26 39 -5187420.0
26 40 -270.0
26 41 -5191340.0
26 42 -5184710.0
26 43 -5186080.0
26 45 -5189940.0
26 46 -5187760.0
26 47 -1475.6
26 48 -5186860.0
26 49 -5193550.0
26 50 -5187660.0
26 51 -5188980.0
27 52 12816.5
27 2 -5186100.0
27 3 -5191140.0
27 4 -5188810.0
27 5 -5192950.0
27 6 -5191230.0
27 7 -5185780.0
27 8 -5187920.0
27 9 180.325
27 10 -420.0
27 11 938.457
27 12 -5188620.0
27 13 981.3
27 14 -5188320.0
27 15 -5190920.0
27 16 -5191410.0
27 17 -5189830.0
27 18 -5188890.0
27 19 -5195050.0
27 20 -5189930.0
27 21 -5190220.0
27 22 -1224.39
27 23 -5184080.0
27 25 -5191170.0
27 26 -5188480.0
27 28 -5185880.0
27 29 -5194230.0
27 30 -5193020.0
27 31 -5187220.0
27 32 -5193250.0
27 33 -5191310.0
27 34 -5186100.0
27 35 -5185340.0
27 37 -5190010.0
27 39 -5188820.0
27 40 -5188830.0
27 41 -5194560.0
27 42 -5185760.0
27 43 -5184680.0
27 45 -5192740.0
27 46 -5190350.0
27 47 -5186680.0
27 48 -5185740.0
27 49 -5192150.0
27 50 -5190950.0
27 51 -5188350.0
28 52 13376.5
28 2 -5185820.0
28 3 -5190020.0
28 4 -5188040.0
28 5 -5190990.0
28 6 -5190460.0
28 7 -5186690.0
28 8 -5187080.0
28 9 -439.675
28 10 -1880.0
28 11 -5184530.0
28 12 -5187640.0
28 13 2371.3
28 14 -5188250.0
28 15 -5189520.0
28 16 -5191760.0
28 17 -5189340.0
28 18 -5187560.0
28 19 -5194490.0
28 20 -5190000.0
28 21 -5190220.0
28 22 -5186560.0
28 23 -5184080.0
28 25 -5190820.0
28 26 -5189250.0
28 27 -134.07
28 29 -5193670.0
28 30 -5192110.0
28 31 -5187990.0
28 32 -5192620.0
28 33 -5189420.0
28 34 -5184770.0
28 35 686.453
28 37 -5188260.0
28 39 -5188260.0
28 40 -5189110.0
28 41 -5193790.0
28 42 -5186810.0
28 43 -5184540.0
28 45 -5192040.0
28 46 -5189720.0
28 47 -5187730.0
28 48 -5186370.0
28 49 -5190260.0
28 50 -5190460.0
28 51 -5187020.0
29 52 12396.5
29 2 -5187990.0
29 3 -5186310.0
29 4 -5187340.0
29 5 -5192460.0
29 6 -5186610.0
29 7 -5191450.0
29 8 -5189110.0
29 9 -5193620.0
29 10 -5194010.0
29 11 -5192160.0
29 12 -5189390.0
29 13 -5191220.0
29 14 -5185450.0
29 15 -5187490.0
29 16 -5189100.0
29 17 -5186960.0
29 18 -5191060.0
29 19 -270.0
29 20 -5186710.0
29 21 -5187910.0
29 22 -5193280.0
29 23 -5188630.0
29 25 -5186970.0
29 26 -5190230.0
29 27 -5192750.0
29 28 -5194000.0
29 30 -5186650.0
29 31 -5190090.0
29 32 1462.38
29 33 -5191730.0
29 34 -5189880.0
29 35 -5192340.0
29 37 -5191620.0
29 39 -5189450.0
29 40 -5187570.0
29 41 -970.0
29 42 -5191010.0
29 43 -5190350.0
29 45 -2430.0
29 46 -5186290.0
29 47 -5191720.0
29 48 -5192110.0
29 49 -5192500.0
29 50 -5185840.0
29 51 -5190100.0
30 52 14416.5
30 2 -5186310.0
30 3 283.655
30 4 -5185310.0
30 5 -5190010.0
30 6 -781.209
30 7 -5189980.0
30 8 -5186940.0
30 9 -5191660.0
30 10 -5192190.0
30 11 -5190410.0
30 12 -5187150.0
30 13 -5189120.0
30 14 -5184890.0
30 15 -5185040.0
30 16 -5189100.0
30 17 -5185560.0
30 18 -5188680.0
30 19 -5186790.0
30 20 -5186500.0
30 21 -5187210.0
30 22 -5191600.0
30 23 -5186950.0
30 25 -5186270.0
30 26 -5189530.0
30 27 -5190930.0
30 28 -5191830.0
30 29 -5186040.0
30 31 -5189110.0
30 32 -5184850.0
30 33 -5189140.0
30 34 -5187640.0
30 35 -5190030.0
30 37 -5189030.0
30 39 -5187630.0
30 40 -5187080.0
30 41 -2010.0
30 42 -5189750.0
30 43 -5188460.0
30 45 -900.0
30 46 -602.599
30 47 -5190460.0
30 48 -5190430.0
30 49 -5189980.0
30 50 -5185000.0
30 51 -5187720.0
31 52 14826.5
31 2 -5184070.0
31 3 -5189180.0
31 4 -5186640.0
31 5 -5193440.0
31 6 -5188500.0
31 7 -858.375
31 8 -5186730.0
31 9 -5187880.0
31 10 -5187850.0
31 11 -5185720.0
31 12 -5187500.0
31 13 -5186180.0
31 14 -5184470.0
31 15 -5189870.0
31 16 -5187000.0
31 17 -5186820.0
31 18 -5188820.0
31 19 -5191620.0
31 20 -5185940.0
31 21 -5186440.0
31 22 -5186630.0
31 23 -5183310.0
31 25 -5187740.0
31 26 -0.523466
31 27 -5186520.0
31 28 -5189100.0
31 29 -5190870.0
31 30 -5190500.0
31 32 -5189890.0
31 33 -5191870.0
31 34 -5186660.0
31 35 -5188140.0
31 37 -5190500.0
31 39 -5186860.0
31 40 -5184560.0
31 41 -5191480.0
31 42 66.3989
31 43 -5185170.0
31 45 -5189870.0
31 46 -5187620.0
31 47 -705.596
31 48 -5185950.0
31 49 -5192920.0
31 50 -5187660.0
31 51 -5188280.0
32 52 11776.5
32 2 -5188620.0
32 3 -5186590.0
32 4 -5187900.0
32 5 -5192670.0
32 6 -5187100.0
32 7 -5192080.0
32 8 -5189600.0
32 9 -5194250.0
32 10 -5194640.0
32 11 -5192790.0
32 12 -5189880.0
32 13 -5191780.0
32 14 -5186150.0
32 15 -5187630.0
32 16 -5189800.0
32 17 -5187520.0
32 18 -5191550.0
32 19 -550.0
32 20 -5187410.0
32 21 -5188540.0
32 22 -5193910.0
32 23 -5189260.0
32 25 -5187600.0
32 26 -5190860.0
32 27 -5193380.0
32 28 -5194560.0
32 29 -146.977
32 30 -5187070.0
32 31 -5190720.0
32 33 -5192010.0
32 34 -5190370.0
32 35 -5192830.0
32 37 -5191970.0
32 39 -5190080.0
32 40 -5188200.0
32 41 -1180.0
32 42 -5191640.0
32 43 -5190980.0
32 45 -2980.0
32 46 -5186850.0
32 47 -5192420.0
32 48 -5192740.0
32 49 -5192710.0
32 50 -5186470.0
32 51 -5190590.0
33 52 13026.5
33 2 -5187290.0
33 3 -5186940.0
33 4 -5187410.0
33 5 -1520.0
33 6 -5188780.0
33 7 -5190400.0
33 8 -5187360.0
33 9 -5189910.0
33 10 -5191070.0
33 11 -5189570.0
33 12 -5187430.0
33 13 -5187090.0
33 14 -5188530.0
33 15 -1301.57
33 16 -5192740.0
33 17 -5188850.0
33 18 -5187490.0
33 19 -5192110.0
33 20 -5190280.0
33 21 -5190640.0
33 22 -5191250.0
33 23 -5187020.0
33 25 -5190330.0
33 26 -5191840.0
33 27 -5189530.0
33 28 -5189450.0
33 29 -5191430.0
33 30 -5189450.0
33 31 -5190790.0
33 32 -5190100.0
33 34 -5186170.0
33 35 -5187370.0
33 37 -1870.0
33 39 -5188820.0
33 40 -5190300.0
33 41 -5191270.0
33 42 -5190520.0
33 43 -5187970.0
33 45 -5190010.0
33 46 -5188390.0
33 47 -5191300.0
33 48 -5190290.0
33 49 -795.352
33 50 -5189410.0
33 51 -5186320.0
34 52 15806.5
34 2 -5184000.0
34 3 -5187430.0
34 4 -5185590.0
34 5 -5189380.0
34 6 -5187940.0
34 7 -5186480.0
34 8 -687.202
34 9 -5186480.0
34 10 -5187290.0
34 11 -5185790.0
34 12 -1180.0
34 13 -5183800.0
34 14 -5186220.0
34 15 -5187070.0
34 16 -5190080.0
34 17 -5187030.0
34 18 -970.0
34 19 -5191970.0
34 20 -5187970.0
34 21 -5188190.0
34 22 -5187330.0
34 23 -5183170.0
34 25 -5188580.0
34 26 -5188340.0
34 27 -5185890.0
34 28 -5186370.0
34 29 -5191150.0
34 30 -5189520.0
34 31 -5187150.0
34 32 -5190030.0
34 33 -5187740.0
34 35 -5184710.0
34 37 -5186370.0
34 39 -5186020.0
34 40 -5187430.0
34 41 -5191270.0
34 42 -5186600.0
34 43 -41.3989
34 45 -5189520.0
34 46 -5187200.0
34 47 -5187450.0
34 48 -5186370.0
34 49 -5188720.0
34 50 -5188080.0
34 51 -560.0
35 52 13646.5
35 2 -5185820.0
35 3 -5189460.0
35 4 -5187760.0
35 5 -5190220.0
35 6 -5190110.0
35 7 -5187110.0
35 8 -5186800.0
35 9 -1279.68
35 10 -5186590.0
35 11 -5185300.0
35 12 -5187290.0
35 13 1541.3
35 14 -5188180.0
35 15 -5188820.0
35 16 -5191830.0
35 17 -5189130.0
35 18 -5187070.0
35 19 -5194140.0
35 20 -5189930.0
35 21 -5190150.0
35 22 -5187190.0
35 23 -5184290.0
35 25 -5190680.0
35 26 -5189600.0
35 27 -5184840.0
35 28 -621.823
35 29 -5193320.0
35 30 -5191620.0
35 31 -5188340.0
35 32 -5192200.0
35 33 -5188650.0
35 34 -483.827
35 37 -5187490.0
35 39 -5188120.0
35 40 -5189180.0
35 41 -5193440.0
35 42 -5187300.0
35 43 -871.399
35 45 -5191690.0
35 46 -5189370.0
35 47 -5188150.0
35 48 -5186790.0
35 49 -5189420.0
35 50 -5190180.0
35 51 -5186460.0
36 52 12956.5
36 2 -5187290.0
36 3 -5186450.0
36 4 -5186920.0
36 5 -5192740.0
36 6 -5186260.0
36 7 -5190680.0
36 8 -5188620.0
36 9 -5192990.0
36 10 -5193380.0
36 11 -5191460.0
36 12 -5188970.0
36 13 -5190730.0
36 14 -5184610.0
36 15 -5187700.0
36 16 -5188120.0
36 17 -5186330.0
36 18 -5190640.0
36 19 -1310.0
36 20 -5185800.0
36 21 -5187000.0
36 22 -5192510.0
36 23 -5188000.0
36 25 -5186200.0
36 26 -5189250.0
36 27 -5192120.0
36 28 -5193510.0
36 29 -496.977
36 30 -5186790.0
36 31 -5189180.0
36 32 422.383
36 33 -5191800.0
36 34 -5189460.0
36 35 -5191920.0
36 37 -5191480.0
36 39 -5188890.0
36 40 -5186590.0
36 41 -1730.0
36 42 -5190170.0
36 43 -5189720.0
36 45 -2220.0
36 46 -5185870.0
36 47 -5190880.0
36 48 -5191410.0
36 49 -5192640.0
36 50 -5185210.0
36 51 -5189820.0
37 52 14556.5
37 2 -5185750.0
37 3 -5186590.0
37 4 -5186150.0
37 5 -5187140.0
37 6 -5188010.0
37 7 -5188720.0
37 8 -5185820.0
37 9 -5188370.0
37 10 -5189390.0
37 11 -5187960.0
37 12 -2080.0
37 13 -5185550.0
37 14 -5187270.0
37 15 -5185530.0
37 16 -5191410.0
37 17 -5187730.0
37 18 -1870.0
37 19 -5191760.0
37 20 -5189090.0
37 21 -5189310.0
37 22 -5189570.0
37 23 -5185340.0
37 25 -5189210.0
37 26 -5190230.0
37 27 -5187920.0
37 28 -5187980.0
37 29 -5191010.0
37 30 -5189030.0
37 31 -5189110.0
37 32 -5189750.0
37 33 -1564.97
37 34 -553.827
37 35 -5185900.0
37 39 -5187350.0
37 40 -5188900.0
37 41 -5190920.0
37 42 -5188770.0
37 43 -5186220.0
37 45 -5189380.0
37 46 -5187480.0
37 47 -5189620.0
37 48 -5188610.0
37 49 -2595.35
37 50 -5188500.0
37 51 -770.0
38 52 13306.5
38 2 -5185680.0
38 3 -5190090.0
38 4 -5187830.0
38 5 -5194980.0
38 6 -5189270.0
38 7 -5186480.0
38 8 -5188270.0
38 9 -5189560.0
38 10 -5189460.0
38 11 -5187330.0
38 12 -5188970.0
38 13 -5187930.0
38 14 -5184750.0
38 15 -5191060.0
38 16 -2630.0
38 17 -5187660.0
38 18 -5190430.0
38 19 -5191760.0
38 20 -5186010.0
38 21 -5186790.0
38 22 -5188170.0
38 23 -5185130.0
38 25 -5188160.0
38 26 -0.523466
38 27 -5188130.0
38 28 -5190920.0
38 29 -5190940.0
38 30 -5191200.0
38 31 -553.827
38 32 -5189960.0
38 33 -5193410.0
38 34 -5188410.0
38 35 -5189960.0
38 37 -5192180.0
38 39 -5188330.0
38 41 -5191760.0
38 42 -5185410.0
38 43 -5186990.0
38 45 -5190430.0
38 46 -5188390.0
38 47 -5186190.0
38 48 -5187700.0
38 49 -5194460.0
38 50 -5188150.0
38 51 -5189960.0
39 52 18096.5
39 2 1539.63
39 3 -5186310.0
39 4 168.944
39 5 -5190430.0
39 6 -5186120.0
39 7 -5186200.0
39 8 212.798
39 9 -5187880.0
39 10 -5188340.0
39 11 -5186560.0
39 12 -420.0
39 13 -5185550.0
39 14 -5183910.0
39 15 -5186790.0
39 16 -5187840.0
39 17 -5184860.0
39 18 -5186090.0
39 19 -5190010.0
39 20 -5185730.0
39 21 -5185950.0
39 22 -5187750.0
39 23 -5183030.0
39 25 -5186340.0
39 26 -5186730.0
39 27 -5187080.0
39 28 -5188330.0
39 29 -5189190.0
39 30 -5187980.0
39 31 -5185820.0
39 32 -5188210.0
39 33 -5188860.0
39 34 -5184490.0
39 35 -5186880.0
39 37 -5187700.0
39 40 -5185330.0
39 41 -5189450.0
39 42 -5186040.0
39 43 -5184680.0
39 45 -5187700.0
39 46 -5185310.0
39 47 -5186820.0
39 48 -5186580.0
39 49 -5189910.0
39 50 -5185910.0
39 51 -5185480.0
40 52 15036.5
40 2 -5184490.0
40 3 -5187920.0
40 4 -5185870.0
40 5 -5193230.0
40 6 -5187030.0
40 7 -5186830.0
40 8 -5186800.0
40 9 -5189700.0
40 10 -5189810.0
40 11 -5187750.0
40 12 -5187430.0
40 13 -5187790.0
40 14 1426.25
40 15 -5188960.0
40 16 -900.0
40 17 -5185490.0
40 18 -5189100.0
40 19 -5189520.0
40 20 172.771
40 21 -550.0
40 22 -5188730.0
40 23 -5184710.0
40 25 -5185850.0
40 26 -5184980.0
40 27 -5188550.0
40 28 -5190640.0
40 29 -5188770.0
40 30 -5188890.0
40 31 -5184980.0
40 32 -5187790.0
40 33 -5191800.0
40 34 -5187360.0
40 35 -5189400.0
40 37 -5190710.0
40 39 -5186790.0
40 41 -5189450.0
40 42 -5186110.0
40 43 -5186570.0
40 45 -5188190.0
40 46 -5186220.0
40 47 -5186820.0
40 48 -5187770.0
40 49 -5192780.0
40 50 -5185840.0
40 51 -5188490.0
41 52 12816.5
41 2 -5187710.0
41 3 -5185540.0
41 4 -5186920.0
41 5 -5191690.0
41 6 -5186120.0
41 7 -5191310.0
41 8 -5188620.0
41 9 -5193270.0
41 10 -5193730.0
41 11 -5191880.0
41 12 -5188900.0
41 13 -5190800.0
41 14 -5185520.0
41 15 -5186650.0
41 16 -5189380.0
41 17 -5186680.0
41 18 -5190500.0
41 19 -1040.0
41 20 -5186920.0
41 21 -5187910.0
41 22 -5193070.0
41 23 -5188420.0
41 25 -5186900.0
41 26 -5190300.0
41 27 -5192470.0
41 28 -5193510.0
41 29 -356.977
41 30 -5185950.0
41 31 -5190090.0
41 32 1042.38
41 33 -5190960.0
41 34 -5189390.0
41 35 -5191850.0
41 37 -5190920.0
41 39 -5189100.0
41 40 -5187640.0
41 42 -5190940.0
41 43 -5190070.0
41 45 -1940.0
41 46 -5185870.0
41 47 -5191650.0
41 48 -5191900.0
41 49 -5191660.0
41 50 -5185700.0
41 51 -5189540.0
42 52 14346.5
42 2 -5184420.0
42 3 -5189810.0
42 4 -5187270.0
42 5 -5193440.0
42 6 -5189410.0
42 7 321.625
42 8 -5186940.0
42 9 -5186620.0
42 10 -5186590.0
42 11 -5184390.0
42 12 -5187710.0
42 13 -5185130.0
42 14 -5185660.0
42 15 -5190290.0
42 16 -5188400.0
42 17 -5187730.0
42 18 -5188680.0
42 19 -5192810.0
42 20 -5187200.0
42 21 -5187630.0
42 22 -1294.39
42 23 -5182890.0
42 25 -5188790.0
42 26 -5185260.0
42 27 -5185260.0
42 28 -5188120.0
42 29 -5191990.0
42 30 -5191340.0
42 31 -133.827
42 32 -5191010.0
42 33 -5191800.0
42 34 -5186310.0
42 35 -5187300.0
42 37 -5190360.0
42 39 -5187280.0
42 40 -5185890.0
42 41 -5192530.0
42 43 -5184470.0
42 45 -5190850.0
42 46 -5188530.0
42 47 544.404
42 48 -960.0
42 49 -5192780.0
42 50 -5188710.0
42 51 -5188210.0
43 52 15456.5
43 3 -5188620.0
43 4 -5186220.0
43 5 -5191270.0
43 6 -5188640.0
43 7 -718.375
43 8 -5185400.0
43 9 -5185430.0
43 10 -5185820.0
43 11 -5184110.0
43 12 -5186170.0
43 13 -5183310.0
43 14 -5185940.0
43 15 -5188680.0
43 16 -5189380.0
43 17 -5187310.0
43 18 -5186650.0
43 19 -5192530.0
43 20 -5187690.0
43 21 -5187910.0
43 22 -1574.39
43 23 2300.0
43 25 -5188720.0
43 26 -5187010.0
43 27 -5184560.0
43 28 -5186230.0
43 29 -5191710.0
43 30 -5190430.0
43 31 -5185750.0
43 32 -5190730.0
43 33 -5189630.0
43 34 -133.827
43 35 -5185130.0
43 37 -5188190.0
43 39 -5186300.0
43 40 -5186730.0
43 41 -5192040.0
43 42 -5184850.0
43 45 -5190220.0
43 46 -5187830.0
43 47 -5185700.0
43 48 -480.0
43 49 -5190610.0
43 50 -5188430.0
43 51 -5186250.0
44 52 14206.5
44 2 -5186520.0
44 3 -266.345
44 4 -5185800.0
44 5 -5187350.0
44 6 -5186470.0
44 7 -5190120.0
44 8 -5186660.0
44 9 -5190820.0
44 10 -5191630.0
44 11 -5189990.0
44 12 -5186660.0
44 13 -5188070.0
44 14 -5186640.0
44 15 1268.43
44 16 -5190920.0
44 17 -5186960.0
44 18 -5187560.0
44 19 -5189380.0
44 20 -5188320.0
44 21 -5188820.0
44 22 -5191390.0
44 23 -5186810.0
44 25 -5188160.0
44 26 -5190650.0
44 27 -5190230.0
44 28 -5190640.0
44 29 -5188700.0
44 30 -2910.0
44 31 -5189880.0
44 32 -5187300.0
44 33 -2674.97
44 34 -5186590.0
44 35 -5188630.0
44 37 -3120.0
44 39 -5187840.0
44 40 -5188620.0
44 41 -5188470.0
44 42 -5190100.0
44 43 -5188040.0
44 45 -5187420.0
44 46 -5186150.0
44 47 -5190880.0
44 48 -5190290.0
44 49 -5187320.0
44 50 -5187100.0
44 51 -5186390.0
45 52 14626.5
45 2 -5185960.0
45 3 -476.345
45 4 -5185100.0
45 5 -5190710.0
45 6 -301.209
45 7 -5189560.0
45 8 -5186870.0
45 9 -5191450.0
45 10 -5191910.0
45 11 -5190130.0
45 12 -5187080.0
45 13 -5189050.0
45 14 -5184190.0
45 15 -5185810.0
45 16 -5188330.0
45 17 -5185000.0
45 18 -5188750.0
45 19 -5186580.0
45 20 -5185660.0
45 21 -5186510.0
45 22 -5191250.0
45 23 -5186600.0
45 25 -5185500.0
45 26 -5188900.0
45 27 -5190650.0
45 28 -5191760.0
45 29 -5185760.0
45 30 -900.0
45 31 -5188480.0
45 32 -5184640.0
45 33 -5189700.0
45 34 -5187640.0
45 35 -5190100.0
45 37 -5189380.0
45 39 -5187350.0
45 40 -5186380.0
45 41 -1940.0
45 42 -5189260.0
45 43 -5188250.0
45 46 -112.599
45 47 -5189970.0
45 48 -5190080.0
45 49 -5190540.0
45 50 -293.005
45 51 -5187860.0
46 2 -5184770.0
46 3 -5184630.0
46 4 -5183980.0
46 5 -5190430.0
46 6 188.791
46 7 -5188440.0
46 8 -5185680.0
46 9 -5190330.0
46 10 -5190720.0
46 11 -5188940.0
46 12 -5186030.0
46 13 -5187860.0
46 14 -5183490.0
46 15 -5185810.0
46 16 -5187700.0
46 17 53.1859
46 18 -5187700.0
46 19 -5187630.0
46 20 -5185100.0
46 21 -5185670.0
46 22 -5190130.0
46 23 -5185410.0
46 25 -1004.12
46 26 -5187920.0
46 27 -5189460.0
46 28 -5190640.0
46 29 -5186880.0
46 30 -5185740.0
46 31 -5187430.0
46 32 -5185830.0
46 33 -5189280.0
46 34 -5186520.0
46 35 -5188980.0
46 37 -5188680.0
46 39 -5186160.0
46 40 -5185610.0
46 41 -5187070.0
46 42 -5188140.0
46 43 -5187060.0
46 45 -1310.0
46 47 -5188850.0
46 48 -5188890.0
46 49 -5190190.0
46 50 46.9946
46 51 -5186880.0
47 52 14416.5
47 2 -5184280.0
47 3 -5189740.0
47 4 -5187200.0
47 5 -5193370.0
47 6 -5189270.0
47 7 321.625
47 8 -5186870.0
47 9 -5186690.0
47 10 -5186660.0
47 11 -5184530.0
47 12 -5187640.0
47 13 -5185200.0
47 14 -5185520.0
47 15 -5190220.0
47 16 -5188260.0
47 17 -5187660.0
47 18 -5188680.0
47 19 -5192670.0
47 20 -5187060.0
47 21 -5187490.0
47 22 -1434.39
47 23 -5182890.0
47 25 -5188720.0
47 26 -5185120.0
47 27 -5185330.0
47 28 -5188190.0
47 29 -5191850.0
47 30 -5191200.0
47 31 -63.8267
47 32 -5190940.0
47 33 -5191730.0
47 34 -5186310.0
47 35 -5187300.0
47 37 -5190360.0
47 39 -5187210.0
47 40 -5185750.0
47 41 -5192390.0
47 42 1386.4
47 43 -5184470.0
47 45 -5190710.0
47 46 -5188390.0
47 48 -1030.0
47 49 -5192780.0
47 50 -5188570.0
47 51 -5188210.0
48 52 14896.5
48 2 -5184000.0
48 3 -5189390.0
48 4 -5186850.0
48 5 -5192320.0
48 6 -5189200.0
48 7 181.625
48 8 -5186170.0
48 9 -5185430.0
48 10 -5185470.0
48 11 388.457
48 12 -5186940.0
48 13 -5183730.0
48 14 -5186080.0
48 15 -5189520.0
48 16 -5189170.0
48 17 -5187730.0
48 18 -5187630.0
48 19 -5192950.0
48 20 -5187690.0
48 21 -5187980.0
48 22 -674.386
48 23 2020.0
48 25 -5189000.0
48 26 -5186450.0
48 27 -5184280.0
48 28 -5186720.0
48 29 -5192130.0
48 30 -5191060.0
48 31 -5185190.0
48 32 -5191150.0
48 33 -5190610.0
48 34 -5185120.0
48 35 -5185830.0
48 37 -5189240.0
48 39 -5186860.0
48 40 -5186590.0
48 41 -5192530.0
48 42 -3.60108
48 43 858.601
48 45 -5190710.0
48 46 -5188320.0
48 47 -5184860.0
48 49 -5191590.0
48 50 -5188780.0
48 51 -5187230.0
49 52 12126.5
49 2 -5188200.0
49 3 -5187570.0
49 4 -5188250.0
49 5 -760.0
49 6 -5189620.0
49 7 -5191310.0
49 8 -5188270.0
49 9 -5190610.0
49 10 -5191770.0
49 11 -5190410.0
49 12 -5188340.0
49 13 -5187790.0
49 14 -5189370.0
49 15 -1791.57
49 16 -5193650.0
49 17 -5189690.0
49 18 -5188400.0
49 19 -5192740.0
49 20 -5191190.0
49 21 -5191480.0
49 22 -5192020.0
49 23 -5187930.0
49 25 -5191170.0
49 26 -5192680.0
49 27 -5190230.0
49 28 -5190150.0
49 29 -5192060.0
49 30 -5190150.0
49 31 -5191700.0
49 32 -5190660.0
49 33 -664.973
49 34 -5187010.0
49 35 -5188000.0
49 37 -2770.0
49 39 -5189730.0
49 40 -5191140.0
49 41 -5191830.0
49 42 -5191360.0
49 43 -5188810.0
49 45 -5190710.0
49 46 -5189160.0
49 47 -5192210.0
49 48 -5191130.0
49 50 -5190180.0
49 51 -5187230.0
50 52 15316.5
50 2 -5185120.0
50 3 -5185330.0
50 4 -5184750.0
50 5 -5191340.0
50 6 -511.209
50 7 -5188650.0
50 8 -5186380.0
50 9 -5190820.0
50 10 -5191140.0
50 11 -5189290.0
50 12 -5186800.0
50 13 -5188490.0
50 14 -5182930.0
50 15 -5186650.0
50 16 -5187140.0
50 17 -86.8141
50 18 -5188540.0
50 19 -5187140.0
50 20 -5184470.0
50 21 -5185320.0
50 22 -5190410.0
50 23 -5185830.0
50 25 -314.125
50 26 -5187710.0
50 27 -5189950.0
50 28 -5191270.0
50 29 -5186320.0
50 30 -5186090.0
50 31 -5187360.0
50 32 -5185340.0
50 33 -5190190.0
50 34 -5187290.0
50 35 -5189680.0
50 37 -5189590.0
50 39 -5186650.0
50 40 -5185120.0
50 41 -5186790.0
50 42 -5188210.0
50 43 -5187550.0
50 45 -1380.0
50 46 157.401
50 47 -5188920.0
50 48 -5189240.0
50 49 -5191100.0
50 51 -5187720.0
51 52 16076.5
51 2 -5184280.0
51 3 -5186310.0
51 4 -5184960.0
51 5 -5188470.0
51 6 -5187170.0
51 7 -5187460.0
51 8 -477.202
51 9 -5187670.0
51 10 -5188480.0
51 11 -5186910.0
51 12 -690.0
51 13 -5184920.0
51 14 -5186010.0
51 15 -5185880.0
51 16 -5190080.0
51 17 -5186540.0
51 18 -480.0
51 19 -5191130.0
51 20 -5187760.0
51 21 -5188050.0
51 22 -5188450.0
51 23 -5184010.0
51 25 -5188090.0
51 26 -5188760.0
51 27 -5187080.0
51 28 -5187560.0
51 29 -5190310.0
51 30 -5188540.0
51 31 -5187710.0
51 32 -5189190.0
51 33 -5186830.0
51 34 496.173
51 35 -5185690.0
51 37 -1590.0
51 39 -5185950.0
51 40 -5187500.0
51 41 -5190360.0
51 42 -5187440.0
51 43 -5185100.0
51 45 -5188680.0
51 46 -5186500.0
51 47 -5188290.0
51 48 -5187420.0
51 49 -5187880.0
51 50 -5187450.0
52 2 0
52 3 0
52 4 0
52 5 0
52 6 0
52 7 0
52 8 0
52 9 0
52 10 0
52 11 0
52 12 0
52 13 0
52 14 0
52 15 0
52 16 0
52 17 0
52 18 0
52 19 0
52 20 0
52 21 0
52 22 0
52 23 0
52 24 0
52 25 0
52 26 0
52 27 0
52 28 0
52 29 0
52 30 0
52 31 0
52 32 0
52 33 0
52 34 0
52 35 0
52 36 0
52 37 0
52 38 0
52 39 0
52 40 0
52 41 0
52 42 0
52 43 0
52 44 0
52 45 0
52 46 0
52 47 0
52 48 0
52 49 0
52 50 0
52 51 0
2 1 0
3 1 0
4 1 0
5 1 0
6 1 0
7 1 0
8 1 0
9 1 0
10 1 0
11 1 0
12 1 0
13 1 0
14 1 0
15 1 0
16 1 0
17 1 0
18 1 0
19 1 0
20 1 0
21 1 0
22 1 0
23 1 0
24 1 0
25 1 0
26 1 0
27 1 0
28 1 0
29 1 0
30 1 0
31 1 0
32 1 0
33 1 0
34 1 0
35 1 0
36 1 0
37 1 0
38 1 0
39 1 0
40 1 0
41 1 0
42 1 0
43 1 0
44 1 0
45 1 0
46 1 0
47 1 0
48 1 0
49 1 0
50 1 0
51 1 0
52 1 0
