52 2410
1
2
3
4
5
6
7
8
9
10
11
12
13
14
15
16
17
18
19
20
21
22
23
24
25
26
27
28
29
30
31
32
33
34
35
36
37
38
39
40
41
42
43
44
45
46
47
48
49
50
51
52
1 52 -0.0
1 2 -12221.6
1 3 -26320.0
1 4 -24450.0
1 5 -22857.6
1 6 -23912.6
1 7 -25210.0
1 8 -21265.0
1 9 -23362.6
1 10 14420.4
1 11 -21752.5
1 12 -21587.4
1 13 -16077.7
1 14 -22517.8
1 15 -23834.7
1 16 -20935.1
1 18 -19172.6
1 19 -20842.2
1 20 -22227.9
1 21 -17742.9
1 22 -24450.0
1 23 -23282.6
1 24 -24730.0
1 25 -22379.6
1 26 4115.65
1 27 -21894.5
1 28 -21243.2
1 30 -19932.8
1 31 -8417.74
1 32 -12455.1
1 33 -21312.7
1 34 -20432.6
1 35 -22920.0
1 36 -20189.6
1 37 -24380.0
1 38 -20437.6
1 39 -20697.9
1 40 -21727.5
1 41 -20177.3
1 42 -20260.2
1 43 -20685.0
1 44 -21195.1
1 45 -23750.0
1 46 -21120.0
1 47 -12264.8
1 48 -20349.8
1 49 -19877.6
1 50 -22570.0
1 51 -22283.1
2 52 -50659.8
2 3 -4990.0
2 4 -1110.0
2 5 -6807.61
2 6 -7652.63
2 7 -5060.0
2 8 -5695.0
2 9 -6962.55
2 10 30680.4
2 11 -4182.47
2 12 -5397.45
2 13 112.34
2 14 -2097.76
2 15 275.304
2 16 -5025.11
2 18 -3122.55
2 19 907.759
2 20 -2977.94
2 21 -2452.92
2 23 -7022.55
2 24 -6310.0
2 25 -7019.6
2 26 26765.6
2 27 -4044.46
2 28 -2693.17
2 30 2927.18
2 31 8182.26
2 32 10544.9
2 33 -4982.71
2 34 -3622.55
2 35 -6450.0
2 36 1070.37
2 37 -6870.0
2 38 -3687.55
2 39 -4577.94
2 40 642.471
2 41 -3297.32
2 42 -1500.23
2 43 -4435.0
2 44 -5.10691
2 45 -6730.0
2 46 -4590.0
2 47 4275.17
2 48 -4509.83
2 49 -4037.55
2 50 -5340.0
2 51 -6863.1
3 17 -2560.0
4 52 -50449.8
4 2 11328.4
4 3 -5900.0
4 5 -6947.61
4 6 -7862.63
4 7 -5900.0
4 8 -5275.0
4 9 -6192.55
4 10 31380.4
4 11 -4662.47
4 12 -4837.45
4 13 42.3396
4 14 -2997.76
4 15 -694.696
4 16 -4535.11
4 18 -2642.55
4 19 1117.76
4 20 -2007.94
4 21 -2242.92
4 23 -6262.55
4 24 -6940.0
4 25 -6819.6
4 26 27665.6
4 27 -4524.46
4 28 -1863.17
4 30 1957.18
4 31 8882.26
4 32 11444.9
4 33 -4292.71
4 34 -2992.55
4 35 -5760.0
4 36 2110.37
4 37 -7420.0
4 38 -3067.55
4 39 -4647.94
4 40 -187.529
4 41 -3577.32
4 42 -1920.23
4 43 -4155.0
4 44 -975.107
4 45 -5960.0
4 46 -4100.0
4 47 5035.17
4 48 -4579.83
4 49 -3547.55
4 50 -5620.0
4 51 -6653.1
5 52 -49889.8
5 2 4598.44
5 3 -6940.0
5 4 -7980.0
5 6 -22.6275
5 7 -5410.0
5 8 -3405.0
5 9 -5642.55
5 10 32350.4
5 11 -502.471
5 12 -4767.45
5 13 3722.34
5 14 -2927.76
5 15 -6944.7
5 16 -3285.11
5 18 -2432.55
5 19 -4302.24
5 20 -6177.94
5 21 2967.08
5 23 -5082.55
5 24 -3740.0
5 25 -569.597
5 26 20305.6
5 27 -984.457
5 28 -5053.17
5 30 -2352.82
5 31 9362.26
5 32 3804.91
5 33 -4082.71
5 34 -3692.55
5 35 -5830.0
5 36 -4069.63
5 37 -2430.0
5 38 -3967.55
5 39 -547.94
5 40 -4287.53
5 41 1982.68
5 42 -1360.23
5 43 -4505.0
5 44 -1805.11
5 45 -6380.0
5 46 -4790.0
5 47 5175.17
5 48 3200.17
5 49 -2717.55
5 50 -2700.0
5 51 -1303.1
6 52 -51069.8
6 2 3628.44
6 3 -7290.0
6 4 -9020.0
6 5 -147.611
6 7 -5830.0
6 8 -4515.0
6 9 -6612.55
6 10 31380.4
6 11 -1122.47
6 12 -5877.45
6 13 2612.34
6 14 -3277.76
6 15 -7854.7
6 16 -4265.11
6 18 -3612.55
6 19 -5342.24
6 20 -7287.94
6 21 2197.08
6 23 -5982.55
6 24 -3950.0
6 25 -1189.6
6 26 19195.6
6 27 -1404.46
6 28 -6233.17
6 30 -3252.82
6 31 8392.26
6 32 2694.91
6 33 -5192.71
6 34 -4802.55
6 35 -6940.0
6 36 -5179.63
6 37 -2700.0
6 38 -5147.55
6 39 -1657.94
6 40 -5187.53
6 41 1492.68
6 42 -2130.23
6 43 -5685.0
6 44 -2225.11
6 45 -7420.0
6 46 -5970.0
6 47 4135.17
6 48 3960.17
6 49 -3827.55
6 50 -3540.0
6 51 -2003.1
7 52 -51209.8
7 2 7378.44
7 3 -1590.0
7 4 -5900.0
7 5 -4377.61
7 6 -4672.63
7 8 -6455.0
7 9 -8692.55
7 10 29160.4
7 11 -1052.47
7 12 -6787.45
7 13 1572.34
7 14 2352.24
7 15 -4034.7
7 16 -6065.11
7 18 -4372.55
7 19 -2632.24
7 20 -6377.94
7 21 -1612.92
7 23 -8482.55
7 24 -2010.0
7 25 -5699.6
7 26 21835.6
7 27 -704.457
7 28 -5743.17
7 30 1187.18
7 31 6382.26
7 32 5614.91
7 33 -6512.71
7 34 -5562.55
7 35 -8190.0
7 36 -3099.63
7 37 -3260.0
7 38 -5497.55
7 39 -3187.94
7 40 -1027.53
7 41 -377.323
7 42 509.77
7 43 -5615.0
7 44 3534.89
7 45 -8950.0
7 46 -6180.0
7 47 2465.17
7 48 -1799.83
7 49 -5147.55
7 50 -3260.0
7 51 -6023.1
8 52 -48229.8
8 2 5778.44
8 3 -8540.0
8 4 -6240.0
8 5 -3337.61
8 6 -4322.63
8 7 -7420.0
8 9 -1472.55
8 10 36380.4
8 11 -3342.47
8 12 -747.447
8 13 2472.34
8 14 -4797.76
8 15 -5904.7
8 16 1084.89
8 18 767.447
8 19 -2842.24
8 20 -2977.94
8 21 3377.08
8 23 -1192.55
8 24 -6590.0
8 25 -1609.6
8 26 23015.6
8 27 -3624.46
8 28 -1653.17
8 30 -2212.82
8 31 13532.3
8 32 6094.91
8 33 157.29
8 34 337.447
8 35 -1590.0
8 36 -1359.63
8 37 -5830.0
8 38 -427.553
8 39 -1867.94
8 40 -4007.53
8 41 -1417.32
8 42 -2470.23
8 43 -2285.0
8 44 -3475.11
8 45 -2080.0
8 46 -1670.0
8 47 9415.17
8 48 0.172697
8 49 1242.45
8 50 -4370.0
8 51 -1163.1
9 52 -50659.8
9 2 4178.44
9 3 -10970.0
9 4 -7490.0
9 5 -5907.61
9 6 -6752.63
9 7 -9990.0
9 8 -1805.0
9 10 38600.4
9 11 -6052.47
9 12 -2337.45
9 13 -167.66
9 14 -7297.76
9 15 -7574.7
9 16 -515.107
9 18 -1182.55
9 19 -4442.24
9 20 -3537.94
9 21 1297.08
9 23 1097.45
9 24 -9300.0
9 25 -3689.6
9 26 22805.6
9 27 -6334.46
9 28 -2203.17
9 30 -4222.82
9 31 16172.3
9 32 5334.91
9 33 -402.71
9 34 -422.553
9 35 -1940.0
9 36 -2129.63
9 37 -8540.0
9 38 -1677.55
9 39 -4577.94
9 40 -6027.53
9 41 -4057.32
9 42 -5040.23
9 43 -4435.0
9 44 -5905.11
9 45 350.0
9 46 -3470.0
9 47 11355.2
9 48 -2079.83
9 49 -837.553
9 50 -7010.0
9 51 -3043.1
10 52 -50659.8
10 2 4038.44
10 3 -11100.0
10 4 -7700.0
10 5 -5697.61
10 6 -6542.63
10 7 -9920.0
10 8 -1735.0
10 9 817.447
10 11 -5912.47
10 12 -2407.45
10 13 -97.6604
10 14 -7297.76
10 15 -7714.7
10 16 -445.107
10 18 -1252.55
10 19 -4582.24
10 20 -3817.94
10 21 1647.08
10 23 1307.45
10 24 -9160.0
10 25 -3339.6
10 26 22525.6
10 27 -6194.46
10 28 -2483.17
10 30 -4292.82
10 31 15892.3
10 32 5124.91
10 33 -472.71
10 34 -562.553
10 35 -2010.0
10 36 -2399.63
10 37 -8400.0
10 38 -1817.55
10 39 -4437.94
10 40 -6097.53
10 41 -3917.32
10 42 -4970.23
10 43 -4505.0
10 44 -5905.11
10 45 -60.0
10 46 -3540.0
10 47 11075.2
10 48 -1799.83
10 49 -837.553
10 50 -6940.0
10 51 -2763.1
11 52 -49679.8
11 2 6328.44
11 3 -4510.0
11 4 -6590.0
11 5 -1397.61
11 6 -1892.63
11 7 -2980.0
11 8 -4305.0
11 9 -6682.55
11 10 31240.4
11 12 -5187.45
11 13 3932.34
11 14 -497.759
11 15 -5214.7
11 16 -4125.11
11 18 -2772.55
11 19 -2982.24
11 20 -5757.94
11 21 1087.08
11 23 -6332.55
11 24 -1450.0
11 25 -2789.6
11 26 21345.6
11 27 1445.54
11 28 -4843.17
11 30 -402.817
11 31 8322.26
11 32 4984.91
11 33 -4772.71
11 34 -4102.55
11 35 -6450.0
11 36 -3169.63
11 37 -900.0
11 38 -4107.55
11 39 -687.94
11 40 -2347.53
11 41 2602.68
11 42 719.77
11 43 -4295.0
11 44 624.893
11 45 -7280.0
11 46 -4790.0
11 47 4275.17
11 48 980.173
11 49 -3337.55
11 50 -1180.0
11 51 -3253.1
12 52 -48019.8
12 2 6608.44
12 3 -8330.0
12 4 -5270.0
12 5 -4167.61
12 6 -5152.63
12 7 -7220.0
12 8 -215.0
12 9 -1472.55
12 10 36240.4
12 11 -3692.47
12 13 2062.34
12 14 -4657.76
12 15 -5074.7
12 16 664.893
12 18 1457.45
12 19 -1942.24
12 20 -1797.94
12 21 2267.08
12 23 -1402.55
12 24 -6800.0
12 25 -2719.6
12 26 24195.6
12 27 -3834.46
12 28 -473.17
12 30 -1582.82
12 31 13532.3
12 32 7204.91
12 33 637.29
12 34 1377.45
12 35 -970.0
12 36 -249.634
12 37 -6310.0
12 38 752.447
12 39 -2347.94
12 40 -3387.53
12 41 -1837.32
12 42 -2400.23
12 43 -1725.0
12 44 -3195.11
12 45 -1800.0
12 46 -700.0
12 47 9685.17
12 48 -1109.83
12 49 1452.45
12 50 -4510.0
12 51 -2273.1
13 52 -47949.8
13 2 6678.44
13 3 -5690.0
13 4 -5830.0
13 5 -1117.61
13 6 -2102.63
13 7 -4300.0
13 8 -2435.0
13 9 -4742.55
13 10 33110.4
13 11 -12.4712
13 12 -3377.45
13 14 -1747.76
13 15 -4864.7
13 16 -2245.11
13 18 -902.553
13 19 -2222.24
13 20 -4297.94
13 21 2617.08
13 23 -4522.55
13 24 -3260.0
13 25 -1609.6
13 26 22385.6
13 27 -294.457
13 28 -3313.17
13 30 -472.817
13 31 10132.3
13 32 5884.91
13 33 -2902.71
13 34 -2232.55
13 35 -4580.0
13 36 -1989.63
13 37 -2630.0
13 38 -2437.55
13 39 1052.06
13 40 -2277.53
13 41 1772.68
13 42 369.77
13 43 -2695.0
13 44 -625.107
13 45 -5340.0
13 46 -3060.0
13 47 6215.17
13 48 1180.17
13 49 -1397.55
13 50 -1110.0
13 51 -1793.1
14 52 -51279.8
14 2 7578.44
14 3 -1380.0
14 4 -5760.0
14 5 -4657.61
14 6 -4882.63
14 7 -410.0
14 8 -6595.0
14 9 -8762.55
14 10 29020.4
14 11 -1332.47
14 12 -6987.45
14 13 1362.34
14 15 -3894.7
14 16 -6205.11
14 18 -4442.55
14 19 -2562.24
14 20 -6247.94
14 21 -1822.92
14 23 -8622.55
14 24 -2290.0
14 25 -5909.6
14 26 21975.6
14 27 -914.457
14 28 -5743.17
14 30 1397.18
14 31 6242.26
14 32 5814.91
14 33 -6652.71
14 34 -5632.55
14 35 -8260.0
14 36 -3029.63
14 37 -3540.0
14 38 -5567.55
14 39 -3327.94
14 40 -887.529
14 41 -657.323
14 42 369.77
14 43 -5685.0
14 44 3814.89
14 45 -9020.0
14 46 -6250.0
14 47 2395.17
14 48 -2079.83
14 49 -5217.55
14 50 -3470.0
14 51 -6233.1
15 52 -50519.8
15 2 12028.4
15 3 -4650.0
15 4 -1380.0
15 5 -6597.61
15 6 -7382.63
15 7 -4720.0
15 8 -5625.0
15 9 -6962.55
15 10 30680.4
15 11 -3972.47
15 12 -5327.45
15 13 322.34
15 14 -1817.76
15 16 -5025.11
15 18 -3052.55
15 19 907.759
15 20 -3047.94
15 21 -2312.92
15 23 -7022.55
15 24 -5970.0
15 25 -6819.6
15 26 26485.6
15 27 -3764.46
15 28 -2763.17
15 30 3207.18
15 31 8112.26
15 32 10264.9
15 33 -4982.71
15 34 -3622.55
15 35 -6450.0
15 36 860.366
15 37 -6660.0
15 38 -3687.55
15 39 -4437.94
15 40 922.471
15 41 -3017.32
15 42 -1220.23
15 43 -4365.0
15 44 274.893
15 45 -6800.0
15 46 -4590.0
15 47 4275.17
15 48 -4299.83
15 49 -3967.55
15 50 -5130.0
15 51 -6723.1
16 52 -48639.8
16 2 5708.44
16 3 -8950.0
16 4 -6240.0
16 5 -3957.61
16 6 -4812.63
16 7 -7770.0
16 8 345.0
16 9 -922.553
16 10 36930.4
16 11 -3902.47
16 12 -607.447
16 13 1922.34
16 14 -5147.76
16 15 -6044.7
16 18 697.447
16 19 -2842.24
16 20 -2767.94
16 21 2827.08
16 23 -772.553
16 24 -7080.0
16 25 -2159.6
16 26 23295.6
16 27 -4114.46
16 28 -1373.17
16 30 -2422.82
16 31 14022.3
16 32 6234.91
16 33 707.29
16 34 687.447
16 35 -1040.0
16 36 -1219.63
16 37 -6450.0
16 38 -217.553
16 39 -2417.94
16 40 -4217.53
16 41 -1907.32
16 42 -2890.23
16 43 -2555.0
16 44 -3825.11
16 45 -1520.0
16 46 -1670.0
16 47 10035.2
16 48 -619.827
16 49 1242.45
16 50 -4790.0
16 51 -1583.1
17 52 -49889.8
17 2 8828.44
17 3 -2560.0
17 4 -4370.0
17 5 -4167.61
17 6 -4742.63
17 7 -1730.0
17 8 -5145.0
17 9 -7242.55
17 10 30540.4
17 11 -1052.47
17 12 -5467.45
17 13 2332.34
17 14 1102.24
17 15 -2644.7
17 16 -4815.11
17 18 -2982.55
17 19 -972.241
17 20 -4647.94
17 21 -852.924
17 23 -7232.55
17 24 -2770.0
17 25 -5079.6
17 26 23365.6
17 27 -774.457
17 28 -4083.17
17 30 2437.18
17 31 7702.26
17 32 7204.91
17 33 -5192.71
17 34 -4172.55
17 35 -6800.0
17 36 -1499.63
17 37 -3540.0
17 38 -4107.55
17 39 -2487.94
17 40 362.471
17 41 -307.323
17 42 1549.77
17 43 -4225.0
17 44 2634.89
17 45 -7560.0
17 46 -4790.0
17 47 3855.17
17 48 -1799.83
17 49 -3827.55
17 50 -2700.0
17 51 -5333.1
18 52 -47389.8
18 2 7098.44
18 3 -7630.0
18 4 -4860.0
18 5 -3617.61
18 6 -4672.63
18 7 -6590.0
18 8 -485.0
18 9 -2102.55
18 10 35610.4
18 11 -3062.47
18 12 -327.447
18 13 2752.34
18 14 -3897.76
18 15 -4584.7
18 16 184.893
18 19 -1522.24
18 20 -1797.94
18 21 2337.08
18 23 -2092.55
18 24 -6110.0
18 25 -2579.6
18 26 24265.6
18 27 -3204.46
18 28 -543.17
18 30 -962.817
18 31 12842.3
18 32 7414.91
18 33 -52.7097
18 34 757.447
18 35 -1660.0
18 36 -109.634
18 37 -5620.0
18 38 612.447
18 39 -1727.94
18 40 -2827.53
18 41 -1217.32
18 42 -1640.23
18 43 -1105.0
18 44 -2505.11
18 45 -2490.0
18 46 -350.0
18 47 8995.17
18 48 -829.827
18 49 1242.45
18 50 -3880.0
18 51 -2203.1
19 52 -49269.8
19 2 10918.4
19 3 -5340.0
19 4 -1310.0
19 5 -5697.61
19 6 -6612.63
19 7 -5060.0
19 8 -4305.0
19 9 -5572.55
19 10 32070.4
19 11 -3482.47
19 12 -3937.45
19 13 1222.34
19 14 -2227.76
19 15 -834.696
19 16 -3565.11
19 18 -1732.55
19 20 -1727.94
19 21 -1062.92
19 23 -5632.55
19 24 -5830.0
19 25 -5699.6
19 26 26625.6
19 27 -3344.46
19 28 -1443.17
19 30 2367.18
19 31 9572.26
19 32 10334.9
19 33 -3522.71
19 34 -2232.55
19 35 -5060.0
19 36 1830.37
19 37 -6240.0
19 38 -2297.55
19 39 -3467.94
19 40 362.471
19 41 -2397.32
19 42 -810.23
19 43 -3045.0
19 44 -415.107
19 45 -5410.0
19 46 -3130.0
19 47 5665.17
19 48 -3399.83
19 49 -2577.55
19 50 -4440.0
19 51 -5543.1
20 52 -49269.8
20 2 8418.44
20 3 -7980.0
20 4 -3050.0
20 5 -6187.61
20 6 -7172.63
20 7 -7420.0
20 8 -3055.0
20 9 -3282.55
20 10 34220.4
20 11 -4872.47
20 12 -2407.45
20 13 532.34
20 14 -4527.76
20 15 -3404.7
20 16 -2105.11
20 18 -622.553
20 19 -342.241
20 21 -502.924
20 23 -3412.55
20 24 -7630.0
20 25 -5289.6
20 26 26975.6
20 27 -4874.46
20 28 986.83
20 30 -402.817
20 31 11862.3
20 32 9914.91
20 33 -1652.71
20 34 -292.553
20 35 -3050.0
20 36 2390.37
20 37 -7560.0
20 38 -637.553
20 39 -4017.94
20 40 -2277.53
20 41 -3437.32
20 42 -2680.23
20 43 -2765.0
20 44 -2915.11
20 45 -2910.0
20 46 -2090.0
20 47 7955.17
20 48 -3539.83
20 49 -1257.55
20 50 -5620.0
20 51 -4983.1
21 52 -49549.8
21 2 4178.44
21 3 -8880.0
21 4 -8050.0
21 5 -1807.61
21 6 -2452.63
21 7 -7420.0
21 8 -1465.0
21 9 -3212.55
21 10 34920.4
21 11 -2792.47
21 12 -3107.45
21 13 2682.34
21 14 -4867.76
21 15 -7434.7
21 16 -1275.11
21 18 -1252.55
21 19 -4442.24
21 20 -5267.94
21 23 -2442.55
21 24 -6040.0
21 25 750.403
21 26 20795.6
21 27 -3204.46
21 28 -3943.17
21 30 -3322.82
21 31 11862.3
21 32 4014.91
21 33 -2202.71
21 34 -2092.55
21 35 -3950.0
21 36 -3509.63
21 37 -5060.0
21 38 -2717.55
21 39 -1587.94
21 40 -5187.53
21 41 -447.323
21 42 -2820.23
21 43 -4015.0
21 44 -3685.11
21 45 -4020.0
21 46 -3750.0
21 47 7535.17
21 48 2230.17
21 49 -1117.55
21 50 -4230.0
21 51 1266.9
22 52 -50449.8
22 2 3348.44
22 3 -10340.0
22 4 -8670.0
22 5 -3477.61
22 6 -4112.63
22 7 -8950.0
22 8 -1595.0
22 9 -2032.55
22 10 36100.4
22 11 -4452.47
22 12 -3177.45
22 13 1152.34
22 14 -6397.76
22 15 -8264.7
22 16 -995.107
22 18 -1662.55
22 19 -5202.24
22 20 -5337.94
22 21 4007.08
22 23 -982.553
22 24 -7700.0
22 25 -709.597
22 26 20655.6
22 27 -4804.46
22 28 -3943.17
22 30 -4432.82
22 31 13042.3
22 32 3664.91
22 33 -1792.71
22 34 -1952.55
22 35 -3470.0
22 36 -3789.63
22 37 -6730.0
22 38 -2787.55
22 39 -3047.94
22 40 -6297.53
22 41 -2117.32
22 42 -4210.23
22 43 -4645.0
22 44 -5205.11
22 45 -2910.0
22 46 -4100.0
22 47 8505.17
22 48 980.173
22 49 -1187.55
22 50 -5760.0
22 51 -263.096
23 52 -51419.8
23 2 3278.44
23 3 -11800.0
23 4 -8400.0
23 5 -6187.61
23 6 -6962.63
23 7 -10620.0
23 8 -2365.0
23 9 257.447
23 10 38250.4
23 11 -6542.47
23 12 -3107.45
23 13 -787.66
23 14 -7997.76
23 15 -8474.7
23 16 -1205.11
23 18 -2012.55
23 19 -5342.24
23 20 -4507.94
23 21 1227.08
23 24 -9790.0
23 25 -3689.6
23 26 21835.6
23 27 -6884.46
23 28 -3113.17
23 30 -5062.82
23 31 15682.3
23 32 4364.91
23 33 -1302.71
23 34 -1332.55
23 35 -2840.0
23 36 -3099.63
23 37 -9090.0
23 38 -2577.55
23 39 -5127.94
23 40 -6927.53
23 41 -4477.32
23 42 -5740.23
23 43 -5265.0
23 44 -6665.11
23 45 -270.0
23 46 -4240.0
23 47 10385.2
23 48 -2079.83
23 49 -1537.55
23 50 -7630.0
23 51 -3113.1
24 52 -50729.8
24 2 6128.44
24 3 -3540.0
24 4 -6940.0
24 5 -2707.61
24 6 -2792.63
24 7 -2010.0
24 8 -5625.0
24 9 -8002.55
24 10 29920.4
24 11 477.529
24 12 -6367.45
24 13 2612.34
24 14 472.241
24 15 -5284.7
24 16 -5375.11
24 18 -3892.55
24 19 -3402.24
24 20 -6587.94
24 21 -232.924
24 23 -7652.55
24 25 -4109.6
24 26 20865.6
24 27 815.543
24 28 -5813.17
24 30 -332.817
24 31 7002.26
24 32 4634.91
24 33 -6022.71
24 34 -5282.55
24 35 -7700.0
24 36 -3789.63
24 37 -1380.0
24 38 -5287.55
24 39 -2007.94
24 40 -2347.53
24 41 1352.68
24 42 439.77
24 43 -5335.0
24 44 1524.89
24 45 -8530.0
24 46 -5840.0
24 47 3025.17
24 48 140.173
24 49 -4517.55
24 50 -2290.0
24 51 -4573.1
25 52 -50099.8
25 2 3698.44
25 3 -8880.0
25 4 -8540.0
25 5 -1257.61
25 6 -1752.63
25 7 -7420.0
25 8 -2365.0
25 9 -4112.55
25 10 34020.4
25 11 -2582.47
25 12 -4007.45
25 13 2542.34
25 14 -4867.76
25 15 -7854.7
25 16 -2175.11
25 18 -2082.55
25 19 -4992.24
25 20 -5967.94
25 21 4837.08
25 23 -3272.55
25 24 -5830.0
25 26 20095.6
25 27 -2934.46
25 28 -4773.17
25 30 -3672.82
25 31 10962.3
25 32 3384.91
25 33 -3042.71
25 34 -2992.55
25 35 -4790.0
25 36 -4209.63
25 37 -4650.0
25 38 -3547.55
25 39 -1657.94
25 40 -5467.53
25 41 -167.323
25 42 -2890.23
25 43 -4575.0
25 44 -3685.11
25 45 -4920.0
25 46 -4450.0
25 47 6565.17
25 48 3130.17
25 49 -1947.55
25 50 -4230.0
25 51 706.904
26 52 -52669.8
26 2 8418.44
26 3 -8880.0
26 4 -3120.0
26 5 -9447.61
26 6 -10432.6
26 7 -8950.0
26 8 -6805.0
26 9 -6682.55
26 10 30820.4
26 11 -7512.47
26 12 -6157.45
26 13 -2527.66
26 14 -6047.76
26 15 -3614.7
26 16 -5785.11
26 18 -4302.55
26 19 -1732.24
26 21 -4182.92
26 23 -6812.55
26 24 -9920.0
26 25 -8969.6
26 27 -7444.46
26 28 -2693.17
26 30 -962.817
26 31 8532.26
26 32 11584.9
26 33 -5332.71
26 34 -3972.55
26 35 -6730.0
26 36 1280.37
26 37 -10270.0
26 38 -4387.55
26 39 -7277.94
26 40 -3177.53
26 41 -6417.32
26 42 -4970.23
26 43 -6105.0
26 44 -4025.11
26 45 -6030.0
26 46 -5700.0
26 47 4485.17
26 48 -7009.83
26 49 -5007.55
26 50 -8400.0
26 51 -8663.1
27 52 -49819.8
27 2 6468.44
27 3 -4090.0
27 4 -6450.0
27 5 -1877.61
27 6 -2172.63
27 7 -2630.0
27 8 -4585.0
27 9 -6962.55
27 10 30960.4
27 11 1447.53
27 12 -5327.45
27 13 3652.34
27 14 -77.759
27 15 -5004.7
27 16 -4335.11
27 18 -2912.55
27 19 -2842.24
27 20 -5757.94
27 21 677.076
27 23 -6672.55
27 24 -1110.0
27 25 -3139.6
27 26 21415.6
27 28 -4913.17
27 30 -132.817
27 31 8042.26
27 32 5124.91
27 33 -4982.71
27 34 -4242.55
27 35 -6660.0
27 36 -3099.63
27 37 -970.0
27 38 -4317.55
27 39 -967.94
27 40 -2067.53
27 41 2122.68
27 42 929.77
27 43 -4365.0
27 44 974.893
27 45 -7490.0
27 46 -4930.0
27 47 4065.17
27 48 630.173
27 49 -3547.55
27 50 -1380.0
27 51 -3663.1
28 52 -48989.8
28 2 7998.44
28 3 -8120.0
28 4 -3610.0
28 5 -5767.61
28 6 -6822.63
28 7 -7490.0
28 8 -2435.0
28 9 -2652.55
28 10 34850.4
28 11 -4662.47
28 12 -1787.45
28 13 812.34
28 14 -4727.76
28 15 -3824.7
28 16 -1415.11
28 18 -72.5535
28 19 -762.241
28 20 282.06
28 21 117.076
28 23 -2722.55
28 24 -7560.0
28 25 -4799.6
28 26 26345.6
28 27 -4734.46
28 30 -752.817
28 31 12492.3
28 32 9154.91
28 33 -1022.71
28 34 337.447
28 35 -2360.0
28 36 1760.37
28 37 -7420.0
28 38 -77.5535
28 39 -3737.94
28 40 -2687.53
28 41 -3157.32
28 42 -2680.23
28 43 -2425.0
28 44 -3125.11
28 45 -2350.0
28 46 -1600.0
28 47 8645.17
28 48 -3049.83
28 49 -697.553
28 50 -5410.0
28 51 -4363.1
29 52 -50169.8
29 2 10008.4
29 3 -2770.0
29 4 -3330.0
29 5 -5207.61
29 6 -5852.63
29 7 -2700.0
29 8 -5555.0
29 9 -7372.55
29 10 30340.4
29 11 -2232.47
29 12 -5537.45
29 13 1502.34
29 14 332.241
29 15 -1464.7
29 16 -5025.11
29 18 -3122.55
29 19 -272.241
29 20 -4227.94
29 21 -1612.92
29 23 -7372.55
29 24 -4020.0
29 25 -5909.6
29 26 24405.6
29 27 -1954.46
29 28 -3733.17
29 30 3687.18
29 31 7632.26
29 32 8244.91
29 33 -5262.71
29 34 -4102.55
29 35 -6800.0
29 36 -739.634
29 37 -4790.0
29 38 -4037.55
29 39 -3257.94
29 40 1542.47
29 41 -1417.32
29 42 509.77
29 43 -4295.0
29 44 2154.89
29 45 -7490.0
29 46 -4790.0
29 47 3785.17
29 48 -2909.83
29 49 -3967.55
29 50 -3610.0
29 51 -6023.1
30 52 -50589.8
30 2 10708.4
30 3 -3330.0
30 4 -2700.0
30 5 -5977.61
30 6 -6752.63
30 7 -3470.0
30 8 -5905.0
30 9 -7582.55
30 10 30130.4
30 11 -3132.47
30 12 -5807.45
30 13 742.34
30 14 -497.759
30 15 -764.696
30 16 -5375.11
30 18 -3402.55
30 19 137.759
30 20 -4017.94
30 21 -2172.92
30 23 -7582.55
30 24 -4990.0
30 25 -6609.6
30 26 25165.6
30 27 -2864.46
30 28 -3663.17
30 31 7492.26
30 32 8944.91
30 33 -5472.71
30 34 -4242.55
30 35 -7010.0
30 36 -319.634
30 37 -5690.0
30 38 -4177.55
30 39 -4017.94
30 40 1822.47
30 41 -2327.32
30 42 -390.23
30 43 -4645.0
30 44 1594.89
30 45 -7560.0
30 46 -5000.0
30 47 3645.17
30 48 -3749.83
30 49 -4377.55
30 50 -4440.0
30 51 -6653.1
31 52 -50999.8
31 2 4038.44
31 3 -11310.0
31 4 -7700.0
31 5 -6187.61
31 6 -7032.63
31 7 -10200.0
31 8 -2085.0
31 9 887.447
31 10 38390.4
31 11 -6332.47
31 12 -2617.45
31 13 -577.66
31 14 -7577.76
31 15 -7784.7
31 16 -855.107
31 18 -1522.55
31 19 -4582.24
31 20 -3677.94
31 21 1087.08
31 23 1237.45
31 24 -9580.0
31 25 -3899.6
31 26 22735.6
31 27 -6614.46
31 28 -2343.17
31 30 -4432.82
31 32 5264.91
31 33 -682.71
31 34 -632.553
31 35 -2150.0
31 36 -2199.63
31 37 -8880.0
31 38 -1887.55
31 39 -4917.94
31 40 -6297.53
31 41 -4337.32
31 42 -5320.23
31 43 -4715.0
31 44 -6185.11
31 45 560.0
31 46 -3680.0
31 47 11145.2
31 48 -2359.83
31 49 -1117.55
31 50 -7290.0
31 51 -3323.1
32 52 -51559.8
32 2 9878.44
32 3 -7490.0
32 4 -1660.0
32 5 -8267.61
32 6 -9252.63
32 7 -7490.0
32 8 -6045.0
32 9 -6472.55
32 10 31100.4
32 11 -6192.47
32 12 -5467.45
32 13 -1347.66
32 14 -4527.76
32 15 -2154.7
32 16 -5165.11
32 18 -3472.55
32 19 -342.241
32 20 -2147.94
32 21 -3282.92
32 23 -6602.55
32 24 -8470.0
32 25 -7999.6
32 26 29265.6
32 27 -6054.46
32 28 -2203.17
32 30 497.183
32 31 8742.26
32 33 -4842.71
32 34 -3412.55
32 35 -6240.0
32 36 2110.37
32 37 -8950.0
32 38 -3687.55
32 39 -6097.94
32 40 -1787.53
32 41 -5097.32
32 42 -3580.23
32 43 -5195.0
32 44 -2505.11
32 45 -5960.0
32 46 -4930.0
32 47 4825.17
32 48 -5899.83
32 49 -4307.55
32 50 -7080.0
32 51 -7693.1
33 52 -48849.8
33 2 5918.44
33 3 -9160.0
33 4 -5830.0
33 5 -4587.61
33 6 -5572.63
33 7 -8050.0
33 8 -415.0
33 9 -642.553
33 10 37070.4
33 11 -4382.47
33 12 -467.447
33 13 1432.34
33 14 -5427.76
33 15 -5834.7
33 16 874.893
33 18 627.447
33 19 -2632.24
33 20 -2147.94
33 21 2067.08
33 23 -702.553
33 24 -7560.0
33 25 -2859.6
33 26 23915.6
33 27 -4594.46
33 28 -813.17
33 30 -2352.82
33 31 14362.3
33 32 6724.91
33 34 1307.45
33 35 -270.0
33 36 -669.634
33 37 -6940.0
33 38 132.447
33 39 -2977.94
33 40 -4147.53
33 41 -2467.32
33 42 -3170.23
33 43 -2625.0
33 44 -4025.11
33 45 -970.0
33 46 -1530.0
33 47 10455.2
33 48 -1379.83
33 49 962.447
33 50 -5270.0
33 51 -2343.1
34 52 -48569.8
34 2 6678.44
34 3 -8740.0
34 4 -5130.0
34 5 -4797.61
34 6 -5782.63
34 7 -7700.0
34 8 -835.0
34 9 -1262.55
34 10 36380.4
34 11 -4312.47
34 12 -327.447
34 13 1502.34
34 14 -5007.76
34 15 -5074.7
34 16 254.893
34 18 837.447
34 19 -1942.24
34 20 -1387.94
34 21 1577.08
34 23 -1332.55
34 24 -7420.0
34 25 -3409.6
34 26 24675.6
34 27 -4454.46
34 28 -53.1702
34 30 -1722.82
34 31 13812.3
34 32 7554.91
34 33 707.29
34 35 -760.0
34 36 30.366
34 37 -6940.0
34 38 752.447
34 39 -2977.94
34 40 -3527.53
34 41 -2467.32
34 42 -2820.23
34 43 -2145.0
34 44 -3545.11
34 45 -1310.0
34 46 -1040.0
34 47 9965.17
34 48 -1799.83
34 49 822.447
34 50 -5130.0
34 51 -2903.1
35 52 -48919.8
35 2 5988.44
35 3 -9230.0
35 4 -5760.0
35 5 -4797.61
35 6 -5782.63
35 7 -8190.0
35 8 -625.0
35 9 -642.553
35 10 37070.4
35 11 -4522.47
35 12 -537.447
35 13 1292.34
35 14 -5497.76
35 15 -5764.7
35 16 664.893
35 18 557.447
35 19 -2632.24
35 20 -2007.94
35 21 1857.08
35 23 -702.553
35 24 -7700.0
35 25 -3069.6
35 26 24055.6
35 27 -4734.46
35 28 -613.17
35 30 -2352.82
35 31 14432.3
35 32 6864.91
35 33 1267.29
35 34 1377.45
35 36 -599.634
35 37 -7080.0
35 38 132.447
35 39 -3117.94
35 40 -4217.53
35 41 -2737.32
35 42 -3240.23
35 43 -2625.0
35 44 -4095.11
35 45 -830.0
35 46 -1530.0
35 47 10525.2
35 48 -1589.83
35 49 822.447
35 50 -5410.0
35 51 -2553.1
36 52 -50099.8
36 2 9598.44
36 3 -7420.0
36 4 -1800.0
36 5 -6947.61
36 6 -7932.63
36 7 -7010.0
36 8 -4305.0
36 9 -4742.55
36 10 32770.4
36 11 -5152.47
36 12 -3727.45
36 13 -27.6604
36 14 -4177.76
36 15 -2364.7
36 16 -3425.11
36 18 -1802.55
36 19 347.759
36 20 -477.94
36 21 -1612.92
36 23 -4872.55
36 24 -7700.0
36 25 -6399.6
36 26 28155.6
36 27 -5084.46
36 28 -403.17
36 30 427.183
36 31 10472.3
36 32 11304.9
36 33 -3042.71
36 34 -1742.55
36 35 -4510.0
36 37 -7910.0
36 38 -1957.55
36 39 -4647.94
36 40 -1647.53
36 41 -3917.32
36 42 -2680.23
36 43 -3535.0
36 44 -2365.11
36 45 -4300.0
36 46 -3200.0
36 47 6495.17
36 48 -4439.83
36 49 -2507.55
36 50 -5970.0
36 51 -6093.1
37 52 -50379.8
37 2 5568.44
37 3 -4720.0
37 4 -7420.0
37 5 -1397.61
37 6 -1542.63
37 7 -3260.0
37 8 -4865.0
37 9 -7242.55
37 10 30680.4
37 11 1027.53
37 12 -5877.45
37 13 3242.34
37 14 -777.759
37 15 -5974.7
37 16 -4745.11
37 18 -3402.55
37 19 -3812.24
37 20 -6517.94
37 21 747.076
37 23 -6952.55
37 24 -1380.0
37 25 -2929.6
37 26 20515.6
37 27 955.543
37 28 -5673.17
37 30 -1032.82
37 31 7702.26
37 32 4154.91
37 33 -5402.71
37 34 -4802.55
37 35 -7080.0
37 36 -3999.63
37 38 -4867.55
37 39 -1307.94
37 40 -3037.53
37 41 2532.68
37 42 -40.2303
37 43 -5055.0
37 44 344.893
37 45 -7840.0
37 46 -5560.0
37 47 3715.17
37 48 1390.17
37 49 -3967.55
37 50 -2010.0
37 51 -3593.1
38 52 -47949.8
38 2 7238.44
38 3 -8050.0
38 4 -4580.0
38 5 -4447.61
38 6 -5502.63
38 7 -7010.0
38 8 -975.0
38 9 -1892.55
38 10 35750.4
38 11 -3692.47
38 12 -327.447
38 13 1922.34
38 14 -4317.76
38 15 -4514.7
38 16 -25.1069
38 18 1317.45
38 19 -1382.24
38 20 -1107.94
38 21 1577.08
38 23 -1952.55
38 24 -6800.0
38 25 -3339.6
38 26 24885.6
38 27 -3904.46
38 28 156.83
38 30 -1032.82
38 31 13182.3
38 32 7904.91
38 33 157.29
38 34 1377.45
38 35 -1380.0
38 36 440.366
38 37 -6380.0
38 39 -2557.94
38 40 -2897.53
38 41 -2047.32
38 42 -2130.23
38 43 -1515.0
38 44 -2915.11
38 45 -2010.0
38 46 -420.0
38 47 9275.17
38 48 -1659.83
38 49 822.447
38 50 -4510.0
38 51 -2833.1
39 52 -48089.8
39 2 6468.44
39 3 -5970.0
39 4 -6040.0
39 5 -907.611
39 6 -1892.63
39 7 -4580.0
39 8 -2295.0
39 9 -4672.55
39 10 33250.4
39 11 -152.471
39 12 -3307.45
39 13 5532.34
39 14 -1957.76
39 15 -5144.7
39 16 -2105.11
39 18 -902.553
39 19 -2432.24
39 20 -4367.94
39 21 2827.08
39 23 -4382.55
39 24 -3400.0
39 25 -1329.6
39 26 22115.6
39 27 -434.457
39 28 -3383.17
39 30 -752.817
39 31 10272.3
39 32 5614.91
39 33 -2832.71
39 34 -2232.55
39 35 -4510.0
39 36 -2129.63
39 37 -2700.0
39 38 -2437.55
39 40 -2617.53
39 41 1772.68
39 42 29.7697
39 43 -2765.0
39 44 -835.107
39 45 -5270.0
39 46 -3060.0
39 47 6285.17
39 48 1390.17
39 49 -1327.55
39 50 -1380.0
39 51 -1583.1
40 52 -50099.8
40 2 10708.4
40 3 -3470.0
40 4 -2560.0
40 5 -5627.61
40 6 -6402.63
40 7 -3400.0
40 8 -5415.0
40 9 -7102.55
40 10 30610.4
40 11 -2792.47
40 12 -5327.45
40 13 1222.34
40 14 -497.759
40 15 -764.696
40 16 -4885.11
40 18 -2982.55
40 19 417.759
40 20 -3607.94
40 21 -1752.92
40 23 -7162.55
40 24 -4720.0
40 25 -6119.6
40 26 25235.6
40 27 -2514.46
40 28 -3313.17
40 30 4107.18
40 31 7912.26
40 32 8944.91
40 33 -4982.71
40 34 -3762.55
40 35 -6590.0
40 36 -109.634
40 37 -5410.0
40 38 -3757.55
40 39 -3597.94
40 41 -1977.32
40 42 -40.2303
40 43 -4155.0
40 44 1454.89
40 45 -7080.0
40 46 -4520.0
40 47 4065.17
40 48 -3329.83
40 49 -3827.55
40 50 -4090.0
40 51 -6233.1
41 52 -49749.8
41 2 5568.44
41 3 -5480.0
41 4 -7150.0
41 5 -557.611
41 6 -922.627
41 7 -3950.0
41 8 -4025.0
41 9 -6332.55
41 10 31590.4
41 11 957.529
41 12 -4977.45
41 13 4072.34
41 14 -1467.76
41 15 -5904.7
41 16 -3775.11
41 18 -2572.55
41 19 -3542.24
41 20 -5967.94
41 21 1787.08
41 23 -5912.55
41 24 -2220.0
41 25 -2019.6
41 26 20795.6
41 27 475.543
41 28 -4983.17
41 30 -1242.82
41 31 8672.26
41 32 4434.91
41 33 -4502.71
41 34 -3902.55
41 35 -6310.0
41 36 -3579.63
41 37 -1040.0
41 38 -4107.55
41 39 -407.94
41 40 -3177.53
41 42 -110.23
41 43 -4365.0
41 44 -345.107
41 45 -6940.0
41 46 -4790.0
41 47 4555.17
41 48 1950.17
41 49 -3127.55
41 50 -1660.0
41 51 -2553.1
42 29 -2220.0
43 52 -46629.8
43 2 7998.44
43 3 -6660.0
43 4 -4160.0
43 5 -3477.61
43 6 -4532.63
43 7 -5620.0
43 8 -1325.0
43 9 -3142.55
43 10 34570.4
43 11 -2372.47
43 12 -1297.45
43 13 3172.34
43 14 -2927.76
43 15 -3684.7
43 16 -855.107
43 18 1107.45
43 19 -622.241
43 20 -1727.94
43 21 1787.08
43 23 -3132.55
43 24 -5340.0
43 25 -2859.6
43 26 24675.6
43 27 -2444.46
43 28 -683.17
43 30 7.18339
43 31 11862.3
43 32 7904.91
43 33 -1092.71
43 34 -12.5535
43 35 -2630.0
43 36 370.366
43 37 -5060.0
43 38 -7.55345
43 39 -1377.94
43 40 -1787.53
43 41 -797.323
43 42 -670.23
43 44 -1525.11
43 45 -3400.0
43 46 -630.0
43 47 7955.17
43 48 -899.827
43 49 202.447
43 50 -3120.0
43 51 -2693.1
44 52 -51909.8
44 2 7718.44
44 3 -480.0
44 4 -5690.0
44 5 -5487.61
44 6 -5782.63
44 7 -1180.0
44 8 -7225.0
44 9 -9322.55
44 10 28460.4
44 11 -2162.47
44 12 -7477.45
44 13 532.34
44 14 1862.24
44 15 -3754.7
44 16 -6835.11
44 18 -5002.55
44 19 -2702.24
44 20 -6587.94
44 21 -2592.92
44 23 -9242.55
44 24 -3190.0
44 25 -6679.6
44 26 22045.6
44 27 -1814.46
44 28 -6093.17
44 30 1537.18
44 31 5682.26
44 32 5884.91
44 33 -7202.71
44 34 -6122.55
44 35 -8810.0
44 36 -3169.63
44 37 -4370.0
44 38 -6117.55
44 39 -4157.94
44 40 -887.529
44 41 -1487.32
44 42 -320.23
44 43 -6235.0
44 45 -9510.0
44 46 -6810.0
44 47 1775.17
44 48 -2979.83
44 49 -5837.55
44 50 -4300.0
44 51 -7003.1
45 52 -51209.8
45 2 4248.44
45 3 -11450.0
45 4 -7420.0
45 5 -6807.61
45 6 -7722.63
45 7 -10410.0
45 8 -2575.0
45 9 187.447
45 10 37560.4
45 11 -6812.47
45 12 -2827.45
45 13 -927.66
45 14 -7717.76
45 15 -7574.7
45 16 -1275.11
45 18 -1732.55
45 19 -4442.24
45 20 -3327.94
45 21 327.076
45 23 407.447
45 24 -9990.0
45 25 -4659.6
45 26 23295.6
45 27 -7024.46
45 28 -2063.17
45 30 -4362.82
45 31 15682.3
45 32 5684.91
45 33 -892.71
45 34 -632.553
45 35 -2290.0
45 36 -1849.63
45 37 -9300.0
45 38 -1957.55
45 39 -5337.94
45 40 -6167.53
45 41 -4827.32
45 42 -5530.23
45 43 -4855.0
45 44 -6255.11
45 46 -3750.0
45 47 10865.2
45 48 -3119.83
45 49 -1467.55
45 50 -7700.0
45 51 -4083.1
46 52 -47389.8
46 2 7578.44
46 3 -7490.0
46 4 -4370.0
46 5 -4027.61
46 6 -5082.63
46 7 -6450.0
46 8 -975.0
46 9 -2442.55
46 10 35270.4
46 11 -3132.47
46 12 -537.447
46 13 2542.34
46 14 -3757.76
46 15 -4174.7
46 16 -235.107
46 18 1597.45
46 19 -972.241
46 20 -1317.94
46 21 1787.08
46 23 -2372.55
46 24 -6110.0
46 25 -2999.6
46 26 24815.6
46 27 -3274.46
46 28 -123.17
46 30 -612.817
46 31 12632.3
46 32 7904.91
46 33 -262.71
46 34 827.447
46 35 -1800.0
46 36 440.366
46 37 -5830.0
46 38 822.447
46 39 -1937.94
46 40 -2417.53
46 41 -1487.32
46 42 -1570.23
46 43 -895.0
46 44 -2365.11
46 45 -2560.0
46 47 8785.17
46 48 -1249.83
46 49 822.447
46 50 -3950.0
46 51 -2693.1
47 52 -50239.8
47 2 4738.44
47 3 -10550.0
47 4 -6940.0
47 5 -5767.61
47 6 -6682.63
47 7 -9510.0
47 8 -1595.0
47 9 677.447
47 10 38180.4
47 11 -5772.47
47 12 -1857.45
47 13 112.34
47 14 -6817.76
47 15 -7014.7
47 16 -235.107
47 18 -762.553
47 19 -3882.24
47 20 -2977.94
47 21 1367.08
47 23 547.447
47 24 -8950.0
47 25 -3689.6
47 26 23295.6
47 27 -5984.46
47 28 -1583.17
47 30 -3672.82
47 31 15752.3
47 32 5954.91
47 33 17.2903
47 34 127.447
47 35 -1450.0
47 36 -1569.63
47 37 -8260.0
47 38 -1187.55
47 39 -4297.94
47 40 -5537.53
47 41 -3847.32
47 42 -4560.23
47 43 -4015.0
47 44 -5485.11
47 45 350.0
47 46 -2920.0
47 48 -2149.83
47 49 -427.553
47 50 -6660.0
47 51 -3043.1
48 52 -52389.8
48 2 1888.44
48 3 -9370.0
48 4 -10620.0
48 5 -1807.61
48 6 -922.627
48 7 -7840.0
48 8 -5075.0
48 9 -6822.55
48 10 31240.4
48 11 -3132.47
48 12 -6717.45
48 13 1012.34
48 14 -5357.76
48 15 -9654.7
48 16 -4955.11
48 18 -4652.55
48 19 -7012.24
48 20 -8537.94
48 21 1997.08
48 23 -5982.55
48 24 -5900.0
48 25 -1189.6
48 26 17735.6
48 27 -3484.46
48 28 -7343.17
48 30 -5132.82
48 31 8182.26
48 32 1164.91
48 33 -5882.71
48 34 -5702.55
48 35 -7630.0
48 36 -6569.63
48 37 -4650.0
48 38 -6187.55
48 39 -3257.94
48 40 -6997.53
48 41 -517.323
48 42 -4070.23
48 43 -6935.0
48 44 -4305.11
48 45 -7700.0
48 46 -7020.0
48 47 3785.17
48 49 -4657.55
48 50 -5410.0
48 51 -2073.1
49 52 -47879.8
49 2 6398.44
49 3 -8260.0
49 4 -5550.0
49 5 -3687.61
49 6 -4672.63
49 7 -7150.0
49 8 205.0
49 9 -1542.55
49 10 36240.4
49 11 -3412.47
49 12 -117.447
49 13 2472.34
49 14 -4457.76
49 15 -5284.7
49 16 944.893
49 18 1457.45
49 19 -2152.24
49 20 -2217.94
49 21 2687.08
49 23 -1402.55
49 24 -6520.0
49 25 -2229.6
49 26 23775.6
49 27 -3624.46
49 28 -953.17
49 30 -1722.82
49 31 13462.3
49 32 6794.91
49 33 497.29
49 34 957.447
49 35 -1180.0
49 36 -599.634
49 37 -5970.0
49 38 332.447
49 39 -1937.94
49 40 -3457.53
49 41 -1557.32
49 42 -2260.23
49 43 -1795.0
49 44 -3125.11
49 45 -2010.0
49 46 -910.0
49 47 9545.17
49 48 -619.827
49 50 -4300.0
49 51 -1793.1
50 52 -48569.8
50 2 7098.44
50 3 -4720.0
50 4 -5620.0
50 5 -1667.61
50 6 -2382.63
50 7 -3260.0
50 8 -3405.0
50 9 -5712.55
50 10 32140.4
50 11 747.529
50 12 -4077.45
50 13 4762.34
50 14 -707.759
50 15 -4444.7
50 16 -3085.11
50 18 -1662.55
50 19 -2012.24
50 20 -4577.94
50 21 1577.08
50 23 -5492.55
50 24 -2290.0
50 25 -2509.6
50 26 22385.6
50 27 545.543
50 28 -3663.17
50 30 217.183
50 31 9292.26
50 32 6024.91
50 33 -3732.71
50 34 -2992.55
50 35 -5410.0
50 36 -2059.63
50 37 -2010.0
50 38 -2997.55
50 39 12.06
50 40 -1717.53
50 41 1912.68
50 42 1209.77
50 43 -3115.0
50 44 414.893
50 45 -6240.0
50 46 -3680.0
50 47 5315.17
50 48 630.173
50 49 -2297.55
50 51 -2833.1
51 52 -49819.8
51 2 4038.44
51 3 -9020.0
51 4 -8190.0
51 5 -1807.61
51 6 -2382.63
51 7 -7560.0
51 8 -1735.0
51 9 -3282.55
51 10 34780.4
51 11 -2862.47
51 12 -3377.45
51 13 2542.34
51 14 -5007.76
51 15 -7574.7
51 16 -1415.11
51 18 -1522.55
51 19 -4652.24
51 20 -5477.94
51 21 5537.08
51 23 -2512.55
51 24 -6110.0
51 25 890.403
51 26 20585.6
51 27 -3274.46
51 28 -4153.17
51 30 -3532.82
51 31 11722.3
51 32 3874.91
51 33 -2342.71
51 34 -2302.55
51 35 -4090.0
51 36 -3719.63
51 37 -5130.0
51 38 -2857.55
51 39 -1727.94
51 40 -5397.53
51 41 -517.323
51 42 -2960.23
51 43 -4225.0
51 44 -3825.11
51 45 -4160.0
51 46 -3960.0
51 47 7395.17
51 48 2430.17
51 49 -1327.55
51 50 -4370.0
52 2 0
52 3 0
52 4 0
52 5 0
52 6 0
52 7 0
52 8 0
52 9 0
52 10 0
52 11 0
52 12 0
52 13 0
52 14 0
52 15 0
52 16 0
52 17 0
52 18 0
52 19 0
52 20 0
52 21 0
52 22 0
52 23 0
52 24 0
52 25 0
52 26 0
52 27 0
52 28 0
52 29 0
52 30 0
52 31 0
52 32 0
52 33 0
52 34 0
52 35 0
52 36 0
52 37 0
52 38 0
52 39 0
52 40 0
52 41 0
52 42 0
52 43 0
52 44 0
52 45 0
52 46 0
52 47 0
52 48 0
52 49 0
52 50 0
52 51 0
2 1 0
3 1 0
4 1 0
5 1 0
6 1 0
7 1 0
8 1 0
9 1 0
10 1 0
11 1 0
12 1 0
13 1 0
14 1 0
15 1 0
16 1 0
17 1 0
18 1 0
19 1 0
20 1 0
21 1 0
22 1 0
23 1 0
24 1 0
25 1 0
26 1 0
27 1 0
28 1 0
29 1 0
30 1 0
31 1 0
32 1 0
33 1 0
34 1 0
35 1 0
36 1 0
37 1 0
38 1 0
39 1 0
40 1 0
41 1 0
42 1 0
43 1 0
44 1 0
45 1 0
46 1 0
47 1 0
48 1 0
49 1 0
50 1 0
51 1 0
52 1 0
