52 2548
1
2
3
4
5
6
7
8
9
10
11
12
13
14
15
16
17
18
19
20
21
22
23
24
25
26
27
28
29
30
31
32
33
34
35
36
37
38
39
40
41
42
43
44
45
46
47
48
49
50
51
52
1 52 -0.0
1 2 -21939.9
1 3 -25744.7
1 4 -21537.6
1 5 -23426.5
1 6 -21594.1
1 7 -23341.9
1 8 -23174.4
1 9 -23811.0
1 10 -22584.6
1 11 -21122.6
1 12 -23436.6
1 13 -21282.9
1 14 -19555.4
1 15 -24162.8
1 16 -21259.6
1 17 -22790.0
1 18 -21401.6
1 19 -25980.0
1 20 -19886.2
1 21 -22851.9
1 22 -21637.8
1 23 -21835.3
1 24 -20471.7
1 25 -18183.7
1 26 -25194.5
1 27 -24310.0
1 28 -21303.1
1 29 -23684.0
1 30 -24372.1
1 31 -22659.6
1 32 -21243.2
1 33 -25840.0
1 34 -22058.0
1 35 -22409.1
1 36 -23030.1
1 37 -22095.5
1 38 -18850.5
1 40 -22230.0
1 41 -22226.6
1 42 -24856.3
1 43 -24800.0
1 44 -22744.4
1 45 -22762.6
1 46 -23302.0
1 47 -24966.8
1 48 -21007.4
1 49 -24415.7
1 50 -23513.4
1 51 -21425.4
2 52 9576.55
2 3 -5186980.0
2 4 -5189680.0
2 5 -5190670.0
2 6 -5189530.0
2 7 -281.929
2 8 -5190770.0
2 9 -5190570.0
2 10 -5188550.0
2 11 -5185840.0
2 12 -5191870.0
2 13 -5186480.0
2 14 -5187720.0
2 15 -5191970.0
2 16 -5185140.0
2 17 -5188980.0
2 18 -5185490.0
2 19 -5193370.0
2 20 -5188440.0
2 21 -5185750.0
2 22 -5186770.0
2 23 -295.274
2 24 -5188250.0
2 25 -5184490.0
2 26 -5192930.0
2 27 -5191410.0
2 28 -5188880.0
2 29 -5190860.0
2 30 -5192250.0
2 31 -5190030.0
2 32 -5184690.0
2 33 -5193790.0
2 34 -5190550.0
2 35 -5190210.0
2 36 -5190070.0
2 37 -5188490.0
2 38 -5186210.0
2 40 -5190090.0
2 41 -5190380.0
2 42 -1096.3
2 43 -2700.0
2 44 -5185710.0
2 45 -5191040.0
2 46 -5191660.0
2 47 -5192780.0
2 48 -5189420.0
2 49 -5192780.0
2 50 -5190750.0
2 51 -5188600.0
3 52 8056.55
3 2 -819.873
3 4 -5191360.0
3 5 -5190180.0
3 6 -5191420.0
3 7 -5187220.0
3 8 -5192870.0
3 9 -5189520.0
3 10 -5191210.0
3 11 -5188990.0
3 12 -5192640.0
3 13 -5189280.0
3 14 -5189190.0
3 15 -5191830.0
3 16 -419.55
3 17 -5191710.0
3 18 -1.61446
3 19 -5192670.0
3 20 -5189350.0
3 21 -5188970.0
3 22 -2737.79
3 23 -5186620.0
3 24 -5188600.0
3 25 -5185400.0
3 26 -5192580.0
3 27 -5190780.0
3 28 -5188880.0
3 29 -5190020.0
3 30 -5192110.0
3 31 -5189680.0
3 32 -5187700.0
3 33 -5195610.0
3 34 -5191600.0
3 35 -5192170.0
3 36 -5189090.0
3 37 -5190940.0
3 38 -5188240.0
3 40 -5190090.0
3 41 -5190660.0
3 42 -1936.3
3 43 -5189940.0
3 44 -5189000.0
3 45 -5192650.0
3 46 -5192920.0
3 47 -5192500.0
3 48 -5190960.0
3 49 -5193410.0
3 50 -5190190.0
3 51 -5190980.0
4 52 10966.6
4 2 -5188690.0
4 3 -5192650.0
4 5 -5188710.0
4 6 1465.86
4 7 -5190020.0
4 8 -5184120.0
4 9 -5188960.0
4 10 -5187080.0
4 11 -5185210.0
4 12 -5186200.0
4 13 -5186480.0
4 14 -5180440.0
4 15 -5187980.0
4 16 -5188220.0
4 17 -5186040.0
4 18 -5188220.0
4 19 -5190290.0
4 20 -5184100.0
4 21 -5188550.0
4 22 -5188660.0
4 23 -5188650.0
4 24 -5186500.0
4 25 -5185330.0
4 26 -5189080.0
4 27 -5189590.0
4 28 -5186920.0
4 29 -5188550.0
4 30 -5188120.0
4 31 -5188000.0
4 32 -5187210.0
4 33 -5186510.0
4 34 -5184670.0
4 35 720.937
4 36 -5187830.0
4 37 -5186600.0
4 38 -5184250.0
4 40 -5187080.0
4 41 -5185550.0
4 42 -5191690.0
4 43 -5190640.0
4 44 -5188090.0
4 45 -602.585
4 46 -1072.04
4 47 -5188860.0
4 48 -367.415
4 49 -5187040.0
4 50 -5188860.0
4 51 -5183070.0
5 52 10276.6
5 2 -5188480.0
5 3 -5190270.0
5 4 -5187510.0
5 6 -5187710.0
5 7 -5190090.0
5 8 -5189300.0
5 9 -5183850.0
5 10 -5190230.0
5 11 -5188780.0
5 12 -5187250.0
5 13 -5189070.0
5 14 -5184220.0
5 15 -5185180.0
5 16 -5185700.0
5 17 -5190240.0
5 18 -5184930.0
5 19 -5186230.0
5 20 -5184730.0
5 21 -5190440.0
5 22 -5186350.0
5 23 -5188650.0
5 24 -5184680.0
5 25 -5184560.0
5 26 -5185930.0
5 27 -410.0
5 28 -5183910.0
5 29 216.042
5 30 -5185530.0
5 31 340.371
5 32 -5188820.0
5 33 -5191270.0
5 34 -5186630.0
5 35 -5188460.0
5 36 -5183000.0
5 37 -5189750.0
5 38 -5186560.0
5 40 -70.0
5 41 -5184290.0
5 42 -5190640.0
5 43 -5192180.0
5 44 -5190330.0
5 45 -5188800.0
5 46 -5188090.0
5 47 -5185850.0
5 48 -5187320.0
5 49 -5187390.0
5 50 246.578
5 51 -5188110.0
6 52 10486.6
6 2 -5188970.0
6 3 -5193140.0
6 4 1042.42
6 5 -5189340.0
6 7 -5190300.0
6 8 445.648
6 9 -5189590.0
6 10 -5187010.0
6 11 -5184930.0
6 12 -5186760.0
6 13 -5186480.0
6 14 -5180440.0
6 15 -5188540.0
6 16 -5188780.0
6 17 -5185830.0
6 18 -5188780.0
6 19 -5190920.0
6 20 -5184730.0
6 21 -5188620.0
6 22 -5189150.0
6 23 -5188930.0
6 24 -5187130.0
6 25 -5185820.0
6 26 -5189640.0
6 27 -5190220.0
6 28 -5187550.0
6 29 -5189180.0
6 30 -5188680.0
6 31 -5188700.0
6 32 -5187420.0
6 33 -5186090.0
6 34 -5185230.0
6 35 1280.94
6 36 -5188390.0
6 37 -5186670.0
6 38 -5184530.0
6 40 -5187710.0
6 41 -5186110.0
6 42 -5192110.0
6 43 -5190780.0
6 44 -5188090.0
6 45 -1292.59
6 46 -5185500.0
6 47 -5189490.0
6 48 -5184870.0
6 49 -5187600.0
6 50 -5189490.0
6 51 1504.59
7 52 10346.6
7 2 1890.13
7 3 -5187330.0
7 4 -5188840.0
7 5 -5190110.0
7 6 -5188690.0
7 8 -5189930.0
7 9 -5190080.0
7 10 -5187780.0
7 11 -5185280.0
7 12 -5191100.0
7 13 -5185780.0
7 14 -5186950.0
7 15 -5191340.0
7 16 -5184930.0
7 17 -5188210.0
7 18 -5185280.0
7 19 -5192810.0
7 20 -5187670.0
7 21 -5185190.0
7 22 -5186350.0
7 23 534.726
7 24 -5187620.0
7 25 -5183790.0
7 26 -5192300.0
7 27 -5190920.0
7 28 -5188250.0
7 29 -5190300.0
7 30 -5191620.0
7 31 -5189400.0
7 32 -53.1899
7 33 -5192950.0
7 34 -5189780.0
7 35 -5189440.0
7 36 -5189580.0
7 37 -5187650.0
7 38 -5185440.0
7 40 -5189460.0
7 41 -5189680.0
7 42 -1586.3
7 43 -5186230.0
7 44 -5185220.0
7 45 -5190200.0
7 46 -5190820.0
7 47 -5192150.0
7 48 -5188580.0
7 49 -5192080.0
7 50 -5190190.0
7 51 -5187830.0
8 52 9236.55
8 2 -5189880.0
8 3 -5194260.0
8 4 -277.576
8 5 -5190600.0
8 6 775.86
8 7 -5191210.0
8 9 -5190850.0
8 10 -5187640.0
8 11 -5185070.0
8 12 -5187880.0
8 13 -5187110.0
8 14 -5180720.0
8 15 -5189660.0
8 16 -5189970.0
8 17 -5185970.0
8 18 -5190040.0
8 19 -5192040.0
8 20 -5186060.0
8 21 -5189250.0
8 22 -5190410.0
8 23 -5189910.0
8 24 -5188390.0
8 25 -5187010.0
8 26 -5190760.0
8 27 -5191480.0
8 28 -5188880.0
8 29 -5190440.0
8 30 -5189800.0
8 31 -5189960.0
8 32 -5188120.0
8 33 -1520.0
8 34 -5186420.0
8 35 1000.94
8 36 -5189650.0
8 37 -5187370.0
8 38 -5185510.0
8 40 -5188970.0
8 41 -5187230.0
8 42 -5193090.0
8 43 -5191340.0
8 44 -5188510.0
8 45 -5186490.0
8 46 -5186620.0
8 47 -5190610.0
8 48 -5186130.0
8 49 -5188510.0
8 50 -5190750.0
8 51 2124.59
9 52 8886.55
9 2 -5189390.0
9 3 -5190620.0
9 4 -5188770.0
9 5 -916.496
9 6 -5188970.0
9 7 -5191070.0
9 8 -5190560.0
9 10 -5191560.0
9 11 -5190110.0
9 12 -5188370.0
9 13 -5190330.0
9 14 -5185270.0
9 15 -5185600.0
9 16 -5186330.0
9 17 -5191570.0
9 18 -5185210.0
9 19 -5185740.0
9 20 -5186060.0
9 21 -5191630.0
9 22 -5187190.0
9 23 -5189700.0
9 24 -5186010.0
9 25 -5185680.0
9 26 -5186140.0
9 27 -1180.0
9 28 -5185240.0
9 29 696.042
9 30 -5186020.0
9 31 -5184990.0
9 32 -5190010.0
9 33 -5192460.0
9 34 -5187890.0
9 35 -5189790.0
9 36 1909.9
9 37 -5191080.0
9 38 -5187890.0
9 40 -5185400.0
9 41 -5185060.0
9 42 -5191340.0
9 43 -5193300.0
9 44 -5191590.0
9 45 -5190130.0
9 46 -5189280.0
9 47 -5186200.0
9 48 -5188720.0
9 49 -5188300.0
9 50 -1073.42
9 51 -5189440.0
10 52 11386.6
10 2 -5186100.0
10 3 -5191040.0
10 4 -5185620.0
10 5 -5189970.0
10 6 -5185120.0
10 7 -5187500.0
10 8 -5186080.0
10 9 -5190290.0
10 11 1597.38
10 12 -5188930.0
10 14 -5183660.0
10 15 -5190290.0
10 16 -5187310.0
10 17 -280.0
10 18 -5187590.0
10 19 -5192320.0
10 20 -5185920.0
10 21 -5185400.0
10 22 -5187960.0
10 23 -5186340.0
10 24 -5187200.0
10 25 -5184490.0
10 26 -5191320.0
10 27 -5190850.0
10 28 -5187970.0
10 29 -5190160.0
10 30 -5190430.0
10 31 -5189260.0
10 32 -5184270.0
10 33 -5189240.0
10 34 -5187400.0
10 35 -5185730.0
10 36 -5189440.0
10 37 -5.517
10 38 949.544
10 40 -5188690.0
10 41 -5188140.0
10 42 -5189520.0
10 43 -5187490.0
10 44 -5184800.0
10 45 -5187190.0
10 46 -5188090.0
10 47 -5191100.0
10 48 -5185990.0
10 49 -5189980.0
10 50 -5190120.0
10 51 -5183770.0
11 52 9506.55
11 2 -5186730.0
11 3 -5192160.0
11 4 -5187090.0
11 5 -5191860.0
11 6 -5186380.0
11 7 -5188340.0
11 8 -5186850.0
11 9 -5192180.0
11 10 -1744.59
11 12 -5190680.0
11 13 -442.932
11 14 -5184920.0
11 15 -5192110.0
11 16 -5188780.0
11 17 -630.0
11 18 -5189200.0
11 19 -5194140.0
11 20 -5187740.0
11 21 -5185540.0
11 22 -5189570.0
11 23 -5187390.0
11 24 -5189090.0
11 25 -5186170.0
11 26 -5193210.0
11 27 -5192740.0
11 28 -5189860.0
11 29 -5192050.0
11 30 -5192250.0
11 31 -5191150.0
11 32 -5184970.0
11 33 -5190080.0
11 34 -5189080.0
11 35 -5186850.0
11 36 -5191330.0
11 37 -1955.52
11 38 -5184880.0
11 40 -5190580.0
11 41 -5189960.0
11 42 -5190360.0
11 43 -5187350.0
11 44 -444.409
11 45 -5188800.0
11 46 -5189700.0
11 47 -5192990.0
11 48 -5187740.0
11 49 -5191660.0
11 50 -5192010.0
11 51 -5184330.0
12 52 10626.6
12 2 -5189320.0
12 3 -5192370.0
12 4 -5184640.0
12 5 -5186890.0
12 6 -5184770.0
12 7 -5190720.0
12 8 -5186220.0
12 9 -5187000.0
12 10 -5188830.0
12 11 -5187240.0
12 13 -5188020.0
12 14 -5180860.0
12 15 -5185670.0
12 16 -5187730.0
12 17 -5188210.0
12 18 -5187450.0
12 19 -5188050.0
12 20 753.764
12 21 -5189950.0
12 22 -5188170.0
12 23 -5189210.0
12 24 -5185590.0
12 25 -5185260.0
12 26 -5186770.0
12 27 -5187700.0
12 28 -5185520.0
12 29 -5186450.0
12 30 -5185810.0
12 31 -5186320.0
12 32 -5188470.0
12 33 -5187910.0
12 34 382.039
12 35 -5185450.0
12 36 -5185660.0
12 37 -5188280.0
12 38 -5185440.0
12 40 -5185260.0
12 41 703.391
12 42 -5191970.0
12 43 -5191970.0
12 44 -5189630.0
12 45 -5186210.0
12 46 -932.039
12 47 -5186550.0
12 48 -5185220.0
12 49 -935.672
12 50 -5187040.0
12 51 -5185380.0
13 52 11386.6
13 2 -5185330.0
13 3 -5190410.0
13 4 -5186320.0
13 5 -5190110.0
13 6 -5185890.0
13 7 -5186800.0
13 8 -5186850.0
13 9 -5190360.0
13 10 -564.591
13 11 -5182340.0
13 12 -5189420.0
13 14 -5184430.0
13 15 -5190570.0
13 16 -5186890.0
13 17 -5184920.0
13 18 -5187240.0
13 19 -5192530.0
13 20 -5186270.0
13 21 -621.929
13 22 -5187680.0
13 23 -5185640.0
13 24 -5187270.0
13 25 -5184210.0
13 26 -5191670.0
13 27 -5190990.0
13 28 -5188040.0
13 29 -5190300.0
13 30 -5190780.0
13 31 -5189330.0
13 32 436.81
13 33 -5190010.0
13 34 -5187960.0
13 35 -5186500.0
13 36 -5189650.0
13 37 -635.517
13 38 669.544
13 40 -5188900.0
13 41 -5188560.0
13 42 -5188820.0
13 43 -5186720.0
13 44 -5184100.0
13 45 -5187820.0
13 46 -5188720.0
13 47 -5191450.0
13 48 -5186480.0
13 49 -5190470.0
13 50 -5190190.0
13 51 -5184610.0
14 52 8956.55
14 2 -5190720.0
14 3 -5194470.0
14 4 -487.576
14 5 -5189410.0
14 6 -64.1405
14 7 -5192120.0
14 8 -5184610.0
14 9 -5189450.0
14 10 -5189110.0
14 11 -5187030.0
14 12 -5186410.0
14 13 -5188580.0
14 15 -5187840.0
14 16 -5189900.0
14 17 -5187860.0
14 18 -5189760.0
14 19 -5190290.0
14 20 -5185290.0
14 21 -5190650.0
14 22 -5190270.0
14 23 -5190680.0
14 24 -5187830.0
14 25 -5187150.0
14 26 -5188940.0
14 27 -5190220.0
14 28 -5187970.0
14 29 -5188970.0
14 30 -5187980.0
14 31 -5188840.0
14 32 -5189380.0
14 33 -1660.0
14 34 -5185300.0
14 35 -319.063
14 36 -5188040.0
14 37 -5188700.0
14 38 -5186350.0
14 40 -5187780.0
14 41 -5185410.0
14 42 -5193720.0
14 43 -5192810.0
14 44 -5190190.0
14 45 -5186560.0
14 46 -1492.04
14 47 -5188790.0
14 48 -5186200.0
14 49 -5186620.0
14 50 -5189560.0
14 51 -5184190.0
15 52 9096.55
15 2 -5190230.0
15 3 -5192370.0
15 4 -5187230.0
15 5 -5185630.0
15 6 -5187360.0
15 7 -5191770.0
15 8 -5188810.0
15 9 -5185040.0
15 10 -5191000.0
15 11 -5189480.0
15 12 -5186480.0
15 13 -5189980.0
15 14 -5183100.0
15 16 -5187730.0
15 17 -5190660.0
15 18 -5187030.0
15 19 -1520.0
15 20 -5185010.0
15 21 -5191700.0
15 22 -5188310.0
15 23 -5190330.0
15 24 -5186080.0
15 25 -5186170.0
15 26 -114.537
15 27 -5186230.0
15 28 -5185450.0
15 29 -5184350.0
15 30 497.928
15 31 -5185480.0
15 32 -5190080.0
15 33 -5190360.0
15 34 -5186140.0
15 35 -5188040.0
15 36 -5183350.0
15 37 -5190450.0
15 38 -5187400.0
15 40 -5184840.0
15 41 1253.39
15 42 -5192600.0
15 43 -5193580.0
15 44 -5191520.0
15 45 -5188730.0
15 46 -5187460.0
15 47 43.2181
15 48 -5187530.0
15 49 -5185920.0
15 50 -5185850.0
15 51 -5187970.0
16 52 10556.6
16 2 -5184840.0
16 3 -2404.69
16 4 -5188910.0
16 5 -5187590.0
16 6 -5189040.0
16 7 -5186800.0
16 8 -5190560.0
16 9 -5187210.0
16 10 -5189460.0
16 11 -5187590.0
16 12 -5189980.0
16 13 -5187740.0
16 14 -5186600.0
16 15 -5189170.0
16 17 -5189890.0
16 18 1938.39
16 19 -5190220.0
16 20 -5186690.0
16 21 -5188060.0
16 22 102.209
16 23 -1755.27
16 24 -5185940.0
16 25 916.275
16 26 -5189990.0
16 27 -5188260.0
16 28 -5186220.0
16 29 -5187640.0
16 30 -5189520.0
16 31 -5187020.0
16 32 -5186580.0
16 33 -5193160.0
16 34 -5189010.0
16 35 -5189790.0
16 36 -5186780.0
16 37 -5189120.0
16 38 -5186140.0
16 40 -5187430.0
16 41 -5188000.0
16 42 -2766.3
16 43 -5189450.0
16 44 -5188160.0
16 45 -5190200.0
16 46 -5190260.0
16 47 -5189910.0
16 48 -5188440.0
16 49 -5190680.0
16 50 -5187670.0
16 51 -5188810.0
17 52 10346.6
17 2 -5187360.0
17 3 -5192370.0
17 4 -5185410.0
17 5 -5190810.0
17 6 -5184770.0
17 7 -5188760.0
17 8 -5185240.0
17 9 -5191130.0
17 10 -1114.59
17 11 1877.38
17 12 -5189140.0
17 13 -512.932
17 14 -5183240.0
17 15 -5190780.0
17 16 -5188570.0
17 18 -5188850.0
17 19 -5192880.0
17 20 -5186410.0
17 21 -5186380.0
17 22 -5189150.0
17 23 -5187670.0
17 24 -5188110.0
17 25 -5185680.0
17 26 -5191810.0
17 27 -5191690.0
17 28 -5188810.0
17 29 -5190930.0
17 30 -5190920.0
17 31 -5190100.0
17 32 -5185460.0
17 33 -5188470.0
17 34 -5187610.0
17 35 -5185170.0
17 36 -5190210.0
17 37 -1185.52
17 38 -5184040.0
17 40 -5189390.0
17 41 -5188490.0
17 42 -5190780.0
17 43 -5188470.0
17 44 -5185570.0
17 45 -5187260.0
17 46 -5188090.0
17 47 -5191660.0
17 48 -5186340.0
17 49 -5190120.0
17 50 -5190890.0
17 51 1154.59
18 52 9856.55
18 2 -5185750.0
18 3 -2544.69
18 4 -5189470.0
18 5 -5187380.0
18 6 -5189600.0
18 7 -5187710.0
18 8 -5191190.0
18 9 -5186650.0
18 10 -5190300.0
18 11 -5188570.0
18 12 -5190260.0
18 13 -5188650.0
18 14 -5187020.0
18 15 -5189030.0
18 16 1380.45
18 17 -5190730.0
18 19 -5189870.0
18 20 -5187040.0
18 21 -5189040.0
18 22 -587.791
18 23 -5186620.0
18 24 -2401.68
18 25 86.2746
18 26 -5189780.0
18 27 -5187980.0
18 28 -5186290.0
18 29 -5187220.0
18 30 -5189380.0
18 31 -5186950.0
18 32 -5187560.0
18 33 -5193720.0
18 34 -5189360.0
18 35 -5190420.0
18 36 -5186290.0
18 37 -5189960.0
18 38 -5186910.0
18 40 -5187430.0
18 41 -5188000.0
18 42 -5187350.0
18 43 -5190430.0
18 44 -5189140.0
18 45 -5190690.0
18 46 -5190680.0
18 47 -5189700.0
18 48 -5189000.0
18 49 -5190820.0
18 50 -5187390.0
18 51 -5189510.0
19 52 8326.55
19 2 -5190580.0
19 3 -5192160.0
19 4 -5188490.0
19 5 -5185630.0
19 6 -5188690.0
19 7 -5192190.0
19 8 -5190140.0
19 9 -5184130.0
19 10 -5191980.0
19 11 -5190460.0
19 12 -5187810.0
19 13 -5190890.0
19 14 -5184500.0
19 15 -472.757
19 16 -5187730.0
19 17 -5191710.0
19 18 -5186820.0
19 20 -5186060.0
19 21 -5192400.0
19 22 -5188450.0
19 23 -5190750.0
19 24 -5186640.0
19 25 -5186590.0
19 26 -744.537
19 27 -5186020.0
19 28 -5185870.0
19 29 346.042
19 30 -5184900.0
19 31 -5185690.0
19 32 -5190780.0
19 33 -5191760.0
19 34 -5187470.0
19 35 -5189370.0
19 36 1839.9
19 37 -5191430.0
19 38 -5188310.0
19 40 -5185470.0
19 41 -5184150.0
19 42 -5192740.0
19 43 -5194210.0
19 44 -5192290.0
19 45 -5189920.0
19 46 -5188790.0
19 47 -996.782
19 48 -5188650.0
19 49 -5187320.0
19 50 -5185850.0
19 51 -5189230.0
20 2 -5187920.0
20 3 -5191110.0
20 4 -5184570.0
20 5 -5186400.0
20 6 -5184770.0
20 7 -5189320.0
20 8 -5186430.0
20 9 -5186720.0
20 10 -5187850.0
20 11 -5186330.0
20 12 -1276.58
20 13 -5186900.0
20 14 -5181770.0
20 15 -5186230.0
20 16 -5186470.0
20 17 -5187510.0
20 18 -5186260.0
20 19 -5188330.0
20 21 -5188690.0
20 22 -5186840.0
20 23 -5187810.0
20 24 -461.68
20 25 -5183860.0
20 26 -5187260.0
20 27 -5187280.0
20 28 -5184680.0
20 29 -5186380.0
20 30 -5186370.0
20 31 -5185760.0
20 32 -5187140.0
20 33 -5188610.0
20 34 -167.961
20 35 -5185590.0
20 36 -5185660.0
20 37 -5187300.0
20 38 -5184320.0
20 40 -5184840.0
20 41 -5184080.0
20 42 -5190570.0
20 43 -5190710.0
20 44 -5188440.0
20 45 -5185930.0
20 46 -1492.04
20 47 -5187040.0
20 48 -507.415
20 49 -5186200.0
20 50 -5186550.0
20 51 -5185240.0
21 52 10276.6
21 2 -5184140.0
21 3 -5189640.0
21 4 -5187930.0
21 5 -5191020.0
21 6 -5187570.0
21 7 -1811.93
21 8 -5188530.0
21 9 -5191200.0
21 10 -5186240.0
21 11 -5183040.0
21 12 -5190890.0
21 13 -162.932
21 14 -5186040.0
21 15 -5191830.0
21 16 -5186750.0
21 17 -5186390.0
21 18 -5187170.0
21 19 -5193580.0
21 20 -5187600.0
21 22 -5187820.0
21 23 -1065.27
21 24 -5188250.0
21 25 -5184700.0
21 26 -5192790.0
21 27 -5191830.0
21 28 -5188950.0
21 29 -5191210.0
21 30 -5191970.0
21 31 -5190240.0
21 32 1126.81
21 33 -5191690.0
21 34 -5189430.0
21 35 -5188180.0
21 36 -5190490.0
21 37 -5186320.0
21 38 -5184670.0
21 40 -5189950.0
21 41 -5189890.0
21 42 -5187840.0
21 43 -1040.0
21 44 1015.59
21 45 -5189430.0
21 46 -5190260.0
21 47 -5192640.0
21 48 -5188020.0
21 49 -5191940.0
21 50 -5191100.0
21 51 -5186220.0
22 52 11526.6
22 2 -5185120.0
22 3 -5187190.0
22 4 -5188000.0
22 5 -5186890.0
22 6 -5188060.0
22 7 -5186870.0
22 8 -5189650.0
22 9 -5186720.0
22 10 -5188760.0
22 11 -5187030.0
22 12 -5189070.0
22 13 -5187180.0
22 14 -5185620.0
22 15 -5188400.0
22 16 1450.45
22 17 -5189120.0
22 18 1318.39
22 19 -5189590.0
22 20 -5185710.0
22 21 -5187780.0
22 23 -5185570.0
22 24 -1151.68
22 25 1756.27
22 26 -5189290.0
22 27 -5187630.0
22 28 -5185380.0
22 29 -5187010.0
22 30 -5188680.0
22 31 -5186320.0
22 32 -5186230.0
22 33 -5192180.0
22 34 -5188030.0
22 35 -5188880.0
22 36 -5186220.0
22 37 -5188350.0
22 38 -5185370.0
22 40 -5186590.0
22 41 -5187090.0
22 42 -5187210.0
22 43 -5189310.0
22 44 -5187880.0
22 45 -5189220.0
22 46 -5189350.0
22 47 -5189140.0
22 48 -5187530.0
22 49 -5189770.0
22 50 -5186970.0
22 51 -5187970.0
23 52 11106.6
23 2 1130.13
23 3 -5187470.0
23 4 -5188210.0
23 5 -5189410.0
23 6 -5188060.0
23 7 -211.929
23 8 -5189370.0
23 9 -5189450.0
23 10 -5187360.0
23 11 -5185070.0
23 12 -5190330.0
23 13 -5185360.0
23 14 -5186250.0
23 15 -5190640.0
23 16 -5184510.0
23 17 -5187860.0
23 18 -5184930.0
23 19 -5192110.0
23 20 -5186900.0
23 21 -5185190.0
23 22 -5185790.0
23 24 -5186920.0
23 25 -5183090.0
23 26 -5191600.0
23 27 -5190220.0
23 28 -5187550.0
23 29 -5189670.0
23 30 -5190850.0
23 31 -5188770.0
23 32 156.81
23 33 -5192320.0
23 34 -5189080.0
23 35 -5188810.0
23 36 -5188880.0
23 37 -5187160.0
23 38 -5184810.0
23 40 -5188690.0
23 41 -5188980.0
23 42 -2006.3
23 43 -5186580.0
23 44 -5185290.0
23 45 -5189570.0
23 46 -5190120.0
23 47 -5191450.0
23 48 -5187950.0
23 49 -5191310.0
23 50 -5189490.0
23 51 -5187270.0
24 2 -5186870.0
24 3 -5189500.0
24 4 -5186110.0
24 5 -5185490.0
24 6 -5186310.0
24 7 -5188410.0
24 8 -5187900.0
24 9 -5185810.0
24 10 -5188270.0
24 11 -5186820.0
24 12 -5186760.0
24 13 -5187040.0
24 14 -5183450.0
24 15 -5186440.0
24 16 -5184860.0
24 17 -5188350.0
24 18 -5184580.0
24 19 -5188050.0
24 20 403.764
24 21 -5188480.0
24 22 -5185300.0
24 23 -5186970.0
24 25 -5182740.0
24 26 -5187400.0
24 27 -5186370.0
24 28 506.895
24 29 -5185750.0
24 30 -5186650.0
24 31 -839.629
24 32 -5186860.0
24 33 -5190220.0
24 34 -5185790.0
24 35 -5187130.0
24 36 -5185030.0
24 37 -5187790.0
24 38 -5184600.0
24 40 -550.0
24 41 -5184850.0
24 42 -5189310.0
24 43 -5190290.0
24 44 -5188370.0
24 45 -5187400.0
24 46 -5187180.0
24 47 -5187180.0
24 48 -5185780.0
24 49 -5187460.0
24 50 -5185570.0
24 51 -5186570.0
25 52 12846.6
25 2 -5184980.0
25 3 -5188170.0
25 4 -5186810.0
25 5 -5187240.0
25 6 -5186870.0
25 7 -5186450.0
25 8 -5188390.0
25 9 -5187350.0
25 10 -5187430.0
25 11 -5185770.0
25 12 -5188300.0
25 13 -5185850.0
25 14 -5184640.0
25 15 -5188400.0
25 16 130.45
25 17 -5187790.0
25 18 -5184020.0
25 19 -5189870.0
25 20 -5184870.0
25 21 -5186800.0
25 22 -377.791
25 23 -1065.27
25 24 -671.68
25 26 -5189290.0
25 27 -5188050.0
25 28 -5185310.0
25 29 -5187430.0
25 30 -5188610.0
25 31 -5186530.0
25 32 -5185180.0
25 33 -5191060.0
25 34 -5187120.0
25 35 -5187620.0
25 36 -5186710.0
25 37 -5187020.0
25 38 -5183970.0
25 40 -5186450.0
25 41 -5186740.0
25 42 -5187490.0
25 43 -5188470.0
25 44 -5186760.0
25 45 -5188030.0
25 46 -5188370.0
25 47 -5189140.0
25 48 -5186340.0
25 49 -5189210.0
25 50 -5187250.0
25 51 -5186640.0
26 52 8746.55
26 2 -5190510.0
26 3 -5192440.0
26 4 -5187650.0
26 5 -5185700.0
26 6 -5187780.0
26 7 -5192050.0
26 8 -5189230.0
26 9 -5184900.0
26 10 -5191350.0
26 11 -5189900.0
26 12 -5186900.0
26 13 -5190400.0
26 14 -5183520.0
26 15 567.243
26 16 -5187870.0
26 17 -5191010.0
26 18 -5187100.0
26 19 -1110.0
26 20 -5185360.0
26 21 -5191980.0
26 22 -5188520.0
26 23 -5190610.0
26 24 -5186360.0
26 25 -5186380.0
26 27 -5186300.0
26 28 -5185660.0
26 29 -5184210.0
26 30 77.9277
26 31 -5185690.0
26 32 -5190430.0
26 33 -5190780.0
26 34 -5186560.0
26 35 -5188460.0
26 36 -5183070.0
26 37 -5190870.0
26 38 -5187750.0
26 40 -5185120.0
26 41 773.391
26 42 -5192740.0
26 43 -5193930.0
26 44 -5191870.0
26 45 -5189150.0
26 46 -5187880.0
26 47 -26.7819
26 48 -5187950.0
26 49 -5186340.0
26 50 -5185920.0
26 51 -5188390.0
27 52 9996.55
27 2 -5188620.0
27 3 -5190270.0
27 4 -5187790.0
27 5 193.504
27 6 -5187990.0
27 7 -5190300.0
27 8 -5189580.0
27 9 429.032
27 10 -5190510.0
27 11 -5189060.0
27 12 -5187460.0
27 13 -5189350.0
27 14 -5184430.0
27 15 -5185180.0
27 16 -5185770.0
27 17 -5190520.0
27 18 -5184930.0
27 19 -5186020.0
27 20 -5185010.0
27 21 -5190650.0
27 22 -5186490.0
27 23 -5188860.0
27 24 -5184960.0
27 25 -5184770.0
27 26 -5185930.0
27 28 -5184190.0
27 29 486.042
27 30 -5185600.0
27 31 60.3714
27 32 -5189030.0
27 33 -5191550.0
27 34 -5186910.0
27 35 -5188740.0
27 36 -5182790.0
27 37 -5190030.0
27 38 -5186840.0
27 40 -5184350.0
27 41 -5184430.0
27 42 -5190780.0
27 43 -5192460.0
27 44 -5190610.0
27 45 -5189080.0
27 46 -5188300.0
27 47 -5185850.0
27 48 -5187670.0
27 49 -5187530.0
27 50 36.5776
27 51 -5188390.0
28 52 11596.6
28 2 -5187500.0
28 3 -5189780.0
28 4 -5186530.0
28 5 -776.496
28 6 -5186730.0
28 7 -5189040.0
28 8 -5188390.0
28 9 -5185040.0
28 10 -5189040.0
28 11 -5187590.0
28 12 -5186690.0
28 13 -5187810.0
28 14 -5183590.0
28 15 -5185810.0
28 16 -5185140.0
28 17 -5189050.0
28 18 -5184650.0
28 19 -5187280.0
28 20 -5183820.0
28 21 -5189180.0
28 22 -5185650.0
28 23 -5187600.0
28 24 508.32
28 25 -5183440.0
28 26 -5186700.0
28 27 -5185600.0
28 29 -5184980.0
28 30 -5186090.0
28 31 -9.62855
28 32 -5187630.0
28 33 -5190500.0
28 34 -5185930.0
28 35 -5187550.0
28 36 -5184260.0
28 37 -5188490.0
28 38 -5185370.0
28 40 70.0
28 41 -5184430.0
28 42 -5189870.0
28 43 -5191060.0
28 44 -5189140.0
28 45 -5187820.0
28 46 -5187320.0
28 47 -5186550.0
28 48 -5186270.0
28 49 -5187180.0
28 50 -863.422
28 51 -5187060.0
29 52 9096.55
29 2 -5189600.0
29 3 -5191040.0
29 4 -5188280.0
29 5 -706.496
29 6 -5188480.0
29 7 -5191210.0
29 8 -5190070.0
29 9 779.032
29 10 -5191350.0
29 11 -5189900.0
29 12 -5187740.0
29 13 -5190190.0
29 14 -5184710.0
29 15 -5184830.0
29 16 -5186680.0
29 17 -5191290.0
29 18 -5185700.0
29 19 -1180.0
29 20 -5185640.0
29 21 -5191560.0
29 22 -5187400.0
29 23 -5189840.0
29 24 -5185870.0
29 25 -5185680.0
29 26 -5185370.0
29 27 -1040.0
29 28 -5185100.0
29 30 -5185320.0
29 31 -5184780.0
29 32 -5189940.0
29 33 -5191830.0
29 34 -5187330.0
29 35 -5189230.0
29 36 2119.9
29 37 -5190870.0
29 38 -5187680.0
29 40 -5184980.0
29 41 -5184430.0
29 42 -5191620.0
29 43 -5193370.0
29 44 -5191520.0
29 45 -5189710.0
29 46 -5188720.0
29 47 -5185430.0
29 48 -5188300.0
29 49 -5187600.0
29 50 -5184870.0
29 51 -5189020.0
30 52 9166.55
30 2 -5190230.0
30 3 -5192370.0
30 4 -5187090.0
30 5 -5185700.0
30 6 -5187220.0
30 7 -5191770.0
30 8 -5188670.0
30 9 -5185180.0
30 10 -5190860.0
30 11 -5189340.0
30 12 -5186340.0
30 13 -5189910.0
30 14 -5182960.0
30 15 777.243
30 16 -5187800.0
30 17 -5190520.0
30 18 -5187100.0
30 19 -1730.0
30 20 -5184870.0
30 21 -5191560.0
30 22 -5188310.0
30 23 -5190260.0
30 24 -5186010.0
30 25 -5186100.0
30 26 -324.537
30 27 -5186370.0
30 28 -5185450.0
30 29 -5184560.0
30 31 -5185550.0
30 32 -5190010.0
30 33 -5190220.0
30 34 -5186000.0
30 35 -5187900.0
30 36 -5183490.0
30 37 -5190310.0
30 38 -5187260.0
30 40 -5184840.0
30 41 1393.39
30 42 -5192600.0
30 43 -5193510.0
30 44 -5191450.0
30 45 -5188590.0
30 46 -5187250.0
30 47 -166.782
30 48 -5187390.0
30 49 -5185780.0
30 50 -5185920.0
30 51 -5187830.0
31 52 10756.6
31 2 -5188130.0
31 3 -5190060.0
31 4 -5187090.0
31 5 53.5041
31 6 -5187360.0
31 7 -5189670.0
31 8 -5188950.0
31 9 -5184270.0
31 10 -5189810.0
31 11 -5188360.0
31 12 -5186970.0
31 13 -5188580.0
31 14 -5183940.0
31 15 -5185320.0
31 16 -5185420.0
31 17 -5189820.0
31 18 -5184790.0
31 19 -5186580.0
31 20 -5184380.0
31 21 -5189950.0
31 22 -5186070.0
31 23 -5188300.0
31 24 -5184260.0
31 25 -5184140.0
31 26 -5186210.0
31 27 -830.0
31 28 506.895
31 29 -5184140.0
31 30 -5185670.0
31 32 -5188330.0
31 33 -5190990.0
31 34 -5186350.0
31 35 -5188110.0
31 36 -5183490.0
31 37 -5189260.0
31 38 -5186140.0
31 40 140.0
31 41 -5184290.0
31 42 -5190290.0
31 43 -5191760.0
31 44 -5189910.0
31 45 -5188450.0
31 46 -5187810.0
31 47 -5186060.0
31 48 -5186970.0
31 49 -5187250.0
31 50 -33.4224
31 51 -5187760.0
32 52 11036.6
32 2 -5183930.0
32 3 -5189220.0
32 4 -5187440.0
32 5 -5190250.0
32 6 -5187220.0
32 7 -5185400.0
32 8 -5188250.0
32 9 -5190430.0
32 10 -5185960.0
32 11 -5183320.0
32 12 -5190260.0
32 13 47.0681
32 14 -5185620.0
32 15 -5191060.0
32 16 -5186120.0
32 17 -5186320.0
32 18 -5186540.0
32 19 -5192810.0
32 20 -5186900.0
32 21 278.071
32 22 -5187120.0
32 23 -505.274
32 24 -5187480.0
32 25 -5183930.0
32 26 -5192090.0
32 27 -5191060.0
32 28 -5188250.0
32 29 -5190440.0
32 30 -5191270.0
32 31 -5189470.0
32 33 -5191340.0
32 34 -5188800.0
32 35 -5187830.0
32 36 -5189720.0
32 37 -5185970.0
32 38 -5184110.0
32 40 -5189250.0
32 41 -5189190.0
32 42 -5187490.0
32 43 -1660.0
32 44 255.591
32 45 -5188940.0
32 46 -5189700.0
32 47 -5191870.0
32 48 -5187460.0
32 49 -5191310.0
32 50 -5190330.0
32 51 -5186010.0
33 52 8466.55
33 2 -5191000.0
33 3 -5195100.0
33 4 -827.576
33 5 -5190670.0
33 6 75.8595
33 7 -5192330.0
33 8 375.648
33 9 -5190850.0
33 10 -5188900.0
33 11 -5186400.0
33 12 -5187670.0
33 13 -5188370.0
33 14 4134.59
33 15 -5189310.0
33 16 -5190670.0
33 17 -5187300.0
33 18 -5190670.0
33 19 -5191760.0
33 20 -5186340.0
33 21 -5190510.0
33 22 -5191040.0
33 23 -5190960.0
33 24 -5188810.0
33 25 -5187780.0
33 26 -5190410.0
33 27 -5191550.0
33 28 -5189090.0
33 29 -5190300.0
33 30 -5189450.0
33 31 -5190100.0
33 32 -5189310.0
33 34 -5186420.0
33 35 100.937
33 36 -5189510.0
33 37 -5188560.0
33 38 -5186560.0
33 40 -5189040.0
33 41 -5186880.0
33 42 -5194070.0
33 43 -5192600.0
33 44 -5189840.0
33 45 -5187050.0
33 46 -5186550.0
33 47 -5190260.0
33 48 -5186760.0
33 49 -5188090.0
33 50 -5190820.0
33 51 -5183280.0
34 2 -5188900.0
34 3 -5192230.0
34 4 -5184010.0
34 5 -5187170.0
34 6 -5184140.0
34 7 -5190300.0
34 8 -5185660.0
34 9 -5187420.0
34 10 -5188200.0
34 11 -5186540.0
34 12 -516.578
34 13 -5187460.0
34 14 -5180650.0
34 15 -5186230.0
34 16 -5187660.0
34 17 -5187580.0
34 18 -5187450.0
34 19 -5188610.0
34 20 963.764
34 21 -5189390.0
34 22 -5188030.0
34 23 -5188860.0
34 24 -5185520.0
34 25 -5184980.0
34 26 -5187330.0
34 27 -5188050.0
34 28 -5185660.0
34 29 -5186940.0
34 30 -5186370.0
34 31 -5186600.0
34 32 -5187910.0
34 33 -5187560.0
34 35 -5184890.0
34 36 -5186150.0
34 37 -5187720.0
34 38 -5184880.0
34 40 -5185540.0
34 41 -5183870.0
34 42 -5191690.0
34 43 -5191410.0
34 44 -5189070.0
34 45 -1642.59
34 46 -382.039
34 47 -5187180.0
34 48 -717.415
34 49 -5185500.0
34 50 -5187390.0
34 51 -5184750.0
35 52 9996.55
35 2 -5189320.0
35 3 -5193560.0
35 4 622.424
35 5 -5189760.0
35 6 1605.86
35 7 -5190720.0
35 8 995.648
35 9 -5190080.0
35 10 -5187290.0
35 11 -5185070.0
35 12 -5187110.0
35 13 -5186760.0
35 14 -5180370.0
35 15 -5188890.0
35 16 -5189200.0
35 17 -5185900.0
35 18 -5189270.0
35 19 -5191270.0
35 20 -5185220.0
35 21 -5188900.0
35 22 -5189640.0
35 23 -5189350.0
35 24 -5187620.0
35 25 -5186240.0
35 26 -5189990.0
35 27 -5190640.0
35 28 -5188040.0
35 29 -5189600.0
35 30 -5189030.0
35 31 -5189120.0
35 32 -5187700.0
35 33 -1800.0
35 34 -5185650.0
35 36 -5188810.0
35 37 -5186950.0
35 38 -5184950.0
35 40 -5188200.0
35 41 -5186460.0
35 42 -5192530.0
35 43 -5191060.0
35 44 -5188300.0
35 45 -1782.59
35 46 -5185850.0
35 47 -5189840.0
35 48 -5185360.0
35 49 -5187880.0
35 50 -5189910.0
35 51 1714.59
36 52 8466.55
36 2 -5190090.0
36 3 -5191390.0
36 4 -5188840.0
36 5 -1266.5
36 6 -5188970.0
36 7 -5191770.0
36 8 -5190560.0
36 9 709.032
36 10 -5191910.0
36 11 -5190460.0
36 12 -5188230.0
36 13 -5190820.0
36 14 -5185060.0
36 15 -5185110.0
36 16 -5187100.0
36 17 -5191850.0
36 18 -5186050.0
36 19 -970.0
36 20 -5186200.0
36 21 -5192120.0
36 22 -5187890.0
36 23 -5190330.0
36 24 -5186430.0
36 25 -5186240.0
36 26 -5185510.0
36 27 -1660.0
36 28 -5185660.0
36 29 836.042
36 30 -5185530.0
36 31 -5185410.0
36 32 -5190500.0
36 33 -5192320.0
36 34 -5187820.0
36 35 -5189720.0
36 37 -5191430.0
36 38 -5188240.0
36 40 -5185540.0
36 41 -5184710.0
36 42 -5192110.0
36 43 -5193930.0
36 44 -5192080.0
36 45 -5190200.0
36 46 -5189210.0
36 47 -5185640.0
36 48 -5188860.0
36 49 -5187950.0
36 50 -5185430.0
36 51 -5189510.0
37 52 11736.6
37 2 -5186170.0
37 3 -5190900.0
37 4 -5185270.0
37 5 -5189620.0
37 6 -5184910.0
37 7 -5187500.0
37 8 -5185940.0
37 9 -5189940.0
37 10 -144.591
37 11 1247.38
37 12 -5188510.0
37 13 527.068
37 14 -5183380.0
37 15 -5189870.0
37 16 -5187100.0
37 17 -490.0
37 18 -5187380.0
37 19 -5191900.0
37 20 -5185500.0
37 21 -5185610.0
37 22 -5187680.0
37 23 -5186270.0
37 24 -5186850.0
37 25 -5184210.0
37 26 -5190970.0
37 27 -5190500.0
37 28 -5187550.0
37 29 -5189810.0
37 30 -5190010.0
37 31 -5188840.0
37 32 -5184410.0
37 33 -5189030.0
37 34 -5187050.0
37 35 -5185520.0
37 36 -5189090.0
37 38 1359.54
37 40 -5188270.0
37 41 -5187720.0
37 42 -5189520.0
37 43 -5187700.0
37 44 -5185080.0
37 45 -5186840.0
37 46 -5187740.0
37 47 -5190750.0
37 48 -5185640.0
37 49 -5189560.0
37 50 -5189700.0
37 51 -5183770.0
38 52 12916.6
38 2 -5185960.0
38 3 -5190270.0
38 4 -5184990.0
38 5 -5188500.0
38 6 -5184840.0
38 7 -5187360.0
38 8 -5186150.0
38 9 -5188820.0
38 10 -1254.59
38 11 -5183740.0
38 12 -5187740.0
38 13 -232.932
38 14 -5183100.0
38 15 -5188890.0
38 16 -5186190.0
38 17 -5185410.0
38 18 -5186400.0
38 19 -5190850.0
38 20 -5184590.0
38 21 -5186030.0
38 22 -5186770.0
38 23 -5185990.0
38 24 -5185730.0
38 25 -5183230.0
38 26 -5189920.0
38 27 -5189380.0
38 28 -5186500.0
38 29 -5188690.0
38 30 -5189030.0
38 31 -5187790.0
38 32 -5184620.0
38 33 -5189100.0
38 34 -5186280.0
38 35 -5185590.0
38 36 -5187970.0
38 37 -705.517
38 40 -5187220.0
38 41 -5186810.0
38 42 -5189100.0
38 43 -5188120.0
38 44 -5185780.0
38 45 -5186420.0
38 46 -5187180.0
38 47 -5189770.0
38 48 -997.415
38 49 -5188790.0
38 50 -5188650.0
38 51 -5184260.0
39 52 10826.6
39 2 1410.13
39 3 -5187330.0
39 4 -5188490.0
39 5 -5189620.0
39 6 -5188340.0
39 7 68.0712
39 8 -5189650.0
39 9 -5189660.0
39 10 -5187570.0
39 11 -5185210.0
39 12 -5190610.0
39 13 -5185570.0
39 14 -5186530.0
39 15 -5190850.0
39 16 -5184580.0
39 17 -5188070.0
39 18 -5185000.0
39 19 -5192320.0
39 20 -5187180.0
39 21 -5185260.0
39 22 -5185930.0
39 23 954.726
39 24 -5187130.0
39 25 -5183300.0
39 26 -5191810.0
39 27 -5190430.0
39 28 -5187830.0
39 29 -5189880.0
39 30 -5191130.0
39 31 -5188980.0
39 32 16.8101
39 33 -5192600.0
39 34 -5189360.0
39 35 -5189090.0
39 36 -5189090.0
39 37 -5187440.0
39 38 -5185090.0
39 40 -5188970.0
39 41 -5189260.0
39 42 -1726.3
39 43 -5186510.0
39 44 -5185360.0
39 45 -5189850.0
39 46 -5190400.0
39 47 -5191660.0
39 48 -5188230.0
39 49 -5191590.0
39 50 -5189700.0
39 51 -5187550.0
40 52 10966.6
40 2 -5188410.0
40 3 -5190690.0
40 4 -5186390.0
40 5 -576.496
40 6 -5186590.0
40 7 -5189950.0
40 8 -5188180.0
40 9 -5184900.0
40 10 -5189460.0
40 11 -5188010.0
40 12 -5186130.0
40 13 -5188370.0
40 14 -5183100.0
40 15 -5184900.0
40 16 -5186050.0
40 17 -5189330.0
40 18 -5185490.0
40 19 -5186580.0
40 20 -5183680.0
40 21 -5189880.0
40 22 -5186560.0
40 23 -5188440.0
40 24 -5184190.0
40 25 -5184280.0
40 26 -5185860.0
40 27 -1520.0
40 28 366.895
40 29 -5184560.0
40 30 -5185180.0
40 31 -79.6286
40 32 -5188330.0
40 33 -5190150.0
40 34 -5185510.0
40 35 -5187410.0
40 36 -5183840.0
40 37 -5188910.0
40 38 -5185790.0
40 41 -5183520.0
40 42 -5190780.0
40 43 -5191760.0
40 44 -5189770.0
40 45 -5187750.0
40 46 -5186970.0
40 47 -5185710.0
40 48 -5186340.0
40 49 -5186410.0
40 50 -863.422
40 51 -5187060.0
41 52 9646.55
41 2 -5190020.0
41 3 -5192580.0
41 4 -5186180.0
41 5 -5186120.0
41 6 -5186310.0
41 7 -5191490.0
41 8 -5187760.0
41 9 -5185880.0
41 10 -5190230.0
41 11 -5188710.0
41 12 -5185430.0
41 13 -5189350.0
41 14 -5182050.0
41 15 -132.757
41 16 -5187940.0
41 17 -5189750.0
41 18 -5187380.0
41 19 -5186580.0
41 20 -5184240.0
41 21 -5191140.0
41 22 -5188380.0
41 23 -5190050.0
41 24 -5185870.0
41 25 -5185890.0
41 26 -1294.54
41 27 -5186860.0
41 28 -5185450.0
41 29 -5185330.0
41 30 -272.072
41 31 -5185830.0
41 32 -5189590.0
41 33 -5189310.0
41 34 -5185160.0
41 35 -5186990.0
41 36 -5184330.0
41 37 -5189680.0
41 38 -5186700.0
41 40 -5184840.0
41 42 -5192530.0
41 43 -5193090.0
41 44 -5190890.0
41 45 -5187750.0
41 46 -5186410.0
41 47 -1136.78
41 48 -5186690.0
41 49 -865.672
41 50 -5186340.0
41 51 -5186920.0
42 52 9096.55
42 2 1340.13
42 3 -1784.69
42 4 -5190240.0
42 5 -5190390.0
42 6 -5190230.0
42 7 -1321.93
42 8 -5191540.0
42 9 -5190080.0
42 10 -5189530.0
42 11 -5187030.0
42 12 -5192080.0
42 13 -5187530.0
42 14 -5188280.0
42 15 -5191900.0
42 16 -5184510.0
42 17 -5189960.0
42 18 -5184650.0
42 19 -5193090.0
42 20 -5188650.0
42 21 -5187010.0
42 22 -5186420.0
42 23 -995.274
42 24 -5188250.0
42 25 -5184560.0
42 26 -5192720.0
42 27 -5191130.0
42 28 -5188810.0
42 29 -5190440.0
42 30 -5192180.0
42 31 -5189750.0
42 32 -5185810.0
42 33 -5194420.0
42 34 -5190900.0
42 35 -5190980.0
42 36 -5189650.0
42 37 -5189400.0
42 38 -5186910.0
42 40 -5190020.0
42 41 -5190450.0
42 43 -5187840.0
42 44 -5186970.0
42 45 -5191600.0
42 46 -5192080.0
42 47 -5192640.0
42 48 -5189910.0
42 49 -5192990.0
42 50 -5190470.0
42 51 -5189510.0
43 39 2289.84
44 52 9716.55
44 2 -5184770.0
44 3 -5190340.0
44 4 -5188140.0
44 5 -5191580.0
44 6 -5187710.0
44 7 -5186450.0
44 8 -5188460.0
44 9 -5191830.0
44 10 -5186310.0
44 12 -5191240.0
44 13 -372.932
44 14 -5186250.0
44 15 -5192320.0
44 16 -5187520.0
44 17 -5186250.0
44 18 -5187940.0
44 19 -5194140.0
44 20 -5188020.0
44 21 348.071
44 22 -5188590.0
44 23 -5185780.0
44 24 -5188810.0
44 25 -5185330.0
44 26 -5193350.0
44 27 -5192460.0
44 28 -5189580.0
44 29 -5191840.0
44 30 -5192530.0
44 31 -5190870.0
44 32 436.81
44 33 -5191690.0
44 34 -5189780.0
44 35 -5188250.0
44 36 -5191120.0
44 37 -5186460.0
44 38 -5185090.0
44 40 -5190510.0
44 41 -5190310.0
44 42 -5188470.0
44 43 -1310.0
44 45 -5189710.0
44 46 -5190540.0
44 47 -5193130.0
44 48 -5188370.0
44 49 -5192290.0
44 50 -5191660.0
44 51 -5186080.0
45 52 11526.6
45 2 -5188270.0
45 3 -5192160.0
45 4 1182.42
45 5 -5188220.0
45 6 915.86
45 7 -5189600.0
45 8 -5184610.0
45 9 -5188540.0
45 10 -5186870.0
45 11 -5185140.0
45 12 -5185990.0
45 13 -5186200.0
45 14 -5180790.0
45 15 -5187700.0
45 16 -5187730.0
45 17 -5186110.0
45 18 -5187660.0
45 19 -5189940.0
45 20 -5183680.0
45 21 -5188270.0
45 22 -5188100.0
45 23 -5188230.0
45 24 -5186010.0
45 25 -5184770.0
45 26 -5188800.0
45 27 -5189100.0
45 28 -5186430.0
45 29 -5188200.0
45 30 -5187840.0
45 31 -5187580.0
45 32 -5186930.0
45 33 -5187070.0
45 34 -517.961
45 35 -5183840.0
45 36 -5187410.0
45 37 -5186390.0
45 38 -5183900.0
45 40 -5186660.0
45 41 -5185340.0
45 42 -5191270.0
45 43 -5190360.0
45 44 -5187880.0
45 46 -1072.04
45 47 -5188580.0
45 48 182.585
45 49 -5186970.0
45 50 -5188370.0
45 51 -5183420.0
46 52 10626.6
46 2 -5189250.0
46 3 -5192790.0
46 4 352.424
46 5 -5187870.0
46 6 -5183650.0
46 7 -5190580.0
46 8 -5185100.0
46 9 -5188050.0
46 10 -5188130.0
46 11 -5186400.0
46 12 -1066.58
46 13 -5187460.0
46 14 -5180020.0
46 15 -5186790.0
46 16 -5188150.0
46 17 -5187300.0
46 18 -5188010.0
46 19 -5189170.0
46 20 -5183540.0
46 21 -5189460.0
46 22 -5188590.0
46 23 -5189140.0
46 24 -5186150.0
46 25 -5185470.0
46 26 -5187890.0
46 27 -5188680.0
46 28 -5186290.0
46 29 -5187570.0
46 30 -5186860.0
46 31 -5187300.0
46 32 -5188050.0
46 33 -5186930.0
46 34 382.039
46 35 -5184330.0
46 36 -5186780.0
46 37 -5187650.0
46 38 -5185020.0
46 40 -5186240.0
46 41 -5184360.0
46 42 -5192110.0
46 43 -5191550.0
46 44 -5189070.0
46 45 -1432.59
46 47 -5187670.0
46 48 -787.415
46 49 -5185780.0
46 50 -5188020.0
46 51 -5184260.0
47 52 9026.55
47 2 -5190300.0
47 3 -5192300.0
47 4 -5187370.0
47 5 -5185560.0
47 6 -5187570.0
47 7 -5191840.0
47 8 -5189020.0
47 9 -5184900.0
47 10 -5191070.0
47 11 -5189620.0
47 12 -5186620.0
47 13 -5190120.0
47 14 -5183310.0
47 15 777.243
47 16 -5187730.0
47 17 -5190800.0
47 18 -5186960.0
47 19 -1310.0
47 20 -5185080.0
47 21 -5191770.0
47 22 -5188310.0
47 23 -5190400.0
47 24 -5186080.0
47 25 -5186170.0
47 26 25.463
47 27 -5186160.0
47 28 -5185450.0
47 29 -5184210.0
47 30 287.928
47 31 -5185480.0
47 32 -5190150.0
47 33 -5190570.0
47 34 -5186350.0
47 35 -5188250.0
47 36 -5183140.0
47 37 -5190590.0
47 38 -5187540.0
47 40 -5184910.0
47 41 983.391
47 42 -5192600.0
47 43 -5193650.0
47 44 -5191590.0
47 45 -5188870.0
47 46 -5187600.0
47 48 -5187670.0
47 49 -5186130.0
47 50 -5185780.0
47 51 -5188110.0
48 52 12286.6
48 2 -5187640.0
48 3 -5191460.0
48 4 422.424
48 5 -5187730.0
48 6 -5183650.0
48 7 -5188970.0
48 8 -5185240.0
48 9 -5188120.0
48 10 -5186660.0
48 11 -5185070.0
48 12 -5185990.0
48 13 -5185850.0
48 14 -5181420.0
48 15 -5187490.0
48 16 -5186960.0
48 17 -5186180.0
48 18 -5186960.0
48 19 -5189660.0
48 20 753.764
48 21 -5187850.0
48 22 -5187400.0
48 23 -5187600.0
48 24 -5185380.0
48 25 -5184070.0
48 26 -5188590.0
48 27 -5188680.0
48 28 -5185870.0
48 29 -5187780.0
48 30 -5187630.0
48 31 -5187090.0
48 32 -5186440.0
48 33 -5187770.0
48 34 -587.961
48 35 -5184470.0
48 36 -5187060.0
48 37 -5186180.0
48 38 -5183410.0
48 40 -5186240.0
48 41 -5185270.0
48 42 -5190570.0
48 43 -5189940.0
48 44 -5187530.0
48 45 -812.585
48 46 -1422.04
48 47 -5188370.0
48 49 -5187040.0
48 50 -5187880.0
48 51 -5183910.0
49 52 9646.55
49 2 -5190230.0
49 3 -5193140.0
49 4 -5185480.0
49 5 -5187030.0
49 6 -5185610.0
49 7 -5191700.0
49 8 -5186850.0
49 9 -5186930.0
49 10 -5189880.0
49 11 -5188220.0
49 12 -936.578
49 13 -5189070.0
49 14 -5181070.0
49 15 -5185110.0
49 16 -5188430.0
49 17 -5189190.0
49 18 -5188010.0
49 19 -5187560.0
49 20 -5184170.0
49 21 -5191000.0
49 22 -5188870.0
49 23 -5190190.0
49 24 -5186290.0
49 25 -5186170.0
49 26 -5186210.0
49 27 -5187770.0
49 28 -5186010.0
49 29 -5186310.0
49 30 -1312.07
49 31 -5186600.0
49 32 -5189520.0
49 33 -5188330.0
49 34 -657.961
49 35 -5186220.0
49 36 -5185380.0
49 37 -5189330.0
49 38 -5186490.0
49 40 -5185540.0
49 41 1323.39
49 42 -5192880.0
49 43 -5193020.0
49 44 -5190680.0
49 45 -5187190.0
49 46 -1702.04
49 47 -5186060.0
49 48 -5186270.0
49 50 -5187180.0
49 51 -5186150.0
50 52 10346.6
50 2 -5188410.0
50 3 -5190130.0
50 4 -5187510.0
50 5 403.504
50 6 -5187710.0
50 7 -5190020.0
50 8 -5189300.0
50 9 -5183850.0
50 10 -5190230.0
50 11 -5188780.0
50 12 -5187250.0
50 13 -5189000.0
50 14 -5184220.0
50 15 -5185250.0
50 16 -5185630.0
50 17 -5190170.0
50 18 -5184790.0
50 19 -5186300.0
50 20 -5184730.0
50 21 -5190370.0
50 22 -5186280.0
50 23 -5188580.0
50 24 -5184610.0
50 25 -5184420.0
50 26 -5186000.0
50 27 -410.0
50 28 96.8947
50 29 -5183790.0
50 30 -5185600.0
50 31 410.371
50 32 -5188750.0
50 33 -5191270.0
50 34 -5186700.0
50 35 -5188460.0
50 36 -5183070.0
50 37 -5189680.0
50 38 -5186560.0
50 40 -200.0
50 41 -5184360.0
50 42 -5190570.0
50 43 -5192110.0
50 44 -5190260.0
50 45 -5188800.0
50 46 -5188090.0
50 47 -5185920.0
50 48 -5187320.0
50 49 -5187390.0
50 51 -5188110.0
51 52 9576.55
51 2 -5189110.0
51 3 -5193770.0
51 4 -627.576
51 5 -5190810.0
51 6 425.86
51 7 -5190510.0
51 8 715.648
51 9 -5191130.0
51 10 -5186730.0
51 11 -5183950.0
51 12 -5188440.0
51 13 -5186270.0
51 14 -5181700.0
51 15 -5190220.0
51 16 -5189620.0
51 18 -5189760.0
51 19 -5192530.0
51 20 -5186270.0
51 21 -5188340.0
51 22 -5190130.0
51 23 -5189210.0
51 24 -5188460.0
51 25 -5186660.0
51 26 -5191320.0
51 27 -5191690.0
51 28 -5188950.0
51 29 -5190790.0
51 30 -5190360.0
51 31 -5190170.0
51 32 -5187280.0
51 33 -5186580.0
51 34 -5186910.0
51 35 310.937
51 36 -5190000.0
51 37 -5186600.0
51 38 -5185020.0
51 40 -5189250.0
51 41 -5187790.0
51 42 -5192460.0
51 43 -5190430.0
51 44 -5187530.0
51 45 -5186700.0
51 46 -5187180.0
51 47 -5191100.0
51 48 -5186200.0
51 49 -5189210.0
51 50 -5190960.0
52 2 0
52 3 0
52 4 0
52 5 0
52 6 0
52 7 0
52 8 0
52 9 0
52 10 0
52 11 0
52 12 0
52 13 0
52 14 0
52 15 0
52 16 0
52 17 0
52 18 0
52 19 0
52 20 0
52 21 0
52 22 0
52 23 0
52 24 0
52 25 0
52 26 0
52 27 0
52 28 0
52 29 0
52 30 0
52 31 0
52 32 0
52 33 0
52 34 0
52 35 0
52 36 0
52 37 0
52 38 0
52 39 0
52 40 0
52 41 0
52 42 0
52 43 0
52 44 0
52 45 0
52 46 0
52 47 0
52 48 0
52 49 0
52 50 0
52 51 0
2 1 0
3 1 0
4 1 0
5 1 0
6 1 0
7 1 0
8 1 0
9 1 0
10 1 0
11 1 0
12 1 0
13 1 0
14 1 0
15 1 0
16 1 0
17 1 0
18 1 0
19 1 0
20 1 0
21 1 0
22 1 0
23 1 0
24 1 0
25 1 0
26 1 0
27 1 0
28 1 0
29 1 0
30 1 0
31 1 0
32 1 0
33 1 0
34 1 0
35 1 0
36 1 0
37 1 0
38 1 0
39 1 0
40 1 0
41 1 0
42 1 0
43 1 0
44 1 0
45 1 0
46 1 0
47 1 0
48 1 0
49 1 0
50 1 0
51 1 0
52 1 0
