27 702
1
2
3
4
5
6
7
8
9
10
11
12
13
14
15
16
17
18
19
20
21
22
23
24
25
26
27
1 27 -0.0
1 2 -23410.0
1 3 -23550.0
1 4 -21095.0
1 5 1810.0
1 6 -22975.0
1 7 -21865.0
1 8 -22705.0
1 9 -24170.0
1 10 -22975.0
1 11 -20070.0
1 12 -20420.0
1 13 -22560.0
1 14 -20420.0
1 15 -20990.0
1 16 -18630.0
1 17 -22510.0
1 18 -21785.0
1 19 -20930.0
1 20 -21890.0
1 21 -20910.0
1 22 -19600.0
1 23 -21390.0
1 24 -22580.0
1 25 -21900.0
1 26 -20990.0
2 27 -3470.0
2 3 -3880.0
2 4 -4135.0
2 5 22380.0
2 6 -5325.0
2 7 -5325.0
2 8 -5955.0
2 9 -7490.0
2 10 -5745.0
2 11 -3200.0
2 12 -3120.0
2 13 -540.0
2 14 -3950.0
2 15 -490.0
2 16 -1470.0
2 17 -6040.0
2 18 -4755.0
2 19 -3840.0
2 20 -420.0
2 21 -4100.0
2 22 1800.0
2 23 -1040.0
2 24 -3890.0
2 25 1170.0
2 26 -640.0
3 27 -3610.0
3 2 -3880.0
3 4 -2195.0
3 5 19110.0
3 6 -2065.0
3 7 -3865.0
3 8 -3805.0
3 9 -7420.0
3 10 -3245.0
3 11 -3610.0
3 12 -3960.0
3 13 -1510.0
3 14 -3120.0
3 15 -2440.0
3 16 -2090.0
3 17 -5000.0
3 18 -2675.0
3 19 -1270.0
3 20 -3820.0
3 21 -4450.0
3 22 1030.0
3 23 -3750.0
3 24 -5970.0
3 25 -1190.0
3 26 2000.0
4 27 -2150.0
4 2 -5130.0
4 3 -3190.0
4 5 19600.0
4 6 -1085.0
4 7 -675.0
4 8 -955.0
4 9 -4440.0
4 10 -885.0
4 11 -2160.0
4 12 -2290.0
4 13 -3530.0
4 14 -130.0
4 15 -2850.0
4 16 750.0
4 17 -1870.0
4 18 175.0
4 19 1090.0
4 20 -3960.0
4 21 -2360.0
4 22 -700.0
4 23 -3470.0
4 24 -4510.0
4 25 -3210.0
4 26 -1050.0
5 27 -5690.0
5 2 -5060.0
5 3 -8330.0
5 4 -6845.0
5 6 -8725.0
5 7 -6785.0
5 8 -8245.0
5 9 -7010.0
5 10 -8655.0
5 11 -5280.0
5 12 -3960.0
5 13 -5470.0
5 14 -5340.0
5 15 -3830.0
5 16 -80.0
5 17 -7080.0
5 18 -7535.0
5 19 -6550.0
5 20 -1530.0
5 21 -5000.0
5 22 -2920.0
5 23 -2430.0
5 24 -2150.0
5 25 -3550.0
5 26 -5360.0
6 27 -4510.0
6 2 -6800.0
6 3 -3540.0
6 4 -1565.0
6 5 17240.0
6 7 -1995.0
6 8 -1515.0
6 9 -6380.0
6 10 -1225.0
6 11 -4520.0
6 12 -4790.0
6 13 -4710.0
6 14 -2350.0
6 15 -4800.0
6 16 -1330.0
6 17 -3470.0
6 18 -1845.0
6 19 1300.0
6 20 -6110.0
6 21 -4790.0
6 22 -2090.0
6 23 -5760.0
6 24 -6940.0
6 25 -4530.0
6 26 -1470.0
7 27 -3540.0
7 2 -6940.0
7 3 -5480.0
7 4 -1295.0
7 5 19040.0
7 6 -2135.0
7 8 -605.0
7 9 -2910.0
7 10 -2065.0
7 11 -3410.0
7 12 -3050.0
7 13 -5680.0
7 14 150.0
7 15 -4520.0
7 16 2140.0
7 17 -0.0
7 18 -1985.0
7 19 670.0
7 20 -5280.0
7 21 -2710.0
7 22 -2850.0
7 23 -4790.0
7 24 -4720.0
7 25 -5290.0
7 26 -3210.0
8 27 -3540.0
8 2 -6730.0
8 3 -4580.0
8 4 -735.0
8 5 18420.0
8 6 -815.0
8 7 235.0
8 9 -4230.0
8 10 -815.0
8 11 -3610.0
8 12 -3400.0
8 13 -5190.0
8 14 -410.0
8 15 -4380.0
8 16 890.0
8 17 -1250.0
8 18 -1285.0
8 19 1920.0
8 20 -5420.0
8 21 -3200.0
8 22 -2300.0
8 23 -4930.0
8 24 -5480.0
8 25 -4870.0
8 26 -2440.0
9 27 -4230.0
9 2 -7490.0
9 3 -7420.0
9 4 -3445.0
9 5 20430.0
9 6 -4905.0
9 7 -1295.0
9 8 -3455.0
9 10 -4765.0
9 11 -4030.0
9 12 -2780.0
9 13 -6790.0
9 14 -1100.0
9 15 -4940.0
9 16 4990.0
9 17 -1320.0
9 18 -4205.0
9 19 -2170.0
9 20 -5070.0
9 21 -2640.0
9 22 -3830.0
9 23 -4580.0
9 24 -3260.0
9 25 -6120.0
9 26 -5010.0
10 27 -3330.0
10 2 -6040.0
10 3 -3540.0
10 4 -185.0
10 5 18490.0
10 6 -45.0
10 7 -745.0
10 8 -335.0
10 9 -5060.0
10 11 -3270.0
10 12 -3470.0
10 13 -4360.0
10 14 -890.0
10 15 -3830.0
10 16 60.0
10 17 -2150.0
10 18 -595.0
10 19 2200.0
10 20 -5070.0
10 21 -3400.0
10 22 -1600.0
10 23 -4650.0
10 24 -5620.0
10 25 -4040.0
10 26 -1400.0
11 27 -270.0
11 2 -3400.0
11 3 -3810.0
11 4 -1365.0
11 5 21960.0
11 6 -3245.0
11 7 -1995.0
11 8 -3035.0
11 9 -4230.0
11 10 -3175.0
11 12 -280.0
11 13 -2620.0
11 14 -550.0
11 15 -980.0
11 16 1450.0
11 17 -2640.0
11 18 -2115.0
11 19 -1200.0
11 20 -1740.0
11 21 -900.0
11 22 270.0
11 23 -1250.0
11 24 -2430.0
11 25 -1960.0
11 26 -1190.0
12 27 -1310.0
12 2 -3950.0
12 3 -4790.0
12 4 -2125.0
12 5 22650.0
12 6 -4145.0
12 7 -2265.0
12 8 -3455.0
12 9 -3610.0
12 10 -4005.0
12 11 -910.0
12 13 -3390.0
12 14 -690.0
12 15 -1530.0
12 16 2280.0
12 17 -2640.0
12 18 -2885.0
12 19 -1830.0
12 20 -1670.0
12 21 -350.0
12 22 -560.0
12 23 -1110.0
12 24 -1390.0
12 25 -2580.0
12 26 -2230.0
13 27 -3740.0
13 2 -1660.0
13 3 -2630.0
13 4 -3655.0
13 5 20850.0
13 6 -4355.0
13 7 -5185.0
13 8 -5535.0
13 9 -7910.0
13 10 -5185.0
13 11 -3540.0
13 12 -3680.0
13 14 -4020.0
13 15 -1190.0
13 16 -2160.0
13 17 -6040.0
13 18 -4205.0
13 19 -3220.0
13 20 -1880.0
13 21 -4580.0
13 22 2700.0
13 23 -2290.0
13 24 -5070.0
13 25 1240.0
13 26 750.0
14 27 -2150.0
14 2 -5620.0
14 3 -4790.0
14 4 -805.0
14 5 20430.0
14 6 -2545.0
14 7 95.0
14 8 -1305.0
14 9 -2770.0
14 10 -2265.0
14 11 -2020.0
14 12 -1530.0
14 13 -4570.0
14 15 -3130.0
14 16 2490.0
14 17 -550.0
14 18 -1565.0
14 19 50.0
14 20 -3890.0
14 21 -1320.0
14 22 -1670.0
14 23 -3330.0
14 24 -3400.0
14 25 -4040.0
14 26 -2510.0
15 27 -2080.0
15 2 -1520.0
15 3 -3470.0
15 4 -2885.0
15 5 22580.0
15 6 -4355.0
15 7 -3935.0
15 8 -4635.0
15 9 -5970.0
15 10 -4565.0
15 11 -1810.0
15 12 -1730.0
15 13 -1100.0
15 14 -2490.0
15 16 -150.0
15 17 -4580.0
15 18 -3505.0
15 19 -2660.0
15 20 -420.0
15 21 -2640.0
15 22 1660.0
15 23 -340.0
15 24 -2980.0
15 25 -150.0
15 26 -570.0
16 27 -5270.0
16 2 -8050.0
16 3 -8670.0
16 4 -4835.0
16 5 20780.0
16 6 -6435.0
16 7 -2825.0
16 8 -4915.0
16 9 -1590.0
16 10 -6225.0
16 11 -4930.0
16 12 -3470.0
16 13 -7620.0
16 14 -2420.0
16 15 -5700.0
16 17 -2910.0
16 18 -5525.0
16 19 -3700.0
16 20 -5280.0
16 21 -3540.0
16 22 -4730.0
16 23 -4930.0
16 24 -3050.0
16 25 -6750.0
16 26 -6190.0
17 27 -3400.0
17 2 -6870.0
17 3 -5830.0
17 4 -1705.0
17 5 19530.0
17 6 -2825.0
17 7 785.0
17 8 -1305.0
17 9 -2150.0
17 10 -2685.0
17 11 -3270.0
17 12 -2640.0
17 13 -5750.0
17 14 290.0
17 15 -4380.0
17 16 2840.0
17 18 -2395.0
17 19 -90.0
17 20 -5000.0
17 21 -2360.0
17 22 -2920.0
17 23 -4510.0
17 24 -4160.0
17 25 -5290.0
17 26 -3620.0
18 27 -2290.0
18 2 -5200.0
18 3 -3120.0
18 4 725.0
18 5 19460.0
18 6 -815.0
18 7 -815.0
18 8 -955.0
18 9 -4650.0
18 10 -745.0
18 11 -2360.0
18 12 -2500.0
18 13 -3530.0
18 14 -340.0
18 15 -2920.0
18 16 610.0
18 17 -2010.0
18 19 1230.0
18 20 -4100.0
18 21 -2500.0
18 22 -700.0
18 23 -3610.0
18 24 -4650.0
18 25 -3210.0
18 26 -850.0
19 27 -3810.0
19 2 -6660.0
19 3 -4090.0
19 4 -735.0
19 5 18070.0
19 6 -45.0
19 7 -535.0
19 8 -125.0
19 9 -4990.0
19 10 -325.0
19 11 -3820.0
19 12 -3820.0
19 13 -4920.0
19 14 -1100.0
19 15 -4450.0
19 16 60.0
19 17 -2080.0
19 18 -1145.0
19 20 -5630.0
19 21 -3750.0
19 22 -2090.0
19 23 -5200.0
19 24 -5900.0
19 25 -4600.0
19 26 -1960.0
20 27 -3540.0
20 2 -2010.0
20 3 -5410.0
20 4 -4555.0
20 5 24320.0
20 6 -6225.0
20 7 -5255.0
20 8 -6235.0
20 9 -6660.0
20 10 -6365.0
20 11 -3130.0
20 12 -2430.0
20 13 -2350.0
20 14 -3810.0
20 15 -980.0
20 16 -290.0
20 17 -5760.0
20 18 -5245.0
20 19 -4400.0
20 21 -3540.0
20 22 130.0
20 23 70.0
20 24 -2290.0
20 25 -640.0
20 26 -2370.0
21 27 -1380.0
21 2 -4510.0
21 3 -4860.0
21 4 -1775.0
21 5 22030.0
21 6 -3725.0
21 7 -1505.0
21 8 -2835.0
21 9 -3050.0
21 10 -3515.0
21 11 -1110.0
21 12 70.0
21 13 -3870.0
21 14 -60.0
21 15 -2020.0
21 16 2630.0
21 17 -1940.0
21 18 -2465.0
21 19 -1340.0
21 20 -2360.0
21 22 -910.0
21 23 -1870.0
21 24 -1870.0
21 25 -3070.0
21 26 -2370.0
22 27 -3050.0
22 2 -1590.0
22 3 -2360.0
22 4 -3095.0
22 5 21130.0
22 6 -4005.0
22 7 -4625.0
22 8 -4915.0
22 9 -7220.0
22 10 -4695.0
22 11 -2920.0
22 12 -3120.0
22 13 430.0
22 14 -3390.0
22 15 -700.0
22 16 -1540.0
22 17 -5480.0
22 18 -3645.0
22 19 -2660.0
22 20 -1670.0
22 21 -3890.0
22 23 -1870.0
22 24 -4580.0
22 25 820.0
22 26 820.0
23 27 -2560.0
23 2 -2150.0
23 3 -4860.0
23 4 -3585.0
23 5 23900.0
23 6 -5395.0
23 7 -4285.0
23 8 -5265.0
23 9 -5690.0
23 10 -5465.0
23 11 -2160.0
23 12 -1390.0
23 13 -2280.0
23 14 -2770.0
23 15 -420.0
23 16 540.0
23 17 -4790.0
23 18 -4275.0
23 19 -3490.0
23 20 550.0
23 21 -2570.0
23 22 410.0
23 24 -1870.0
23 25 -850.0
23 26 -1890.0
24 27 -3540.0
24 2 -4790.0
24 3 -6870.0
24 4 -4415.0
24 5 24390.0
24 6 -6365.0
24 7 -4005.0
24 8 -5605.0
24 9 -4160.0
24 10 -6225.0
24 11 -3130.0
24 12 -1460.0
24 13 -4850.0
24 14 -2630.0
24 15 -2850.0
24 16 2630.0
24 17 -4230.0
24 18 -5105.0
24 19 -3980.0
24 20 -1600.0
24 21 -2360.0
24 22 -2090.0
24 23 -1660.0
24 25 -3620.0
24 26 -4110.0
25 27 -4650.0
25 2 -1520.0
25 3 -3880.0
25 4 -4905.0
25 5 21200.0
25 6 -5745.0
25 7 -6365.0
25 8 -6785.0
25 9 -8810.0
25 10 -6435.0
25 11 -4450.0
25 12 -4440.0
25 13 -330.0
25 14 -5060.0
25 15 -1810.0
25 16 -2860.0
25 17 -7150.0
25 18 -5455.0
25 19 -4470.0
25 20 -1740.0
25 21 -5350.0
25 22 1520.0
25 23 -2430.0
25 24 -5410.0
25 26 -500.0
26 27 -3810.0
26 2 -3400.0
26 3 -760.0
26 4 -2815.0
26 5 19320.0
26 6 -2755.0
26 7 -4355.0
26 8 -4425.0
26 9 -7770.0
26 10 -3865.0
26 11 -3750.0
26 12 -4160.0
26 13 -890.0
26 14 -3600.0
26 15 -2300.0
26 16 -2370.0
26 17 -5550.0
26 18 -3165.0
26 19 -1900.0
26 20 -3540.0
26 21 -4720.0
26 22 1450.0
26 23 -3540.0
26 24 -5970.0
26 25 -570.0
27 2 0
27 3 0
27 4 0
27 5 0
27 6 0
27 7 0
27 8 0
27 9 0
27 10 0
27 11 0
27 12 0
27 13 0
27 14 0
27 15 0
27 16 0
27 17 0
27 18 0
27 19 0
27 20 0
27 21 0
27 22 0
27 23 0
27 24 0
27 25 0
27 26 0
2 1 0
3 1 0
4 1 0
5 1 0
6 1 0
7 1 0
8 1 0
9 1 0
10 1 0
11 1 0
12 1 0
13 1 0
14 1 0
15 1 0
16 1 0
17 1 0
18 1 0
19 1 0
20 1 0
21 1 0
22 1 0
23 1 0
24 1 0
25 1 0
26 1 0
27 1 0
