52 2180
1
2
3
4
5
6
7
8
9
10
11
12
13
14
15
16
17
18
19
20
21
22
23
24
25
26
27
28
29
30
31
32
33
34
35
36
37
38
39
40
41
42
43
44
45
46
47
48
49
50
51
52
1 52 -0.0
1 2 -17227.2
1 3 -19827.7
1 4 -22510.0
1 5 -24332.8
1 6 -21460.0
1 8 -21600.0
1 9 -23130.0
1 10 -22381.0
1 12 -22090.0
1 13 -23351.4
1 14 -24030.0
1 15 -22918.6
1 16 -21320.0
1 18 -21190.0
1 19 -23865.0
1 20 -20670.9
1 21 -20560.0
1 22 -23060.0
1 23 -22005.1
1 24 -22195.0
1 25 -21632.8
1 26 -22640.1
1 27 -21934.6
1 28 -21670.0
1 29 -24170.0
1 30 -22710.0
1 32 -21310.9
1 33 -20384.2
1 34 -22310.0
1 35 -24520.0
1 36 -23492.8
1 37 -21880.0
1 38 -24240.0
1 39 -22090.0
1 40 -23092.8
1 41 -23620.0
1 42 -24030.0
1 43 -23164.5
1 44 -19940.0
1 45 -22370.0
1 46 -23750.0
1 47 -25210.0
1 48 -20232.9
1 49 -21784.1
1 51 -24196.3
2 31 -3260.0
3 52 15980.0
3 2 -5185180.0
3 4 -5190930.0
3 5 -5188210.0
3 6 -5189940.0
3 8 -5189380.0
3 9 -5187140.0
3 10 -5187240.0
3 12 -5190160.0
3 13 -5188420.0
3 14 -5188960.0
3 15 -2078.59
3 16 -5189600.0
3 18 -5189390.0
3 19 -5191600.0
3 20 -5187190.0
3 21 -5187780.0
3 22 -5191420.0
3 23 -955.128
3 24 -5190340.0
3 25 -5189980.0
3 26 -5185560.0
3 27 -5185740.0
3 28 -5188890.0
3 29 -5191410.0
3 30 -5188750.0
3 32 -5183240.0
3 33 -5186150.0
3 34 -5189550.0
3 35 -1040.0
3 36 -5186670.0
3 37 -5189810.0
3 38 -5189870.0
3 39 -5186930.0
3 40 -5190610.0
3 41 -5191910.0
3 42 -1380.0
3 43 -5185440.0
3 44 -5187580.0
3 45 -5190790.0
3 46 -5191130.0
3 47 -5188260.0
3 48 -5187900.0
3 49 -5188240.0
3 51 -5186680.0
4 52 17860.0
4 2 -5179160.0
4 3 -5186370.0
4 5 -5189960.0
4 6 220.0
4 8 -5186510.0
4 9 -5189310.0
4 10 -5187800.0
4 12 -5185260.0
4 13 -5188840.0
4 14 -5189310.0
4 15 -5189380.0
4 16 210.0
4 18 -5184280.0
4 19 -5186560.0
4 20 -5186840.0
4 21 -5186730.0
4 22 -350.0
4 23 -5188540.0
4 24 -5185440.0
4 25 947.179
4 26 -5188290.0
4 27 -5187910.0
4 28 -5187140.0
4 29 -5187350.0
4 30 -5188260.0
4 32 -5187370.0
4 33 -5184890.0
4 34 -5185770.0
4 35 -5191060.0
4 36 -5189610.0
4 37 -5184910.0
4 38 -5189030.0
4 39 -5188610.0
4 40 -5185920.0
4 41 -840.0
4 42 -5190570.0
4 43 -5189220.0
4 44 -5186110.0
4 45 210.0
4 46 -5187140.0
4 47 -5191060.0
4 48 -5182370.0
4 49 -5186980.0
4 51 -5190320.0
5 52 16260.0
5 2 -5185040.0
5 3 -5183430.0
5 4 -5189740.0
5 6 -5188750.0
5 8 -5187700.0
5 9 -1730.0
5 10 -5189760.0
5 12 -5188200.0
5 13 -5190730.0
5 14 -1110.0
5 15 -5186160.0
5 16 -5189110.0
5 18 -5187640.0
5 19 -5191880.0
5 20 -5186000.0
5 21 -5188410.0
5 22 -5189950.0
5 23 -5185880.0
5 24 -5190270.0
5 25 -5188510.0
5 26 -5189060.0
5 27 -5188610.0
5 28 -5187070.0
5 29 -5188330.0
5 30 -5190360.0
5 32 1819.1
5 33 -5182230.0
5 34 -5190460.0
5 35 -5188960.0
5 36 -5189820.0
5 37 -5187640.0
5 38 -5186020.0
5 39 -5186860.0
5 40 -5187600.0
5 41 -5190440.0
5 42 -5188890.0
5 43 -5189080.0
5 44 -5186740.0
5 45 -5189810.0
5 46 -5191830.0
5 47 -5191620.0
5 48 -5184960.0
5 49 -5189640.0
5 51 -1476.28
6 52 18410.0
6 2 -5179580.0
6 3 -5185880.0
6 4 -280.0
6 5 -5189470.0
6 8 -5185950.0
6 9 -5188820.0
6 10 -5187590.0
6 12 -5184910.0
6 13 -5188560.0
6 14 -5188820.0
6 15 -5188820.0
6 16 140.0
6 18 70.0
6 19 -5186840.0
6 20 -5186280.0
6 21 -5186380.0
6 22 -5184770.0
6 23 -5188050.0
6 24 -5185440.0
6 25 597.179
6 26 -5188010.0
6 27 -5187630.0
6 28 -5186580.0
6 29 -5187140.0
6 30 -5187980.0
6 32 -5186880.0
6 33 -5184470.0
6 34 -5185910.0
6 35 -5190570.0
6 36 -5189260.0
6 37 -5184630.0
6 38 -5188610.0
6 39 -5188120.0
6 40 -5185780.0
6 41 -5185260.0
6 42 -5190080.0
6 43 -5188870.0
6 44 -5185550.0
6 45 -280.0
6 46 -5187280.0
6 47 -5190780.0
6 48 -5182440.0
6 49 -5186770.0
6 51 -5189830.0
7 52 16400.0
7 2 -5185110.0
7 3 -5182170.0
7 4 -5190090.0
7 5 -1332.82
7 6 -5189030.0
7 8 -5188050.0
7 9 -1180.0
7 10 -5188990.0
7 12 -5188760.0
7 13 -5190030.0
7 14 -5186230.0
7 15 -1238.59
7 16 -5189180.0
7 18 -5188060.0
7 19 -5191810.0
7 20 -5186000.0
7 21 -5188060.0
7 22 -5190370.0
7 23 -5184900.0
7 24 -5190270.0
7 25 -5188930.0
7 26 -5188080.0
7 27 -5187700.0
7 28 -5187420.0
7 29 -5189310.0
7 30 -5189800.0
7 32 2929.1
7 33 -5183420.0
7 34 -5190180.0
7 35 -5187770.0
7 36 -5188840.0
7 37 -5188270.0
7 38 -5187210.0
7 39 -5186300.0
7 40 -5188510.0
7 41 -5190860.0
7 42 -5187700.0
7 43 -5188030.0
7 44 -5186740.0
7 45 -5190090.0
7 46 -5191620.0
7 47 -5190640.0
7 48 -5185870.0
7 49 -5189150.0
7 51 -86.2821
8 52 19110.0
8 2 -5181400.0
8 3 -5184480.0
8 4 -5186170.0
8 5 -5187580.0
8 6 -5185110.0
8 9 -5187000.0
8 10 -5187800.0
8 12 -970.0
8 13 -5188700.0
8 14 -5187000.0
8 15 -5187140.0
8 16 -5185470.0
8 18 -200.0
8 19 -5188380.0
8 20 -660.897
8 21 -5186030.0
8 22 -5186450.0
8 23 -5186510.0
8 24 -5186840.0
8 25 -5185010.0
8 26 -5187870.0
8 27 -5187280.0
8 28 -760.0
8 29 -5186510.0
8 30 -5188120.0
8 32 -5185060.0
8 33 -5182930.0
8 34 -5187170.0
8 35 -5189380.0
8 36 -5188770.0
8 37 -5184490.0
8 38 -5186930.0
8 39 -5186580.0
8 40 -5185570.0
8 41 -5186940.0
8 42 -5189030.0
8 43 -5188380.0
8 44 -220.0
8 45 -5186170.0
8 46 -5188540.0
8 47 -5190500.0
8 48 -5182720.0
8 49 -5187120.0
8 51 -5188010.0
9 7 -280.0
10 52 16400.0
10 2 -5181540.0
10 3 -5184270.0
10 4 -5189390.0
10 5 -5191570.0
10 6 -5188680.0
10 8 -5189730.0
10 9 -5190080.0
10 12 -5189950.0
10 13 -151.41
10 14 -5191690.0
10 15 -5189310.0
10 16 -5187570.0
10 18 -5188970.0
10 19 -5188030.0
10 20 -5188380.0
10 21 -5186660.0
10 22 -5189950.0
10 23 -5188050.0
10 24 -5187750.0
10 25 -5188720.0
10 26 -5182690.0
10 27 435.385
10 28 -5189730.0
10 29 -5192110.0
10 30 -1800.0
10 32 -5187580.0
10 33 -5188250.0
10 34 -5185420.0
10 35 -5188330.0
10 36 -5185340.0
10 37 -5189670.0
10 38 -5192110.0
10 39 -5188960.0
10 40 -5190960.0
10 41 -5190440.0
10 42 -5187980.0
10 43 -5184390.0
10 44 -5188000.0
10 45 -5188900.0
10 46 -5187280.0
10 47 -1940.0
10 48 -5187830.0
10 49 -1014.1
10 51 -5190670.0
11 52 18830.0
11 2 -5182170.0
11 3 -5182240.0
11 4 -5188130.0
11 5 -5188420.0
11 6 -5187210.0
11 8 -5187210.0
11 9 -5187000.0
11 10 -5185280.0
11 12 -5187850.0
11 13 -5186250.0
11 14 -5188610.0
11 15 -5186300.0
11 16 -5186660.0
11 18 -5186940.0
11 19 -5188590.0
11 20 -5185440.0
11 21 -830.0
11 22 -5188690.0
11 23 -5185110.0
11 24 -5187330.0
11 25 -5187320.0
11 26 -5184930.0
11 27 -5184340.0
11 28 -5187000.0
11 29 -5189660.0
11 30 -2080.0
11 32 -5184640.0
11 33 -5185310.0
11 34 -5186680.0
11 35 -5186720.0
11 36 -5185760.0
11 37 -5187570.0
11 38 -5189100.0
11 39 -1870.0
11 40 -5188650.0
11 41 -5189180.0
11 42 -5186230.0
11 43 -5185300.0
11 44 -5185270.0
11 45 -5187920.0
11 46 -5188190.0
11 47 -5187490.0
11 48 -5185800.0
11 49 -5185440.0
11 51 -5187660.0
12 52 18140.0
12 2 -5180770.0
12 3 -5185740.0
12 4 -5185400.0
12 5 -5188560.0
12 6 -610.0
12 8 -1450.0
12 9 -5188260.0
12 10 -5188500.0
12 13 -5189400.0
12 14 -5187840.0
12 15 -5188470.0
12 16 -5185120.0
12 18 770.0
12 19 -5188100.0
12 20 -5185860.0
12 21 -5186870.0
12 22 -5185330.0
12 23 -5187770.0
12 24 -5186700.0
12 25 -22.8205
12 26 -5188780.0
12 27 -5188190.0
12 28 -5185950.0
12 29 -5185880.0
12 30 -5188820.0
12 32 -5186180.0
12 33 -5183280.0
12 34 -5187170.0
12 35 -5190640.0
12 36 -5189820.0
12 37 630.0
12 38 -5187420.0
12 39 -5187840.0
12 40 -5184660.0
12 41 -5185820.0
12 42 -5190220.0
12 43 -5189430.0
12 44 -5185410.0
12 45 -5185400.0
12 46 -5188540.0
12 47 -5191410.0
12 48 -5181600.0
12 49 -5187680.0
12 51 -5189200.0
13 52 16890.0
13 2 -5181330.0
13 3 -5183990.0
13 4 -5188970.0
13 5 -5191080.0
13 6 -5188190.0
13 8 -5189170.0
13 9 -5189660.0
13 10 1308.97
13 12 -5189390.0
13 14 -5191130.0
13 15 -5188820.0
13 16 -5187080.0
13 18 -5188480.0
13 19 -5187750.0
13 20 -5187890.0
13 21 -5186170.0
13 22 -5189460.0
13 23 -5187630.0
13 24 -5187330.0
13 25 -5188230.0
13 26 -5183110.0
13 27 575.385
13 28 -5189240.0
13 29 -5191550.0
13 30 -1180.0
13 32 -5187160.0
13 33 -5187760.0
13 34 -5185210.0
13 35 -5188120.0
13 36 -1332.82
13 37 -5189180.0
13 38 -5191550.0
13 39 -5188470.0
13 40 -5190470.0
13 41 -5189950.0
13 42 -5187700.0
13 43 -5184530.0
13 44 -5187440.0
13 45 -5188480.0
13 46 -5187000.0
13 47 -5186090.0
13 48 -5187340.0
13 49 -594.103
13 51 -5190250.0
14 52 16680.0
14 2 -5184340.0
14 3 -5184060.0
14 4 -5188970.0
14 5 -992.821
14 6 -5187980.0
14 8 -5187000.0
14 9 -2080.0
14 10 -5189760.0
14 12 -5187360.0
14 13 -5190660.0
14 15 -5186580.0
14 16 -5188410.0
14 18 -5186800.0
14 19 -5191320.0
14 20 -5185720.0
14 21 -5188200.0
14 22 -5189040.0
14 23 -5186230.0
14 24 -5189710.0
14 25 -5187670.0
14 26 -5189340.0
14 27 -5188750.0
14 28 -5186510.0
14 29 -5187350.0
14 30 -5190220.0
14 32 -5183100.0
14 33 2685.77
14 34 -5189970.0
14 35 -5189520.0
14 36 -5190030.0
14 37 -5186730.0
14 38 -1040.0
14 39 -5186930.0
14 40 -5186550.0
14 41 -5189530.0
14 42 -5189310.0
14 43 -5189430.0
14 44 -5186320.0
14 45 -5189040.0
14 46 -5191410.0
14 47 -5191830.0
14 48 -5183910.0
14 49 -5189430.0
14 51 -5186260.0
15 52 17510.0
15 2 -5184130.0
15 3 -5181400.0
15 4 -5189320.0
15 5 -5186320.0
15 6 -5188260.0
15 8 -5187420.0
15 9 -900.0
15 10 -5187660.0
15 12 -5188270.0
15 13 -5188630.0
15 14 -5186860.0
15 16 -5188270.0
15 18 -5187500.0
15 19 -5190690.0
15 20 -5185230.0
15 21 -5186800.0
15 22 -5189740.0
15 23 434.872
15 24 -5189220.0
15 25 -5188300.0
15 26 -5186750.0
15 27 -5186370.0
15 28 -5186860.0
15 29 -5189240.0
15 30 -5188470.0
15 32 -5182190.0
15 33 -5183910.0
15 34 -5188990.0
15 35 -5186720.0
15 36 -5187510.0
15 37 -5187850.0
15 38 -5187700.0
15 39 -1110.0
15 40 -5188440.0
15 41 -5190230.0
15 42 -5186580.0
15 43 -5186770.0
15 44 -5185830.0
15 45 -5189250.0
15 46 -5190430.0
15 47 -5189310.0
15 48 -5185800.0
15 49 -5187890.0
15 51 -1266.28
16 52 18070.0
16 2 -5178740.0
16 3 -5186020.0
16 4 -770.0
16 5 -5190310.0
16 6 -340.0
16 8 -5186790.0
16 9 -5189450.0
16 10 -5186960.0
16 12 -5185960.0
16 13 -5187930.0
16 14 -5189730.0
16 15 -5189310.0
16 18 -5184980.0
16 19 -5185790.0
16 20 -5186910.0
16 21 -5186240.0
16 22 -5185190.0
16 23 -5188400.0
16 24 -455.0
16 25 -92.8205
16 26 -5187380.0
16 27 -5187210.0
16 28 -5187420.0
16 29 -5188260.0
16 30 -5187420.0
16 32 -5187510.0
16 33 -5185520.0
16 34 -5184790.0
16 35 -5190640.0
16 36 -5188910.0
16 37 -5185680.0
16 38 -5189590.0
16 39 -5188540.0
16 40 -5186900.0
16 41 -5185680.0
16 42 -5190150.0
16 43 -5188520.0
16 44 -5186110.0
16 45 -140.0
16 46 -5186230.0
16 47 -5190290.0
16 48 -5183350.0
16 49 -5186140.0
16 51 -5190390.0
17 11 3460.0
18 52 18340.0
18 2 -5180560.0
18 3 -5185670.0
18 4 -1180.0
18 5 -5188700.0
18 6 -270.0
18 8 -1380.0
18 9 -5188260.0
18 10 -5188220.0
18 12 70.0
18 13 -5189190.0
18 14 -5187980.0
18 15 -5188400.0
18 16 -5184840.0
18 19 -5187820.0
18 20 -5185860.0
18 21 -5186660.0
18 22 -5185190.0
18 23 -5187700.0
18 24 -5186420.0
18 25 117.179
18 26 -5188500.0
18 27 -5187980.0
18 28 -5185950.0
18 29 -5186230.0
18 30 -5188540.0
18 32 -5186250.0
18 33 -5183490.0
18 34 -5186820.0
18 35 -5190500.0
18 36 -5189610.0
18 37 350.0
18 38 -5187630.0
18 39 -5187770.0
18 40 -5184940.0
18 41 -5185750.0
18 42 -5190080.0
18 43 -5189220.0
18 44 -5185270.0
18 45 -5185190.0
18 46 -5188260.0
18 47 -5191200.0
18 48 -5181810.0
18 49 -5187400.0
18 51 -5189200.0
19 52 16400.0
19 2 6672.82
19 3 -5187140.0
19 4 -5186660.0
19 5 -5192200.0
19 6 -5186440.0
19 8 -5188820.0
19 9 -5191130.0
19 10 -5186540.0
19 12 -5188060.0
19 13 -5187720.0
19 14 -5191760.0
19 15 -5190850.0
19 16 -970.0
19 18 -5187080.0
19 20 -5188730.0
19 21 -5187360.0
19 22 -5186730.0
19 23 -5189870.0
19 24 -1285.0
19 25 -5185850.0
19 26 -5186960.0
19 27 -5187350.0
19 28 -5189380.0
19 29 -5190290.0
19 30 -5187630.0
19 32 -5189190.0
19 33 -5187620.0
19 34 900.0
19 35 -5191480.0
19 36 -5189190.0
19 37 -5187780.0
19 38 -5191690.0
19 39 -5190080.0
19 40 -5188860.0
19 41 -5187220.0
19 42 -5190990.0
19 43 -5188590.0
19 44 -5187860.0
19 45 -5185820.0
19 46 -760.0
19 47 -5190220.0
19 48 -5185170.0
19 49 -5186210.0
19 51 -5192070.0
20 52 19180.0
20 2 -5182380.0
20 3 -5183150.0
20 4 -5187360.0
20 5 -5186740.0
20 6 -5186300.0
20 8 -1520.0
20 9 -5185740.0
20 10 -5187310.0
20 12 -5186240.0
20 13 -5188280.0
20 14 -5186580.0
20 15 -5185810.0
20 16 -5186450.0
20 18 -5185540.0
20 19 -5189150.0
20 21 -5185750.0
20 22 -5187710.0
20 23 -5185110.0
20 24 -5187540.0
20 25 -5186270.0
20 26 -5187170.0
20 27 -5186510.0
20 28 -900.0
20 29 -5187630.0
20 30 -5187770.0
20 32 -5183800.0
20 33 -5183070.0
20 34 -5187660.0
20 35 -5188120.0
20 36 -5187930.0
20 37 -5185890.0
20 38 -5186930.0
20 39 -1180.0
20 40 -5186690.0
20 41 -5188270.0
20 42 -5187770.0
20 43 -5187470.0
20 44 -10.0
20 45 -5187360.0
20 46 -5189030.0
20 47 -5189660.0
20 48 -5183980.0
20 49 -5186980.0
20 51 -5186750.0
21 52 19660.0
21 2 -5180980.0
21 3 -5183430.0
21 4 -5186940.0
21 5 -5188840.0
21 6 -5186090.0
21 8 -5186580.0
21 9 -5187560.0
21 10 -5185280.0
21 12 -5186940.0
21 13 -5186250.0
21 14 -5188750.0
21 15 -5187070.0
21 16 -5185470.0
21 18 -5186030.0
21 19 -5187470.0
21 20 -5185440.0
21 22 -5187570.0
21 23 -5186090.0
21 24 -5186070.0
21 25 -5186200.0
21 26 -5185420.0
21 27 -5184900.0
21 28 -5186650.0
21 29 -5188960.0
21 30 -1730.0
21 32 -5185480.0
21 33 -5185170.0
21 34 -5185700.0
21 35 -5187910.0
21 36 -5186530.0
21 37 -5186660.0
21 38 -5189030.0
21 39 -5186440.0
21 40 -5187950.0
21 41 -5188060.0
21 42 -5187420.0
21 43 -5186070.0
21 44 -910.0
21 45 -5186730.0
21 46 -5187140.0
21 47 -5188050.0
21 48 -5184960.0
21 49 -874.103
21 51 -5188430.0
22 52 16960.0
22 2 -5179090.0
22 3 -5187210.0
22 4 -700.0
22 5 -5190520.0
22 6 -5184620.0
22 8 -5187140.0
22 9 -5190010.0
22 10 -5188710.0
22 12 -5185540.0
22 13 -5189680.0
22 14 -5189730.0
22 15 -5190150.0
22 16 -5184560.0
22 18 -5184700.0
22 19 -5186980.0
22 20 -5187540.0
22 21 -5187710.0
22 23 -5189380.0
22 24 -5186140.0
22 25 1017.18
22 26 -5189130.0
22 27 -5188890.0
22 28 -5187770.0
22 29 -5187280.0
22 30 -5189170.0
22 32 -5188070.0
22 33 -5185170.0
22 34 -5186260.0
22 35 -5191900.0
22 36 -5190590.0
22 37 -5185050.0
22 38 -5189310.0
22 39 -5189450.0
22 40 -5185640.0
22 41 70.0
22 42 -5191480.0
22 43 -5190130.0
22 44 -5186880.0
22 45 -140.0
22 46 -5187770.0
22 47 -5191970.0
22 48 -5181810.0
22 49 -5187890.0
22 51 -5191020.0
23 52 17650.0
23 2 -5183920.0
23 3 -5181050.0
23 4 -5189250.0
23 5 -5186810.0
23 6 -5188260.0
23 8 -5187560.0
23 9 -1450.0
23 10 -5187170.0
23 12 -5188340.0
23 13 -5188210.0
23 14 -5187280.0
23 15 -338.59
23 16 -5188130.0
23 18 -5187570.0
23 19 -5190480.0
23 20 -5185300.0
23 21 -5186590.0
23 22 -5189740.0
23 24 -5189010.0
23 25 -5188300.0
23 26 -5186260.0
23 27 -5185880.0
23 28 -5187000.0
23 29 -5189520.0
23 30 -5188120.0
23 32 -5182610.0
23 33 -5184330.0
23 34 -5188710.0
23 35 -5186300.0
23 36 -5187090.0
23 37 -5187990.0
23 38 -5188120.0
23 39 -1110.0
23 40 -5188720.0
23 41 -5190230.0
23 42 -5186090.0
23 43 -5186280.0
23 44 -5185830.0
23 45 -5189250.0
23 46 -5190150.0
23 47 -5188820.0
23 48 -5186010.0
23 49 -5187540.0
23 51 -1686.28
24 52 18070.0
24 2 -5178600.0
24 3 -5185880.0
24 4 -1600.0
24 5 -5190590.0
24 6 -1100.0
24 8 -5187280.0
24 9 -5189590.0
24 10 -5186260.0
24 12 -5186660.0
24 13 -5187300.0
24 14 -5190150.0
24 15 -5189380.0
24 16 420.0
24 18 -5185680.0
24 19 -1285.0
24 20 -5187120.0
24 21 -5185960.0
24 22 -5185890.0
24 23 -5188400.0
24 25 -5184800.0
24 26 -5186750.0
24 27 -5186650.0
24 28 -5187770.0
24 29 -5188960.0
24 30 -5186860.0
24 32 -5187650.0
24 33 -5186080.0
24 34 -5184090.0
24 35 -5190360.0
24 36 -5188420.0
24 37 -5186380.0
24 38 -5190080.0
24 39 -5188610.0
24 40 -5187600.0
24 41 -5186380.0
24 42 -5189870.0
24 43 -5187960.0
24 44 -5186320.0
24 45 -970.0
24 46 -1520.0
24 47 -5189660.0
24 48 -5184190.0
24 49 -5185510.0
24 51 -5190600.0
25 2 -5179370.0
25 3 -5186720.0
25 4 -350.0
25 5 -5190030.0
25 6 -200.0
25 8 -5186650.0
25 9 -5189520.0
25 10 -5188430.0
25 12 -5185120.0
25 13 -5189400.0
25 14 -5189310.0
25 15 -5189660.0
25 16 -5184350.0
25 18 -5184280.0
25 19 -5187050.0
25 20 -5187050.0
25 21 -5187290.0
25 22 70.0
25 23 -5188890.0
25 24 -5186000.0
25 26 -5188850.0
25 27 -5188470.0
25 28 -5187280.0
25 29 -5187000.0
25 30 -5188820.0
25 32 -5187580.0
25 33 -5184750.0
25 34 -5186260.0
25 35 -5191480.0
25 36 -5190170.0
25 37 -5184700.0
25 38 -5188890.0
25 39 -5188960.0
25 40 -5185500.0
25 41 -420.0
25 42 -5190990.0
25 43 -5189780.0
25 44 -5186390.0
25 45 -70.0
25 46 -5187700.0
25 47 -5191620.0
25 48 -5181880.0
25 49 -5187610.0
25 51 -5190530.0
26 52 14250.0
26 2 -5183850.0
26 3 -5184480.0
26 4 -5191770.0
26 5 -5192760.0
26 6 -5190990.0
26 8 -5191690.0
26 9 -5191340.0
26 10 -701.026
26 12 -5192120.0
26 13 -5186460.0
26 14 -5193160.0
26 15 -5190290.0
26 16 -5189880.0
26 18 -5191140.0
26 19 -5190340.0
26 20 -5190130.0
26 21 -5188690.0
26 22 -5192260.0
26 23 -5189030.0
26 24 -5190130.0
26 25 -5191030.0
26 27 -604.615
26 28 -5191620.0
26 29 -5194140.0
26 30 -5187910.0
26 32 -5188350.0
26 33 -5189930.0
26 34 -5187590.0
26 35 -5188470.0
26 36 -1952.82
26 37 -5191840.0
26 38 -5193720.0
26 39 -5190290.0
26 40 -5193130.0
26 41 -5192750.0
26 42 -5188330.0
26 43 315.513
26 44 -5189820.0
26 45 -5191280.0
26 46 -5189590.0
26 47 -1450.0
26 48 -5190070.0
26 49 -5187330.0
26 51 -5191580.0
27 52 16750.0
27 2 -5182590.0
27 3 -5182870.0
27 4 -5189600.0
27 5 -5190520.0
27 6 -5188820.0
27 8 -5189310.0
27 9 -5189030.0
27 10 338.974
27 12 -5189740.0
27 13 -981.41
27 14 -5190780.0
27 15 -5188120.0
27 16 -5187920.0
27 18 -5188830.0
27 19 -5188940.0
27 20 -5187680.0
27 21 -5186380.0
27 22 -5190230.0
27 23 -5186860.0
27 24 -5188240.0
27 25 -5188860.0
27 26 -5182690.0
27 28 -5189170.0
27 29 -5191760.0
27 30 -5185950.0
27 32 -5186320.0
27 33 -5187550.0
27 34 -5186470.0
27 35 -5186930.0
27 36 57.1795
27 37 -5189530.0
27 38 -5191340.0
27 39 -5187980.0
27 40 -5190750.0
27 41 -5190720.0
27 42 -5186580.0
27 43 595.513
27 44 -5187440.0
27 45 -5189250.0
27 46 -5188260.0
27 47 -1310.0
27 48 -5187760.0
27 49 -5185440.0
27 51 -5189480.0
28 50 310.897
29 52 16540.0
29 2 -5182240.0
29 3 -5186510.0
29 4 -5187010.0
29 5 -5188210.0
29 6 -5186300.0
29 8 -5186510.0
29 9 -5188540.0
29 10 -5190180.0
29 12 -1460.0
29 13 -5191080.0
29 14 -5187350.0
29 15 -5188960.0
29 16 -5186940.0
29 18 -1110.0
29 19 -5189850.0
29 20 -5186770.0
29 21 -5188410.0
29 22 -5186590.0
29 23 -5188470.0
29 24 -5188520.0
29 25 -5185360.0
29 26 -5190320.0
29 27 -5189730.0
29 28 -5186790.0
29 30 -5190430.0
29 32 -5186250.0
29 33 -5182230.0
29 34 -5188920.0
29 35 -5191620.0
29 36 -5191220.0
29 37 -620.0
29 38 -5186580.0
29 39 -5188610.0
29 40 667.179
29 41 -5187080.0
29 42 -5191270.0
29 43 -5190830.0
29 44 -5186670.0
29 45 -5187010.0
29 46 -5190360.0
29 47 -5192950.0
29 48 3247.05
29 49 -5189430.0
29 51 -5189270.0
30 52 18000.0
30 2 -5180840.0
30 3 -5183850.0
30 4 -5187920.0
30 5 -5190240.0
30 6 -5187140.0
30 8 -5188120.0
30 9 -5188890.0
30 10 128.974
30 12 -5188340.0
30 13 -711.41
30 14 -5190220.0
30 15 -5188190.0
30 16 -5186100.0
30 18 -5187360.0
30 19 -5187190.0
30 20 -5186910.0
30 21 -1180.0
30 22 -5188480.0
30 23 -5187070.0
30 24 -5186420.0
30 25 -5187180.0
30 26 -5184090.0
30 27 15.3846
30 28 -5188190.0
30 29 -5190430.0
30 32 -5186600.0
30 33 -5186710.0
30 34 -5184930.0
30 35 -5188050.0
30 36 -5185690.0
30 37 -5188060.0
30 38 -5190570.0
30 39 -5187700.0
30 40 -5189350.0
30 41 -5188970.0
30 42 -5187560.0
30 43 -5185160.0
30 44 -5186390.0
30 45 -5187500.0
30 46 -5186580.0
30 47 -5186930.0
30 48 -5186290.0
30 49 305.897
30 51 -5189620.0
31 52 16470.0
31 2 -5178320.0
31 3 -5187700.0
31 4 -1180.0
31 5 -5191220.0
31 6 -5185180.0
31 8 -5187840.0
31 9 -5190710.0
31 10 -5188710.0
31 12 -5186310.0
31 13 -5189750.0
31 14 -5190570.0
31 15 -5190710.0
31 16 -5184630.0
31 18 -5185470.0
31 19 -5186560.0
31 20 -5188170.0
31 21 -5187990.0
31 22 -210.0
31 23 -5189940.0
31 24 -5186140.0
31 25 257.179
31 26 -5189200.0
31 27 -5189030.0
31 28 -5188470.0
31 29 -5188120.0
31 30 -5189240.0
31 32 -5188770.0
31 33 -5185940.0
31 34 -5185910.0
31 35 -5192390.0
31 36 -5190800.0
31 37 -5185890.0
31 38 -5190150.0
31 39 -5190010.0
31 40 -5186410.0
31 41 -630.0
31 42 -5191900.0
31 43 -5190340.0
31 44 -5187510.0
31 45 -280.0
31 46 -5187420.0
31 47 -5192110.0
31 48 -5182440.0
31 49 -5187960.0
31 51 -5191720.0
32 52 15640.0
32 2 -5185810.0
32 3 -5182100.0
32 4 -5190790.0
32 5 -1822.82
32 6 -5189800.0
32 8 -5188820.0
32 9 -1940.0
32 10 -5189410.0
32 12 -5189460.0
32 13 -5190450.0
32 14 -5186860.0
32 15 -1728.59
32 16 -5189950.0
32 18 -5188830.0
32 19 -5192510.0
32 20 -5186700.0
32 21 -5188690.0
32 22 -5191140.0
32 23 -5185320.0
32 24 -5190970.0
32 25 -5189700.0
32 26 -5188290.0
32 27 -5188050.0
32 28 -5188120.0
32 29 -5190010.0
32 30 -5190360.0
32 33 -5183980.0
32 34 -5190810.0
32 35 -5187840.0
32 36 -5189120.0
32 37 -5188970.0
32 38 -5187770.0
32 39 -5186930.0
32 40 -5189210.0
32 41 -5191630.0
32 42 -5187910.0
32 43 -5188240.0
32 44 -5187440.0
32 45 -5190790.0
32 46 -5192250.0
32 47 -5190850.0
32 48 -5186570.0
32 49 -5189710.0
32 51 -576.282
33 52 16190.0
33 2 -5184130.0
33 3 -5185390.0
33 4 -5188690.0
33 5 -2312.82
33 6 -5187770.0
33 8 -5187070.0
33 9 -5187280.0
33 10 -5190460.0
33 12 -5186940.0
33 13 -5191430.0
33 14 -1450.0
33 15 -5187770.0
33 16 -5188340.0
33 18 -5186450.0
33 19 -5191320.0
33 20 -5186350.0
33 21 -5188760.0
33 22 -5188620.0
33 23 -5187420.0
33 24 -5189780.0
33 25 -5187250.0
33 26 -5190250.0
33 27 -5189660.0
33 28 -5186790.0
33 29 -2430.0
33 30 -5190850.0
33 32 -5184360.0
33 34 -5190180.0
33 35 -5190710.0
33 36 -5191010.0
33 37 -5186240.0
33 38 -480.0
33 39 -5187910.0
33 40 -5185500.0
33 41 -5189040.0
33 42 -5190500.0
33 43 -5190480.0
33 44 -5186810.0
33 45 -5188760.0
33 46 -5191550.0
33 47 -5192810.0
33 48 -5182860.0
33 49 -5189990.0
33 51 -5187590.0
34 52 16190.0
34 2 5772.82
34 3 -5186860.0
34 4 -5187640.0
34 5 -5192550.0
34 6 -5187280.0
34 8 -5189380.0
34 9 -5191340.0
34 10 -5185700.0
34 12 -5188900.0
34 13 -5186950.0
34 14 -5192180.0
34 15 -5190920.0
34 16 -5185680.0
34 18 -5187850.0
34 19 -865.0
34 20 -5189010.0
34 21 -5187360.0
34 22 -5187780.0
34 23 -5189870.0
34 24 -1915.0
34 25 -5186830.0
34 26 -5185980.0
34 27 -5186650.0
34 28 -5189800.0
34 29 -5191130.0
34 30 -5187140.0
34 32 -5189260.0
34 33 -5188250.0
34 35 -5191130.0
34 36 -5188560.0
34 37 -5188620.0
34 38 -5192250.0
34 39 -5190220.0
34 40 -5189770.0
34 41 -5188270.0
34 42 -5190640.0
34 43 -5187820.0
34 44 -5188210.0
34 45 -5186800.0
34 46 -340.0
34 47 -5189380.0
34 48 -5186220.0
34 49 -1844.1
34 51 -5192210.0
35 52 16190.0
35 2 -5184690.0
35 3 3862.31
35 4 -5190720.0
35 5 -5188840.0
35 6 -5189730.0
35 8 -5189380.0
35 9 -5187560.0
35 10 -5186400.0
35 12 -5190160.0
35 13 -5187650.0
35 14 -5189520.0
35 15 -5186440.0
35 16 -5189320.0
35 18 -5189320.0
35 19 -5191040.0
35 20 -5187260.0
35 21 -5187360.0
35 22 -5191210.0
35 23 -1305.13
35 24 -5189920.0
35 25 -5189840.0
35 26 -5184650.0
35 27 -5184900.0
35 28 -5188960.0
35 29 -5191620.0
35 30 -5188050.0
35 32 -5184080.0
35 33 -5186570.0
35 34 -5188920.0
35 36 -1882.82
35 37 -5189810.0
35 38 -5190290.0
35 39 -5187070.0
35 40 -5190750.0
35 41 -5191770.0
35 42 -620.0
35 43 -5184530.0
35 44 -5187510.0
35 45 -5190510.0
35 46 -5190500.0
35 47 -5187280.0
35 48 -5187970.0
35 49 -5187610.0
35 51 -5187450.0
36 52 16540.0
36 2 -5183080.0
36 3 -5182450.0
36 4 -5189950.0
36 5 -5190380.0
36 6 -5189100.0
36 8 -5189450.0
36 9 -5188960.0
36 10 -151.026
36 12 -5190020.0
36 13 -1541.41
36 14 -5190710.0
36 15 -5187910.0
36 16 -5188270.0
36 18 -5189110.0
36 19 -5189430.0
36 20 -5187750.0
36 21 -5186660.0
36 22 -5190580.0
36 23 -5186720.0
36 24 -5188660.0
36 25 -5189210.0
36 26 -5182690.0
36 27 1405.38
36 28 -5189310.0
36 29 -5191900.0
36 30 -5186370.0
36 32 -5186040.0
36 33 -5187550.0
36 34 -5187030.0
36 35 -5186440.0
36 37 -5189740.0
36 38 -5191340.0
36 39 -5187910.0
36 40 -5190960.0
36 41 -5191070.0
36 42 -5186160.0
36 43 1005.51
36 44 -5187580.0
36 45 -5189670.0
36 46 -5188750.0
36 47 -1180.0
36 48 -5188040.0
36 49 -5185930.0
36 51 -5189270.0
37 52 17790.0
37 2 -5180910.0
37 3 -5185950.0
37 4 -5185610.0
37 5 -5188560.0
37 6 -890.0
37 8 -1590.0
37 9 -5188330.0
37 10 -5188780.0
37 12 70.0
37 13 -5189750.0
37 14 -5187770.0
37 15 -5188610.0
37 16 -5185400.0
37 18 490.0
37 19 -5188380.0
37 20 -5186070.0
37 21 -5187150.0
37 22 -5185400.0
37 23 -5187980.0
37 24 -5186980.0
37 25 -5184100.0
37 26 -5189060.0
37 27 -5188540.0
37 28 -5186090.0
37 29 -1660.0
37 30 -5189100.0
37 32 -5186250.0
37 33 -5183140.0
37 34 -5187450.0
37 35 -5190850.0
37 36 -5190100.0
37 38 -5187280.0
37 39 -5187980.0
37 40 -5184380.0
37 41 -5185890.0
37 42 -5190430.0
37 43 -5189710.0
37 44 -5185690.0
37 45 -5185610.0
37 46 -5188820.0
37 47 -5191690.0
37 48 -5181320.0
37 49 -5188030.0
37 51 -5189270.0
38 52 16470.0
38 2 -5184060.0
38 3 -5184970.0
38 4 -5188690.0
38 5 -1962.82
38 6 -5187770.0
38 8 -5186930.0
38 9 -5186860.0
38 10 -5190180.0
38 12 -5186940.0
38 13 -5191080.0
38 14 -1040.0
38 15 -5187420.0
38 16 -5188270.0
38 18 -5186450.0
38 19 -5191250.0
38 20 -5186070.0
38 21 -5188480.0
38 22 -5188620.0
38 23 -5187070.0
38 24 -5189640.0
38 25 -5187250.0
38 26 -5189900.0
38 27 -5189310.0
38 28 -2700.0
38 29 -2700.0
38 30 -5190570.0
38 32 -5184010.0
38 33 3655.77
38 34 -5190040.0
38 35 -5190290.0
38 36 -5190660.0
38 37 -5186240.0
38 39 -5187560.0
38 40 -5185780.0
38 41 -5189110.0
38 42 -5190080.0
38 43 -5190060.0
38 44 -5186530.0
38 45 -5188690.0
38 46 -5191410.0
38 47 -5192460.0
38 48 -5183070.0
38 49 -5189710.0
38 51 -5187170.0
39 17 -1180.0
40 52 16190.0
40 2 -5182030.0
40 3 -5187140.0
40 4 -5187010.0
40 5 -5188910.0
40 6 -5186370.0
40 8 -5187000.0
40 9 -5189170.0
40 10 -5190460.0
40 12 -1670.0
40 13 -5191430.0
40 14 -5187980.0
40 15 -5189590.0
40 16 -5187010.0
40 18 -1250.0
40 19 -5189850.0
40 20 -5187260.0
40 21 -5188830.0
40 22 -5186380.0
40 23 -5189100.0
40 24 -5188590.0
40 25 -5185290.0
40 26 -5190740.0
40 27 -5190150.0
40 28 -5187350.0
40 29 -760.0
40 30 -5190780.0
40 32 -5186880.0
40 33 -5182790.0
40 34 -5188990.0
40 35 -5192180.0
40 36 -5191710.0
40 37 -830.0
40 38 -5187210.0
40 39 -5189240.0
40 41 -5186870.0
40 42 -5191830.0
40 43 -5191250.0
40 44 -5187090.0
40 45 -5186940.0
40 46 -5190430.0
40 47 -5193370.0
40 48 3877.05
40 49 -5189710.0
40 51 -5189970.0
41 52 16820.0
41 2 -5179020.0
41 3 -5187280.0
41 4 -770.0
41 5 -5190590.0
41 6 -5184690.0
41 8 -5187210.0
41 9 -5190150.0
41 10 -5188780.0
41 12 -5185610.0
41 13 -5189750.0
41 14 -5189800.0
41 15 -5190220.0
41 16 -5184630.0
41 18 -5184840.0
41 19 -5187050.0
41 20 -5187680.0
41 21 -5187780.0
41 22 490.0
41 23 -5189450.0
41 24 -5186210.0
41 25 947.179
41 26 -5189200.0
41 27 -5188960.0
41 28 -5187840.0
41 29 -5187350.0
41 30 -5189240.0
41 32 -5188140.0
41 33 -5185170.0
41 34 -5186330.0
41 35 -5192040.0
41 36 -5190660.0
41 37 -5185120.0
41 38 -5189380.0
41 39 -5189520.0
41 40 -5185710.0
41 42 -5191550.0
41 43 -5190200.0
41 44 -5186950.0
41 45 -210.0
41 46 -5187770.0
41 47 -5192040.0
41 48 -5181810.0
41 49 -5187960.0
41 51 -5191090.0
42 52 16680.0
42 2 -5184200.0
42 3 3522.31
42 4 -5190230.0
42 5 -5188770.0
42 6 -5189240.0
42 8 -5189030.0
42 9 -5187420.0
42 10 -5186050.0
42 12 -5189740.0
42 13 -5187230.0
42 14 -5189310.0
42 15 -5186300.0
42 16 -5188830.0
42 18 -5188900.0
42 19 -5190550.0
42 20 -5186910.0
42 21 -5186870.0
42 22 -5190790.0
42 23 -1095.13
42 24 -5189430.0
42 25 -5189350.0
42 26 -5184510.0
42 27 -5184550.0
42 28 -5188610.0
42 29 -5191270.0
42 30 -5187560.0
42 32 -5184150.0
42 33 -5186360.0
42 34 -5188430.0
42 35 -620.0
42 36 -1542.82
42 37 -5189390.0
42 38 -5190080.0
42 39 -5186720.0
42 40 -5190400.0
42 41 -5191280.0
42 43 -5184390.0
42 44 -5187090.0
42 45 -5190020.0
42 46 -5190080.0
42 47 -5187070.0
42 48 -5187620.0
42 49 -5187120.0
42 51 -5187380.0
43 52 15360.0
43 2 -5183920.0
43 3 -5182730.0
43 4 -5191070.0
43 5 -5191150.0
43 6 -5190220.0
43 8 -5190570.0
43 9 -5189730.0
43 10 -771.026
43 12 -5191140.0
43 13 -5186250.0
43 14 -5191620.0
43 15 -5188680.0
43 16 -5189390.0
43 18 -5190230.0
43 19 -5190340.0
43 20 -5188800.0
43 21 -5187710.0
43 22 -5191630.0
43 23 -5187420.0
43 24 -5189710.0
43 25 -5190330.0
43 26 1949.87
43 27 435.385
43 28 -5190360.0
43 29 -5193020.0
43 30 -5187350.0
43 32 -5186670.0
43 33 -5188530.0
43 34 -5187800.0
43 35 -5186720.0
43 36 -502.821
43 37 -5190860.0
43 38 -5192250.0
43 39 -5188820.0
43 40 -5192010.0
43 41 -5192120.0
43 42 -2700.0
43 44 -5188630.0
43 45 -5190720.0
43 46 -5189660.0
43 47 -900.0
43 48 -5189090.0
43 49 -5186910.0
43 51 -5189900.0
44 52 19940.0
44 2 -5181610.0
44 3 -5183570.0
44 4 -5186660.0
44 5 -5187510.0
44 6 -5185600.0
44 8 -1110.0
44 9 -5186510.0
44 10 -5186960.0
44 12 -5185820.0
44 13 -5187860.0
44 14 -5187210.0
44 15 -5186440.0
44 16 -5185680.0
44 18 -5184980.0
44 19 -5188310.0
44 20 -40.8974
44 21 -5185190.0
44 22 -5187080.0
44 23 -5185670.0
44 24 -5186770.0
44 25 -5185640.0
44 26 -5186890.0
44 27 -5186300.0
44 28 -970.0
44 29 -5187560.0
44 30 -5187280.0
44 32 -5184570.0
44 33 -5183560.0
44 34 -5186890.0
44 35 -5188400.0
44 36 -5187790.0
44 37 -5185540.0
44 38 -5187420.0
44 39 -5185740.0
44 40 -5186550.0
44 41 -5187570.0
44 42 -5187980.0
44 43 -5187330.0
44 45 -5186590.0
44 46 -5188330.0
44 47 -5189520.0
44 48 -5183770.0
44 49 -5186420.0
44 51 -5187520.0
45 52 17510.0
45 2 -5178600.0
45 3 -5186720.0
45 4 -280.0
45 5 -5190520.0
45 6 -5184270.0
45 8 -5187000.0
45 9 -5189800.0
45 10 -5187800.0
45 12 -5185750.0
45 13 -5188840.0
45 14 -5189870.0
45 15 -5189800.0
45 16 350.0
45 18 -5184840.0
45 19 -5186210.0
45 20 -5187330.0
45 21 -5187010.0
45 22 -280.0
45 23 -5189030.0
45 24 -5185300.0
45 25 737.179
45 26 -5188290.0
45 27 -5188050.0
45 28 -5187630.0
45 29 -5187840.0
45 30 -5188330.0
45 32 -5187860.0
45 33 -5185450.0
45 34 -5185420.0
45 35 -5191340.0
45 36 -5189820.0
45 37 -5185400.0
45 38 -5189520.0
45 39 -5189030.0
45 40 -5186340.0
45 41 -770.0
45 42 -5190850.0
45 43 -5189360.0
45 44 -5186530.0
45 46 -5186860.0
45 47 -5191200.0
45 48 -5182650.0
45 49 -5187050.0
45 51 -5190810.0
46 52 16680.0
46 2 -5178110.0
46 3 -5186510.0
46 4 -5187080.0
46 5 -5191990.0
46 6 -5186720.0
46 8 -5188820.0
46 9 -5190850.0
46 10 -5185630.0
46 12 -5188340.0
46 13 -5186810.0
46 14 -5191690.0
46 15 -5190430.0
46 16 -1310.0
46 18 -5187360.0
46 19 -595.0
46 20 -5188450.0
46 21 -5186870.0
46 22 -5187360.0
46 23 -5189380.0
46 24 -1355.0
46 25 -5186340.0
46 26 -5186050.0
46 27 -5186510.0
46 28 -5189310.0
46 29 -5190640.0
46 30 -5186860.0
46 32 -5188770.0
46 33 -5187690.0
46 34 1590.0
46 35 -5190780.0
46 36 -5188350.0
46 37 -5188060.0
46 38 -5191690.0
46 39 -5189730.0
46 40 -5189280.0
46 41 -5187780.0
46 42 -5190360.0
46 43 -5187750.0
46 44 -5187720.0
46 45 -5186310.0
46 47 -5189310.0
46 48 -5185730.0
46 49 -1504.1
46 51 -5191720.0
47 52 15500.0
47 2 -5183360.0
47 3 -5183360.0
47 4 -5190720.0
47 5 -5191500.0
47 6 -5189940.0
47 8 -5190500.0
47 9 -5190010.0
47 10 -11.0256
47 12 -5190930.0
47 13 -5185620.0
47 14 -5191830.0
47 15 -5189030.0
47 16 -5188970.0
47 18 -5190020.0
47 19 -5189780.0
47 20 -5188800.0
47 21 -5187500.0
47 22 -5191280.0
47 23 -5187770.0
47 24 -5189220.0
47 25 -5189980.0
47 26 2369.87
47 27 715.385
47 28 -5190360.0
47 29 -5192950.0
47 30 -5186930.0
47 32 -5187090.0
47 33 -5188670.0
47 34 -5187170.0
47 35 -5187280.0
47 36 -502.821
47 37 -5190650.0
47 38 -5192460.0
47 39 -5189030.0
47 40 -5191940.0
47 41 -5191770.0
47 42 -5187070.0
47 43 1285.51
47 44 -5188630.0
47 45 -5190370.0
47 46 -5189030.0
47 48 -5188950.0
47 49 -5186420.0
47 51 -5190320.0
48 52 15220.0
48 2 -5181820.0
48 3 -5188260.0
48 4 -5187290.0
48 5 -5190100.0
48 6 -5186860.0
48 8 -5187980.0
48 9 -5190360.0
48 10 -5191160.0
48 12 -2500.0
48 13 -5192130.0
48 14 -5189170.0
48 15 -5190780.0
48 16 -5187290.0
48 18 -2010.0
48 19 -5189990.0
48 20 -5188380.0
48 21 -5189670.0
48 22 -2500.0
48 23 -5190220.0
48 24 -5189010.0
48 25 -5185500.0
48 26 -5191510.0
48 27 -5190990.0
48 28 -5188400.0
48 29 -2010.0
48 30 -5191550.0
48 32 -5188070.0
48 33 -5183980.0
48 34 -5189270.0
48 35 -5193230.0
48 36 -5192620.0
48 37 -1660.0
48 38 -5188330.0
48 39 -5190290.0
48 40 47.1795
48 41 -2920.0
48 42 -5192880.0
48 43 -5192160.0
48 44 -5188140.0
48 45 -5187080.0
48 46 -5190710.0
48 47 -5194210.0
48 49 -5190340.0
48 51 -5191160.0
49 52 18000.0
49 2 -5180350.0
49 3 -5184270.0
49 4 -5187570.0
49 5 -5190450.0
49 6 -5186860.0
49 8 -5188050.0
49 9 -5189100.0
49 10 -11.0256
49 12 -5188130.0
49 13 -1051.41
49 14 -5190360.0
49 15 -5188540.0
49 16 -5185750.0
49 18 -5187150.0
49 19 -5186700.0
49 20 -5187050.0
49 21 -1250.0
49 22 -5188130.0
49 23 -5187420.0
49 24 -5186000.0
49 25 -5186900.0
49 26 -5184440.0
49 27 -404.615
49 28 -5188190.0
49 29 -5190360.0
49 30 -620.0
49 32 -5186880.0
49 33 -5186780.0
49 34 -5184440.0
49 35 -5188540.0
49 36 -5186180.0
49 37 -5187920.0
49 38 -5190640.0
49 39 -5187910.0
49 40 -5189210.0
49 41 -5188620.0
49 42 -5188050.0
49 43 -5185650.0
49 44 -5186460.0
49 45 -5187150.0
49 46 -2150.0
49 47 -5187350.0
49 48 -5186010.0
49 51 -5189900.0
50 52 18620.0
50 2 -5182800.0
50 3 -5183220.0
50 4 -5187640.0
50 5 -5186250.0
50 6 -5186650.0
50 8 -5185670.0
50 9 -1520.0
50 10 -5187870.0
50 12 -5186380.0
50 13 -5188840.0
50 14 -5186020.0
50 15 -5185740.0
50 16 -5186870.0
50 18 -5185680.0
50 19 -5189570.0
50 20 239.103
50 21 -5186310.0
50 22 -5187990.0
50 23 -5185180.0
50 24 -5188030.0
50 25 -5186550.0
50 26 -5187590.0
50 27 -5187000.0
50 28 -970.0
50 29 -5187420.0
50 30 -5188330.0
50 32 -5183520.0
50 33 -5182580.0
50 34 -5188150.0
50 35 -5188330.0
50 36 -5188350.0
50 37 -5185960.0
50 38 -5186440.0
50 39 -1450.0
50 40 -5186550.0
50 41 -5188480.0
50 42 -5187980.0
50 43 -5187820.0
50 44 -560.0
50 45 -5187640.0
50 46 -5189590.0
50 47 -5190150.0
50 48 -5183910.0
50 49 -5187540.0
50 51 -5186470.0
51 52 16330.0
51 2 -5185180.0
51 3 -5181960.0
51 4 -5190160.0
51 5 -1542.82
51 6 -5189170.0
51 8 -5188190.0
51 9 -1310.0
51 10 -5188920.0
51 12 -5188900.0
51 13 -5189960.0
51 14 -5186440.0
51 15 -1168.59
51 16 -5189250.0
51 18 -5188200.0
51 19 -5191810.0
51 20 -5186070.0
51 21 -5188060.0
51 22 -5190510.0
51 23 -5184760.0
51 24 -5190340.0
51 25 -5189070.0
51 26 -5187940.0
51 27 -5187630.0
51 28 -5187490.0
51 29 -5189450.0
51 30 -5189800.0
51 32 2999.1
51 33 -5183630.0
51 34 -5190180.0
51 35 -5187630.0
51 36 -5188770.0
51 37 -5188410.0
51 38 -5187350.0
51 39 -5186300.0
51 40 -5188720.0
51 41 -5191000.0
51 42 -5187560.0
51 43 -5187890.0
51 44 -5186810.0
51 45 -5190160.0
51 46 -5191620.0
51 47 -5190500.0
51 48 -5186080.0
51 49 -5189150.0
52 2 0
52 3 0
52 4 0
52 5 0
52 6 0
52 7 0
52 8 0
52 9 0
52 10 0
52 11 0
52 12 0
52 13 0
52 14 0
52 15 0
52 16 0
52 17 0
52 18 0
52 19 0
52 20 0
52 21 0
52 22 0
52 23 0
52 24 0
52 25 0
52 26 0
52 27 0
52 28 0
52 29 0
52 30 0
52 31 0
52 32 0
52 33 0
52 34 0
52 35 0
52 36 0
52 37 0
52 38 0
52 39 0
52 40 0
52 41 0
52 42 0
52 43 0
52 44 0
52 45 0
52 46 0
52 47 0
52 48 0
52 49 0
52 50 0
52 51 0
2 1 0
3 1 0
4 1 0
5 1 0
6 1 0
7 1 0
8 1 0
9 1 0
10 1 0
11 1 0
12 1 0
13 1 0
14 1 0
15 1 0
16 1 0
17 1 0
18 1 0
19 1 0
20 1 0
21 1 0
22 1 0
23 1 0
24 1 0
25 1 0
26 1 0
27 1 0
28 1 0
29 1 0
30 1 0
31 1 0
32 1 0
33 1 0
34 1 0
35 1 0
36 1 0
37 1 0
38 1 0
39 1 0
40 1 0
41 1 0
42 1 0
43 1 0
44 1 0
45 1 0
46 1 0
47 1 0
48 1 0
49 1 0
50 1 0
51 1 0
52 1 0
