52 2407
1
2
3
4
5
6
7
8
9
10
11
12
13
14
15
16
17
18
19
20
21
22
23
24
25
26
27
28
29
30
31
32
33
34
35
36
37
38
39
40
41
42
43
44
45
46
47
48
49
50
51
52
1 52 -0.0
1 2 -24730.0
1 3 -23090.0
1 4 -21400.0
1 5 -17850.0
1 7 -23760.0
1 8 -23750.0
1 9 -22440.0
1 10 -22850.0
1 11 -19120.0
1 12 -23960.0
1 13 -20010.0
1 14 -25490.0
1 15 -20710.0
1 16 -17630.0
1 17 -24800.0
1 18 -22171.7
1 19 -20008.3
1 20 -19756.7
1 21 -23340.0
1 22 -25140.0
1 23 -22628.3
1 24 -24170.0
1 25 -23083.3
1 26 -22975.0
1 27 -22570.0
1 28 -20790.0
1 29 -18945.0
1 30 -21060.0
1 31 -23101.7
1 32 -23140.0
1 34 -22380.0
1 35 -23680.0
1 36 -20760.0
1 37 -23340.0
1 38 -22663.3
1 39 -17638.3
1 40 -25490.0
1 41 -22230.0
1 42 -20886.7
1 43 -20770.0
1 44 -22871.7
1 45 -24208.3
1 46 -24310.0
1 47 -24100.0
1 48 -22760.0
1 49 -25091.7
1 50 -22990.0
1 51 -22850.0
2 52 8420.0
2 3 -7940.0
2 4 -4240.0
2 5 -1460.0
2 7 -7080.0
2 8 -4370.0
2 9 -5200.0
2 10 -7630.0
2 11 -1960.0
2 12 -7010.0
2 13 -2220.0
2 14 -10340.0
2 15 -3270.0
2 16 -2140.0
2 17 -2220.0
2 18 -4251.67
2 19 -4718.33
2 20 -1336.67
2 21 -2080.0
2 22 -5970.0
2 23 -3658.33
2 24 -6520.0
2 25 -573.333
2 26 505.0
2 27 -6870.0
2 28 -2170.0
2 30 -1950.0
2 31 1488.33
2 32 -6540.0
2 34 -4170.0
2 35 -3950.0
2 36 -540.0
2 37 -3260.0
2 38 -2923.33
2 39 5421.67
2 40 -6870.0
2 41 -3740.0
2 42 -5246.67
2 43 -3050.0
2 44 1648.33
2 45 -5868.33
2 46 -8950.0
2 47 -2010.0
2 48 -6360.0
2 49 -6261.67
2 50 -2360.0
2 51 -3470.0
3 52 7520.0
3 2 -10480.0
3 4 -5970.0
3 5 -2920.0
3 7 -4860.0
3 8 -8260.0
3 9 -4440.0
3 10 -410.0
3 11 -1120.0
3 12 -4780.0
3 13 -5490.0
3 14 -270.0
3 15 -5210.0
3 16 1610.0
3 17 -10270.0
3 18 -4521.67
3 19 2291.67
3 20 -2936.67
3 21 -8950.0
3 22 -8670.0
3 23 -7688.33
3 24 -6940.0
3 25 -8633.33
3 26 -8725.0
3 27 -4230.0
3 28 -5010.0
3 30 -6600.0
3 31 -8791.67
3 32 -4870.0
3 34 -4870.0
3 35 -8400.0
3 36 -5330.0
3 37 -8470.0
3 38 -7513.33
3 39 -3118.33
3 40 -8400.0
3 41 -7420.0
3 42 23.3333
3 43 -5690.0
3 44 -8491.67
3 45 -6908.33
3 46 -2430.0
3 47 -9580.0
3 48 -3580.0
3 49 -8281.67
3 50 -8540.0
3 51 -7910.0
4 52 11270.0
4 2 -4720.0
4 3 -3910.0
4 5 2080.0
4 7 -5690.0
4 8 -2080.0
4 9 -4440.0
4 10 -3540.0
4 11 -1120.0
4 12 -5960.0
4 13 210.0
4 14 -6240.0
4 15 1110.0
4 16 2170.0
4 17 -4020.0
4 18 -431.667
4 19 -278.333
4 20 2063.33
4 21 -4160.0
4 22 -3260.0
4 23 -1368.33
4 24 -6040.0
4 25 -3703.33
4 26 -3315.0
4 27 -2290.0
4 28 960.0
4 30 -2230.0
4 31 -3161.67
4 32 -5080.0
4 34 -4380.0
4 35 -5200.0
4 36 -2280.0
4 37 -2150.0
4 38 -1263.33
4 39 1671.67
4 40 -3610.0
4 41 -1110.0
4 42 -596.667
4 43 560.0
4 44 -2931.67
4 45 -2398.33
4 46 -4440.0
4 47 -3400.0
4 48 -4760.0
4 49 -3211.67
4 50 -2430.0
4 51 -1520.0
5 52 12240.0
5 2 -4580.0
5 3 -3500.0
5 4 -560.0
5 7 -4720.0
5 8 -2980.0
5 9 -3400.0
5 10 -3190.0
5 11 -80.0
5 12 -4920.0
5 13 550.0
5 14 -5830.0
5 15 200.0
5 16 2380.0
5 17 -4300.0
5 18 -1401.67
5 19 -138.333
5 20 1023.33
5 21 -3610.0
5 22 -4230.0
5 23 -1858.33
5 24 -5130.0
5 25 -3213.33
5 26 -3035.0
5 27 -2290.0
5 28 -10.0
5 30 -1530.0
5 31 -3021.67
5 32 -4040.0
5 34 -3340.0
5 35 -4300.0
5 36 -1440.0
5 37 -2700.0
5 38 -1953.33
5 39 2161.67
5 40 -4650.0
5 41 -1520.0
5 42 -806.667
5 43 70.0
5 44 -2731.67
5 45 -3368.33
5 46 -4370.0
5 47 -3610.0
5 48 -3720.0
5 49 -4251.67
5 50 -2560.0
5 51 -2080.0
6 52 9190.0
6 2 -4860.0
6 3 -5580.0
6 4 -1670.0
6 5 8.18545e-12
6 7 -7710.0
6 8 -550.0
6 9 -6450.0
6 10 -5410.0
6 11 -3070.0
6 12 -7910.0
6 13 -1250.0
6 14 -7980.0
6 15 -560.0
6 16 500.0
6 17 -3190.0
6 18 408.333
6 19 -1868.33
6 20 3453.33
6 21 -5130.0
6 22 -1450.0
6 23 -1508.33
6 24 -7980.0
6 25 -4393.33
6 26 -3795.0
6 27 -4020.0
6 28 2140.0
6 30 -3620.0
6 31 -3231.67
6 32 -7090.0
6 34 -6190.0
6 35 -6590.0
6 36 -3730.0
6 37 -1730.0
6 38 -223.333
6 39 1051.67
6 40 -2150.0
6 41 -2010.0
6 42 -1776.67
6 43 -900.0
6 44 -3071.67
6 45 -1078.33
6 46 -5900.0
6 47 -2980.0
6 48 -6780.0
6 49 -1541.67
6 50 -2770.0
6 51 -1520.0
7 52 8560.0
7 2 -7910.0
7 3 -3150.0
7 4 -6040.0
7 5 -2430.0
7 8 -8400.0
7 9 1180.0
7 10 -3740.0
7 11 4360.0
7 12 560.0
7 13 -4450.0
7 14 -5690.0
7 15 -5350.0
7 16 -470.0
7 17 -8950.0
7 18 -6541.67
7 19 -1668.33
7 20 -4326.67
7 21 -5900.0
7 22 -9720.0
7 23 -7208.33
7 24 -1800.0
7 25 -5503.33
7 26 -5745.0
7 27 -5970.0
7 28 -5430.0
7 30 -3820.0
7 31 -6011.67
7 32 -430.0
7 34 690.0
7 35 -4300.0
7 36 -750.0
7 37 -7840.0
7 38 -7303.33
7 39 491.667
7 40 -10060.0
7 41 -6800.0
7 42 -3586.67
7 43 -5410.0
7 44 -5781.67
7 45 -8648.33
7 46 -6310.0
7 47 -8120.0
7 48 1140.0
7 49 -9601.67
7 50 -7150.0
7 51 -7420.0
8 52 9400.0
8 2 -4370.0
8 3 -5720.0
8 4 -1600.0
8 5 140.0
8 7 -7570.0
8 9 -6180.0
8 10 -5480.0
8 11 -2860.0
8 12 -7700.0
8 13 -910.0
8 14 -8050.0
8 15 -490.0
8 16 430.0
8 17 -2770.0
8 18 -11.6667
8 19 -2078.33
8 20 3033.33
8 21 -4650.0
8 22 -1800.0
8 23 -1098.33
8 24 -7700.0
8 25 -3973.33
8 26 -3315.0
8 27 -4090.0
8 28 1930.0
8 30 -3270.0
8 31 -2751.67
8 32 -6950.0
8 34 -5910.0
8 35 -6240.0
8 36 -3250.0
8 37 -1180.0
8 38 266.667
8 39 1531.67
8 40 -2630.0
8 41 -1730.0
8 42 -1986.67
8 43 -690.0
8 44 -2591.67
8 45 -1628.33
8 46 -6040.0
8 47 -2430.0
8 48 -6570.0
8 49 -1961.67
8 50 -2290.0
8 51 -1040.0
9 52 8420.0
9 2 -7490.0
9 3 -4190.0
9 4 -6250.0
9 5 -2570.0
9 7 -280.0
9 8 -8470.0
9 10 -4580.0
9 11 4780.0
9 12 280.0
9 13 -4520.0
9 14 -6660.0
9 15 -5490.0
9 16 -1160.0
9 17 -8740.0
9 18 -6951.67
9 19 -2568.33
9 20 -4606.67
9 21 -5410.0
9 22 -9920.0
9 23 -7208.33
9 24 -1040.0
9 25 -4953.33
9 26 -5255.0
9 27 -6520.0
9 28 -5640.0
9 30 -3480.0
9 31 -5521.67
9 32 -980.0
9 34 1730.0
9 35 -3610.0
9 36 20.0
9 37 -7770.0
9 38 -7303.33
9 39 1051.67
9 40 -10340.0
9 41 -6800.0
9 42 -4346.67
9 43 -5550.0
9 44 -5231.67
9 45 -9058.33
9 46 -7080.0
9 47 -7910.0
9 48 100.0
9 49 -9941.67
9 50 -7010.0
9 51 -7420.0
10 52 9050.0
10 2 -8880.0
10 3 880.0
10 4 -4310.0
10 5 -1320.0
10 7 -4160.0
10 8 -6730.0
10 9 -3540.0
10 11 -220.0
10 12 -4160.0
10 13 -3890.0
10 14 -1520.0
10 15 -3680.0
10 16 3070.0
10 17 -8670.0
10 18 -3271.67
10 19 3191.67
10 20 -1616.67
10 21 -7420.0
10 22 -7220.0
10 23 -6028.33
10 24 -5900.0
10 25 -7103.33
10 26 -7065.0
10 27 -2770.0
10 28 -3550.0
10 30 -5070.0
10 31 -7261.67
10 32 -3900.0
10 34 -3970.0
10 35 -7010.0
10 36 -4080.0
10 37 -6940.0
10 38 -5983.33
10 39 -1588.33
10 40 -7080.0
10 41 -5760.0
10 42 863.333
10 43 -4160.0
10 44 -6961.67
10 45 -5658.33
10 46 -1590.0
10 47 -7980.0
10 48 -2820.0
10 49 -6961.67
10 50 -6940.0
10 51 -6310.0
11 52 8770.0
11 2 -7220.0
11 3 -3840.0
11 4 -5900.0
11 5 -2220.0
11 7 -70.0
11 8 -8120.0
11 9 1810.0
11 10 -4230.0
11 12 150.0
11 13 -4170.0
11 14 -6310.0
11 15 -5140.0
11 16 -680.0
11 17 -8400.0
11 18 -6471.67
11 19 -2148.33
11 20 -4186.67
11 21 -5270.0
11 22 -9510.0
11 23 -6928.33
11 24 -970.0
11 25 -4813.33
11 26 -5115.0
11 27 -6040.0
11 28 -5290.0
11 30 -3200.0
11 31 -5381.67
11 32 -500.0
11 34 1380.0
11 35 -3540.0
11 36 20.0
11 37 -7490.0
11 38 -6953.33
11 39 1121.67
11 40 -9920.0
11 41 -6520.0
11 42 -3926.67
11 43 -5200.0
11 44 -5091.67
11 45 -8578.33
11 46 -6660.0
11 47 -7700.0
11 48 380.0
11 49 -9461.67
11 50 -6730.0
11 51 -7010.0
12 52 7730.0
12 2 -8470.0
12 3 -3700.0
12 4 -6940.0
12 5 -3260.0
12 7 -70.0
12 8 -9160.0
12 9 1110.0
12 10 -4370.0
12 11 3950.0
12 13 -5280.0
12 14 -6240.0
12 15 -6180.0
12 16 -1300.0
12 17 -9580.0
12 18 -7371.67
12 19 -2428.33
12 20 -5156.67
12 21 -6520.0
12 22 -10550.0
12 23 -8038.33
12 24 -2150.0
12 25 -6063.33
12 26 -6365.0
12 27 -6800.0
12 28 -6260.0
12 30 -4450.0
12 31 -6631.67
12 32 -1260.0
12 34 890.0
12 35 -4790.0
12 36 -1160.0
12 37 -8540.0
12 38 -8063.33
12 39 -58.3333
12 40 -10830.0
12 41 -7630.0
12 42 -4346.67
12 43 -6240.0
12 44 -6341.67
12 45 -9478.33
12 46 -7010.0
12 47 -8880.0
12 48 510.0
12 49 -10431.7
12 50 -7910.0
12 51 -8190.0
13 52 11620.0
13 2 -3740.0
13 3 -4470.0
13 4 -830.0
13 7 -5140.0
13 8 -2430.0
13 9 -3750.0
13 10 -4160.0
13 11 -430.0
13 12 -5340.0
13 14 -6800.0
13 15 -0.0
13 16 1410.0
13 17 -3400.0
13 18 -1541.67
13 19 -1108.33
13 20 1093.33
13 21 -2980.0
13 22 -4090.0
13 23 -1298.33
13 24 -5340.0
13 25 -2453.33
13 26 -2135.0
13 27 -3190.0
13 28 260.0
13 30 -1050.0
13 31 -2121.67
13 32 -4590.0
13 34 -3480.0
13 35 -4020.0
13 36 -1160.0
13 37 -1870.0
13 38 -1333.33
13 39 2921.67
13 40 -4650.0
13 41 -830.0
13 42 -1636.67
13 43 280.0
13 44 -1821.67
13 45 -3438.33
13 46 -5270.0
13 47 -2700.0
13 48 -4280.0
13 49 -4111.67
13 50 -1590.0
13 51 -1450.0
14 52 7660.0
14 2 -10340.0
14 3 2270.0
14 4 -5760.0
14 5 -2710.0
14 7 -4860.0
14 8 -8050.0
14 9 -4370.0
14 11 -1050.0
14 12 -4780.0
14 13 -5280.0
14 15 -5070.0
14 16 1750.0
14 17 -10130.0
14 18 -4251.67
14 19 2501.67
14 20 -2796.67
14 21 -8810.0
14 22 -8400.0
14 23 -7478.33
14 24 -6870.0
14 25 -8493.33
14 26 -8585.0
14 27 -4090.0
14 28 -4800.0
14 30 -6460.0
14 31 -8651.67
14 32 -4870.0
14 34 -4870.0
14 35 -8330.0
14 36 -5260.0
14 37 -8330.0
14 38 -7373.33
14 39 -2978.33
14 40 -8190.0
14 41 -7220.0
14 42 233.333
14 43 -5550.0
14 44 -8351.67
14 45 -6768.33
14 46 -2290.0
14 47 -9440.0
14 48 -3580.0
14 49 -8071.67
14 50 -8330.0
14 51 -7700.0
15 52 11060.0
15 2 -4650.0
15 3 -4050.0
15 4 210.0
15 5 1940.0
15 7 -5900.0
15 8 -1870.0
15 9 -4580.0
15 10 -3810.0
15 11 -1260.0
15 12 -6100.0
15 13 140.0
15 14 -6450.0
15 16 2030.0
15 17 -3810.0
15 18 -361.667
15 19 -418.333
15 20 2203.33
15 21 -4160.0
15 22 -3120.0
15 23 -1098.33
15 24 -6240.0
15 25 -3633.33
15 26 -3315.0
15 27 -2430.0
15 28 1170.0
15 30 -2300.0
15 31 -3091.67
15 32 -5220.0
15 34 -4450.0
15 35 -5270.0
15 36 -2410.0
15 37 -2010.0
15 38 -1053.33
15 39 1741.67
15 40 -3470.0
15 41 -1040.0
15 42 -736.667
15 43 630.0
15 44 -2801.67
15 45 -2258.33
15 46 -4580.0
15 47 -3260.0
15 48 -4900.0
15 49 -3071.67
15 50 -2360.0
15 51 -1380.0
16 52 10370.0
16 2 -7290.0
16 3 -1000.0
16 4 -2500.0
16 5 350.0
16 7 -4790.0
16 8 -4720.0
16 9 -4020.0
16 10 -830.0
16 11 -570.0
16 12 -4990.0
16 13 -2220.0
16 14 -3400.0
16 15 -1740.0
16 17 -6800.0
16 18 -1401.67
16 19 2571.67
16 20 393.333
16 21 -6240.0
16 22 -5270.0
16 23 -4218.33
16 24 -5970.0
16 25 -5853.33
16 26 -5675.0
16 27 -760.0
16 28 -1470.0
16 30 -3890.0
16 31 -5731.67
16 32 -4320.0
16 34 -4310.0
16 35 -6380.0
16 36 -3390.0
16 37 -5060.0
16 38 -4103.33
16 39 -408.333
16 40 -5200.0
16 41 -4020.0
16 42 1693.33
16 43 -2220.0
16 44 -5501.67
16 45 -3718.33
16 46 -1660.0
16 47 -6240.0
16 48 -3650.0
16 49 -5011.67
16 50 -5200.0
16 51 -4370.0
17 52 8350.0
17 2 -2220.0
17 3 -7730.0
17 4 -3540.0
17 5 -1180.0
17 7 -8120.0
17 8 -2770.0
17 9 -6450.0
17 10 -7420.0
17 11 -3140.0
17 12 -8120.0
17 13 -1880.0
17 14 -10130.0
17 15 -2430.0
17 16 -1650.0
17 18 -2581.67
17 19 -4168.33
17 20 463.333
17 21 -3610.0
17 22 -4090.0
17 23 -2618.33
17 24 -7770.0
17 25 -2383.33
17 26 -1505.0
17 27 -6240.0
17 28 -640.0
17 30 -2920.0
17 31 -521.667
17 32 -7510.0
17 34 -5700.0
17 35 -5550.0
17 36 -2410.0
17 37 -1870.0
17 38 -1333.33
17 39 3271.67
17 40 -4990.0
17 41 -2980.0
17 42 -4416.67
17 43 -2290.0
17 44 -501.667
17 45 -4128.33
17 46 -8330.0
17 47 -830.0
17 48 -7330.0
17 49 -4321.67
17 50 -1940.0
17 51 -2360.0
18 2 -7220.0
18 3 -4950.0
18 4 -2920.0
18 5 -1250.0
18 7 -8680.0
18 8 -2980.0
18 9 -7630.0
18 10 -4990.0
18 11 -4180.0
18 12 -8880.0
18 13 -2990.0
18 14 -7220.0
18 15 -1950.0
18 16 780.0
18 17 -5550.0
18 19 -1038.33
18 20 3863.33
18 21 -7290.0
18 22 -1730.0
18 23 -3658.33
18 24 -9300.0
18 25 -6683.33
18 26 -6155.0
18 27 -3810.0
18 28 260.0
18 30 -5560.0
18 31 -5661.67
18 32 -8000.0
18 34 -7580.0
18 35 -8470.0
18 36 -5610.0
18 37 -4090.0
18 38 -2653.33
18 39 -1308.33
18 40 -1110.0
18 41 -4020.0
18 42 -596.667
18 43 -2560.0
18 44 -5501.67
18 45 381.667
18 46 -5060.0
18 47 -5410.0
18 48 -7610.0
18 49 -1261.67
18 50 -5060.0
18 51 -3740.0
19 52 8770.0
19 2 -9090.0
19 3 460.0
19 4 -4170.0
19 5 -1390.0
19 7 -5210.0
19 8 -6450.0
19 9 -4650.0
19 10 70.0
19 11 -1260.0
19 12 -5340.0
19 13 -3960.0
19 14 -1870.0
19 15 -3410.0
19 16 3350.0
19 17 -8540.0
19 18 -2441.67
19 20 -926.667
19 21 -7840.0
19 22 -6660.0
19 23 -5888.33
19 24 -6870.0
19 25 -7523.33
19 26 -7475.0
19 27 -2430.0
19 28 -3070.0
19 30 -5490.0
19 31 -7471.67
19 32 -4940.0
19 34 -5010.0
19 35 -7770.0
19 36 -4840.0
19 37 -6800.0
19 38 -5773.33
19 39 -2008.33
19 40 -6380.0
19 41 -5690.0
19 42 1973.33
19 43 -4020.0
19 44 -7171.67
19 45 -4898.33
19 46 -480.0
19 47 -7980.0
19 48 -4000.0
19 49 -6331.67
19 50 -6940.0
19 51 -6170.0
20 52 8420.0
20 2 -6310.0
20 3 -5370.0
20 4 -2430.0
20 5 -830.0
20 7 -8470.0
20 8 -1940.0
20 9 -7290.0
20 10 -5340.0
20 11 -3900.0
20 12 -8670.0
20 13 -2360.0
20 14 -7770.0
20 15 -1390.0
20 16 570.0
20 17 -4510.0
20 18 1858.33
20 19 -1528.33
20 21 -6520.0
20 22 -760.0
20 23 -2828.33
20 24 -8950.0
20 25 -5783.33
20 26 -5185.0
20 27 -3950.0
20 28 1100.0
20 30 -4800.0
20 31 -4691.67
20 32 -7790.0
20 34 -7160.0
20 35 -7840.0
20 36 -4980.0
20 37 -3120.0
20 38 -1673.33
20 39 -408.333
20 40 -830.0
20 41 -3260.0
20 42 -1226.67
20 43 -1940.0
20 44 -4531.67
20 45 311.667
20 46 -5550.0
20 47 -4370.0
20 48 -7470.0
20 49 -431.667
20 50 -4160.0
20 51 -2840.0
21 52 9810.0
21 2 -2080.0
21 3 -6410.0
21 4 -3680.0
21 5 -490.0
21 7 -5070.0
21 8 -4650.0
21 9 -3120.0
21 10 -6170.0
21 11 -10.0
21 12 -5060.0
21 13 -1460.0
21 14 -8810.0
21 15 -2780.0
21 16 -1090.0
21 17 -3610.0
21 18 -4321.67
21 19 -3468.33
21 20 -1546.67
21 22 -6450.0
21 23 -3528.33
21 24 -4440.0
21 25 186.667
21 26 25.0
21 27 -5830.0
21 28 -2300.0
21 30 -140.0
21 31 -181.667
21 32 -4590.0
21 34 -2160.0
21 35 -2010.0
21 36 1130.0
21 37 -3540.0
21 38 -3273.33
21 39 5701.67
21 40 -7150.0
21 41 -3330.0
21 42 -4276.67
21 43 -2560.0
21 44 48.3333
21 45 -6078.33
21 46 -7770.0
21 47 -2980.0
21 48 -4350.0
21 49 -6611.67
21 50 -2560.0
21 51 -3540.0
22 6 1610.0
23 52 10440.0
23 2 -3740.0
23 3 -5230.0
23 4 -970.0
23 5 1180.0
23 7 -6460.0
23 8 -1180.0
23 9 -5000.0
23 10 -4860.0
23 11 -1750.0
23 12 -6660.0
23 13 140.0
23 14 -7560.0
23 15 200.0
23 16 850.0
23 17 -2700.0
23 18 -771.667
23 19 -1598.33
23 20 2063.33
23 21 -3610.0
23 22 -2910.0
23 24 -6590.0
23 25 -3003.33
23 26 -2545.0
23 27 -3610.0
23 28 1310.0
23 30 -2090.0
23 31 -2121.67
23 32 -5840.0
23 34 -4730.0
23 35 -5130.0
23 36 -2140.0
23 37 -830.0
23 38 -13.3333
23 39 2371.67
23 40 -3540.0
23 41 -620.0
23 42 -1846.67
23 43 280.0
23 44 -1961.67
23 45 -2468.33
23 46 -5760.0
23 47 -2080.0
23 48 -5530.0
23 49 -3001.67
23 50 -1450.0
23 51 -200.0
24 52 8980.0
24 2 -6520.0
24 3 -4400.0
24 4 -5560.0
24 5 -2010.0
24 7 -970.0
24 8 -7700.0
24 9 1250.0
24 10 -4650.0
24 11 4290.0
24 12 -690.0
24 13 -3820.0
24 14 -6870.0
24 15 -4860.0
24 16 -820.0
24 17 -7770.0
24 18 -6331.67
24 19 -2498.33
24 20 -3976.67
24 21 -4440.0
24 22 -9230.0
24 23 -6508.33
24 25 -4043.33
24 26 -4285.0
24 27 -6110.0
24 28 -4940.0
24 30 -2570.0
24 31 -4551.67
24 32 -1050.0
24 34 1660.0
24 35 -2700.0
24 36 920.0
24 37 -6940.0
24 38 -6533.33
24 39 2021.67
24 40 -9650.0
24 41 -6040.0
24 42 -4206.67
24 43 -4790.0
24 44 -4321.67
24 45 -8368.33
24 46 -7010.0
24 47 -7010.0
24 48 -460.0
24 49 -9181.67
24 50 -6110.0
24 51 -6590.0
25 52 9050.0
25 2 -1590.0
25 3 -7110.0
25 4 -4240.0
25 5 -1110.0
25 7 -5690.0
25 8 -4990.0
25 9 -3680.0
25 10 -6870.0
25 11 -570.0
25 12 -5620.0
25 13 -1950.0
25 14 -9510.0
25 15 -3270.0
25 16 -1720.0
25 17 -3400.0
25 18 -4731.67
25 19 -4168.33
25 20 -1826.67
25 21 -830.0
25 22 -6730.0
25 23 -3938.33
25 24 -5060.0
25 26 645.0
25 27 -6520.0
25 28 -2650.0
25 30 -840.0
25 31 378.333
25 32 -5290.0
25 34 -2650.0
25 35 -2430.0
25 36 920.0
25 37 -3810.0
25 38 -3483.33
25 39 6321.67
25 40 -7490.0
25 41 -3810.0
25 42 -4906.67
25 43 -3050.0
25 44 608.333
25 45 -6418.33
25 46 -8400.0
25 47 -2910.0
25 48 -5040.0
25 49 -6821.67
25 50 -2770.0
25 51 -3880.0
26 52 8770.0
26 2 -900.0
26 3 -7590.0
26 4 -4240.0
26 5 -1320.0
26 7 -6320.0
26 8 -4720.0
26 9 -4370.0
26 10 -7220.0
26 11 -1260.0
26 12 -6310.0
26 13 -2020.0
26 14 -9990.0
26 15 -3340.0
26 16 -1930.0
26 17 -2910.0
26 18 -4591.67
26 19 -4508.33
26 20 -1616.67
26 21 -1380.0
26 22 -6450.0
26 23 -3868.33
26 24 -5690.0
26 25 256.667
26 27 -6730.0
26 28 -2440.0
26 30 -1390.0
26 31 1068.33
26 32 -5910.0
26 34 -3340.0
26 35 -3120.0
26 36 290.0
26 37 -3540.0
26 38 -3273.33
26 39 6051.67
26 40 -7220.0
26 41 -3810.0
26 42 -5176.67
26 43 -3050.0
26 44 1298.33
26 45 -6218.33
26 46 -8740.0
26 47 -2560.0
26 48 -5730.0
26 49 -6611.67
26 50 -2560.0
26 51 -3740.0
27 33 -1800.0
28 52 9670.0
28 2 -4860.0
28 3 -5160.0
28 4 -1250.0
28 5 420.0
28 7 -7290.0
28 8 -760.0
28 9 -6040.0
28 10 -4990.0
28 11 -2720.0
28 12 -7490.0
28 13 -910.0
28 14 -7490.0
28 15 -140.0
28 16 990.0
28 17 -3330.0
28 18 538.333
28 19 -1388.33
28 20 3383.33
28 21 -4990.0
28 22 -1730.0
28 23 -1298.33
28 24 -7630.0
28 25 -4323.33
28 26 -3725.0
28 27 -3470.0
28 30 -3340.0
28 31 -3301.67
28 32 -6680.0
28 34 -5840.0
28 35 -6380.0
28 36 -3390.0
28 37 -1730.0
28 38 -293.333
28 39 1121.67
28 40 -2290.0
28 41 -1730.0
28 42 -1296.67
28 43 -550.0
28 44 -3141.67
28 45 -1148.33
28 46 -5480.0
28 47 -3050.0
28 48 -6360.0
28 49 -1751.67
28 50 -2700.0
28 51 -1380.0
29 52 8770.0
29 2 -8950.0
29 3 -230.0
29 4 -5420.0
29 5 -2080.0
29 7 -2220.0
29 8 -7910.0
29 9 -1730.0
29 10 -1040.0
29 11 1520.0
29 12 -2080.0
29 13 -4450.0
29 15 -4660.0
29 16 1340.0
29 17 -9300.0
29 18 -5081.67
29 19 901.667
29 20 -3216.67
29 21 -7150.0
29 22 -8810.0
29 23 -6998.33
29 24 -4370.0
29 25 -6893.33
29 26 -6995.0
29 27 -4370.0
29 28 -4800.0
29 30 -4800.0
29 31 -7261.67
29 32 -2300.0
29 34 -2230.0
29 35 -6240.0
29 36 -3040.0
29 37 -7770.0
29 38 -7023.33
29 39 -1178.33
29 40 -8880.0
29 41 -6590.0
29 42 -1296.67
29 43 -5060.0
29 44 -6961.67
29 45 -7398.33
29 46 -3810.0
29 47 -8540.0
29 48 -870.0
29 49 -8621.67
29 50 -7490.0
29 51 -7150.0
30 52 10920.0
30 2 -3120.0
30 3 -5230.0
30 4 -2920.0
30 5 420.0
30 7 -4160.0
30 8 -4440.0
30 9 -2360.0
30 10 -4990.0
30 11 890.0
30 12 -4160.0
30 13 -700.0
30 14 -7630.0
30 15 -2090.0
30 16 90.0
30 17 -4090.0
30 18 -3761.67
30 19 -2288.33
30 20 -996.667
30 21 -1310.0
30 22 -6110.0
30 23 -3178.33
30 24 -3740.0
30 25 -993.333
30 26 -1155.0
30 27 -4790.0
30 28 -1820.0
30 31 -1291.67
30 32 -3550.0
30 34 -1740.0
30 35 -1870.0
30 36 990.0
30 37 -3470.0
30 38 -3133.33
30 39 4521.67
30 40 -6730.0
30 41 -2840.0
30 42 -3236.67
30 43 -1870.0
30 44 -1061.67
30 45 -5588.33
30 46 -6590.0
30 47 -3330.0
30 48 -3440.0
30 49 -6191.67
30 50 -2560.0
30 51 -3260.0
31 52 7940.0
31 2 -620.0
31 3 -8360.0
31 4 -4790.0
31 5 -2010.0
31 7 -7290.0
31 8 -4860.0
31 9 -5340.0
31 10 -8120.0
31 11 -2230.0
31 12 -7280.0
31 13 -2710.0
31 14 -10760.0
31 15 -3820.0
31 16 -2690.0
31 17 -2630.0
31 18 -4801.67
31 19 -5208.33
31 20 -1826.67
31 21 -2290.0
31 22 -6520.0
31 23 -4148.33
31 24 -6660.0
31 25 -713.333
31 26 365.0
31 27 -7420.0
31 28 -2720.0
31 30 -2230.0
31 32 -6880.0
31 34 -4240.0
31 35 -4090.0
31 36 -540.0
31 37 -3740.0
31 38 -3413.33
31 39 5561.67
31 40 -7290.0
31 41 -4230.0
31 42 -5736.67
31 43 -3540.0
31 44 1648.33
31 45 -6418.33
31 46 -9370.0
31 47 -2430.0
31 48 -6640.0
31 49 -6681.67
31 50 -2910.0
31 51 -4020.0
32 52 9470.0
32 2 -7080.0
32 3 -2870.0
32 4 -5140.0
32 5 -1460.0
32 7 -140.0
32 8 -7490.0
32 9 770.0
32 10 -3190.0
32 11 4220.0
32 12 -340.0
32 13 -3610.0
32 14 -5410.0
32 15 -4380.0
32 16 290.0
32 17 -8050.0
32 18 -5571.67
32 19 -1108.33
32 20 -3356.67
32 21 -5130.0
32 22 -8810.0
32 23 -6298.33
32 24 -1590.0
32 25 -4813.33
32 26 -5045.0
32 27 -5130.0
32 28 -4530.0
32 30 -2920.0
32 31 -5311.67
32 34 410.0
32 35 -3740.0
32 36 -400.0
32 37 -6870.0
32 38 -6333.33
32 39 1051.67
32 40 -9090.0
32 41 -5830.0
32 42 -2956.67
32 43 -4440.0
32 44 -5021.67
32 45 -7808.33
32 46 -5690.0
32 47 -7220.0
32 48 650.0
32 49 -8761.67
32 50 -6240.0
32 51 -6450.0
33 52 11270.0
33 2 -5270.0
33 3 -3360.0
33 4 -140.0
33 5 1940.0
33 7 -5620.0
33 8 -2430.0
33 9 -4440.0
33 10 -3120.0
33 11 -1050.0
33 12 -5760.0
33 13 -210.0
33 14 -5760.0
33 15 620.0
33 16 2790.0
33 17 -4510.0
33 18 -291.667
33 19 211.667
33 20 1993.33
33 21 -4580.0
33 22 -3400.0
33 23 -1858.33
33 24 -6110.0
33 25 -4183.33
33 26 -3865.0
33 27 -1800.0
33 28 680.0
33 30 -2570.0
33 31 -3651.67
33 32 -4940.0
33 34 -4380.0
33 35 -5410.0
33 36 -2550.0
33 37 -2700.0
33 38 -1743.33
33 39 1251.67
33 40 -3740.0
33 41 -1730.0
33 42 -46.6667
33 43 70.0
33 44 -3421.67
33 45 -2328.33
33 46 -3880.0
33 47 -3950.0
33 48 -4550.0
33 49 -3281.67
33 50 -3050.0
33 51 -2080.0
34 52 7520.0
34 2 -7420.0
34 3 -5580.0
34 4 -7150.0
34 5 -3470.0
34 7 -1730.0
34 8 -9160.0
34 9 770.0
34 10 -5970.0
34 11 3390.0
34 12 -900.0
34 13 -5210.0
34 14 -8120.0
34 15 -6320.0
34 16 -2410.0
34 17 -8950.0
34 18 -7861.67
34 19 -3888.33
34 20 -5436.67
34 21 -5410.0
34 22 -10690.0
34 23 -7898.33
34 24 -1590.0
34 25 -4883.33
34 26 -5185.0
34 27 -7700.0
34 28 -6400.0
34 30 -3820.0
34 31 -5381.67
34 32 -2300.0
34 35 -3470.0
34 36 640.0
34 37 -8260.0
34 38 -7923.33
34 39 1461.67
34 40 -11170.0
34 41 -7490.0
34 42 -5666.67
34 43 -6310.0
34 44 -5161.67
34 45 -9898.33
34 46 -8400.0
34 47 -8190.0
34 48 -1360.0
34 49 -10711.7
34 50 -7420.0
34 51 -7980.0
35 52 9470.0
35 2 -3950.0
35 3 -5860.0
35 4 -4720.0
35 5 -1180.0
35 7 -3470.0
35 8 -6240.0
35 9 -1320.0
35 10 -5760.0
35 11 1720.0
35 12 -3330.0
35 13 -2500.0
35 14 -8330.0
35 15 -3890.0
35 16 -1230.0
35 17 -5550.0
35 18 -5501.67
35 19 -3398.33
35 20 -2866.67
35 21 -2010.0
35 22 -7910.0
35 23 -5048.33
35 24 -2700.0
35 25 -1413.33
35 26 -1715.0
35 27 -6240.0
35 28 -3690.0
35 30 -700.0
35 31 -1981.67
35 32 -3200.0
35 34 -220.0
35 36 2790.0
35 37 -5200.0
35 38 -4873.33
35 39 4661.67
35 40 -8540.0
35 41 -4650.0
35 42 -4556.67
35 43 -3610.0
35 44 -1751.67
35 45 -7328.33
35 46 -7770.0
35 47 -4860.0
35 48 -2890.0
35 49 -8001.67
35 50 -4230.0
35 51 -5060.0
36 52 8560.0
36 2 -4370.0
36 3 -6620.0
36 4 -5630.0
36 5 -2150.0
36 7 -3750.0
36 8 -7080.0
36 9 -1520.0
36 10 -6660.0
36 11 1450.0
36 12 -3530.0
36 13 -3470.0
36 14 -9090.0
36 15 -4860.0
36 16 -2070.0
36 17 -6240.0
36 18 -6471.67
36 19 -4298.33
36 20 -3836.67
36 21 -2700.0
36 22 -8880.0
36 23 -5888.33
36 24 -2910.0
36 25 -1893.33
36 26 -2135.0
36 27 -7150.0
36 28 -4530.0
36 30 -1670.0
36 31 -2261.67
36 32 -3690.0
36 34 60.0
36 35 -1040.0
36 37 -6040.0
36 38 -5773.33
36 39 4591.67
36 40 -9440.0
36 41 -5620.0
36 42 -5526.67
36 43 -4580.0
36 44 -2101.67
36 45 -8298.33
36 46 -8670.0
36 47 -5550.0
36 48 -3300.0
36 49 -8901.67
36 50 -5060.0
36 51 -5900.0
37 52 9810.0
37 2 -3260.0
37 3 -5930.0
37 4 -1670.0
37 5 420.0
37 7 -7010.0
37 8 -1180.0
37 9 -5480.0
37 10 -5690.0
37 11 -2230.0
37 12 -7080.0
37 13 -350.0
37 14 -8330.0
37 15 -630.0
37 16 90.0
37 17 -1870.0
37 18 -1121.67
37 19 -2428.33
37 20 1853.33
37 21 -3540.0
37 22 -2980.0
37 23 -748.333
37 24 -6940.0
37 25 -2793.33
37 26 -2135.0
37 27 -4440.0
37 28 960.0
37 30 -2300.0
37 31 -1631.67
37 32 -6330.0
37 34 -5010.0
37 35 -5200.0
37 36 -2210.0
37 38 196.667
37 39 2711.67
37 40 -3810.0
37 41 -1180.0
37 42 -2546.67
37 43 -550.0
37 44 -1411.67
37 45 -2738.33
37 46 -6520.0
37 47 -1450.0
37 48 -6150.0
37 49 -3141.67
37 50 -1110.0
37 51 -550.0
38 52 9600.0
38 2 -3810.0
38 3 -5860.0
38 4 -1670.0
38 5 280.0
38 7 -7360.0
38 8 -620.0
38 9 -5900.0
38 10 -5620.0
38 11 -2580.0
38 12 -7490.0
38 13 -700.0
38 14 -8260.0
38 15 -560.0
38 16 160.0
38 17 -2220.0
38 18 -571.667
38 19 -2288.33
38 20 2413.33
38 21 -4160.0
38 22 -2360.0
38 23 -818.333
38 24 -7420.0
38 25 -3353.33
38 26 -2755.0
38 27 -4300.0
38 28 1510.0
38 30 -2850.0
38 31 -2191.67
38 32 -6680.0
38 34 -5560.0
38 35 -5760.0
38 36 -2830.0
38 37 -690.0
38 39 2091.67
38 40 -3190.0
38 41 -1450.0
38 42 -2336.67
38 43 -620.0
38 44 -2031.67
38 45 -2118.33
38 46 -6380.0
38 47 -1940.0
38 48 -6430.0
38 49 -2511.67
38 50 -1730.0
38 51 -690.0
39 52 8150.0
39 2 -1940.0
39 3 -7940.0
39 4 -5210.0
39 5 -2080.0
39 7 -6040.0
39 8 -5830.0
39 9 -4020.0
39 10 -7700.0
39 11 -980.0
39 12 -5960.0
39 13 -2920.0
39 14 -10340.0
39 15 -4240.0
39 16 -2620.0
39 17 -4090.0
39 18 -5701.67
39 19 -4998.33
39 20 -2796.67
39 21 -1660.0
39 22 -7630.0
39 23 -4908.33
39 24 -5340.0
39 25 -23.3333
39 26 95.0
39 27 -7420.0
39 28 -3550.0
39 30 -1670.0
39 31 308.333
39 32 -5770.0
39 34 -2650.0
39 35 -2700.0
39 36 1060.0
39 37 -4650.0
39 38 -4383.33
39 40 -8330.0
39 41 -4720.0
39 42 -5876.67
39 43 -4020.0
39 44 328.333
39 45 -7328.33
39 46 -9300.0
39 47 -3740.0
39 48 -5460.0
39 49 -7721.67
39 50 -3610.0
39 51 -4790.0
40 52 7660.0
40 2 -6870.0
40 3 -5860.0
40 4 -3130.0
40 5 -1530.0
40 7 -9230.0
40 8 -2630.0
40 9 -8050.0
40 10 -5830.0
40 11 -4660.0
40 12 -9370.0
40 13 -3130.0
40 14 -8190.0
40 15 -2090.0
40 16 -50.0
40 17 -4990.0
40 18 1858.33
40 19 -2008.33
40 20 4143.33
40 21 -7150.0
40 22 -900.0
40 23 -3458.33
40 24 -9650.0
40 25 -6473.33
40 26 -5815.0
40 27 -4510.0
40 28 400.0
40 30 -5560.0
40 31 -5181.67
40 32 -8550.0
40 34 -7920.0
40 35 -8540.0
40 36 -5610.0
40 37 -3810.0
40 38 -2303.33
40 39 -968.333
40 41 -3950.0
40 42 -1636.67
40 43 -2700.0
40 44 -5091.67
40 45 591.667
40 46 -5970.0
40 47 -4990.0
40 48 -8100.0
40 49 -361.667
40 50 -4790.0
40 51 -3540.0
41 52 10920.0
41 2 -3740.0
41 3 -4880.0
41 4 -630.0
41 5 1600.0
41 7 -5970.0
41 8 -1730.0
41 9 -4510.0
41 10 -4510.0
41 11 -1260.0
41 12 -6170.0
41 13 690.0
41 14 -7220.0
41 15 340.0
41 16 1130.0
41 17 -2980.0
41 18 -1051.67
41 19 -1318.33
41 20 1713.33
41 21 -3330.0
41 22 -3330.0
41 23 -538.333
41 24 -6040.0
41 25 -2793.33
41 26 -2405.0
41 27 -3400.0
41 28 960.0
41 30 -1670.0
41 31 -2121.67
41 32 -5290.0
41 34 -4240.0
41 35 -4650.0
41 36 -1790.0
41 37 -1180.0
41 38 -563.333
41 39 2641.67
41 40 -3950.0
41 42 -1706.67
41 43 560.0
41 44 -1891.67
41 45 -2808.33
41 46 -5480.0
41 47 -2290.0
41 48 -5040.0
41 49 -3351.67
41 50 -1450.0
41 51 -690.0
42 52 8770.0
42 2 -8740.0
42 3 -930.0
42 4 -3610.0
42 5 -1180.0
42 7 -6250.0
42 8 -5480.0
42 9 -5550.0
42 10 -1380.0
42 11 -2160.0
42 12 -6380.0
42 13 -3610.0
42 14 -3260.0
42 15 -2850.0
42 16 3350.0
42 17 -7910.0
42 18 -1121.67
42 19 2851.67
42 20 253.333
42 21 -7770.0
42 22 -5410.0
42 23 -5258.33
42 24 -7700.0
42 25 -7383.33
42 26 -7265.0
42 27 -2010.0
42 28 -2100.0
42 30 -5560.0
42 31 -7121.67
42 32 -5910.0
42 34 -5910.0
42 35 -8050.0
42 36 -5190.0
42 37 -6040.0
42 38 -4943.33
42 39 -2008.33
42 40 -5130.0
42 41 -5200.0
42 43 -3470.0
42 44 -6891.67
42 45 -3578.33
42 46 -1110.0
42 47 -7420.0
42 48 -5040.0
42 49 -5081.67
42 50 -6520.0
42 51 -5480.0
43 52 11200.0
43 2 -4230.0
43 3 -4330.0
43 4 -140.0
43 5 2010.0
43 7 -5760.0
43 8 -1870.0
43 9 -4440.0
43 10 -4090.0
43 11 -1120.0
43 12 -5960.0
43 13 620.0
43 14 -6730.0
43 15 830.0
43 16 1750.0
43 17 -3470.0
43 18 -771.667
43 19 -828.333
43 20 1853.33
43 21 -3740.0
43 22 -3330.0
43 23 -818.333
43 24 -5970.0
43 25 -3213.33
43 26 -2825.0
43 27 -2840.0
43 28 960.0
43 30 -1880.0
43 31 -2611.67
43 32 -5080.0
43 34 -4240.0
43 35 -4790.0
43 36 -1930.0
43 37 -1730.0
43 38 -913.333
43 39 2161.67
43 40 -3880.0
43 41 -620.0
43 42 -1156.67
43 44 -2381.67
43 45 -2668.33
43 46 -4990.0
43 47 -2840.0
43 48 -4830.0
43 49 -3281.67
43 50 -1940.0
43 51 -1040.0
44 52 8220.0
44 2 -410.0
44 3 -8010.0
44 4 -4510.0
44 5 -1670.0
44 7 -7010.0
44 8 -4650.0
44 9 -5000.0
44 10 -7770.0
44 11 -1890.0
44 12 -6940.0
44 13 -2360.0
44 14 -10410.0
44 15 -3480.0
44 16 -2410.0
44 17 -2560.0
44 18 -4591.67
44 19 -4858.33
44 20 -1616.67
44 21 -2010.0
44 22 -6310.0
44 23 -3938.33
44 24 -6380.0
44 25 -433.333
44 26 645.0
44 27 -7010.0
44 28 -2510.0
44 30 -1950.0
44 31 1698.33
44 32 -6540.0
44 34 -3970.0
44 35 -3810.0
44 36 -330.0
44 37 -3470.0
44 38 -3203.33
44 39 5631.67
44 40 -7150.0
44 41 -3950.0
44 42 -5456.67
44 43 -3260.0
44 45 -6148.33
44 46 -9090.0
44 47 -2290.0
44 48 -6360.0
44 49 -6541.67
44 50 -2700.0
44 51 -3810.0
45 52 7870.0
45 2 -6940.0
45 3 -5440.0
45 4 -2990.0
45 5 -1320.0
45 7 -8890.0
45 8 -2700.0
45 9 -7840.0
45 10 -5480.0
45 11 -4390.0
45 12 -9090.0
45 13 -2990.0
45 14 -7840.0
45 15 -1950.0
45 16 360.0
45 17 -5200.0
45 18 2278.33
45 19 -1598.33
45 20 4213.33
45 21 -7150.0
45 22 -1180.0
45 23 -3458.33
45 24 -9440.0
45 25 -6473.33
45 26 -5885.0
45 27 -4230.0
45 28 470.0
45 30 -5490.0
45 31 -5381.67
45 32 -8340.0
45 34 -7720.0
45 35 -8400.0
45 36 -5540.0
45 37 -3810.0
45 38 -2303.33
45 39 -1038.33
45 40 -480.0
45 41 -3880.0
45 42 -1156.67
45 43 -2560.0
45 44 -5161.67
45 46 -5620.0
45 47 -5060.0
45 48 -7890.0
45 49 -641.667
45 50 -4790.0
45 51 -3470.0
46 52 8840.0
46 2 -8950.0
46 3 110.0
46 4 -3960.0
46 5 -1250.0
46 7 -5480.0
46 8 -6040.0
46 9 -4790.0
46 10 -340.0
46 11 -1400.0
46 12 -5550.0
46 13 -3750.0
46 14 -2290.0
46 15 -3200.0
46 16 3490.0
46 17 -8330.0
46 18 -2091.67
46 19 3891.67
46 20 -576.667
46 21 -7770.0
46 22 -6310.0
46 23 -5678.33
46 24 -7010.0
46 25 -7383.33
46 26 -7335.0
46 27 -2150.0
46 28 -2790.0
46 30 -5420.0
46 31 -7261.67
46 32 -5150.0
46 34 -5150.0
46 35 -7770.0
46 36 -4840.0
46 37 -6520.0
46 38 -5493.33
46 39 -1938.33
46 40 -5970.0
46 41 -5480.0
46 42 2383.33
46 43 -3810.0
46 44 -7031.67
46 45 -4548.33
46 47 -7770.0
46 48 -4210.0
46 49 -5921.67
46 50 -6800.0
46 51 -5900.0
47 52 9050.0
47 2 -2010.0
47 3 -7040.0
47 4 -2920.0
47 5 -490.0
47 7 -7290.0
47 8 -2430.0
47 9 -5620.0
47 10 -6730.0
47 11 -2440.0
47 12 -7420.0
47 13 -1180.0
47 14 -9440.0
47 15 -1880.0
47 16 -1090.0
47 17 -830.0
47 18 -2441.67
47 19 -3608.33
47 20 603.333
47 21 -2980.0
47 22 -4090.0
47 23 -1998.33
47 24 -7010.0
47 25 -1893.33
47 26 -1155.0
47 27 -5620.0
47 28 -360.0
47 30 -2160.0
47 31 -321.667
47 32 -6680.0
47 34 -4940.0
47 35 -4860.0
47 36 -1720.0
47 37 -1450.0
47 38 -1053.33
47 39 3621.67
47 40 -4990.0
47 41 -2290.0
47 42 -3926.67
47 43 -1660.0
47 44 -231.667
47 45 -3988.33
47 46 -7770.0
47 48 -6500.0
47 49 -4251.67
47 50 -1110.0
47 51 -1870.0
48 52 8700.0
48 2 -8050.0
48 3 -2730.0
48 4 -5970.0
48 5 -2290.0
48 7 280.0
48 8 -8260.0
48 9 700.0
48 10 -3260.0
48 11 3950.0
48 12 280.0
48 13 -4450.0
48 14 -5270.0
48 15 -5210.0
48 16 -190.0
48 17 -9020.0
48 18 -6331.67
48 19 -1318.33
48 20 -4186.67
48 21 -6040.0
48 22 -9580.0
48 23 -7138.33
48 24 -2150.0
48 25 -5713.33
48 26 -6015.0
48 27 -5690.0
48 28 -5360.0
48 30 -3960.0
48 31 -6221.67
48 32 -500.0
48 34 200.0
48 35 -4580.0
48 36 -1160.0
48 37 -7840.0
48 38 -7233.33
48 39 211.667
48 40 -9790.0
48 41 -6730.0
48 42 -3236.67
48 43 -5340.0
48 44 -5991.67
48 45 -8508.33
48 46 -5900.0
48 47 -8190.0
48 49 -9461.67
48 50 -7150.0
48 51 -7350.0
49 52 7870.0
49 2 -6450.0
49 3 -5930.0
49 4 -2920.0
49 5 -1320.0
49 7 -8960.0
49 8 -2150.0
49 9 -7840.0
49 10 -5900.0
49 11 -4390.0
49 12 -9160.0
49 13 -2780.0
49 14 -8260.0
49 15 -1880.0
49 16 -50.0
49 17 -4510.0
49 18 1518.33
49 19 -2148.33
49 20 4353.33
49 21 -6800.0
49 22 -480.0
49 23 -3108.33
49 24 -9370.0
49 25 -5993.33
49 26 -5395.0
49 27 -4510.0
49 28 750.0
49 30 -5210.0
49 31 -4761.67
49 32 -8410.0
49 34 -7650.0
49 35 -8190.0
49 36 -5260.0
49 37 -3330.0
49 38 -1813.33
49 39 -548.333
49 40 -550.0
49 41 -3540.0
49 42 -1776.67
49 43 -2290.0
49 44 -4671.67
49 45 241.667
49 46 -6110.0
49 47 -4440.0
49 48 -7960.0
49 50 -4370.0
49 51 -3120.0
50 52 10160.0
50 2 -2360.0
50 3 -6000.0
50 4 -1950.0
50 5 560.0
50 7 -6320.0
50 8 -2290.0
50 9 -4720.0
50 10 -5690.0
50 11 -1470.0
50 12 -6450.0
50 13 -70.0
50 14 -8330.0
50 15 -980.0
50 16 -50.0
50 17 -1940.0
50 18 -2091.67
50 19 -2568.33
50 20 813.333
50 21 -2560.0
50 22 -4020.0
50 23 -1368.33
50 24 -6110.0
50 25 -1753.33
50 26 -1155.0
50 27 -4650.0
50 28 -10.0
50 30 -1390.0
50 31 -801.667
50 32 -5700.0
50 34 -4170.0
50 35 -4230.0
50 36 -1230.0
50 37 -1110.0
50 38 -843.333
50 39 3751.67
50 40 -4790.0
50 41 -1450.0
50 42 -3026.67
50 43 -760.0
50 44 -641.667
50 45 -3718.33
50 46 -6800.0
50 47 -1110.0
50 48 -5460.0
50 49 -4181.67
50 51 -1240.0
51 52 10230.0
51 2 -3540.0
51 3 -5440.0
51 4 -1110.0
51 5 970.0
51 7 -6660.0
51 8 -1110.0
51 9 -5200.0
51 10 -5130.0
51 11 -1820.0
51 12 -6800.0
51 13 -0.0
51 14 -7770.0
51 15 -70.0
51 16 710.0
51 17 -2430.0
51 18 -841.667
51 19 -1868.33
51 20 2063.33
51 21 -3610.0
51 22 -2910.0
51 23 -188.333
51 24 -6660.0
51 25 -2933.33
51 26 -2405.0
51 27 -3880.0
51 28 1240.0
51 30 -2160.0
51 31 -1981.67
51 32 -5980.0
51 34 -4800.0
51 35 -5130.0
51 36 -2140.0
51 37 -620.0
51 38 126.667
51 39 2501.67
51 40 -3610.0
51 41 -760.0
51 42 -2056.67
51 43 70.0
51 44 -1821.67
51 45 -2468.33
51 46 -5970.0
51 47 -1940.0
51 48 -5730.0
51 49 -3001.67
51 50 -1310.0
52 2 0
52 3 0
52 4 0
52 5 0
52 6 0
52 7 0
52 8 0
52 9 0
52 10 0
52 11 0
52 12 0
52 13 0
52 14 0
52 15 0
52 16 0
52 17 0
52 18 0
52 19 0
52 20 0
52 21 0
52 22 0
52 23 0
52 24 0
52 25 0
52 26 0
52 27 0
52 28 0
52 29 0
52 30 0
52 31 0
52 32 0
52 33 0
52 34 0
52 35 0
52 36 0
52 37 0
52 38 0
52 39 0
52 40 0
52 41 0
52 42 0
52 43 0
52 44 0
52 45 0
52 46 0
52 47 0
52 48 0
52 49 0
52 50 0
52 51 0
2 1 0
3 1 0
4 1 0
5 1 0
6 1 0
7 1 0
8 1 0
9 1 0
10 1 0
11 1 0
12 1 0
13 1 0
14 1 0
15 1 0
16 1 0
17 1 0
18 1 0
19 1 0
20 1 0
21 1 0
22 1 0
23 1 0
24 1 0
25 1 0
26 1 0
27 1 0
28 1 0
29 1 0
30 1 0
31 1 0
32 1 0
33 1 0
34 1 0
35 1 0
36 1 0
37 1 0
38 1 0
39 1 0
40 1 0
41 1 0
42 1 0
43 1 0
44 1 0
45 1 0
46 1 0
47 1 0
48 1 0
49 1 0
50 1 0
51 1 0
52 1 0
