27 702
1
2
3
4
5
6
7
8
9
10
11
12
13
14
15
16
17
18
19
20
21
22
23
24
25
26
27
1 27 -0.0
1 2 -21250.0
1 3 -24243.0
1 4 -23098.0
1 5 -23945.0
1 6 -6889.0
1 7 -18038.0
1 8 -20000.0
1 9 -21762.0
1 10 -18595.0
1 11 -22712.0
1 12 -23172.0
1 13 -23820.0
1 14 -23760.0
1 15 -23312.0
1 16 -20135.0
1 17 -22408.0
1 18 -21330.0
1 19 -22006.0
1 20 -21667.0
1 21 -20087.0
1 22 -18275.0
1 23 -20080.0
1 24 -20717.0
1 25 -19633.0
1 26 -23206.0
2 27 -2560.0
2 3 -5186020.0
2 4 -5189360.0
2 5 -5189440.0
2 6 -5170070.0
2 7 -5184350.0
2 8 -5185400.0
2 9 258.0
2 10 -5184980.0
2 11 -5188900.0
2 12 -5188170.0
2 13 -5187350.0
2 14 -5188840.0
2 15 -5189220.0
2 16 -5184520.0
2 17 -5188470.0
2 18 -5187370.0
2 19 -126.0
2 20 -5187920.0
2 21 763.0
2 22 -5181110.0
2 23 -5185360.0
2 24 -5182230.0
2 25 27.0
2 26 -5189050.0
3 27 -4790.0
3 2 -1380.0
3 4 -5191180.0
3 5 -5190420.0
3 6 14651.0
3 7 -5186590.0
3 8 -5186940.0
3 9 -362.0
3 10 -5187150.0
3 11 -5190790.0
3 12 -5188800.0
3 13 -5189450.0
3 14 -5189330.0
3 15 -5191600.0
3 16 -5184590.0
3 17 -5190780.0
3 18 -5189680.0
3 19 -1446.0
3 20 -5190090.0
3 21 -5185490.0
3 22 -5182790.0
3 23 -5187810.0
3 24 3533.0
3 25 -5185030.0
3 26 -5190380.0
4 27 -4650.0
4 2 -5189600.0
4 3 -5192180.0
4 5 -2615.0
4 6 -5173570.0
4 7 -5184210.0
4 8 -5186800.0
4 9 -5189830.0
4 10 -5186800.0
4 11 1678.0
4 12 -5186910.0
4 13 -5191410.0
4 14 -5186740.0
4 15 -5186630.0
4 16 -5184660.0
4 17 -178.0
4 18 -5186320.0
4 19 -5190300.0
4 20 -887.0
4 21 -5188430.0
4 22 -5186150.0
4 23 -5185290.0
4 24 -5188740.0
4 25 -5186850.0
4 26 -1256.0
5 27 -4790.0
5 2 -5188970.0
5 3 -5190710.0
5 4 -1908.0
5 6 -5171260.0
5 7 -5185190.0
5 8 -5185890.0
5 9 -5188780.0
5 10 -5186940.0
5 11 -5185470.0
5 12 108.0
5 13 -5192180.0
5 14 350.0
5 15 -5189220.0
5 16 2235.0
5 17 -5187140.0
5 18 -5188140.0
5 19 -5190090.0
5 20 -5187080.0
5 21 -5188500.0
5 22 -5186640.0
5 23 -5187390.0
5 24 -5187480.0
5 25 -5185520.0
5 26 -6.0
6 27 -4720.0
6 2 -5186590.0
6 3 -2633.0
6 4 -5189850.0
6 5 -5188250.0
6 7 -5186380.0
6 8 -2080.0
6 9 -1682.0
6 10 -5187080.0
6 11 -5189530.0
6 12 -5186280.0
6 13 -5191060.0
6 14 -5186670.0
6 15 -5191460.0
6 16 2025.0
6 17 -5190290.0
6 18 -5189680.0
6 19 -5187570.0
6 20 -5189600.0
6 21 -5186890.0
6 22 -5184820.0
6 23 -5188440.0
6 24 -5183210.0
6 25 -243.0
6 26 -5188490.0
7 27 -1450.0
7 2 -5186450.0
7 3 -5189450.0
7 4 -5186070.0
7 5 -5187760.0
7 6 -5171960.0
7 8 -900.0
7 9 -5187030.0
7 10 295.0
7 11 -5185610.0
7 12 -5187400.0
7 13 -5187980.0
7 14 -5187860.0
7 15 -5185860.0
7 16 -5184590.0
7 17 -5184900.0
7 18 -140.0
7 19 -5186870.0
7 20 -337.0
7 21 -5185000.0
7 22 -5182720.0
7 23 -5183120.0
7 24 -5185800.0
7 25 -5184750.0
7 26 -5186810.0
8 27 -1590.0
8 2 -1800.0
8 3 -5187980.0
8 4 -5186840.0
8 5 -5186640.0
8 6 -5169720.0
8 7 922.0
8 9 -5185700.0
8 10 15.0
8 11 -5186450.0
8 12 -5185650.0
8 13 -5189030.0
8 14 -5186250.0
8 15 -5188100.0
8 16 -5182490.0
8 17 -5186860.0
8 18 -5186390.0
8 19 -5186800.0
8 20 -5186170.0
8 21 -5185140.0
8 22 -5183350.0
8 23 -5185290.0
8 24 -5184610.0
8 25 1347.0
8 26 -5186180.0
9 27 -3190.0
9 2 140.0
9 3 -1243.0
9 4 -5189710.0
9 5 -5189370.0
9 6 -5169160.0
9 7 -5185050.0
9 8 -5185540.0
9 10 -5185610.0
9 11 -5189320.0
9 12 -5187890.0
9 13 -5188330.0
9 14 -5188490.0
9 15 -5190060.0
9 16 -5184030.0
9 17 -5189170.0
9 18 -5188140.0
9 19 -816.0
9 20 -5188550.0
9 21 -347.0
9 22 -5182020.0
9 23 -5186340.0
9 24 2213.0
9 25 167.0
9 26 -5189120.0
10 27 -200.0
10 2 -5185330.0
10 3 -5188260.0
10 4 -5186910.0
10 5 -5187760.0
10 6 -5170910.0
10 7 2042.0
10 8 -60.0
10 9 -5185840.0
10 11 -5186450.0
10 12 -5187050.0
10 13 -5187700.0
10 14 -5187580.0
10 15 -5187050.0
10 16 -5183960.0
10 17 -5186090.0
10 18 -5185200.0
10 19 -5186030.0
10 20 -5185470.0
10 21 -277.0
10 22 -5182230.0
10 23 -5183890.0
10 24 -5184680.0
10 25 237.0
10 26 -5187020.0
11 27 -4860.0
11 2 -5189740.0
11 3 -5192390.0
11 4 1082.0
11 5 -2955.0
11 6 -5173850.0
11 7 -5184350.0
11 8 -5187010.0
11 9 -5190040.0
11 10 -5186940.0
11 12 -5187190.0
11 13 -5191480.0
11 14 -5187020.0
11 15 -5186490.0
11 16 -5184940.0
11 17 32.0
11 18 -5186390.0
11 19 -5190440.0
11 20 -757.0
11 21 -5188570.0
11 22 -5186290.0
11 23 -5185220.0
11 24 -5188950.0
11 25 -5187130.0
11 26 -1596.0
12 27 -4860.0
12 2 -5188550.0
12 3 -5189940.0
12 4 -5187050.0
12 5 -735.0
12 6 -5170140.0
12 7 -5185680.0
12 8 -1870.0
12 9 -5188150.0
12 10 -5187080.0
12 11 -5186730.0
12 13 -5192250.0
12 14 900.0
12 15 -5190130.0
12 16 3625.0
12 17 -5188260.0
12 18 -5188840.0
12 19 -5189810.0
12 20 -5187990.0
12 21 -5188360.0
12 22 -5186570.0
12 23 -5188020.0
12 24 -5186710.0
12 25 -5185030.0
12 26 -1326.0
13 27 -3880.0
13 2 -2220.0
13 3 -5188960.0
13 4 -5189920.0
13 5 -5191400.0
13 6 -5173290.0
13 7 -5184630.0
13 8 -5187500.0
13 9 -5186960.0
13 10 -5186100.0
13 11 -5189390.0
13 12 -5190620.0
13 14 -5191150.0
13 15 -5188030.0
13 16 -5187320.0
13 17 -5187560.0
13 18 -5186600.0
13 19 -606.0
13 20 -5187640.0
13 21 203.0
13 22 4935.0
13 23 700.0
13 24 -5184540.0
13 25 -5186640.0
13 26 -5190590.0
14 27 -5900.0
14 2 -5189670.0
14 3 -5190920.0
14 4 -5187330.0
14 5 -945.0
14 6 -5170980.0
14 7 -5186590.0
14 8 -2980.0
14 9 -5189200.0
14 10 -5188060.0
14 11 -5187010.0
14 12 448.0
14 13 -5193230.0
14 15 -5190830.0
14 16 3065.0
14 17 -5188750.0
14 18 -5189610.0
14 19 -5190860.0
14 20 -5188620.0
14 21 -5189410.0
14 22 -5187620.0
14 23 -5188860.0
14 24 -5187690.0
14 25 -5186150.0
14 26 -1666.0
15 27 -4510.0
15 2 -5189110.0
15 3 -5192250.0
15 4 -5186280.0
15 5 -5189580.0
15 6 -5174830.0
15 7 232.0
15 8 -5187710.0
15 9 -5189830.0
15 10 -5186590.0
15 11 -5185540.0
15 12 -5189640.0
15 13 -5189170.0
15 14 -5189890.0
15 16 -5187110.0
15 17 1422.0
15 18 -420.0
15 19 -5188970.0
15 20 -127.0
15 21 -5187240.0
15 22 -5184120.0
15 23 2080.0
15 24 -5188460.0
15 25 -5187690.0
15 26 -5188350.0
16 27 -5270.0
16 2 -5188340.0
16 3 -5189170.0
16 4 -5188240.0
16 5 -2055.0
16 6 14721.0
16 7 -5186310.0
16 8 -5186030.0
16 9 -5187730.0
16 10 -5187430.0
16 11 -5187920.0
16 12 178.0
16 13 -5192390.0
16 14 70.0
16 15 -5191040.0
16 17 -5189380.0
16 18 -5189540.0
16 19 -5189600.0
16 20 -5188900.0
16 21 -5188360.0
16 22 -5186570.0
16 23 -5188650.0
16 24 -5186010.0
16 25 -1083.0
16 26 -5186530.0
17 27 -5690.0
17 2 -5190440.0
17 3 -5193510.0
17 4 -1908.0
17 5 -5189580.0
17 6 -5175740.0
17 7 -5184770.0
17 8 -5188550.0
17 9 -5191020.0
17 10 -5187710.0
17 11 -1102.0
17 12 -5189850.0
17 13 -5190780.0
17 14 -5189890.0
17 15 -662.0
17 16 -5187530.0
17 18 -1880.0
17 19 -5190510.0
17 20 -687.0
17 21 -5188710.0
17 22 -5185730.0
17 23 -5183400.0
17 24 -5189790.0
17 25 -5188670.0
17 26 -5188280.0
18 27 -2770.0
18 2 -5187500.0
18 3 -5190570.0
18 4 -5186210.0
18 5 -5188740.0
18 6 -5173290.0
18 7 1832.0
18 8 -5186240.0
18 9 -5188150.0
18 10 -1095.0
18 11 -5185680.0
18 12 -5188590.0
18 13 -5187980.0
18 14 -5188910.0
18 15 -662.0
18 16 -5185850.0
18 17 -5183920.0
18 19 -5187500.0
18 20 153.0
18 21 -5185630.0
18 22 -5182860.0
18 23 2010.0
18 24 -5186780.0
18 25 -5186150.0
18 26 -5187650.0
19 27 -4090.0
19 2 -900.0
19 3 -5186860.0
19 4 -5190830.0
19 5 -5191330.0
19 6 -5171820.0
19 7 -5185540.0
19 8 -5187290.0
19 9 -1472.0
19 10 -5186450.0
19 11 -5190370.0
19 12 -5190200.0
19 13 -2630.0
19 14 -5190800.0
19 15 -5189850.0
19 16 -5186550.0
19 17 -5189310.0
19 18 -5188140.0
19 20 -5188970.0
19 21 483.0
19 22 4375.0
19 23 -5185360.0
19 24 -5182160.0
19 25 -5185940.0
19 26 -5190800.0
20 27 -3400.0
20 2 -5188340.0
20 3 -5191270.0
20 4 -5184950.0
20 5 -5187970.0
20 6 -5173500.0
20 7 1342.0
20 8 -5186310.0
20 9 -5188850.0
20 10 -5185540.0
20 11 -342.0
20 12 -5188030.0
20 13 -5189310.0
20 14 -5188210.0
20 15 -662.0
20 16 -5185500.0
20 17 862.0
20 18 -140.0
20 19 -5188620.0
20 21 -5186750.0
20 22 -5184190.0
20 23 -5182980.0
20 24 -5187690.0
20 25 -5186430.0
20 26 -5186740.0
21 27 -2430.0
21 2 -270.0
21 3 -5187280.0
21 4 -5189220.0
21 5 -5190000.0
21 6 -5171400.0
21 7 -5183930.0
21 8 -5185890.0
21 9 -5185140.0
21 10 -5184840.0
21 11 -5188760.0
21 12 -5189010.0
21 13 -2080.0
21 14 -5189610.0
21 15 -5188380.0
21 16 -5185570.0
21 17 -5187770.0
21 18 -5186530.0
21 19 224.0
21 20 -5187360.0
21 22 3885.0
21 23 -5184170.0
21 24 -5183140.0
21 25 -5184890.0
21 26 -5189330.0
22 27 -4650.0
22 2 -2290.0
22 3 -5188610.0
22 4 -5190970.0
22 5 -5192170.0
22 6 -5173360.0
22 7 -5185680.0
22 8 -5188130.0
22 9 -3142.0
22 10 -5186940.0
22 11 -5190510.0
22 12 -5191250.0
22 13 -1380.0
22 14 -5191850.0
22 15 -5189290.0
22 16 -5187810.0
22 17 -5188820.0
22 18 -5187790.0
22 19 84.0
22 20 -5188830.0
22 21 -147.0
22 23 -5184310.0
22 24 -5183840.0
22 25 -5187060.0
22 26 -5191430.0
23 27 -4580.0
23 2 -5188550.0
23 3 -5191760.0
23 4 -5188240.0
23 5 -5191050.0
23 6 -5175110.0
23 7 -388.0
23 8 -5188200.0
23 9 -5189410.0
23 10 -5186730.0
23 11 -5187570.0
23 12 -5190830.0
23 13 -3740.0
23 14 -5191220.0
23 15 -1222.0
23 16 -5188020.0
23 17 -5184620.0
23 18 -1050.0
23 19 -5187780.0
23 20 -1867.0
23 21 -5186330.0
23 22 -5182440.0
23 24 -5187620.0
23 25 -5187970.0
23 26 -5189890.0
24 27 -5830.0
24 2 -2150.0
24 3 -1033.0
24 4 -5192300.0
24 5 -5191750.0
24 6 -5170490.0
24 7 -5187500.0
24 8 -5188130.0
24 9 -1472.0
24 10 -5188130.0
24 11 -5191910.0
24 12 -5190130.0
24 13 -5189590.0
24 14 -5190660.0
24 15 -5192370.0
24 16 -5185990.0
24 17 -5191620.0
24 18 -5190450.0
24 19 -1306.0
24 20 -5191070.0
24 21 -2087.0
24 22 -5182580.0
24 23 -5188230.0
24 25 -5186290.0
24 26 -5191640.0
25 27 -2150.0
25 2 -1180.0
25 3 -5187000.0
25 4 -5187820.0
25 5 -5187200.0
25 6 -5168810.0
25 7 -5183860.0
25 8 420.0
25 9 -922.0
25 10 -615.0
25 11 -5187500.0
25 12 -5185860.0
25 13 -5189100.0
25 14 -5186530.0
25 15 -5189010.0
25 16 -5182350.0
25 17 -5187910.0
25 18 -5187230.0
25 19 -5186380.0
25 20 -5187220.0
25 21 -5185070.0
25 22 -5183210.0
25 23 -5185990.0
25 24 -5183700.0
25 26 -5187020.0
26 27 -4370.0
26 2 -5188900.0
26 3 -5190990.0
26 4 -868.0
26 5 -325.0
26 6 -5171820.0
26 7 -5184560.0
26 8 -5185750.0
26 9 -5188850.0
26 10 -5186520.0
26 11 -612.0
26 12 -802.0
26 13 -5191690.0
26 14 -690.0
26 15 -5188310.0
26 16 -5182560.0
26 17 -5186160.0
26 18 -5187370.0
26 19 -5189880.0
26 20 -5186170.0
26 21 -5188150.0
26 22 -5186220.0
26 23 -5186550.0
26 24 -5187690.0
26 25 -5185660.0
27 2 0
27 3 0
27 4 0
27 5 0
27 6 0
27 7 0
27 8 0
27 9 0
27 10 0
27 11 0
27 12 0
27 13 0
27 14 0
27 15 0
27 16 0
27 17 0
27 18 0
27 19 0
27 20 0
27 21 0
27 22 0
27 23 0
27 24 0
27 25 0
27 26 0
2 1 0
3 1 0
4 1 0
5 1 0
6 1 0
7 1 0
8 1 0
9 1 0
10 1 0
11 1 0
12 1 0
13 1 0
14 1 0
15 1 0
16 1 0
17 1 0
18 1 0
19 1 0
20 1 0
21 1 0
22 1 0
23 1 0
24 1 0
25 1 0
26 1 0
27 1 0
