52 2407
1
2
3
4
5
6
7
8
9
10
11
12
13
14
15
16
17
18
19
20
21
22
23
24
25
26
27
28
29
30
31
32
33
34
35
36
37
38
39
40
41
42
43
44
45
46
47
48
49
50
51
52
1 52 -0.0
1 2 -21110.0
1 3 -25010.0
1 4 -21140.3
1 5 -22240.0
1 6 -22376.0
1 7 -20051.7
1 8 -20970.0
1 9 -18660.3
1 10 -20224.0
1 11 -21302.7
1 12 -21739.0
1 13 -23770.0
1 14 -22024.0
1 15 -22914.0
1 16 -22456.3
1 17 -13576.3
1 18 -22850.0
1 19 -22020.0
1 20 -14773.3
1 21 -23060.0
1 22 -23857.3
1 23 -23112.0
1 24 -24982.7
1 25 -24320.0
1 26 -24110.0
1 27 -20700.0
1 28 -24040.0
1 29 -22930.0
1 30 -24789.0
1 31 -23639.0
1 32 -18138.7
1 33 -22559.0
1 35 -24450.0
1 36 -21553.7
1 37 -22010.0
1 38 -20840.0
1 40 -24313.3
1 41 -23323.7
1 42 -25140.0
1 43 -21391.0
1 44 -20679.0
1 45 -23496.3
1 46 -20690.0
1 47 -23421.3
1 48 -21890.0
1 49 -24310.0
1 50 -21189.0
1 51 -22072.0
2 52 14518.0
2 3 -5187850.0
2 4 -5184530.0
2 5 -5185540.0
2 6 -5187100.0
2 7 -5182880.0
2 8 -1310.0
2 9 1209.67
2 10 -294.0
2 11 -5185930.0
2 12 -5186720.0
2 13 -5188010.0
2 14 -5187010.0
2 15 -5187770.0
2 16 -5186190.0
2 17 -5176350.0
2 18 -5186790.0
2 19 -5186370.0
2 20 -5178660.0
2 21 -5186020.0
2 22 -5186760.0
2 23 -5187980.0
2 24 -5189780.0
2 25 -5189180.0
2 26 -5187710.0
2 27 -5184590.0
2 28 -5188830.0
2 29 -5186950.0
2 30 -5187560.0
2 31 -5188440.0
2 32 -5182930.0
2 33 -5185540.0
2 35 -5188120.0
2 36 -913.667
2 37 -5185180.0
2 38 -420.0
2 40 -5189170.0
2 41 -5186220.0
2 42 -5188890.0
2 43 -5186300.0
2 44 -5185260.0
2 45 -5187100.0
2 46 10.0
2 47 -5188000.0
2 48 -5186870.0
2 49 -5187840.0
2 50 -5186180.0
2 51 -5186930.0
3 52 10428.0
3 2 -5187980.0
3 4 -5186630.0
3 5 -5188130.0
3 6 -5189760.0
3 7 1548.33
3 8 -5188540.0
3 9 -5186510.0
3 10 -5188140.0
3 11 -5189780.0
3 12 -5190570.0
3 13 -5189480.0
3 14 -5190510.0
3 15 -5191620.0
3 16 -5189060.0
3 17 9633.67
3 18 -5188120.0
3 19 -5188750.0
3 20 -5181600.0
3 21 -2980.0
3 22 -5186760.0
3 23 -5191480.0
3 24 -5193070.0
3 25 -5193030.0
3 26 -5187150.0
3 27 -5184660.0
3 28 -5192750.0
3 29 -5190170.0
3 30 -479.0
3 31 -5192010.0
3 32 -5186850.0
3 33 -5185750.0
3 35 -5190640.0
3 36 -5187860.0
3 37 -5187630.0
3 38 -5188130.0
3 40 -5193090.0
3 41 -5186640.0
3 42 -5188750.0
3 43 -5190220.0
3 44 -5187500.0
3 45 -5189620.0
3 46 -5187910.0
3 47 -5191850.0
3 48 -5190650.0
3 49 -5187350.0
3 50 -5189960.0
3 51 -5190220.0
4 39 -2360.0
5 52 13268.0
5 2 -5185600.0
5 3 -5188060.0
5 4 -5183130.0
5 6 -5188430.0
5 7 -5182390.0
5 8 -5186790.0
5 9 999.667
5 10 -5184710.0
5 11 -5186140.0
5 12 -5187420.0
5 13 -5189480.0
5 14 -5188060.0
5 15 -5188540.0
5 16 -5185000.0
5 17 -5175650.0
5 18 -5188190.0
5 19 -5187840.0
5 20 -5177610.0
5 21 -1520.0
5 22 -5185710.0
5 23 -5188890.0
5 24 -5190970.0
5 25 -5189670.0
5 26 -5188900.0
5 27 -5185990.0
5 28 -5189320.0
5 29 -5186110.0
5 30 -5187420.0
5 31 -5189420.0
5 32 -5183280.0
5 33 -5184210.0
5 35 -5186790.0
5 36 -83.6667
5 37 290.0
5 38 -840.0
5 40 -5189520.0
5 41 -5185170.0
5 42 -5190220.0
5 43 -5187000.0
5 44 -5186730.0
5 45 -5185770.0
5 46 -5185250.0
5 47 -5188000.0
5 48 -5187710.0
5 49 -5189030.0
5 50 -5186880.0
5 51 -5188120.0
6 52 10838.0
6 2 -5189450.0
6 3 -5191980.0
6 4 -5189360.0
6 5 -5190720.0
6 7 -5188060.0
6 8 -5188260.0
6 9 -5187070.0
6 10 -5188630.0
6 11 -5188940.0
6 12 -5187420.0
6 13 -1540.0
6 14 -2154.0
6 15 -5186440.0
6 16 -5190670.0
6 17 -5181390.0
6 18 -5188120.0
6 19 -5187560.0
6 20 -5182160.0
6 21 -5191270.0
6 22 -5192080.0
6 23 -5184550.0
6 24 -1642.67
6 25 -5188270.0
6 26 -5189110.0
6 27 -5183470.0
6 28 -5188060.0
6 29 -5190450.0
6 30 -5192180.0
6 31 -5184940.0
6 32 -5182930.0
6 33 -5190860.0
6 35 -5192460.0
6 36 -5190030.0
6 37 -5190430.0
6 38 -5189320.0
6 40 -5188750.0
6 41 -5191540.0
6 42 -5188890.0
6 43 -5187140.0
6 44 2461.0
6 45 -5191650.0
6 46 -5189100.0
6 47 -5189470.0
6 48 -5187220.0
6 49 -5189520.0
6 50 -5185900.0
6 51 18.0
7 52 11608.0
8 52 14658.0
8 2 -1310.0
8 3 -5188410.0
8 4 -5185650.0
8 5 -5186730.0
8 6 -5185910.0
8 7 -5183860.0
8 9 -5183360.0
8 10 -5184990.0
8 11 -5186140.0
8 12 -5186300.0
8 13 -5186890.0
8 14 -5186100.0
8 15 -5187210.0
8 16 -5187170.0
8 17 -5177330.0
8 18 -5185950.0
8 19 -1310.0
8 20 -5179430.0
8 21 -5187070.0
8 22 -5187880.0
8 23 -5187140.0
8 24 -5188800.0
8 25 -5188760.0
8 26 -5187150.0
8 27 -5183680.0
8 28 -5188480.0
8 29 -5187650.0
8 30 -5188330.0
8 31 -5187600.0
8 32 -5182650.0
8 33 -5186660.0
8 35 -5189100.0
8 36 -5186040.0
8 37 -5186370.0
8 38 -1460.0
8 40 -5188820.0
8 41 -5187340.0
8 42 -5188050.0
8 43 -5185950.0
8 44 -5184070.0
8 45 -5188080.0
8 46 -1100.0
8 47 -5188070.0
8 48 -5186310.0
8 49 -5187350.0
8 50 -5185620.0
8 51 -5185950.0
9 52 14448.0
9 2 -5185250.0
9 3 -5188900.0
9 4 -5183900.0
9 5 -5185400.0
9 6 -5187240.0
9 7 -5183510.0
9 8 -5185880.0
9 10 616.0
9 11 -5184880.0
9 12 -5186020.0
9 13 -5188640.0
9 14 -5186730.0
9 15 -5187140.0
9 16 -5185350.0
9 17 -5176980.0
9 18 -5187700.0
9 19 -5187070.0
9 20 -5177610.0
9 21 -5186580.0
9 22 -5187040.0
9 23 -5187490.0
9 24 -5189570.0
9 25 -5188410.0
9 26 -5188760.0
9 27 -5185500.0
9 28 -5188060.0
9 29 -5185830.0
9 30 -5188470.0
9 31 -5188020.0
9 32 -5182020.0
9 33 -5185610.0
9 35 -5187280.0
9 36 -713.667
9 37 -5185110.0
9 38 -280.0
9 40 -5188260.0
9 41 -5186570.0
9 42 -5189870.0
9 43 -5185600.0
9 44 -5185610.0
9 45 -5186330.0
9 46 -760.0
9 47 -5186950.0
9 48 -5186310.0
9 49 -5188960.0
9 50 -5185550.0
9 51 -5186790.0
10 52 14588.0
10 2 -1110.0
10 3 -5188830.0
10 4 -5184040.0
10 5 -5185470.0
10 6 -5187100.0
10 7 -5183510.0
10 8 -5185810.0
10 9 2319.67
10 11 -5184950.0
10 12 -5186020.0
10 13 -5188500.0
10 14 -5186660.0
10 15 -5187140.0
10 16 -5185490.0
10 17 -5176910.0
10 18 -5187560.0
10 19 -5186930.0
10 20 -5177750.0
10 21 -5186580.0
10 22 -5187110.0
10 23 -5187490.0
10 24 -5189500.0
10 25 -5188410.0
10 26 -5188620.0
10 27 -5185360.0
10 28 -5188060.0
10 29 -5185970.0
10 30 -5188400.0
10 31 -5188020.0
10 32 -5182090.0
10 33 -5185610.0
10 35 -5187420.0
10 36 -5184780.0
10 37 -5185180.0
10 38 -280.0
10 40 -5188330.0
10 41 -5186570.0
10 42 -5189730.0
10 43 -5185600.0
10 44 -5185540.0
10 45 -5186470.0
10 46 -620.0
10 47 -5187020.0
10 48 -5186310.0
10 49 -5188820.0
10 50 -5185480.0
10 51 -5186720.0
11 52 13898.0
11 2 -5186300.0
11 3 -5190020.0
11 4 -5184250.0
11 5 -5186450.0
11 6 -5186960.0
11 7 -5184700.0
11 8 -5186510.0
11 9 1209.67
11 10 -564.0
11 12 -1239.0
11 13 -5188850.0
11 14 -5186240.0
11 15 -5186160.0
11 16 -5185560.0
11 17 -5178030.0
11 18 -5188400.0
11 19 -5187560.0
11 20 -5177190.0
11 21 -5187700.0
11 22 -5188090.0
11 23 -5186720.0
11 24 -5188940.0
11 25 -5187290.0
11 26 -5189600.0
11 27 -5186060.0
11 28 -5186940.0
11 29 -5185340.0
11 30 -5189590.0
11 31 -5187250.0
11 32 -5180900.0
11 33 -5186450.0
11 35 -5187280.0
11 36 -5185760.0
11 37 -5186090.0
11 38 -5185470.0
11 40 -5187140.0
11 41 -5187620.0
11 42 -5190500.0
11 43 -751.0
11 44 -5185610.0
11 45 -5186540.0
11 46 -5185810.0
11 47 -5185830.0
11 48 -5185540.0
11 49 -5189800.0
11 50 -5184640.0
11 51 -5186300.0
12 52 13268.0
12 2 -5187280.0
12 3 -5191000.0
12 4 -5185860.0
12 5 -5187920.0
12 6 -5185630.0
12 7 -5186030.0
12 8 -5186860.0
12 9 -5184060.0
12 10 -5185760.0
12 11 -1432.67
12 13 -5188080.0
12 14 -904.0
12 15 -5184620.0
12 16 -5187170.0
12 17 -5179430.0
12 18 -5188400.0
12 19 -5187420.0
12 20 -5178310.0
12 21 -5189030.0
12 22 -5189560.0
12 23 -5185040.0
12 24 -5187330.0
12 25 -5186030.0
12 26 -5189810.0
12 27 -5185710.0
12 28 -5185680.0
12 29 -5186600.0
12 30 -5190780.0
12 31 -5185570.0
12 32 -5179920.0
12 33 -5188060.0
12 35 -5188820.0
12 36 -5187230.0
12 37 -5187630.0
12 38 -5186730.0
12 40 -5186090.0
12 41 -5189090.0
12 42 -5190360.0
12 43 779.0
12 44 -5184560.0
12 45 -5188150.0
12 46 -5186860.0
12 47 -5185760.0
12 48 3.41061e-13
12 49 -5190010.0
12 50 971.0
12 51 -5184900.0
13 52 10638.0
13 2 -5189170.0
13 3 -5190510.0
13 4 -5189570.0
13 5 -5190580.0
13 6 -346.0
13 7 -5187220.0
13 8 -5188050.0
13 9 -5187280.0
13 10 -5188840.0
13 11 -5189640.0
13 12 -5188680.0
13 14 -5187430.0
13 15 -5188470.0
13 16 -5191020.0
13 17 -5180340.0
13 18 -2980.0
13 19 -5186930.0
13 20 -5183070.0
13 21 -5190640.0
13 22 -5191520.0
13 23 -5187000.0
13 24 -5188100.0
13 25 -5190300.0
13 26 -5187150.0
13 28 -5190090.0
13 29 -5191290.0
13 30 -5190850.0
13 31 -5187390.0
13 32 -5184750.0
13 33 -5190370.0
13 35 -5192950.0
13 36 -5189960.0
13 37 -5190220.0
13 38 -5189320.0
13 40 -5190710.0
13 41 -5190980.0
13 43 -5188400.0
13 44 2391.0
13 45 -5192070.0
13 46 -5188960.0
13 47 -5190940.0
13 48 -5188550.0
13 49 -5187560.0
13 50 -5187510.0
13 51 -5185880.0
14 52 12928.0
14 2 -5187630.0
14 3 -5191000.0
14 4 -5186980.0
14 5 -5188620.0
14 6 -5184300.0
14 7 -5186380.0
14 8 -5186720.0
14 9 -5184830.0
14 10 -5186460.0
14 11 -5186490.0
14 12 -959.0
14 13 -5186890.0
14 15 -5184760.0
14 16 -5188290.0
14 17 -5179850.0
14 18 -5187770.0
14 19 -5186790.0
14 20 -5179640.0
14 21 -5189520.0
14 22 -5190190.0
14 23 -5184480.0
14 24 -5186350.0
14 25 -5186520.0
14 26 -5189180.0
14 27 -5184660.0
14 28 -5186240.0
14 29 -5187860.0
14 30 -5190920.0
14 31 -5184940.0
14 32 -5180830.0
14 33 -5188830.0
14 35 -5190010.0
14 36 -5187930.0
14 37 -5188330.0
14 38 -5187290.0
14 40 -5186790.0
14 41 -5189650.0
14 42 -5189520.0
14 43 -611.0
14 44 -5183300.0
14 45 -5189270.0
14 46 -5187210.0
14 47 -5187020.0
14 48 -700.0
14 49 -5189450.0
14 50 351.0
14 51 368.0
15 52 11398.0
15 2 -5189030.0
15 3 -5192750.0
15 4 -5187400.0
15 5 -5189740.0
15 6 -5185350.0
15 7 -5187780.0
15 8 -5188470.0
15 9 -5185880.0
15 10 -5187580.0
15 11 -5187050.0
15 12 -5185320.0
15 13 -5188570.0
15 14 -5185400.0
15 16 -5188780.0
15 17 -5181250.0
15 18 -5189660.0
15 19 -5188680.0
15 20 -5179290.0
15 21 -5190850.0
15 22 -5191380.0
15 23 -5183430.0
15 24 -5186280.0
15 25 -700.0
15 26 -5191070.0
15 27 -5186480.0
15 28 -490.0
15 29 -5187790.0
15 30 -5192530.0
15 31 -5183960.0
15 32 4511.33
15 33 -5189810.0
15 35 -5190290.0
15 36 -5189050.0
15 37 -5189450.0
15 38 -5188550.0
15 40 -1173.33
15 41 -5190840.0
15 42 -5191410.0
15 43 -5184900.0
15 44 -5184770.0
15 45 -5189690.0
15 46 -5188610.0
15 47 -5186320.0
15 48 -5185470.0
15 49 -5191340.0
15 50 621.0
15 51 -5184620.0
16 52 12368.0
16 2 -5186930.0
16 3 -5189670.0
16 4 1929.67
16 5 -1740.0
16 6 -5189060.0
16 7 -5183790.0
16 8 -5187910.0
16 9 -5183570.0
16 10 -5185410.0
16 11 -5185930.0
16 12 -5187350.0
16 13 -5190600.0
16 14 -5188410.0
16 15 -5188260.0
16 17 -5176840.0
16 18 -5189590.0
16 19 -5189030.0
16 20 -5175930.0
16 21 -5187070.0
16 22 -5186690.0
16 23 -5188820.0
16 24 -5191180.0
16 25 -5189180.0
16 26 -5190510.0
16 27 -5187460.0
16 28 -5188760.0
16 29 -560.0
16 30 -5188890.0
16 31 -5189350.0
16 32 -5182650.0
16 33 -5184770.0
16 35 -1310.0
16 36 -5185480.0
16 37 -5185320.0
16 38 -5185960.0
16 40 -5188890.0
16 41 -5186360.0
16 42 -5191690.0
16 43 -5186860.0
16 44 -5187640.0
16 45 -366.333
16 46 -5186510.0
16 47 -5187020.0
16 48 -5187710.0
16 49 -5190640.0
16 50 -5186740.0
16 51 -5188540.0
17 52 9728.0
17 2 -5188610.0
17 3 -5186380.0
17 4 -5185300.0
17 5 -5187850.0
17 6 -5191300.0
17 7 1968.33
17 8 -5189590.0
17 9 -5186720.0
17 10 -5188350.0
17 11 -5189920.0
17 12 -5191130.0
17 13 -5191440.0
17 14 -5191490.0
17 15 -5192250.0
17 16 -5188360.0
17 18 -5189870.0
17 19 -5190220.0
17 20 -5180620.0
17 21 -5186720.0
17 22 -1487.33
17 23 -5192460.0
17 24 -5194260.0
17 25 -5193520.0
17 26 -5189390.0
17 27 -5186900.0
17 28 -5193170.0
17 29 -5189470.0
17 30 -1099.0
17 31 -5192990.0
17 32 -5187130.0
17 35 -5189590.0
17 36 -5187790.0
17 37 -5187350.0
17 38 -5188410.0
17 40 -5193370.0
17 41 -1793.67
17 42 -5190990.0
17 43 -5190710.0
17 44 -5189180.0
17 45 -5188570.0
17 46 -5188470.0
17 47 -5191780.0
17 48 -5191350.0
17 49 -5189590.0
17 50 -5190590.0
17 51 -5191410.0
18 52 12718.0
18 2 -5186790.0
18 3 -5187990.0
18 4 -5187190.0
18 5 -5188130.0
18 6 -5185770.0
18 7 -5184490.0
18 8 -2010.0
18 9 -5185180.0
18 10 -5186740.0
18 11 -5188030.0
18 12 -5187840.0
18 13 -5185700.0
18 14 -5187150.0
18 15 -5188400.0
18 16 -5188850.0
18 17 -5177610.0
18 19 -1110.0
18 20 -5181250.0
18 21 -5187980.0
18 22 -5188790.0
18 23 -5187840.0
18 24 -5189220.0
18 25 -5190160.0
18 26 -1530.0
18 27 -5181930.0
18 28 -5189880.0
18 29 -5189470.0
18 30 -5188190.0
18 31 -5188370.0
18 32 -5184190.0
18 33 -5187710.0
18 35 -5190780.0
18 36 -5187510.0
18 37 -5187770.0
18 38 -5187080.0
18 40 -5190290.0
18 41 -5188320.0
18 42 -2290.0
18 43 -5187560.0
18 44 -5183440.0
18 45 -5189760.0
18 46 -5186580.0
18 47 -5189820.0
18 48 -5187780.0
18 49 -1800.0
18 50 -5187020.0
18 51 -5186510.0
19 52 13548.0
19 2 -2430.0
19 3 -5188620.0
19 4 -5186770.0
19 5 -5187780.0
19 6 -5185210.0
19 7 -5184630.0
19 8 -1310.0
19 9 -5184550.0
19 10 -5186110.0
19 11 -5187190.0
19 12 -5186860.0
19 13 -5185770.0
19 14 -5186170.0
19 15 -5187420.0
19 16 -5188290.0
19 17 -5177960.0
19 18 -1110.0
19 20 -5180550.0
19 21 -5187910.0
19 22 -5188790.0
19 23 -5187000.0
19 24 -5188450.0
19 25 -5189110.0
19 26 -5186450.0
19 27 -5182630.0
19 28 -5188900.0
19 29 -5188700.0
19 30 -5188680.0
19 31 -5187460.0
19 32 -5183210.0
19 33 -5187640.0
19 35 -5190220.0
19 36 -5187090.0
19 37 -5187420.0
19 38 -5186520.0
19 40 -5189310.0
19 41 -5188250.0
19 42 -5187140.0
19 43 -5186510.0
19 44 -5183160.0
19 45 -5189270.0
19 46 -2150.0
19 47 -5188910.0
19 48 -5186800.0
19 49 -5186720.0
19 50 -5186040.0
19 51 -5185600.0
20 52 10008.0
20 2 -5189450.0
20 3 -5192260.0
20 4 749.667
20 5 -5188340.0
20 6 -5190600.0
20 7 -5186380.0
20 8 -5190220.0
20 9 -5185880.0
20 10 -5187720.0
20 11 -5187610.0
20 12 -5188540.0
20 13 -5192700.0
20 14 -5189810.0
20 15 -5188820.0
20 16 -2096.33
20 17 -5179150.0
20 18 -5192040.0
20 19 -5191340.0
20 21 -5189660.0
20 22 -5189070.0
20 23 -5189450.0
20 24 -5192160.0
20 25 -5189320.0
20 26 -5193030.0
20 27 -5189840.0
20 28 -5188900.0
20 29 -280.0
20 30 -5191410.0
20 31 -5189910.0
20 32 -5182720.0
20 33 -5186800.0
20 35 -1940.0
20 36 -5188070.0
20 37 -5187980.0
20 38 -5188480.0
20 40 -5188820.0
20 41 -5188810.0
20 42 -5194140.0
20 43 -5187980.0
20 44 -5189460.0
20 45 -2166.33
20 46 -5189030.0
20 47 -5187090.0
20 48 -5189040.0
20 49 -5193230.0
20 50 -5187720.0
20 51 -5189870.0
21 52 12508.0
21 2 -5186020.0
21 3 -5186730.0
21 4 -5183970.0
21 5 -1460.0
21 6 -5188920.0
21 7 2938.33
21 8 -5187070.0
21 9 -5184060.0
21 10 -5185760.0
21 11 -5187330.0
21 12 -5188470.0
21 13 -5189480.0
21 14 -5188900.0
21 15 -5189590.0
21 16 -5186330.0
21 17 -5174460.0
21 18 -5187980.0
21 19 -5187910.0
21 20 -5178870.0
21 22 -997.333
21 23 -5189870.0
21 24 -5191740.0
21 25 -5190860.0
21 26 -5188200.0
21 27 -5185570.0
21 28 -5190580.0
21 29 -5187440.0
21 30 -5186020.0
21 31 -5190400.0
21 32 -5184540.0
21 33 -5183860.0
21 35 -5187910.0
21 36 -5185270.0
21 37 -960.0
21 38 -5185750.0
21 40 -5190780.0
21 41 -473.667
21 42 -5189660.0
21 43 -5188120.0
21 44 -5186940.0
21 45 -5186890.0
21 46 -5185810.0
21 47 -5189330.0
21 48 -5188690.0
21 49 -5188330.0
21 50 -5187930.0
21 51 -5188820.0
22 52 11188.0
22 2 -5187280.0
22 3 -5187150.0
22 4 -5183550.0
22 5 -5186170.0
22 6 -5190250.0
22 7 2728.33
22 8 -5188400.0
22 9 -5185040.0
22 10 -5186810.0
22 11 -5188240.0
22 12 -5189520.0
22 13 -5190880.0
22 14 -5190090.0
22 15 -5190640.0
22 16 -5186470.0
22 17 -5173690.0
22 18 -5189310.0
22 19 -5189310.0
22 20 -5178800.0
22 21 -1520.0
22 23 -5190990.0
22 24 -5192930.0
22 25 -5191770.0
22 26 -5189390.0
22 27 -5186830.0
22 28 -5191490.0
22 29 -5187580.0
22 30 -5186090.0
22 31 -5191520.0
22 32 -5185380.0
22 33 1401.0
22 35 -5187770.0
22 36 -5186180.0
22 37 -5185600.0
22 38 -5186870.0
22 40 -5191620.0
22 41 -53.6667
22 42 -5190920.0
22 43 -5189100.0
22 44 -5188340.0
22 45 -5186750.0
22 46 -5187070.0
22 47 -5189960.0
22 48 -5189810.0
22 49 -5189520.0
22 50 -5189050.0
22 51 -5190080.0
23 52 9798.0
23 2 -5190640.0
23 3 -5194010.0
23 4 -5189360.0
23 5 -5191490.0
23 6 -5184860.0
23 7 -5189390.0
23 8 -5189800.0
23 9 -5187630.0
23 10 -5189330.0
23 11 -5189010.0
23 12 -5187140.0
23 13 -5188500.0
23 14 -5186520.0
23 15 -894.0
23 16 -5190740.0
23 17 -5182860.0
23 18 -5190500.0
23 19 -5189660.0
23 20 -5181320.0
23 21 -5192530.0
23 22 -5193130.0
23 24 -1152.67
23 25 -2360.0
23 26 -5191770.0
23 27 -5186550.0
23 28 -5186030.0
23 29 -5189820.0
23 30 -5194000.0
23 31 2071.0
23 32 -5181320.0
23 33 -5191700.0
23 35 -5192320.0
23 36 -5190800.0
23 37 -5191200.0
23 38 -5190230.0
23 40 -5186720.0
23 41 -5192590.0
23 42 -5191760.0
23 43 -5186790.0
23 44 -5184560.0
23 45 -5191720.0
23 46 -5190220.0
23 47 -5188350.0
23 48 -5187150.0
23 49 -5192110.0
23 50 -5185270.0
23 51 -882.0
24 52 10288.0
24 2 -5190080.0
24 3 -5193240.0
24 4 -5189360.0
24 5 -5191210.0
24 6 414.0
24 7 -5188900.0
24 8 -5189100.0
24 9 -5187350.0
24 10 -5188980.0
24 11 -5188870.0
24 12 -5187070.0
24 13 -5187240.0
24 14 -5186030.0
24 15 -1444.0
24 16 -5190740.0
24 17 -5182300.0
24 18 -5189520.0
24 19 -5188750.0
24 20 -5181670.0
24 21 -5192040.0
24 22 -5192710.0
24 23 1208.0
24 25 -5187010.0
24 26 -5190720.0
24 27 -5185290.0
24 28 -5186800.0
24 29 -5190030.0
24 30 -5193300.0
24 31 821.0
24 32 -5181880.0
24 33 -5191350.0
24 35 -5192390.0
24 36 -5190450.0
24 37 -5190850.0
24 38 -5189810.0
24 40 -5187490.0
24 41 -5192170.0
24 42 -5190640.0
24 43 -5186790.0
24 44 -5183230.0
24 45 -5191720.0
24 46 -5189730.0
24 47 -5188770.0
24 48 -5187010.0
24 49 -5191060.0
24 50 -5185270.0
24 51 18.0
25 52 10908.0
25 2 -5189520.0
25 3 -5193240.0
25 4 -5187260.0
25 5 -5189950.0
25 6 -5186260.0
25 7 -5188130.0
25 8 -5189100.0
25 9 -5186230.0
25 10 -5187930.0
25 11 -5187260.0
25 12 -5185810.0
25 13 -5189480.0
25 14 -5186240.0
25 15 216.0
25 16 -5188780.0
25 17 -5181600.0
25 18 -5190500.0
25 19 -5189450.0
25 20 -5178870.0
25 21 -5191200.0
25 22 -5191590.0
25 23 -5183920.0
25 24 -5187050.0
25 26 -5191840.0
25 27 -5187390.0
25 28 490.0
25 29 -5187510.0
25 30 -5192950.0
25 31 -5184450.0
25 32 5201.33
25 33 -5189950.0
25 35 -5190080.0
25 36 -5189330.0
25 37 -5189660.0
25 38 -5188900.0
25 40 -203.333
25 41 -5191120.0
25 42 -5192250.0
25 43 -5185320.0
25 44 -5185680.0
25 45 -5189620.0
25 46 -5189100.0
25 47 -5185970.0
25 48 -5186030.0
25 49 -5192110.0
25 50 1.0
25 51 -5185530.0
26 52 11118.0
26 2 -5188050.0
26 3 -5187360.0
26 4 -5188240.0
26 5 -5189180.0
26 6 -5187100.0
26 7 -5184700.0
26 8 -5187490.0
26 9 -5186580.0
26 10 -5188140.0
26 11 -5189570.0
26 12 -5189590.0
26 13 -5186330.0
26 14 -5188900.0
26 15 -5190150.0
26 16 -5190110.0
26 17 -5177470.0
26 18 -1870.0
26 19 -2910.0
26 20 -5182580.0
26 21 -5188540.0
26 22 -5189210.0
26 23 -5189450.0
26 24 -5190760.0
26 25 -5191840.0
26 27 2580.0
26 28 -5191630.0
26 29 -5190870.0
26 30 -5187840.0
26 31 -5189910.0
26 32 -5185940.0
26 33 -5188200.0
26 35 -5191970.0
26 36 -5188630.0
26 37 -5188750.0
26 38 -5188340.0
26 40 -5192040.0
26 41 -5188810.0
26 42 -1450.0
26 43 -5189240.0
26 44 -5184560.0
26 45 -5190880.0
26 46 -5187910.0
26 47 -5191500.0
26 48 -5189530.0
26 49 -270.0
26 50 -5188770.0
26 51 -5188050.0
27 52 9588.0
27 2 -5189870.0
27 3 -5189810.0
27 4 -5190340.0
27 5 -5191210.0
27 6 -5186400.0
27 7 -5187150.0
27 8 -5188960.0
27 9 -5188260.0
27 10 -5189820.0
27 11 -5190970.0
27 12 -5190430.0
27 13 -1200.0
27 14 -5189320.0
27 15 -5190500.0
27 16 -5192000.0
27 17 -5179920.0
27 18 -3330.0
27 19 -5187910.0
27 20 -5184330.0
27 21 -5190850.0
27 22 -5191590.0
27 23 -5189170.0
27 24 -5190270.0
27 25 -5192330.0
27 26 -2360.0
27 28 -5192050.0
27 29 -5192480.0
27 30 -5190290.0
27 31 -5189560.0
27 32 -5186640.0
27 33 -5190580.0
27 35 -5193860.0
27 36 -5190660.0
27 37 -5190850.0
27 38 -5190160.0
27 40 -5192600.0
27 41 -5191120.0
27 42 -1380.0
27 43 -5190080.0
27 44 -5183720.0
27 45 -5192910.0
27 46 -5189730.0
27 47 -5192550.0
27 48 -5190300.0
27 49 -2840.0
27 50 -5189400.0
27 51 -5187980.0
28 52 10838.0
28 2 -5189520.0
28 3 -5193310.0
28 4 -5187260.0
28 5 -5189950.0
28 6 -5186400.0
28 7 -5188200.0
28 8 -5189170.0
28 9 -5186230.0
28 10 -5187930.0
28 11 -5187260.0
28 12 -5185810.0
28 13 -5189620.0
28 14 -5186310.0
28 15 76.0
28 16 -5188710.0
28 17 -5181600.0
28 18 -5190570.0
28 19 -5189590.0
28 20 -5178800.0
28 21 -5191270.0
28 22 -5191660.0
28 23 -5184060.0
28 24 -5187190.0
28 25 140.0
28 26 -5191980.0
28 27 -5187460.0
28 29 -5187440.0
28 30 -5193020.0
28 31 -5184520.0
28 32 5201.33
28 33 -5189950.0
28 35 -5190080.0
28 36 -5189330.0
28 37 -5189660.0
28 38 -5188900.0
28 40 -63.3333
28 41 -5191120.0
28 42 -5192390.0
28 43 -5185390.0
28 44 -5185820.0
28 45 -5189550.0
28 46 -5189100.0
28 47 -5185900.0
28 48 -5186100.0
28 49 -5192180.0
28 50 -69.0
28 51 -5185670.0
29 52 11398.0
29 2 -5188190.0
29 3 -5191280.0
29 4 959.667
29 5 -5187290.0
29 6 -5189340.0
29 7 -5185470.0
29 8 -5188890.0
29 9 -5184550.0
29 10 -5186390.0
29 11 -5186210.0
29 12 -5187280.0
29 13 -5191370.0
29 14 -5188480.0
29 15 -5187770.0
29 16 -1056.33
29 17 -5178450.0
29 18 -5190710.0
29 19 -5189940.0
29 20 9266.67
29 21 -5188680.0
29 22 -5188300.0
29 23 -5188400.0
29 24 -5190970.0
29 25 -5188410.0
29 26 -5191770.0
29 27 -5188440.0
29 28 -5187990.0
29 30 -5190570.0
29 31 -5188930.0
29 32 -5181810.0
29 33 -5186240.0
29 35 -1660.0
29 36 -5186950.0
29 37 -5186930.0
29 38 -5187150.0
29 40 -5187980.0
29 41 -5188040.0
29 42 -5192810.0
29 43 -5186720.0
29 44 -5188130.0
29 45 -1476.33
29 46 -5187700.0
29 47 -5186110.0
29 48 -5187710.0
29 49 -5191900.0
29 50 -5186530.0
29 51 -5188610.0
30 52 10218.0
30 2 -5188120.0
30 3 -910.0
30 4 -5186070.0
30 5 -5187920.0
30 6 -5190390.0
30 7 2038.33
30 8 -5188890.0
30 9 -5186510.0
30 10 -5188140.0
30 11 -5189780.0
30 12 -5190780.0
30 13 -5190250.0
30 14 -5190860.0
30 15 -5191830.0
30 16 -5188710.0
30 17 10603.7
30 18 -5188750.0
30 19 -5189240.0
30 20 -5181180.0
30 21 -2700.0
30 22 -5186130.0
30 23 -5191900.0
30 24 -5193560.0
30 25 -5193170.0
30 26 -5188060.0
30 27 -5185570.0
30 28 -5192890.0
30 29 -5189890.0
30 31 -5192360.0
30 32 -5186920.0
30 33 -5184980.0
30 35 -5190150.0
30 36 -5187720.0
30 37 -5187350.0
30 38 -5188130.0
30 40 -5193160.0
30 41 -5186080.0
30 42 -5189660.0
30 43 -5190360.0
30 44 -5188130.0
30 45 -5189130.0
30 46 -5187980.0
30 47 -5191780.0
30 48 -5190930.0
30 49 -5188190.0
30 50 -5190170.0
30 51 -5190640.0
31 52 9588.0
31 2 -5190780.0
31 3 -5194220.0
31 4 -5189570.0
31 5 -5191700.0
31 6 -5184930.0
31 7 -5189600.0
31 8 -5189940.0
31 9 -5187840.0
31 10 -5189540.0
31 11 -5189220.0
31 12 -5187350.0
31 13 -5188570.0
31 14 -5186660.0
31 15 -1104.0
31 16 -5190950.0
31 17 -5183070.0
31 18 -5190710.0
31 19 -5189800.0
31 20 -5181460.0
31 21 -5192740.0
31 22 -5193340.0
31 23 2388.0
31 24 -1222.67
31 25 -2570.0
31 26 -5191910.0
31 27 -5186620.0
31 28 -5186170.0
31 29 -5190030.0
31 30 -5194140.0
31 32 -5181460.0
31 33 -5191840.0
31 35 -5192460.0
31 36 -5191010.0
31 37 -5191410.0
31 38 -5190440.0
31 40 -5186860.0
31 41 -5192800.0
31 42 -5191900.0
31 43 -5187000.0
31 44 -5184630.0
31 45 -5191930.0
31 46 -5190430.0
31 47 -5188490.0
31 48 -5187360.0
31 49 -5192250.0
31 50 -5185410.0
31 51 -1092.0
32 52 11328.0
32 2 -5189030.0
32 3 -5192820.0
32 4 -5186490.0
32 5 -5189320.0
32 6 -5186680.0
32 7 -5187570.0
32 8 -5188750.0
32 9 -5185600.0
32 10 -5187370.0
32 11 -5186630.0
32 12 -5185460.0
32 13 -5189690.0
32 14 -5186310.0
32 15 -334.0
32 16 -5188010.0
32 17 -5180970.0
32 18 -5190290.0
32 19 -5189310.0
32 20 -5178030.0
32 21 -5190640.0
32 22 -5190960.0
32 23 -5184760.0
32 24 -5187680.0
32 25 -560.0
32 26 -5191700.0
32 27 -5187460.0
32 28 -210.0
32 29 -5186670.0
32 30 -5192460.0
32 31 -5185220.0
32 33 -5189250.0
32 35 -5189240.0
32 36 -5188700.0
32 37 -5189030.0
32 38 -5188340.0
32 40 -273.333
32 41 -5190490.0
32 42 -5192250.0
32 43 -5184970.0
32 44 -5185960.0
32 45 -5188850.0
32 46 -5188540.0
32 47 -1191.33
32 48 -5185820.0
32 49 -5191900.0
32 50 -5183870.0
32 51 -5185880.0
33 52 10638.0
33 2 -5187910.0
33 3 -5187990.0
33 4 -5183060.0
33 5 -5186520.0
33 6 -5190880.0
33 7 1758.33
33 8 -5189030.0
33 9 -5185460.0
33 10 -5187160.0
33 11 -5188450.0
33 12 -5189870.0
33 13 -5191580.0
33 14 -5190580.0
33 15 -5190920.0
33 16 -5186400.0
33 17 -5174110.0
33 18 -5190080.0
33 19 -5190010.0
33 20 -5178380.0
33 21 -2290.0
33 22 -447.333
33 23 -5191410.0
33 24 -5193420.0
33 25 -5191980.0
33 26 -5190230.0
33 27 -5187670.0
33 28 -5191630.0
33 29 -5187370.0
33 30 -5186790.0
33 31 -5191870.0
33 32 -5185520.0
33 35 -5187350.0
33 36 -5186530.0
33 37 -5185950.0
33 38 -5187290.0
33 40 -5191760.0
33 41 -813.667
33 42 -5191760.0
33 43 -5189450.0
33 44 -5189040.0
33 45 -5186400.0
33 46 -5187630.0
33 47 -5190030.0
33 48 -5190160.0
33 49 -5190360.0
33 50 -5189330.0
33 51 -5190640.0
34 52 12018.0
34 2 -2700.0
34 3 -1460.0
34 4 -5185860.0
34 5 -5187010.0
34 6 -5188430.0
34 7 1968.33
34 8 -5187070.0
34 9 -5185110.0
34 10 -5186740.0
34 11 -5188380.0
34 12 -5189100.0
34 13 -5188430.0
34 14 -5189110.0
34 15 -5190150.0
34 16 -5188010.0
34 17 -5174880.0
34 18 -5186860.0
34 19 -5187350.0
34 20 -5180620.0
34 21 -2010.0
34 22 -5186480.0
34 23 -5190080.0
34 24 -5191670.0
34 25 -5191630.0
34 26 -5186520.0
34 27 -5184030.0
34 28 -5191280.0
34 29 -5189050.0
34 30 -1519.0
34 31 -5190540.0
34 32 -5185380.0
34 33 -5185470.0
34 35 -5189730.0
34 36 -5186670.0
34 37 -5186580.0
34 38 -5186730.0
34 40 -5191620.0
34 41 -5186150.0
34 42 -5188120.0
34 43 -5188750.0
34 44 -5186240.0
34 45 -5188710.0
34 46 -5186510.0
34 47 -5190450.0
34 48 -5189250.0
34 49 -5186650.0
34 50 -5188490.0
34 51 -5188820.0
35 52 11118.0
35 2 -5188120.0
35 3 -5190510.0
35 4 2549.67
35 5 -5186730.0
35 6 -5190110.0
35 7 -5184560.0
35 8 -5189100.0
35 9 -5184760.0
35 10 -5186600.0
35 11 -5186910.0
35 12 -5188260.0
35 13 -5191790.0
35 14 -5189390.0
35 15 -5189030.0
35 16 -566.333
35 17 -5177330.0
35 18 -5190780.0
35 19 -5190220.0
35 20 8846.67
35 21 -5187910.0
35 22 -5187250.0
35 23 -5189660.0
35 24 -5192090.0
35 25 -5189740.0
35 26 -5191630.0
35 27 -5188580.0
35 28 -5189390.0
35 29 -420.0
35 30 -5189590.0
35 31 -5190120.0
35 32 -5183140.0
35 33 -5184980.0
35 36 -5186600.0
35 37 -5186370.0
35 38 -5187150.0
35 40 -5189380.0
35 41 -5187060.0
35 42 -5192880.0
35 43 -5187770.0
35 44 -5188760.0
35 45 -226.333
35 46 -5187700.0
35 47 -5187510.0
35 48 -5188690.0
35 49 -5191760.0
35 50 -5187580.0
35 51 -5189520.0
36 52 13618.0
36 2 -5185250.0
36 3 -5188130.0
36 4 -5183410.0
36 5 -420.0
36 6 -5188080.0
36 7 -5182600.0
36 8 -5186440.0
36 9 1409.67
36 10 -364.0
36 11 -5185790.0
36 12 -5187070.0
36 13 -5189200.0
36 14 -5187710.0
36 15 -5188190.0
36 16 -5185140.0
36 17 -5175930.0
36 18 -5187910.0
36 19 -5187490.0
36 20 -5177680.0
36 21 -5185670.0
36 22 -5186060.0
36 23 -5188540.0
36 24 -5190550.0
36 25 -5189390.0
36 26 -5188690.0
36 27 -5185780.0
36 28 -5189040.0
36 29 -5186110.0
36 30 -5187560.0
36 31 -5189070.0
36 32 -5183000.0
36 33 -5184560.0
36 35 -5187000.0
36 37 -130.0
36 38 -490.0
36 40 -5189240.0
36 41 -5185520.0
36 42 -5190010.0
36 43 -5186650.0
36 44 -5186380.0
36 45 -5185980.0
36 46 -5184970.0
36 47 -5187720.0
36 48 -5187360.0
36 49 -5188890.0
36 50 -5186530.0
36 51 -5187770.0
37 52 13068.0
37 2 -5185670.0
37 3 -5187990.0
37 4 -5183130.0
37 5 -140.0
37 6 -5188570.0
37 7 -5182250.0
37 8 -5186860.0
37 9 859.667
37 10 -5184850.0
37 11 -5186210.0
37 12 -5187560.0
37 13 -5189550.0
37 14 -5188200.0
37 15 -5188680.0
37 16 -5185070.0
37 17 -5175580.0
37 18 -5188260.0
37 19 -5187910.0
37 20 -5177680.0
37 21 -1450.0
37 22 -5185570.0
37 23 -5189030.0
37 24 -5191040.0
37 25 -5189810.0
37 26 -5188900.0
37 27 -5186060.0
37 28 -5189460.0
37 29 -5186180.0
37 30 -5187280.0
37 31 -5189560.0
37 32 -5183420.0
37 33 -5184070.0
37 35 -5186860.0
37 36 -223.667
37 38 -1040.0
37 40 -5189660.0
37 41 -5185100.0
37 42 -5190220.0
37 43 -5187140.0
37 44 -5186800.0
37 45 -5185770.0
37 46 -5185390.0
37 47 -5188070.0
37 48 -5187850.0
37 49 -5189030.0
37 50 -5187020.0
37 51 -5188260.0
38 52 14448.0
38 2 -760.0
38 3 -5188340.0
38 4 -5184040.0
38 5 -5185120.0
38 6 -5187310.0
38 7 -5183020.0
38 8 -5185740.0
38 9 1899.67
38 10 196.0
38 11 -5185440.0
38 12 -5186510.0
38 13 -5188500.0
38 14 -5187010.0
38 15 -5187630.0
38 16 -5185560.0
38 17 -5176490.0
38 18 -5187420.0
38 19 -5186860.0
38 20 -5178030.0
38 21 -5186090.0
38 22 -5186690.0
38 23 -5187910.0
38 24 -5189850.0
38 25 -5188900.0
38 26 -5188340.0
38 27 -5185220.0
38 28 -5188550.0
38 29 -5186250.0
38 30 -5187910.0
38 31 -5188440.0
38 32 -5182580.0
38 33 -5185260.0
38 35 -5187490.0
38 36 -433.667
38 37 -5184830.0
38 40 -5188820.0
38 41 -5186150.0
38 42 -5189520.0
38 43 -5186090.0
38 44 -5185680.0
38 45 -5186470.0
38 46 -340.0
38 47 -5187510.0
38 48 -5186730.0
38 49 -5188540.0
38 50 -5185970.0
38 51 -5187070.0
39 52 11398.0
39 2 -5187210.0
39 3 -5187850.0
39 4 -5182780.0
39 5 -5185820.0
39 6 -5190180.0
39 7 -5181900.0
39 8 -5188400.0
39 9 -5184760.0
39 10 -5186460.0
39 11 -5187820.0
39 12 -5189170.0
39 13 -5191020.0
39 14 -5189880.0
39 15 -5190290.0
39 16 -5185840.0
39 17 -5174390.0
39 18 -5189520.0
39 19 -5189380.0
39 20 -5178030.0
39 21 -1730.0
39 22 -307.333
39 23 -5190710.0
39 24 -5192720.0
39 25 -5191350.0
39 26 -5189810.0
39 27 -5187180.0
39 28 -5191000.0
39 29 -5186950.0
39 30 -5186790.0
39 31 -5191240.0
39 32 -5184890.0
39 33 1611.0
39 35 -5187000.0
39 36 -5185830.0
39 37 -1310.0
39 38 -5186660.0
39 40 -5191130.0
39 41 -333.667
39 42 -5191270.0
39 43 -5188750.0
39 44 -5188340.0
39 45 -5186050.0
39 46 -5186930.0
39 47 -5189400.0
39 48 -5189460.0
39 49 -5189940.0
39 50 -5188630.0
39 51 -5189940.0
40 52 10838.0
40 2 -5189590.0
40 3 -5193380.0
40 4 -5187050.0
40 5 -5189880.0
40 6 -5186820.0
40 7 -5188130.0
40 8 -5189240.0
40 9 -5186160.0
40 10 -5187930.0
40 11 -5187190.0
40 12 -5185950.0
40 13 -5189970.0
40 14 -5186590.0
40 15 -334.0
40 16 -5188570.0
40 17 -5181530.0
40 18 -5190710.0
40 19 -5189730.0
40 20 -5178450.0
40 21 -5191200.0
40 22 -5191520.0
40 23 -5184480.0
40 24 -5187610.0
40 25 -280.0
40 26 -5192120.0
40 27 -5187740.0
40 28 210.0
40 29 -5187160.0
40 30 -5193020.0
40 31 -5184940.0
40 32 5411.33
40 33 -5189810.0
40 35 -5189800.0
40 36 -5189260.0
40 37 -5189590.0
40 38 -5188900.0
40 41 -5191050.0
40 42 -5192600.0
40 43 -5185460.0
40 44 -5186170.0
40 45 -5189340.0
40 46 -5189100.0
40 47 -1681.33
40 48 -5186240.0
40 49 -5192390.0
40 50 -279.0
40 51 -5186020.0
41 2 -5186790.0
41 3 -5187080.0
41 4 -5183480.0
41 5 -5185680.0
41 6 -5189760.0
41 7 2868.33
41 8 -5187910.0
41 9 -5184620.0
41 10 -5186320.0
41 11 -5187820.0
41 12 -5189100.0
41 13 -5190390.0
41 14 -5189600.0
41 15 -5190150.0
41 16 -5186190.0
41 17 -5174040.0
41 18 -5188890.0
41 19 -5188820.0
41 20 -5178590.0
41 21 -1040.0
41 22 -97.3333
41 23 -5190500.0
41 24 -5192440.0
41 25 -5191350.0
41 26 -5189040.0
41 27 -5186410.0
41 28 -5191000.0
41 29 -5187370.0
41 30 -5186090.0
41 31 -5191030.0
41 32 -5184960.0
41 33 991.0
41 35 -5187630.0
41 36 -5185690.0
41 37 -5185180.0
41 38 -5186380.0
41 40 -5191200.0
41 42 -5190570.0
41 43 -5188680.0
41 44 -5187850.0
41 45 -5186540.0
41 46 -5186580.0
41 47 -5189610.0
41 48 -5189320.0
41 49 -5189170.0
41 50 -5188560.0
41 51 -5189590.0
42 52 10428.0
42 2 -5188890.0
42 3 -5188620.0
42 4 -5189220.0
42 5 -5190160.0
42 6 -5186540.0
42 7 -5185960.0
42 8 -5188050.0
42 9 -5187350.0
42 10 -5188910.0
42 11 -5190130.0
42 12 -5189800.0
42 13 -1540.0
42 14 -5188900.0
42 15 -5190150.0
42 16 -5190950.0
42 17 -5178730.0
42 18 -2290.0
42 19 -5187140.0
42 20 -5183350.0
42 21 -5189660.0
42 22 -5190400.0
42 23 -5189100.0
42 24 -5190340.0
42 25 -5191910.0
42 26 -1110.0
42 27 3900.0
42 28 -5191700.0
42 29 -5191570.0
42 30 -5189100.0
42 31 -5189560.0
42 32 -5186150.0
42 33 -5189390.0
42 35 -5192880.0
42 36 -5189610.0
42 37 -5189730.0
42 38 -5189180.0
42 40 -5192180.0
42 41 -5190000.0
42 43 -5189520.0
42 44 -5183860.0
42 45 -5191860.0
42 46 -5188680.0
42 47 -5191920.0
42 48 -5189740.0
42 49 -1590.0
42 50 -5188910.0
42 51 -5187840.0
43 52 13198.0
43 2 -5187280.0
43 3 -5191070.0
43 4 -5185790.0
43 5 -5187920.0
43 6 -5185770.0
43 7 -5186030.0
43 8 -5186930.0
43 9 -5184060.0
43 10 -5185760.0
43 11 -1362.67
43 12 361.0
43 13 -5188220.0
43 14 -974.0
43 15 -5184620.0
43 16 -5187100.0
43 17 -5179430.0
43 18 -5188540.0
43 19 -5187490.0
43 20 -5178170.0
43 21 -5189100.0
43 22 -5189560.0
43 23 -5185110.0
43 24 -5187470.0
43 25 -5185960.0
43 26 -5189880.0
43 27 -5185780.0
43 28 -5185680.0
43 29 -5186460.0
43 30 -5190780.0
43 31 -5185640.0
43 32 -5179850.0
43 33 -5188060.0
43 35 -5188750.0
43 36 -5187230.0
43 37 -5187630.0
43 38 -5186730.0
43 40 -5186020.0
43 41 -5189090.0
43 42 -5190500.0
43 44 -5184700.0
43 45 -5188080.0
43 46 -5186860.0
43 47 -5185620.0
43 48 -140.0
43 49 -5190150.0
43 50 971.0
43 51 -5184970.0
44 52 11048.0
44 2 -5189100.0
44 3 -5191210.0
44 4 -5189290.0
44 5 -5190510.0
44 6 974.0
44 7 -5187500.0
44 8 -5187910.0
44 9 -5186930.0
44 10 -5188560.0
44 11 -5189080.0
44 12 -5187840.0
44 13 -290.0
44 14 -5186520.0
44 15 -5187350.0
44 16 -5190740.0
44 17 -5180760.0
44 18 -5187280.0
44 19 -3120.0
44 20 -5182510.0
44 21 -5190780.0
44 22 -5191660.0
44 23 -5185740.0
44 24 -2892.67
44 25 -5189180.0
44 26 -5188060.0
44 27 -5182280.0
44 28 -5188970.0
44 29 -5190730.0
44 30 -5191410.0
44 31 -5186130.0
44 32 -5183700.0
44 33 -5190510.0
44 35 -5192600.0
44 36 -5189820.0
44 37 -5190150.0
44 38 -5189180.0
44 40 -5189590.0
44 41 -5191120.0
44 42 -5187700.0
44 43 -5187560.0
44 45 -5191720.0
44 46 -5188820.0
44 47 -5190100.0
44 48 -5187710.0
44 49 -5188470.0
44 50 -5186530.0
44 51 -882.0
45 52 11608.0
45 2 -5187560.0
45 3 -5189950.0
45 4 2689.67
45 5 -2230.0
45 6 -5189760.0
45 7 -5184000.0
45 8 -5188540.0
45 9 -5184270.0
45 10 -5186110.0
45 11 -5186630.0
45 12 -5188050.0
45 13 -5191370.0
45 14 -5189110.0
45 15 -5188890.0
45 16 -86.3333
45 17 -5176770.0
45 18 -5190220.0
45 19 -5189730.0
45 20 -5175720.0
45 21 -5187350.0
45 22 -5186690.0
45 23 -5189520.0
45 24 -5191880.0
45 25 -5189740.0
45 26 -5191000.0
45 27 -5188090.0
45 28 -5189320.0
45 29 -700.0
45 30 -5189030.0
45 31 -5190050.0
45 32 -5183210.0
45 33 -5184490.0
45 35 -690.0
45 36 -5186040.0
45 37 -1800.0
45 38 -5186590.0
45 40 -5189380.0
45 41 -5186430.0
45 42 -5192320.0
45 43 -5187560.0
45 44 -5188340.0
45 46 -5187140.0
45 47 -5187510.0
45 48 -5188480.0
45 49 -5191200.0
45 50 -5187440.0
45 51 -5189240.0
46 52 14658.0
46 2 -270.0
46 3 -5188060.0
46 4 -5184460.0
46 5 -5185470.0
46 6 -5187030.0
46 7 -5183020.0
46 8 -5185320.0
46 9 1479.67
46 10 -84.0
46 11 -5185720.0
46 12 -5186580.0
46 13 -5188080.0
46 14 -5186870.0
46 15 -5187630.0
46 16 -5186050.0
46 17 -5176490.0
46 18 -5186860.0
46 19 -5186370.0
46 20 -5178520.0
46 21 -5186090.0
46 22 -5186830.0
46 23 -5187840.0
46 24 -5189710.0
46 25 -5189040.0
46 26 -5187850.0
46 27 -5184730.0
46 28 -5188690.0
46 29 -5186740.0
46 30 -5187700.0
46 31 -5188370.0
46 32 -5182720.0
46 33 -5185540.0
46 35 -5187980.0
46 36 -5184850.0
46 37 -5185180.0
46 38 -280.0
46 40 -5188960.0
46 41 -5186290.0
46 42 -5188960.0
46 43 -5186160.0
46 44 -5185260.0
46 45 -5186960.0
46 47 -5187790.0
46 48 -5186730.0
46 49 -5187980.0
46 50 -5186040.0
46 51 -5186860.0
47 52 11748.0
47 2 -5188400.0
47 3 -5192120.0
47 4 -5185090.0
47 5 -5188340.0
47 6 -5187520.0
47 7 -5186660.0
47 8 -5188470.0
47 9 -5184830.0
47 10 -5186600.0
47 11 -1922.67
47 12 -1659.0
47 13 -5190180.0
47 14 -5186800.0
47 15 -5185460.0
47 16 -5186680.0
47 17 -5179920.0
47 18 -5190220.0
47 19 -5189310.0
47 20 -5176700.0
47 21 -5189730.0
47 22 -5189840.0
47 23 -5186090.0
47 24 -5188870.0
47 25 -5186030.0
47 26 -5191560.0
47 27 -5187670.0
47 28 -5185610.0
47 29 -5185270.0
47 30 -5191620.0
47 31 -5186550.0
47 32 4511.33
47 33 -5188060.0
47 35 -5187910.0
47 36 -5187720.0
47 37 -5187980.0
47 38 -5187570.0
47 40 -1663.33
47 41 -5189440.0
47 42 -5192320.0
47 43 -1101.0
47 44 -5186660.0
47 45 -5187450.0
47 46 -5187910.0
47 48 -5186100.0
47 49 -5191760.0
47 50 -5184500.0
47 51 -5186720.0
48 52 13268.0
48 2 -5187280.0
48 3 -5190930.0
48 4 -5186070.0
48 5 -5188060.0
48 6 -5185280.0
48 7 -5186030.0
48 8 -5186720.0
48 9 -5184200.0
48 10 -5185900.0
48 11 -5185580.0
48 12 151.0
48 13 -5187800.0
48 14 -494.0
48 15 -684.0
48 16 -5187380.0
48 17 -5179500.0
48 18 -5188190.0
48 19 -5187210.0
48 20 -5178660.0
48 21 -5189100.0
48 22 -5189700.0
48 23 -5184900.0
48 24 -5187120.0
48 25 -5186100.0
48 26 -5189600.0
48 27 -5185430.0
48 28 -5185820.0
48 29 -5186880.0
48 30 -5190780.0
48 31 -5185430.0
48 32 -5180130.0
48 33 -5188200.0
48 35 -5189100.0
48 36 -5187370.0
48 37 -5187770.0
48 38 -5186800.0
48 40 -5186230.0
48 41 -5189160.0
48 42 -5190150.0
48 43 429.0
48 44 -5184280.0
48 45 -5188430.0
48 46 -5186860.0
48 47 -5186110.0
48 49 -5189800.0
48 50 1041.0
48 51 -5184550.0
49 34 1089.0
50 52 12578.0
50 2 -5187980.0
50 3 -5191630.0
50 4 -5186490.0
50 5 -5188620.0
50 6 -5185350.0
50 7 -5186730.0
50 8 -5187420.0
50 9 -5184830.0
50 10 -5186460.0
50 11 -5186070.0
50 12 -269.0
50 13 -5188150.0
50 14 -834.0
50 15 76.0
50 16 -5187800.0
50 17 -5180130.0
50 18 -5188820.0
50 19 -5187840.0
50 20 -5178730.0
50 21 -5189730.0
50 22 -5190330.0
50 23 -5184410.0
50 24 -5186770.0
50 25 -5185400.0
50 26 -5190230.0
50 27 -5185920.0
50 28 -5185120.0
50 29 -5187090.0
50 30 -5191410.0
50 31 -5184870.0
50 32 -5179570.0
50 33 -5188760.0
50 35 -5189380.0
50 36 -5187930.0
50 37 -5188330.0
50 38 -5187430.0
50 40 -5185600.0
50 41 -5189790.0
50 42 -5190710.0
50 43 149.0
50 44 -5184490.0
50 45 -5188780.0
50 46 -5187560.0
50 47 -5185900.0
50 48 -350.0
50 49 -5190500.0
50 51 -5184550.0
51 52 11818.0
51 2 -5188610.0
51 3 -5191770.0
51 4 -5188100.0
51 5 -5189740.0
51 6 694.0
51 7 -5187360.0
51 8 -5187630.0
51 9 -5185950.0
51 10 -5187580.0
51 11 -5187610.0
51 12 -5186020.0
51 13 -5186400.0
51 14 -694.0
51 15 -5185040.0
51 16 -5189480.0
51 17 -5180830.0
51 18 -5188190.0
51 19 -5187280.0
51 20 -5180760.0
51 21 -5190500.0
51 22 -5191240.0
51 23 -5183780.0
51 24 -1362.67
51 25 -5186870.0
51 26 -5189390.0
51 27 -5184380.0
51 28 -5186660.0
51 29 -5189050.0
51 30 -5191760.0
51 31 -5184310.0
51 32 -5181460.0
51 33 -5189950.0
51 35 -5191200.0
51 36 -5189050.0
51 37 -5189450.0
51 38 -5188410.0
51 40 -5187280.0
51 41 -5190700.0
51 42 -5189520.0
51 43 -5185670.0
51 44 -5182600.0
51 45 -5190460.0
51 46 -5188260.0
51 47 -5188000.0
51 48 -1880.0
51 49 -5189730.0
51 50 -489.0
52 2 0
52 3 0
52 4 0
52 5 0
52 6 0
52 7 0
52 8 0
52 9 0
52 10 0
52 11 0
52 12 0
52 13 0
52 14 0
52 15 0
52 16 0
52 17 0
52 18 0
52 19 0
52 20 0
52 21 0
52 22 0
52 23 0
52 24 0
52 25 0
52 26 0
52 27 0
52 28 0
52 29 0
52 30 0
52 31 0
52 32 0
52 33 0
52 34 0
52 35 0
52 36 0
52 37 0
52 38 0
52 39 0
52 40 0
52 41 0
52 42 0
52 43 0
52 44 0
52 45 0
52 46 0
52 47 0
52 48 0
52 49 0
52 50 0
52 51 0
2 1 0
3 1 0
4 1 0
5 1 0
6 1 0
7 1 0
8 1 0
9 1 0
10 1 0
11 1 0
12 1 0
13 1 0
14 1 0
15 1 0
16 1 0
17 1 0
18 1 0
19 1 0
20 1 0
21 1 0
22 1 0
23 1 0
24 1 0
25 1 0
26 1 0
27 1 0
28 1 0
29 1 0
30 1 0
31 1 0
32 1 0
33 1 0
34 1 0
35 1 0
36 1 0
37 1 0
38 1 0
39 1 0
40 1 0
41 1 0
42 1 0
43 1 0
44 1 0
45 1 0
46 1 0
47 1 0
48 1 0
49 1 0
50 1 0
51 1 0
52 1 0
