52 2174
1
2
3
4
5
6
7
8
9
10
11
12
13
14
15
16
17
18
19
20
21
22
23
24
25
26
27
28
29
30
31
32
33
34
35
36
37
38
39
40
41
42
43
44
45
46
47
48
49
50
51
52
1 52 -0.0
1 2 -18873.0
1 3 -25770.0
1 6 -23200.0
1 7 -23550.0
1 8 -20219.6
1 9 -23494.0
1 10 -23620.0
1 11 -18221.7
1 13 -23221.7
1 14 -25220.0
1 15 -23213.1
1 16 -24240.0
1 17 -23620.0
1 18 -24310.0
1 19 -23681.6
1 20 -19423.8
1 22 -21130.0
1 23 -18036.9
1 24 -18422.1
1 25 -25220.5
1 26 -19880.0
1 27 -23583.6
1 28 -25165.6
1 29 -22510.0
1 31 -18651.1
1 32 -22990.0
1 33 -23820.0
1 34 -22450.0
1 35 -20784.1
1 36 -21937.8
1 37 -23680.0
1 38 -22640.0
1 39 -24059.5
1 40 -23890.0
1 41 -23800.1
1 43 -20480.4
1 44 -24930.0
1 45 -19860.0
1 46 -25428.4
1 48 -22367.9
1 49 -24551.3
1 50 -20157.9
1 51 -24660.0
2 52 13441.1
2 3 -8120.0
2 4 -2593.36
2 6 -2770.0
2 7 -7630.0
2 8 -5009.58
2 9 895.962
2 10 -7990.0
2 11 -1611.7
2 13 -2591.7
2 14 -8400.0
2 15 -7363.13
2 16 -10060.0
2 17 -8680.0
2 18 -6110.0
2 19 -7491.58
2 20 -5173.77
2 22 -1050.0
2 23 -2466.87
2 24 -352.075
2 25 -8200.49
2 26 -3270.0
2 27 -7883.58
2 28 -7035.58
2 29 -2990.0
2 31 -3371.09
2 32 -3810.0
2 33 -2150.0
2 34 -7300.0
2 35 -6334.11
2 36 -5197.85
2 37 -8600.0
2 38 -5200.0
2 39 -9879.47
2 40 -9090.0
2 41 -6570.11
2 43 -6240.42
2 44 -1110.0
2 45 -5410.0
2 46 -8058.42
2 47 -8113.13
2 48 -2357.92
2 49 458.717
2 50 -5497.92
2 51 -6310.0
3 52 13441.1
3 2 -1222.98
3 4 -5373.36
3 6 -5270.0
3 7 -2630.0
3 8 -3899.58
3 9 -4874.04
3 10 -2990.0
3 11 6028.3
3 13 -8001.7
3 14 -770.0
3 15 -9033.13
3 16 -7630.0
3 17 -8890.0
3 18 -2080.0
3 19 -1591.58
3 20 -2463.77
3 22 -1540.0
3 23 -3786.87
3 24 -4312.08
3 25 -280.491
3 26 -5630.0
3 27 -2673.58
3 28 -1065.58
3 29 -2360.0
3 31 -3791.09
3 32 -7840.0
3 33 -6520.0
3 34 -7710.0
3 35 -2444.11
3 36 -57.8491
3 37 -3740.0
3 38 -3740.0
3 39 -6829.47
3 40 -4580.0
3 41 719.887
3 43 -5690.42
3 44 -7080.0
3 45 -3880.0
3 46 -68.4151
3 47 -7073.13
3 48 -3677.92
3 49 -6831.28
3 50 -5707.92
3 51 -10340.0
4 52 16641.1
4 2 3637.02
4 3 -6040.0
4 6 -970.0
4 7 -4790.0
4 8 -1809.58
4 9 -984.038
4 10 -5070.0
4 11 888.302
4 13 -2031.7
4 14 -5970.0
4 15 -4933.13
4 16 -6870.0
4 17 -5900.0
4 18 -4090.0
4 19 -4781.58
4 20 -1983.77
4 22 470.0
4 23 103.132
4 24 897.925
4 25 -5910.49
4 26 -770.0
4 27 -5033.58
4 28 -5085.58
4 29 -1320.0
4 31 -111.094
4 32 -2010.0
4 33 -1310.0
4 34 -4590.0
4 35 -3074.11
4 36 -2627.85
4 37 -5480.0
4 38 -2560.0
4 39 -6619.47
4 40 -5970.0
4 41 -4280.11
4 43 -3050.42
4 44 -2360.0
4 45 -2220.0
4 46 -5898.42
4 47 -4993.13
4 48 -617.925
4 49 -2111.28
4 50 -2507.92
4 51 -4860.0
5 52 17471.1
5 2 -112.981
5 3 -7290.0
5 4 -3423.36
5 6 -4850.0
5 7 -4860.0
5 8 -1809.58
5 9 -4944.04
5 10 -4660.0
5 11 538.302
5 13 -3631.7
5 14 -6530.0
5 15 -1813.13
5 16 -3260.0
5 17 -1950.0
5 18 -6040.0
5 19 -4921.58
5 20 1626.23
5 22 -2860.0
5 23 3433.13
5 24 2497.92
5 25 -6460.49
5 26 270.0
5 27 -4693.58
5 28 -6755.58
5 29 -4240.0
5 31 -251.094
5 32 -3610.0
5 33 -5270.0
5 34 -770.0
5 35 -844.113
5 36 -3457.85
5 37 -4440.0
5 38 -4370.0
5 39 -3429.47
5 40 -4300.0
5 41 -5250.11
5 43 -960.415
5 44 -6310.0
5 45 -830.0
5 46 -6878.42
5 47 -1103.13
5 48 -4157.92
5 49 -5931.28
5 50 962.075
5 51 -4020.0
6 52 15801.1
6 2 3917.02
6 3 -5480.0
6 4 -513.358
6 7 -4650.0
6 8 -2299.58
6 9 -284.038
6 10 -5140.0
6 11 1168.3
6 13 -2931.7
6 14 -5560.0
6 15 -6043.13
6 16 -7630.0
6 17 -6880.0
6 18 -3470.0
6 19 -4571.58
6 20 -2813.77
6 22 1450.0
6 23 -1006.87
6 24 -212.075
6 25 -5490.49
6 26 -1880.0
6 27 -4963.58
6 28 -4395.58
6 29 -420.0
6 31 -1011.09
6 32 -3050.0
6 33 -1040.0
6 34 -5700.0
6 35 -3554.11
6 36 -2347.85
6 37 -5620.0
6 38 -2290.0
6 39 -7249.47
6 40 -6310.0
6 41 -3790.11
6 43 -3880.42
6 44 -1940.0
6 45 -2840.0
6 46 -5348.42
6 47 -5963.13
6 48 352.075
6 49 -1691.28
6 50 -3487.92
6 51 -5970.0
7 52 15661.1
7 2 -732.981
7 3 -2630.0
7 4 -4123.36
7 6 -4440.0
7 8 -1809.58
7 9 -4664.04
7 10 -630.0
7 11 5328.3
7 13 -6471.7
7 14 -1740.0
7 15 -6673.13
7 16 -5200.0
7 17 -6390.0
7 18 -2360.0
7 19 -131.585
7 20 -103.774
7 22 -1260.0
7 23 -1356.87
7 24 -2092.08
7 25 -1670.49
7 26 -3480.0
7 27 -383.585
7 28 -2515.58
7 29 -2160.0
7 31 -1841.09
7 32 -6240.0
7 33 -5620.0
7 34 -5140.0
7 35 -84.1132
7 36 1052.15
7 37 -1450.0
7 38 -2430.0
7 39 -4399.47
7 40 -2290.0
7 41 -460.113
7 43 -3390.42
7 44 -6590.0
7 45 -1520.0
7 46 -2148.42
7 47 -4573.13
7 48 -3117.92
7 49 -6281.28
7 50 -3347.92
7 51 -8330.0
8 52 18161.1
8 2 997.019
8 3 -4790.0
8 4 -2033.36
8 6 -2980.0
8 7 -2700.0
8 9 -3344.04
8 10 -2780.0
8 11 2698.3
8 13 -3971.7
8 14 -4240.0
8 15 -4313.13
8 16 -4510.0
8 17 -4580.0
8 18 -3400.0
8 19 -2701.58
8 20 246.226
8 22 -570.0
8 23 863.132
8 24 477.925
8 25 -4240.49
8 26 -910.0
8 27 -2743.58
8 28 -4185.58
8 29 -1810.0
8 31 858.906
8 32 -3740.0
8 33 -3880.0
8 34 -3340.0
8 35 -434.113
8 36 -957.849
8 37 -2980.0
8 39 -4189.47
8 40 -3330.0
8 41 -2820.11
8 43 -1170.42
8 44 -4860.0
8 45 350.0
8 46 -4448.42
8 47 -3113.13
8 48 -1937.92
8 49 -4681.28
8 50 -1057.92
8 51 -5690.0
9 52 13441.1
9 2 5517.02
9 3 -7150.0
9 4 -2593.36
9 6 -2350.0
9 7 -6940.0
9 8 -4729.58
9 10 -7430.0
9 11 -711.698
9 13 -3561.7
9 14 -7500.0
9 15 -7853.13
9 16 -10060.0
9 17 -9030.0
9 18 -5270.0
9 19 -6731.58
9 20 -5243.77
9 22 -150.0
9 23 -2956.87
9 24 -1322.08
9 25 -7360.49
9 26 -3690.0
9 27 -7253.58
9 28 -6065.58
9 29 -2090.0
9 31 -3301.09
9 32 -4370.0
9 33 -2080.0
9 34 -7780.0
9 35 -6054.11
9 36 -4497.85
9 37 -8050.0
9 38 -4580.0
9 39 -9679.47
9 40 -8740.0
9 41 -5670.11
9 43 -6240.42
9 44 -1110.0
9 45 -5270.0
9 46 -7148.42
9 47 -8253.13
9 48 -1727.92
9 49 -101.283
9 50 -5707.92
9 51 -7150.0
10 52 15531.1
10 2 -1152.98
10 3 -3050.0
10 4 -4463.36
10 6 -4990.0
10 7 -690.0
10 8 -1949.58
10 9 -5214.04
10 11 5198.3
10 13 -6681.7
10 14 -1950.0
10 15 -6533.13
10 16 -4650.0
10 17 -6110.0
10 18 -2980.0
10 19 -341.585
10 20 516.226
10 22 -1820.0
10 23 -1216.87
10 24 -2022.08
10 25 -1810.49
10 26 -3550.0
10 27 -103.585
10 28 -3075.58
10 29 -2710.0
10 31 -1911.09
10 32 -6450.0
10 33 -6040.0
10 34 -4800.0
10 35 405.887
10 36 432.151
10 37 -830.0
10 38 -2980.0
10 39 -3909.47
10 40 -1730.0
10 41 -880.113
10 43 -3260.42
10 44 -7010.0
10 45 -1380.0
10 46 -2498.42
10 47 -4223.13
10 48 -3537.92
10 49 -6761.28
10 50 -3207.92
10 51 -8330.0
11 52 13231.1
11 2 -2472.98
11 3 -1730.0
11 4 -6203.36
11 6 -6380.0
11 7 -2430.0
11 8 -4169.58
11 9 -6194.04
11 10 -2500.0
11 13 -8701.7
11 14 -420.0
11 15 -8963.13
11 16 -6800.0
11 17 -8540.0
11 18 -3330.0
11 19 -1241.58
11 20 -1423.77
11 22 -2790.0
11 23 -3646.87
11 24 -4452.08
11 25 619.509
11 26 -5910.0
11 27 -2193.58
11 28 -2585.58
11 29 -3610.0
11 31 -4141.09
11 32 -8470.0
11 33 -7560.0
11 34 -7230.0
11 35 -1614.11
11 36 -407.849
11 37 -2980.0
11 38 -4440.0
11 39 -5929.47
11 40 -3740.0
11 41 29.8868
11 43 -5690.42
11 44 -8330.0
11 45 -3810.0
11 46 -898.415
11 47 -6583.13
11 48 -4787.92
11 49 -8081.28
11 50 -5707.92
11 51 -10690.0
12 52 13861.1
12 2 -4202.98
12 3 -7290.0
12 4 -7243.36
12 6 -8190.0
12 7 -5130.0
12 8 -4449.58
12 9 -8624.04
12 10 -4450.0
12 11 1518.3
12 13 -8281.7
12 14 -6040.0
12 15 -5843.13
12 16 -1800.0
12 17 -4310.0
12 18 -7290.0
12 19 -4711.58
12 20 4616.23
12 22 -5640.0
12 23 -246.868
12 24 -1602.08
12 25 -5490.49
12 26 -4450.0
12 27 -4483.58
12 28 -7515.58
12 29 -6670.0
12 31 -3931.09
12 32 -8190.0
12 33 -9090.0
12 34 -2710.0
12 36 -3947.85
12 37 -3540.0
12 38 -6660.0
12 39 -1339.47
12 40 -2840.0
12 41 -5180.11
12 43 -4370.42
12 44 -10200.0
12 45 -3120.0
12 46 -6598.42
12 47 -2353.13
12 48 -7147.92
12 49 -9891.28
12 50 -3487.92
12 51 -8540.0
13 52 14971.1
13 2 3287.02
13 3 -9020.0
13 4 -2383.36
13 6 -3740.0
13 7 -7490.0
13 8 -4099.58
13 9 -2304.04
13 10 -7640.0
13 11 -1961.7
13 14 -8820.0
13 15 -4173.13
13 16 -7910.0
13 17 -5700.0
13 18 -7080.0
13 19 -7491.58
13 20 -2883.77
13 22 -2440.0
13 23 653.132
13 24 3187.92
13 25 -8820.49
13 26 -560.0
13 27 -7603.58
13 28 -8075.58
13 29 -4240.0
13 31 -1981.09
13 32 -1380.0
13 33 -3190.0
13 34 -4310.0
13 35 -4944.11
13 36 -5467.85
13 37 -7840.0
13 38 -5410.0
13 39 -8009.47
13 40 -8120.0
13 41 -7260.11
13 43 -4370.42
13 44 -3540.0
13 45 -4090.0
13 46 -8818.42
13 47 -5613.13
13 48 -3467.92
13 49 -2801.28
13 50 -3207.92
13 51 -2700.0
14 52 13651.1
14 2 -1842.98
14 3 -1110.0
14 4 -5643.36
14 6 -5690.0
14 7 -2080.0
14 8 -3689.58
14 9 -5564.04
14 10 -2230.0
14 11 6998.3
14 13 -8141.7
14 15 -8683.13
14 16 -6800.0
14 17 -8330.0
14 18 -2700.0
14 19 -961.585
14 20 -1563.77
14 22 -2160.0
14 23 -3366.87
14 24 -4102.08
14 25 269.509
14 26 -5490.0
14 27 -1983.58
14 28 -1895.58
14 29 -2920.0
14 31 -3651.09
14 32 -7980.0
14 33 -6870.0
14 34 -7090.0
14 35 -1614.11
14 36 152.151
14 37 -2910.0
14 38 -3880.0
14 39 -5929.47
14 40 -3740.0
14 41 719.887
14 43 -5340.42
14 44 -7700.0
14 45 -3470.0
14 46 -348.415
14 47 -6383.13
14 48 -4157.92
14 49 -7321.28
14 50 -5357.92
14 51 -10270.0
15 42 -2150.0
16 52 14971.1
16 2 -3162.98
16 3 -7630.0
16 4 -6203.36
16 6 -7420.0
16 7 -5200.0
16 8 -3619.58
16 9 -7784.04
16 10 -4590.0
16 11 958.302
16 13 -6891.7
16 14 -6460.0
16 15 -4173.13
16 17 -2640.0
16 18 -7150.0
16 19 -4991.58
16 20 4756.23
16 22 -5010.0
16 23 1353.13
16 24 67.9245
16 25 -6180.49
16 26 -2990.0
16 27 -4623.58
16 28 -7585.58
16 29 -6180.0
16 31 -2821.09
16 32 -6800.0
16 33 -8050.0
16 34 -1050.0
16 35 675.887
16 36 -3947.85
16 37 -3880.0
16 38 -6040.0
16 39 -859.472
16 40 -3190.0
16 41 -5460.11
16 43 -3190.42
16 44 -9160.0
16 45 -2220.0
16 46 -7078.42
16 47 -683.132
16 48 -6447.92
16 49 -8781.28
16 50 -2097.92
16 51 -6940.0
17 52 15181.1
17 2 -2192.98
17 3 -9300.0
17 4 -5643.36
17 6 -7080.0
17 7 -6800.0
17 8 -4099.58
17 9 -7164.04
17 10 -6460.0
17 11 -1191.7
17 13 -5091.7
17 14 -8400.0
17 15 -1673.13
17 16 -3050.0
17 18 -8260.0
17 19 -6731.58
17 20 2606.23
17 22 -5220.0
17 23 3993.13
17 24 2977.92
17 25 -8200.49
17 26 -1530.0
17 27 -6493.58
17 28 -8905.58
17 29 -6600.0
17 31 -2541.09
17 32 -5410.0
17 33 -7420.0
17 34 1520.0
17 35 -1754.11
17 36 -5467.85
17 37 -5900.0
17 38 -6660.0
17 39 -3699.47
17 40 -5550.0
17 41 -7190.11
17 43 -3120.42
17 44 -8400.0
17 45 -2910.0
17 46 -8818.42
17 47 -753.132
17 48 -6447.92
17 49 -8011.28
17 50 -1397.92
17 51 -4440.0
18 52 14901.1
18 2 787.019
18 3 -2080.0
18 4 -3423.36
18 6 -3260.0
18 7 -2360.0
18 8 -2509.58
18 9 -2994.04
18 10 -2920.0
18 11 4428.3
18 13 -6061.7
18 14 -2360.0
18 15 -7643.13
18 16 -7150.0
18 17 -7850.0
18 19 -1871.58
18 20 -2253.77
18 22 470.0
18 23 -2466.87
18 24 -2642.08
18 25 -2160.49
18 26 -3900.0
18 27 -2673.58
18 28 -1065.58
18 31 -2191.09
18 32 -5970.0
18 33 -4440.0
18 34 -6670.0
18 35 -2304.11
18 36 362.151
18 37 -3810.0
18 38 -1870.0
18 39 -6549.47
18 40 -4650.0
18 41 -460.113
18 43 -4440.42
18 44 -5130.0
18 45 -2770.0
18 46 -1948.42
18 47 -6243.13
18 48 -1657.92
18 49 -4821.28
18 50 -4457.92
18 51 -8670.0
19 52 14971.1
19 2 -1152.98
19 3 -2150.0
19 4 -4673.36
19 6 -4920.0
19 7 -690.0
19 8 -2369.58
19 9 -5014.04
19 10 -840.0
19 11 5958.3
19 13 -7031.7
19 14 -1180.0
19 15 -7293.13
19 16 -5550.0
19 17 -6880.0
19 18 -2430.0
19 20 -383.774
19 22 -1610.0
19 23 -1976.87
19 24 -2712.08
19 25 -1050.49
19 26 -4170.0
19 27 -593.585
19 28 -2245.58
19 29 -2500.0
19 31 -2401.09
19 32 -6800.0
19 33 -6040.0
19 34 -5630.0
19 35 -364.113
19 36 982.151
19 37 -1660.0
19 38 -2980.0
19 39 -4679.47
19 40 -2560.0
19 41 -40.1132
19 43 -4020.42
19 44 -6940.0
19 45 -2080.0
19 46 -1598.42
19 47 -4993.13
19 48 -3467.92
19 49 -6761.28
19 50 -3967.92
19 51 -8950.0
20 12 -1870.0
21 52 15321.1
21 2 4887.02
21 3 -7420.0
21 4 -923.358
21 6 -1800.0
21 7 -6310.0
21 8 -3339.58
21 9 -354.038
21 10 -6600.0
21 11 -571.698
21 13 -1201.7
21 14 -7430.0
21 15 -5423.13
21 16 -8120.0
21 17 -6670.0
21 18 -5410.0
21 19 -6241.58
21 20 -3233.77
21 22 -430.0
21 23 -526.868
21 24 1107.92
21 25 -7360.49
21 26 -1260.0
21 27 -6493.58
21 28 -6405.58
21 29 -2360.0
21 31 -1431.09
21 32 -1870.0
21 33 -1040.0
21 34 -5420.0
21 35 -4594.11
21 36 -4087.85
21 37 -7010.0
21 38 -4020.0
21 39 -8009.47
21 40 -7490.0
21 41 -5670.11
21 43 -4300.42
21 44 -1520.0
21 45 -3670.0
21 46 -7288.42
21 47 -6103.13
21 48 -1587.92
21 49 -1001.28
21 50 -3557.92
21 51 -4650.0
22 52 15251.1
22 2 3017.02
22 3 -4370.0
22 4 -1693.36
22 6 -1170.0
22 7 -4090.0
22 8 -2509.58
22 9 -704.038
22 10 -4590.0
22 11 2138.3
22 13 -4251.7
22 14 -4650.0
22 15 -6953.13
22 16 -7840.0
22 17 -7640.0
22 18 -2360.0
22 19 -3881.58
22 20 -3023.77
22 23 -1846.87
22 24 -1392.08
22 25 -4450.49
22 26 -2920.0
22 27 -4413.58
22 28 -3285.58
22 29 830.0
22 31 -1571.09
22 32 -4300.0
22 33 -2220.0
22 34 -6460.0
22 35 -3484.11
22 36 -1517.85
22 37 -5270.0
22 38 -1870.0
22 39 -7449.47
22 40 -5970.0
22 41 -2820.11
22 43 -4300.42
22 44 -2840.0
22 45 -3050.0
22 46 -4308.42
22 47 -6383.13
22 48 422.075
22 49 -2461.28
22 50 -4107.92
22 51 -7220.0
23 52 15731.1
23 2 -1012.98
23 3 -9230.0
23 4 -4673.36
23 6 -6240.0
23 7 -6800.0
23 8 -3689.58
23 9 -6124.04
23 10 -6600.0
23 11 -1331.7
23 13 -3771.7
23 14 -8470.0
23 15 -283.132
23 16 -4090.0
23 17 -1040.0
23 18 -7910.0
23 19 -6861.58
23 20 1286.23
23 22 -4460.0
23 24 4087.92
23 25 -8340.49
23 26 -350.0
23 27 -6633.58
23 28 -8695.58
23 29 -6040.0
23 31 -1981.09
23 32 -4230.0
23 33 -6450.0
23 34 480.0
23 35 -2374.11
23 36 -5337.85
23 37 -6240.0
23 38 -6240.0
23 39 -4539.47
23 40 -5970.0
23 41 -7190.11
23 43 -2840.42
23 44 -7420.0
23 45 -2770.0
23 46 -8818.42
23 47 -1653.13
23 48 -5687.92
23 49 -6901.28
23 50 -917.925
23 51 -3120.0
24 30 -3120.0
25 52 12611.1
25 2 -2682.98
25 3 -1660.0
25 4 -6623.36
25 6 -6660.0
25 7 -3050.0
25 8 -4729.58
25 9 -6464.04
25 10 -3130.0
25 11 6998.3
25 13 -9181.7
25 14 -770.0
25 15 -9593.13
25 16 -7560.0
25 17 -9170.0
25 18 -3540.0
25 19 -1871.58
25 20 -2053.77
25 22 -3000.0
25 23 -4276.87
25 24 -5072.08
25 26 -6530.0
25 27 -2883.58
25 28 -2655.58
25 29 -3820.0
25 31 -4691.09
25 32 -9020.0
25 33 -7840.0
25 34 -7920.0
25 35 -2304.11
25 36 -887.849
25 37 -3670.0
25 38 -4860.0
25 39 -6689.47
25 40 -4370.0
25 41 -180.113
25 43 -6380.42
25 44 -8540.0
25 45 -4440.0
25 46 -768.415
25 47 -7283.13
25 48 -5127.92
25 49 -8291.28
25 50 -6327.92
25 51 -11310.0
26 5 -1940.0
27 52 15461.1
27 2 -1152.98
27 3 -2840.0
27 4 -4533.36
27 6 -4920.0
27 7 -550.0
27 8 -2019.58
27 9 -5144.04
27 10 -210.0
27 11 5398.3
27 13 -6751.7
27 14 -1810.0
27 15 -6673.13
27 16 -4790.0
27 17 -6250.0
27 18 -2840.0
27 19 -201.585
27 20 246.226
27 22 -1750.0
27 23 -1356.87
27 24 -2162.08
27 25 -1670.49
27 26 -3620.0
27 28 -2865.58
27 29 -2640.0
27 31 -1981.09
27 32 -6520.0
27 33 -5970.0
27 34 -5010.0
27 35 265.887
27 36 572.151
27 37 -1040.0
27 38 -2910.0
27 39 -4049.47
27 40 -1940.0
27 41 -670.113
27 43 -3460.42
27 44 -6940.0
27 45 -1520.0
27 46 -2288.42
27 47 -4363.13
27 48 -3537.92
27 49 -6761.28
27 50 -3347.92
27 51 -8400.0
28 52 14001.1
28 2 -182.981
28 3 -1110.0
28 4 -4463.36
28 6 -4230.0
28 7 -2560.0
28 8 -3339.58
28 9 -3834.04
28 10 -3060.0
28 11 5128.3
28 13 -7101.7
28 14 -1600.0
28 15 -8543.13
28 16 -7630.0
28 17 -8540.0
28 18 -1110.0
28 19 -1731.58
28 20 -2533.77
28 22 -500.0
28 23 -3296.87
28 24 -3612.08
28 25 -1320.49
28 26 -4870.0
28 27 -2743.58
28 29 -1320.0
28 31 -3161.09
28 32 -6940.0
28 33 -5480.0
28 34 -7300.0
28 35 -2584.11
28 36 222.151
28 37 -3880.0
28 38 -2840.0
28 39 -6829.47
28 40 -4720.0
28 41 169.887
28 43 -5270.42
28 44 -6040.0
28 45 -3470.0
28 46 -1108.42
28 47 -6863.13
28 48 -2697.92
28 49 -5791.28
28 50 -5217.92
28 51 -9580.0
29 52 15251.1
29 2 2457.02
29 3 -3810.0
29 4 -2103.36
29 6 -1660.0
29 7 -3610.0
29 8 -2369.58
29 9 -1264.04
29 10 -4100.0
29 11 2698.3
29 13 -4671.7
29 14 -4030.0
29 15 -7093.13
29 16 -7630.0
29 17 -7640.0
29 18 -1800.0
29 19 -3391.58
29 20 -2813.77
29 22 2210.0
29 23 -2046.87
29 24 -1672.08
29 25 -3890.49
29 26 -3130.0
29 27 -3923.58
29 28 -2725.58
29 31 -1641.09
29 32 -4650.0
29 33 -2840.0
29 34 -6460.0
29 35 -3074.11
29 36 -1027.85
29 37 -4920.0
29 38 -1590.0
29 39 -7109.47
29 40 -5620.0
29 41 -2260.11
29 43 -4300.42
29 44 -3400.0
29 45 -2910.0
29 46 -3748.42
29 47 -6313.13
29 48 2.07547
29 49 -3081.28
29 50 -4177.92
29 51 -7560.0
30 52 14691.1
30 2 -1772.98
30 3 -10200.0
30 4 -5643.36
30 6 -7210.0
30 7 -7770.0
30 8 -4659.58
30 9 -6954.04
30 10 -7500.0
30 11 -2231.7
30 13 -4391.7
30 14 -9380.0
30 15 -983.132
30 16 -4510.0
30 17 -1180.0
30 18 -8880.0
30 19 -7701.58
30 20 1146.23
30 22 -5430.0
30 23 4403.13
30 24 4437.92
30 25 -9240.49
30 26 -1190.0
30 27 -7533.58
30 28 -9605.58
30 29 -6950.0
30 31 -2891.09
30 32 -4990.0
30 33 -7290.0
30 34 760.0
30 35 -3074.11
30 36 -6307.85
30 37 -7080.0
30 38 -7150.0
30 39 -5159.47
30 40 -6800.0
30 41 -8100.11
30 43 -3810.42
30 44 -8190.0
30 45 -3740.0
30 46 -9788.42
30 47 -2143.13
30 48 -6657.92
30 49 -7601.28
30 50 -1887.92
30 51 -3260.0
31 52 18651.1
31 2 1557.02
31 3 -5760.0
31 4 -1413.36
31 6 -2770.0
31 7 -3810.0
31 8 -219.585
31 9 -2994.04
31 10 -3820.0
31 11 1648.3
31 13 -2931.7
31 14 -5280.0
31 15 -3613.13
31 16 -4790.0
31 17 -4100.0
31 18 -4160.0
31 19 -3811.58
31 20 -33.7736
31 22 -710.0
31 23 1493.13
31 24 1447.92
31 25 -5280.49
31 26 130.0
31 27 -3783.58
31 28 -5085.58
31 29 -2160.0
31 32 -2700.0
31 33 -3330.0
31 34 -2920.0
31 35 -1264.11
31 36 -1997.85
31 37 -4020.0
31 38 -2360.0
31 39 -4609.47
31 40 -4300.0
31 41 -3790.11
31 43 -1030.42
31 44 -4370.0
31 45 -340.0
31 46 -5488.42
31 47 -3113.13
31 48 -1937.92
31 49 -4121.28
31 50 -637.925
31 51 -4650.0
32 52 16221.1
32 2 3087.02
32 3 -7840.0
32 4 -1343.36
32 6 -2840.0
32 7 -6240.0
32 8 -2849.58
32 9 -2094.04
32 10 -6390.0
32 11 -711.698
32 13 -361.698
32 14 -7640.0
32 15 -3683.13
32 16 -6800.0
32 17 -5000.0
32 18 -5970.0
32 19 -6241.58
32 20 -1913.77
32 22 -1470.0
32 23 1213.13
32 24 2767.92
32 25 -7640.49
32 26 410.0
32 27 -6353.58
32 28 -6895.58
32 29 -3200.0
32 31 -731.094
32 33 -2560.0
32 34 -3690.0
32 35 -3764.11
32 36 -4287.85
32 37 -6590.0
32 38 -4230.0
32 39 -6829.47
32 40 -6870.0
32 41 -6010.11
32 43 -3190.42
32 44 -3260.0
32 45 -2840.0
32 46 -7638.42
32 47 -4643.13
32 48 -2497.92
32 49 -2801.28
32 50 -2167.92
32 51 -3050.0
33 52 15391.1
33 2 4747.02
33 3 -6520.0
33 4 -643.358
33 6 -830.0
33 7 -5620.0
33 8 -2989.58
33 9 195.962
33 10 -5980.0
33 11 198.302
33 13 -2171.7
33 14 -6530.0
33 15 -5913.13
33 16 -8050.0
33 17 -7010.0
33 18 -4440.0
33 19 -5481.58
33 20 -3233.77
33 22 610.0
33 23 -1006.87
33 24 337.925
33 25 -6460.49
33 26 -1740.0
33 27 -5803.58
33 28 -5435.58
33 29 -1390.0
33 31 -1361.09
33 32 -2560.0
33 34 -5770.0
33 35 -4254.11
33 36 -3317.85
33 37 -6520.0
33 38 -3190.0
33 39 -7869.47
33 40 -7010.0
33 41 -4830.11
33 43 -4230.42
33 44 -1110.0
33 45 -3400.0
33 46 -6388.42
33 47 -6243.13
33 48 -617.925
33 49 -861.283
33 50 -3757.92
33 51 -5480.0
34 52 14481.1
34 2 -2682.98
34 3 -9990.0
34 4 -6203.36
34 6 -7770.0
34 7 -7420.0
34 8 -4729.58
34 9 -7784.04
34 10 -7020.0
34 11 -1751.7
34 13 -5571.7
34 14 -9030.0
34 15 -2023.13
34 16 -3330.0
34 17 -350.0
34 18 -8950.0
34 19 -7351.58
34 20 2536.23
34 22 -5910.0
34 23 3643.13
34 24 2977.92
34 25 -8820.49
34 26 -2020.0
34 27 -7123.58
34 28 -9535.58
34 29 -7290.0
34 31 -3231.09
34 32 -5970.0
34 33 -8050.0
34 35 -2304.11
34 36 -6097.85
34 37 -6520.0
34 38 -7290.0
34 39 -4119.47
34 40 -6040.0
34 41 -7820.11
34 43 -3810.42
34 44 -9020.0
34 45 -3540.0
34 46 -9508.42
34 48 -7077.92
34 49 -8571.28
34 50 -2027.92
34 51 -4650.0
35 52 15461.1
35 2 -2402.98
35 3 -5410.0
35 4 -5373.36
35 6 -6310.0
35 7 -3050.0
35 8 -2509.58
35 9 -6744.04
35 10 -2500.0
35 11 3178.3
35 13 -6891.7
35 14 -4240.0
35 15 -5353.13
35 16 -2290.0
35 17 -4310.0
35 18 -5270.0
35 19 -2771.58
35 20 2946.23
35 22 -3620.0
35 23 103.132
35 24 -1112.08
35 25 -3890.49
35 26 -3270.0
35 27 -2533.58
35 28 -5505.58
35 29 -4590.0
35 31 -2261.09
35 32 -6730.0
35 33 -7220.0
35 34 -2990.0
35 36 -1997.85
35 37 -1660.0
35 38 -4580.0
35 39 -1479.47
35 40 -900.0
35 41 -3240.11
35 43 -2840.42
35 44 -8260.0
35 45 -1380.0
35 46 -4858.42
35 47 -2283.13
35 48 -5197.92
35 49 -8011.28
35 50 -2437.92
35 51 -7770.0
36 52 15321.1
36 2 -252.981
36 3 -2010.0
36 4 -3913.36
36 6 -4090.0
36 7 -900.0
36 8 -2019.58
36 9 -4174.04
36 10 -1460.0
36 11 5398.3
36 13 -6401.7
36 14 -1460.0
36 15 -7093.13
36 16 -5900.0
36 17 -7010.0
36 18 -1590.0
36 19 -411.585
36 20 -933.774
36 22 -640.0
36 23 -1846.87
36 24 -2432.08
36 25 -1460.49
36 26 -3690.0
36 27 -1213.58
36 28 -1685.58
36 29 -1530.0
36 31 -1981.09
36 32 -6240.0
36 33 -5270.0
36 34 -5770.0
36 35 -984.113
36 37 -2290.0
36 38 -2150.0
36 39 -5229.47
36 40 -3190.0
36 41 29.8868
36 43 -3810.42
36 44 -6040.0
36 45 -1940.0
36 46 -1598.42
36 47 -5203.13
36 48 -2627.92
36 49 -5861.28
36 50 -3827.92
36 51 -8470.0
37 52 15461.1
37 2 -1772.98
37 3 -3810.0
37 4 -4883.36
37 6 -5480.0
37 7 -1520.0
37 8 -2159.58
37 9 -5844.04
37 10 -840.0
37 11 4708.3
37 13 -6891.7
37 14 -2640.0
37 15 -6253.13
37 16 -3950.0
37 17 -5560.0
37 18 -3880.0
37 19 -1171.58
37 20 1286.23
37 22 -2510.0
37 23 -866.868
37 24 -1882.08
37 25 -2360.49
37 26 -3550.0
37 27 -943.585
37 28 -3905.58
37 29 -3540.0
37 31 -2121.09
37 32 -6660.0
37 33 -6590.0
37 34 -4310.0
37 35 1235.89
37 36 -407.849
37 38 -3540.0
37 39 -3079.47
37 40 -900.0
37 41 -1640.11
37 43 -3190.42
37 44 -7560.0
37 45 -1380.0
37 46 -3198.42
37 47 -3603.13
37 48 -4227.92
37 49 -7321.28
37 50 -2997.92
37 51 -8260.0
38 52 16571.1
38 2 1697.02
38 3 -3740.0
38 4 -1893.36
38 6 -2080.0
38 7 -2430.0
38 8 -909.585
38 9 -2304.04
38 10 -2920.0
38 11 3318.3
38 13 -4391.7
38 14 -3540.0
38 15 -5843.13
38 16 -6040.0
38 17 -6250.0
38 18 -1870.0
38 19 -2421.58
38 20 -1283.77
38 22 960.0
38 23 -796.868
38 24 -842.075
38 25 -3480.49
38 26 -2160.0
38 27 -2743.58
38 28 -2795.58
38 29 -140.0
38 31 -391.094
38 32 -4230.0
38 33 -3190.0
38 34 -5010.0
38 35 -1614.11
38 36 -197.849
38 37 -3470.0
38 39 -5579.47
38 40 -4230.0
38 41 -1850.11
38 43 -2840.42
38 44 -4160.0
38 45 -1380.0
38 46 -3468.42
38 47 -4853.13
38 48 -687.925
38 49 -3851.28
38 50 -2787.92
38 51 -6800.0
39 52 15111.1
39 2 -3022.98
39 3 -6870.0
39 4 -5993.36
39 6 -7080.0
39 7 -4440.0
39 8 -3339.58
39 9 -7444.04
39 10 -3890.0
39 11 1788.3
39 13 -7031.7
39 14 -5630.0
39 15 -4663.13
39 16 -900.0
39 17 -3330.0
39 18 -6590.0
39 19 -4161.58
39 22 -4660.0
39 23 863.132
39 24 -492.075
39 25 -5350.49
39 26 -3200.0
39 27 -3923.58
39 28 -6825.58
39 29 -5700.0
39 31 -2681.09
39 32 -6870.0
39 33 -7910.0
39 34 -1880.0
39 35 1445.89
39 36 -3317.85
39 37 -3050.0
39 38 -5620.0
39 40 -2360.0
39 41 -4760.11
39 43 -3050.42
39 44 -8950.0
39 45 -1940.0
39 46 -6248.42
39 48 -6037.92
39 49 -8641.28
39 50 -2237.92
39 51 -7420.0
40 52 15321.1
40 2 -2192.98
40 3 -4580.0
40 4 -5303.36
40 6 -6100.0
40 7 -2290.0
40 8 -2439.58
40 9 -6464.04
40 10 -1670.0
40 11 4018.3
40 13 -7101.7
40 14 -3400.0
40 15 -5913.13
40 16 -3190.0
40 17 -5140.0
40 18 -4650.0
40 19 -2001.58
40 20 2116.23
40 22 -3140.0
40 23 -526.868
40 24 -1672.08
40 25 -2990.49
40 26 -3550.0
40 27 -1773.58
40 28 -4675.58
40 29 -4170.0
40 31 -2331.09
40 32 -6870.0
40 33 -7010.0
40 34 -3760.0
40 35 2065.89
40 36 -1237.85
40 37 -830.0
40 38 -4230.0
40 39 -2319.47
40 41 -2470.11
40 43 -3120.42
40 44 -8120.0
40 45 -1450.0
40 46 -3958.42
40 47 -3113.13
40 48 -4787.92
40 49 -7871.28
40 50 -2857.92
40 51 -8190.0
41 52 13931.1
41 2 -1152.98
41 3 -760.0
41 4 -5093.36
41 6 -5060.0
41 7 -1940.0
41 8 -3409.58
41 9 -4874.04
41 10 -2300.0
41 11 6308.3
41 13 -7721.7
41 14 -420.0
41 15 -8473.13
41 16 -6940.0
41 17 -8260.0
41 18 -1940.0
41 19 -961.585
41 20 -1773.77
41 22 -1470.0
41 23 -3226.87
41 24 -3822.08
41 25 -280.491
41 26 -5080.0
41 27 -1983.58
41 28 -1265.58
41 29 -2290.0
41 31 -3301.09
41 32 -7490.0
41 33 -6310.0
41 34 -7020.0
41 35 -1754.11
41 36 502.151
41 37 -3050.0
41 38 -3330.0
41 39 -6199.47
41 40 -3950.0
41 43 -5200.42
41 44 -7010.0
41 45 -3260.0
41 46 -278.415
41 47 -6383.13
41 48 -3537.92
41 49 -6761.28
41 50 -5147.92
41 51 -9920.0
42 52 17401.1
42 2 1277.02
42 3 -7630.0
42 4 -2313.36
42 6 -3880.0
42 7 -5480.0
42 8 -2019.58
42 9 -3694.04
42 10 -5490.0
42 11 -151.698
42 13 -1961.7
42 14 -7150.0
42 15 -1953.13
42 16 -4990.0
42 17 -3060.0
42 18 -5970.0
42 19 -5551.58
42 20 -33.7736
42 22 -2230.0
42 23 3013.13
42 24 3257.92
42 25 -7090.49
42 26 1870.0
42 27 -5453.58
42 28 -6895.58
42 29 -3820.0
42 31 28.9057
42 32 -2010.0
42 33 -4020.0
42 34 -1810.0
42 35 -2234.11
42 36 -3807.85
42 37 -5410.0
42 38 -4230.0
42 39 -5089.47
42 40 -5550.0
42 41 -5600.11
42 43 -1730.42
42 44 -4990.0
42 45 -1590.0
42 46 -7358.42
42 47 -2703.13
42 48 -3327.92
42 49 -4541.28
42 50 -357.925
42 51 -2910.0
43 52 18441.1
43 2 307.019
43 3 -6040.0
43 4 -2733.36
43 6 -4020.0
43 7 -3740.0
43 8 -629.585
43 9 -4314.04
43 10 -3550.0
43 11 1718.3
43 13 -3701.7
43 14 -5350.0
43 15 -2993.13
43 16 -3540.0
43 17 -3060.0
43 18 -4790.0
43 19 -3811.58
43 20 1286.23
43 22 -1820.0
43 23 2253.13
43 24 1517.92
43 25 -5350.49
43 26 -80.0
43 27 -3643.58
43 28 -5575.58
43 29 -3200.0
43 31 588.906
43 32 -3540.0
43 33 -4580.0
43 34 -1880.0
43 35 -224.113
43 36 -2207.85
43 37 -3470.0
43 38 -3190.0
43 39 -3359.47
43 40 -3470.0
43 41 -4070.11
43 44 -5690.0
43 45 350.0
43 46 -5698.42
43 47 -1863.13
43 48 -3187.92
43 49 -5371.28
43 50 332.075
43 51 -4790.0
44 52 14281.1
44 2 5787.02
44 3 -7080.0
44 4 -1693.36
44 6 -1730.0
44 7 -6590.0
44 8 -3969.58
44 9 1165.96
44 10 -6950.0
44 11 -571.698
44 13 -2521.7
44 14 -7360.0
44 15 -6813.13
44 16 -9160.0
44 17 -7990.0
44 18 -5130.0
44 19 -6381.58
44 20 -4343.77
44 22 -10.0
44 23 -1976.87
44 24 -282.075
44 25 -7160.49
44 26 -2650.0
44 27 -6773.58
44 28 -5995.58
44 29 -1950.0
44 31 -2401.09
44 32 -3260.0
44 33 -1110.0
44 34 -6740.0
44 35 -5294.11
44 36 -4087.85
44 37 -7490.0
44 38 -4160.0
44 39 -8909.47
44 40 -8120.0
44 41 -5530.11
44 43 -5340.42
44 45 -4440.0
44 46 -7078.42
44 47 -7283.13
44 48 -1317.92
44 49 178.717
44 50 -4737.92
44 51 -6040.0
45 52 18091.1
45 2 167.019
45 3 -5200.0
45 4 -2873.36
45 6 -3950.0
45 7 -2840.0
45 8 -79.5849
45 9 -4314.04
45 10 -2640.0
45 11 2628.3
45 13 -4391.7
45 14 -4450.0
45 15 -3963.13
45 16 -3540.0
45 17 -3820.0
45 18 -4090.0
45 19 -2841.58
45 20 1216.23
45 22 -1540.0
45 23 1353.13
45 24 617.925
45 25 -4380.49
45 26 -980.0
45 27 -2673.58
45 28 -4745.58
45 29 -2780.0
45 31 308.906
45 32 -4160.0
45 33 -4720.0
45 34 -2580.0
45 35 265.887
45 36 -1307.85
45 37 -2630.0
45 38 -2700.0
45 39 -3219.47
45 40 -2770.0
45 41 -3100.11
45 43 -620.415
45 44 -5760.0
45 46 -4788.42
45 47 -2283.13
45 48 -2907.92
45 49 -5511.28
45 50 -637.925
45 51 -5690.0
46 52 13371.1
46 2 -1572.98
46 3 -480.0
46 4 -5643.36
46 6 -5550.0
46 7 -2560.0
46 8 -3969.58
46 9 -5284.04
46 10 -2850.0
46 11 6448.3
46 13 -8211.7
46 14 -420.0
46 15 -9033.13
46 16 -7490.0
46 17 -8820.0
46 18 -2360.0
46 19 -1451.58
46 20 -2253.77
46 22 -1890.0
46 23 -3786.87
46 24 -4382.08
46 25 199.509
46 26 -5700.0
46 27 -2533.58
46 28 -1475.58
46 29 -2710.0
46 31 -3931.09
46 32 -8050.0
46 33 -6800.0
46 34 -7640.0
46 35 -2304.11
46 36 -57.8491
46 37 -3540.0
46 38 -3880.0
46 39 -6619.47
46 40 -4370.0
46 41 789.887
46 43 -5760.42
46 44 -7490.0
46 45 -3880.0
46 47 -7003.13
46 48 -4017.92
46 49 -7181.28
46 50 -5707.92
46 51 -10480.0
47 52 15871.1
47 2 -2122.98
47 3 -7980.0
47 4 -5233.36
47 6 -6660.0
47 7 -5480.0
47 8 -3129.58
47 9 -6884.04
47 10 -5070.0
47 11 268.302
47 13 -5501.7
47 14 -6950.0
47 15 -2643.13
47 16 -1590.0
47 17 -1250.0
47 18 -7150.0
47 19 -5341.58
47 20 3506.23
47 22 -4460.0
47 23 2883.13
47 24 1657.92
47 25 -6810.49
47 26 -1670.0
47 27 -5103.58
47 28 -7725.58
47 29 -5770.0
47 31 -2051.09
47 32 -5550.0
47 33 -7150.0
47 34 130.0
47 35 -224.113
47 36 -4157.85
47 37 -4440.0
47 38 -5760.0
47 39 -2179.47
47 40 -4020.0
47 41 -5810.11
47 43 -2420.42
47 44 -8190.0
47 45 -1870.0
47 46 -7498.42
47 48 -5827.92
47 49 -7871.28
47 50 -917.925
47 51 -5410.0
48 52 15731.1
48 2 3427.02
48 3 -4790.0
48 4 -1063.36
48 6 -550.0
48 7 -4230.0
48 8 -2159.58
48 9 -564.038
48 10 -4590.0
48 11 1858.3
48 13 -3561.7
48 14 -4930.0
48 15 -6393.13
48 16 -7560.0
48 17 -7150.0
48 18 -2770.0
48 19 -4021.58
48 20 -2743.77
48 22 2140.0
48 23 -1356.87
48 24 -702.075
48 25 -4860.49
48 26 -2300.0
48 27 -4483.58
48 28 -3765.58
48 29 340.0
48 31 -1081.09
48 32 -3610.0
48 33 -1730.0
48 34 -5910.0
48 35 -3344.11
48 36 -1787.85
48 37 -5270.0
48 38 -1800.0
48 39 -7109.47
48 40 -5900.0
48 41 -3170.11
48 43 -3950.42
48 44 -2430.0
48 45 -2700.0
48 46 -4718.42
48 47 -6033.13
48 49 -2181.28
48 50 -3687.92
48 51 -6590.0
49 21 -1940.0
50 52 17751.1
50 2 97.0189
50 3 -7010.0
50 4 -3143.36
50 6 -4580.0
50 7 -4650.0
50 8 -1469.58
50 9 -4734.04
50 10 -4450.0
50 11 748.302
50 13 -3491.7
50 14 -6320.0
50 15 -2023.13
50 16 -3400.0
50 17 -2290.0
50 18 -5760.0
50 19 -4711.58
50 20 1426.23
50 22 -2580.0
50 23 3223.13
50 24 2357.92
50 25 -6250.49
50 26 270.0
50 27 -4483.58
50 28 -6475.58
50 29 -4030.0
50 31 28.9057
50 32 -3470.0
50 33 -5060.0
50 34 -1050.0
50 35 -774.113
50 36 -3177.85
50 37 -4230.0
50 38 -4090.0
50 39 -3499.47
50 40 -4160.0
50 41 -4970.11
50 43 -620.415
50 44 -6040.0
50 45 -620.0
50 46 -6598.42
50 47 -1313.13
50 48 -3877.92
50 49 -5721.28
50 51 -4160.0
51 52 14551.1
51 2 587.019
51 3 -10340.0
51 4 -4193.36
51 6 -5760.0
51 7 -8330.0
51 8 -4799.58
51 9 -4874.04
51 10 -8270.0
51 11 -2931.7
51 13 -1681.7
51 14 -9930.0
51 15 -2503.13
51 16 -6940.0
51 17 -4030.0
51 18 -8670.0
51 19 -8391.58
51 20 -1703.77
51 22 -4390.0
51 23 2323.13
51 24 5757.92
51 25 -9930.49
51 26 -490.0
51 27 -8233.58
51 28 -9535.58
51 29 -6110.0
51 31 -2681.09
51 32 -3050.0
51 33 -5480.0
51 34 -2370.0
51 35 -4804.11
51 36 -6517.85
51 37 -8190.0
51 38 -6800.0
51 39 -7379.47
51 40 -8190.0
51 41 -8440.11
51 43 -4440.42
51 44 -6040.0
51 45 -4370.0
51 46 -10068.4
51 47 -4503.13
51 48 -5477.92
51 49 -5371.28
51 50 -2857.92
52 2 0
52 3 0
52 4 0
52 5 0
52 6 0
52 7 0
52 8 0
52 9 0
52 10 0
52 11 0
52 12 0
52 13 0
52 14 0
52 15 0
52 16 0
52 17 0
52 18 0
52 19 0
52 20 0
52 21 0
52 22 0
52 23 0
52 24 0
52 25 0
52 26 0
52 27 0
52 28 0
52 29 0
52 30 0
52 31 0
52 32 0
52 33 0
52 34 0
52 35 0
52 36 0
52 37 0
52 38 0
52 39 0
52 40 0
52 41 0
52 42 0
52 43 0
52 44 0
52 45 0
52 46 0
52 47 0
52 48 0
52 49 0
52 50 0
52 51 0
2 1 0
3 1 0
4 1 0
5 1 0
6 1 0
7 1 0
8 1 0
9 1 0
10 1 0
11 1 0
12 1 0
13 1 0
14 1 0
15 1 0
16 1 0
17 1 0
18 1 0
19 1 0
20 1 0
21 1 0
22 1 0
23 1 0
24 1 0
25 1 0
26 1 0
27 1 0
28 1 0
29 1 0
30 1 0
31 1 0
32 1 0
33 1 0
34 1 0
35 1 0
36 1 0
37 1 0
38 1 0
39 1 0
40 1 0
41 1 0
42 1 0
43 1 0
44 1 0
45 1 0
46 1 0
47 1 0
48 1 0
49 1 0
50 1 0
51 1 0
52 1 0
