52 2222
1
2
3
4
5
6
7
8
9
10
11
12
13
14
15
16
17
18
19
20
21
22
23
24
25
26
27
28
29
30
31
32
33
34
35
36
37
38
39
40
41
42
43
44
45
46
47
48
49
50
51
52
1 52 -0.0
1 2 -18670.4
1 3 -22216.3
1 4 -19631.1
1 5 -26530.0
1 6 -22041.2
1 7 -22468.4
1 8 -19717.2
1 9 -24199.7
1 10 -24660.0
1 11 -22821.5
1 12 -20350.0
1 13 -21808.7
1 14 -19973.7
1 15 -22701.6
1 16 -24030.0
1 17 -20786.8
1 18 -22020.0
1 19 -26050.0
1 20 -21787.2
1 22 -24084.4
1 23 -19240.0
1 25 -22334.1
1 26 -22990.5
1 27 -23404.1
1 28 -24651.8
1 29 -25297.0
1 30 -23890.0
1 31 -22093.8
1 32 -24307.6
1 33 -24975.0
1 34 -20623.8
1 35 -23073.5
1 37 -23750.0
1 39 -19920.0
1 40 -21460.0
1 41 -25490.0
1 42 -22373.6
1 43 -20881.4
1 45 -23680.0
1 46 -21172.6
1 47 -23145.6
1 48 -22780.0
1 49 -26005.4
1 50 -21903.0
1 51 -21410.0
2 52 17256.5
2 3 -3326.34
2 4 -601.056
2 5 -7420.0
2 6 -2941.21
2 7 -1548.38
2 8 -337.202
2 9 -3569.68
2 10 -3890.0
2 11 -2041.54
2 12 -1110.0
2 13 -1308.7
2 14 -173.745
2 15 -3801.57
2 16 -3950.0
2 17 -1536.81
2 18 -2560.0
2 19 -6940.0
2 20 -1917.23
2 21 -2140.0
2 22 -3104.39
2 23 1610.0
2 25 -2884.12
2 26 -2290.52
2 27 -2634.07
2 28 -4161.82
2 29 -6116.98
2 30 -4990.0
2 31 -1243.83
2 32 -5197.62
2 33 -5664.97
2 34 -683.827
2 35 -2853.55
2 37 -4370.0
2 39 -550.0
2 40 -1240.0
2 41 -6450.0
2 42 -1393.6
2 43 -111.399
2 45 -4580.0
2 46 -2132.6
2 47 -2095.6
2 48 -1930.0
2 49 -6765.35
2 50 -2653.01
2 51 -2020.0
3 52 14626.5
3 2 -2350.37
3 4 -1291.06
3 5 -5200.0
3 6 -1201.21
3 7 -6208.38
3 8 -2697.2
3 9 -7529.68
3 10 -8130.0
3 11 -6421.54
3 12 -2780.0
3 13 -4918.7
3 14 -1633.75
3 15 -51.5704
3 16 -5970.0
3 17 -1956.81
3 18 -4160.0
3 19 -4020.0
3 20 -3307.23
3 21 -3880.0
3 22 -7754.39
3 23 -2910.0
3 25 -3024.12
3 26 -6180.52
3 27 -6934.07
3 28 -7561.82
3 29 -3336.98
3 30 -1180.0
3 31 -5553.83
3 32 -2007.62
3 33 -4274.97
3 34 -3253.83
3 35 -5633.55
3 37 -4230.0
3 39 -3600.0
3 40 -3810.0
3 41 -3120.0
3 42 -6043.6
3 43 -4411.4
3 45 -1940.0
3 46 -952.599
3 47 -6815.6
3 48 -6520.0
3 49 -5095.35
3 50 -1823.01
3 51 -3130.0
4 52 17256.5
4 2 359.63
4 3 -1306.34
4 5 -6240.0
4 6 -1061.21
4 7 -3498.38
4 8 -407.202
4 9 -5299.68
4 10 -5700.0
4 11 -3921.54
4 12 -760.0
4 13 -2768.7
4 14 106.255
4 15 -2061.57
4 16 -4160.0
4 17 -216.814
4 18 -2560.0
4 19 -5270.0
4 20 -1707.23
4 21 -2000.0
4 22 -5184.39
4 23 -340.0
4 25 -1774.12
4 26 -3680.52
4 27 -4504.07
4 28 -5481.82
4 29 -4446.98
4 30 -2910.0
4 31 -2913.83
4 32 -3397.62
4 33 -4824.97
4 34 -1313.83
4 35 -3893.55
4 37 -3810.0
4 39 -960.0
4 40 -1660.0
4 41 -4580.0
4 42 -3403.6
4 43 -1911.4
4 45 -2700.0
4 46 -322.599
4 47 -4115.6
4 48 -3880.0
4 49 -5795.35
4 50 -1203.01
4 51 -1740.0
5 44 5058.19
6 52 15596.5
6 2 -1170.37
6 3 -406.345
6 4 -251.056
6 5 -6590.0
6 7 -5028.38
6 8 -2077.2
6 9 -6969.68
6 10 -7430.0
6 11 -5581.54
6 12 -2360.0
6 13 -4438.7
6 14 106.255
6 15 -1721.57
6 16 -4230.0
6 17 -356.814
6 18 -4090.0
6 19 -3540.0
6 20 -1567.23
6 21 -2140.0
6 22 -6714.39
6 23 -2000.0
6 25 -1284.12
6 26 -4580.52
6 27 -6174.07
6 28 -7211.82
6 29 -2786.98
6 30 -1450.0
6 31 -4023.83
6 32 -1727.62
6 33 -5384.97
6 34 -2913.83
6 35 -5493.55
6 37 -4860.0
6 39 -2560.0
6 40 -2070.0
6 41 -2910.0
6 42 -4793.6
6 43 -3581.4
6 45 -970.0
6 46 717.401
6 47 -5495.6
6 48 -5480.0
6 49 -6415.35
6 50 -93.0054
6 51 -3200.0
7 52 14756.5
7 2 -190.37
7 3 -5826.34
7 4 -3101.06
7 5 -9230.0
7 6 -5441.21
7 8 -2627.2
7 9 -2249.68
7 10 -2160.0
7 11 -31.5433
7 12 -3400.0
7 13 -618.7
7 14 -1913.75
7 15 -6231.57
7 16 -4860.0
7 17 -3766.81
7 18 -4300.0
7 19 -9160.0
7 20 -3577.23
7 21 -3810.0
7 22 -944.386
7 23 1610.0
7 25 -5034.12
7 26 -1800.52
7 27 -894.07
7 28 -3671.82
7 29 -8336.98
7 30 -7420.0
7 31 -553.827
7 32 -7357.62
7 33 -7534.97
7 34 -1863.83
7 35 -2783.55
7 37 -6040.0
7 39 -3050.0
7 40 -2280.0
7 41 -8810.0
7 42 826.399
7 43 168.601
7 45 -6940.0
7 46 -4562.6
7 47 -15.5957
7 48 -270.0
7 49 -8635.35
7 50 -4883.01
7 51 -3900.0
8 52 17536.5
8 2 989.63
8 3 -2346.34
8 4 -41.056
8 5 -5970.0
8 6 -2521.21
8 7 -2658.38
8 9 -3849.68
8 10 -4380.0
8 11 -2671.54
8 12 210.0
8 13 -1378.7
8 14 -803.745
8 15 -2551.57
8 16 -4790.0
8 17 -1536.81
8 18 -1380.0
8 19 -6660.0
8 20 -2607.23
8 21 -2770.0
8 22 -4004.39
8 23 770.0
8 25 -3024.12
8 26 -3610.52
8 27 -3184.07
8 28 -4091.82
8 29 -5906.98
8 30 -4230.0
8 31 -2633.83
8 32 -4787.62
8 33 -4344.97
8 34 76.1733
8 35 -2503.55
8 37 -3050.0
8 39 -550.0
8 40 -2280.0
8 41 -5970.0
8 42 -2643.6
8 43 -661.399
8 45 -4160.0
8 46 -1712.6
8 47 -3415.6
8 48 -2770.0
8 49 -5445.35
8 50 -2523.01
8 51 -770.0
9 52 13096.5
9 2 -2140.37
9 3 -7076.34
9 4 -4831.06
9 5 -8670.0
9 6 -7311.21
9 7 -2178.38
9 8 -3747.2
9 10 -700.0
9 11 458.457
9 12 -4440.0
9 13 1741.3
9 14 -4613.75
9 15 -6851.57
9 16 -7910.0
9 17 -5916.81
9 18 -4510.0
9 19 -11380.0
9 20 -6287.23
9 21 -6520.0
9 22 -1644.39
9 23 -60.0
9 25 -7394.12
9 26 -4930.52
9 27 1255.93
9 28 -1171.82
9 29 -10557.0
9 30 -9090.0
9 31 -3743.83
9 32 -9577.62
9 33 -6914.97
9 34 -1733.83
9 35 -703.547
9 37 -5620.0
9 39 -4780.0
9 40 -5200.0
9 41 -10760.0
9 42 -2223.6
9 43 -591.399
9 45 -8880.0
9 46 -6502.6
9 47 -3135.6
9 48 -1930.0
9 49 -7805.35
9 50 -7103.01
9 51 -4040.0
10 52 13376.5
10 2 -1720.37
10 3 -6936.34
10 4 -4491.06
10 5 -9090.0
10 6 -7031.21
10 7 -1348.38
10 8 -3537.2
10 9 40.3249
10 11 1358.46
10 12 -4370.0
10 13 1051.3
10 14 -4063.75
10 15 -6921.57
10 16 -7150.0
10 17 -5566.81
10 18 -4580.0
10 19 -10970.0
10 20 -5667.23
10 21 -5960.0
10 22 -674.386
10 23 430.0
10 25 -6974.12
10 26 -4160.52
10 27 1395.93
10 28 -1871.82
10 29 -10147.0
10 30 -8880.0
10 31 -2913.83
10 32 -9227.62
10 33 -7394.97
10 34 -1863.83
10 35 -1393.55
10 37 -5900.0
10 39 -4440.0
10 40 -4570.0
10 41 -10480.0
10 42 -1393.6
10 43 -181.399
10 45 -8540.0
10 46 -6092.6
10 47 -2305.6
10 48 -1170.0
10 49 -8225.35
10 50 -6683.01
10 51 -4170.0
11 52 13506.5
11 2 -1580.37
11 3 -6936.34
11 4 -4421.06
11 5 -9370.0
11 6 -6891.21
11 7 -928.375
11 8 -3537.2
11 9 -509.675
11 10 -350.0
11 12 -4370.0
11 13 631.3
11 14 -3783.75
11 15 -7061.57
11 16 -6800.0
11 17 -5426.81
11 18 -4720.0
11 19 -10830.0
11 20 -5387.23
11 21 -5680.0
11 22 -254.386
11 23 570.0
11 25 -6704.12
11 26 -3750.52
11 27 1045.93
11 28 -2351.82
11 29 -10007.0
11 30 -8810.0
11 31 -2493.83
11 32 -9087.62
11 33 -7604.97
11 34 -2073.83
11 35 -1813.55
11 37 -6240.0
11 39 -4370.0
11 40 -4160.0
11 41 -10340.0
11 42 -843.601
11 43 -181.399
11 45 -8470.0
11 46 -6022.6
11 47 -1885.6
11 48 -960.0
11 49 -8635.35
11 50 -6543.01
11 51 -4310.0
12 52 17326.5
12 2 639.63
12 3 -2006.34
12 4 28.944
12 5 -5620.0
12 6 -2381.21
12 7 -3008.38
12 8 632.798
12 9 -4119.68
12 10 -4790.0
12 11 -3081.54
12 13 -1518.7
12 14 -1003.75
12 15 -2201.57
12 16 -5060.0
12 17 -1536.81
12 18 -1180.0
12 19 -6520.0
12 20 -2747.23
12 21 -2910.0
12 22 -4354.39
12 23 360.0
12 25 -3094.12
12 26 -4020.52
12 27 -3464.07
12 28 -4231.82
12 29 -5766.98
12 30 -4020.0
12 31 -2983.83
12 32 -4647.62
12 33 -3994.97
12 34 6.17329
12 35 -2573.55
12 37 -2770.0
12 39 -760.0
12 40 -2490.0
12 41 -5830.0
12 42 -2993.6
12 43 -1011.4
12 45 -3950.0
12 46 -1642.6
12 47 -3765.6
12 48 -3180.0
12 49 -5095.35
12 50 -2523.01
12 51 -560.0
13 52 13646.5
13 2 -1720.37
13 3 -6306.34
13 4 -4141.06
13 5 -7560.0
13 6 -6621.21
13 7 -2388.38
13 8 -3117.2
13 9 -99.6751
13 10 -1530.0
13 11 -241.543
13 12 -3680.0
13 14 -4273.75
13 15 -5881.57
13 16 -7770.0
13 17 -5426.81
13 18 -3610.0
13 19 -10760.0
13 20 -6077.23
13 21 -6240.0
13 22 -2264.39
13 23 150.0
13 25 -6974.12
13 26 -5200.52
13 27 215.93
13 28 -201.823
13 29 -9936.98
13 30 -8330.0
13 31 -3883.83
13 32 -8947.62
13 33 -5934.97
13 34 -893.827
13 35 276.453
13 37 -4580.0
13 39 -4230.0
13 40 -5130.0
13 41 -10130.0
13 42 -2573.6
13 43 -251.399
13 45 -8260.0
13 46 -5812.6
13 47 -3485.6
13 48 -2070.0
13 49 -6765.35
13 50 -6613.01
13 51 -3130.0
14 52 15526.5
14 2 -540.37
14 3 -2976.34
14 4 -1221.06
14 5 -8810.0
14 6 -2031.21
14 7 -3638.38
14 8 -2497.2
14 9 -6409.68
14 10 -6600.0
14 11 -4611.54
14 12 -3120.0
14 13 -4228.7
14 15 -4221.57
14 16 -1660.0
14 17 -496.814
14 18 -4860.0
14 19 -4650.0
14 20 932.771
14 21 290.0
14 22 -5534.39
14 23 -1170.0
14 25 -664.125
14 26 -2220.52
14 27 -5404.07
14 28 -7141.82
14 29 -3826.98
14 30 -3880.0
14 31 -2013.83
14 32 -2977.62
14 33 -7394.97
14 34 -3393.83
14 35 -5703.55
14 37 -6380.0
14 39 -2490.0
14 40 430.0
14 41 -4510.0
14 42 -3063.6
14 43 -3021.4
14 45 -3120.0
14 46 -1162.6
14 47 -3765.6
14 48 -4500.0
14 49 -8365.35
14 50 -713.005
14 51 -4240.0
15 52 13786.5
15 2 -3180.37
15 3 -406.345
15 4 -2401.06
15 5 -3400.0
15 6 -2871.21
15 7 -6968.38
15 8 -3257.2
15 9 -7659.68
15 10 -8470.0
15 11 -6901.54
15 12 -3330.0
15 13 -4848.7
15 14 -3233.75
15 16 -7630.0
15 17 -3486.81
15 18 -4160.0
15 19 -5620.0
15 20 -4967.23
15 21 -5410.0
15 22 -8304.39
15 23 -3530.0
15 25 -4684.12
15 26 -7430.52
15 27 -7074.07
15 28 -7421.82
15 29 -4936.98
15 30 -2980.0
15 31 -6663.83
15 32 -3467.62
15 33 -2814.97
15 34 -3253.83
15 35 -5353.55
15 37 -3470.0
15 39 -4440.0
15 40 -5270.0
15 41 -4650.0
15 42 -6883.6
15 43 -4831.4
15 45 -3810.0
15 46 -2612.6
15 47 -7655.6
15 48 -7070.0
15 49 -3435.35
15 50 -3563.01
15 51 -3060.0
16 24 -736.877
17 52 16426.5
17 2 -190.37
17 3 -1586.34
17 4 168.944
17 5 -7290.0
17 6 -781.209
17 7 -3778.38
17 8 -1517.2
17 9 -5999.68
17 10 -6390.0
17 11 -4541.54
17 12 -1940.0
17 13 -3668.7
17 14 1216.25
17 15 -2761.57
17 16 -3120.0
17 18 -3740.0
17 19 -4440.0
17 20 -527.229
17 21 -960.0
17 22 -5604.39
17 23 -890.0
17 25 -594.125
17 26 -3190.52
17 27 -5134.07
17 28 -6451.82
17 29 -3616.98
17 30 -2770.0
17 31 -2703.83
17 32 -2567.62
17 33 -5934.97
17 34 -2423.83
17 35 -4933.55
17 37 -5060.0
17 39 -1660.0
17 40 -890.0
17 41 -3950.0
17 42 -3473.6
17 43 -2611.4
17 45 -2150.0
17 46 157.401
17 47 -4245.6
17 48 -4430.0
17 49 -6905.35
17 50 -93.0054
17 51 -2990.0
18 52 16286.5
18 2 -120.37
18 3 -2696.34
18 4 -1081.06
18 5 -5060.0
18 6 -3421.21
18 7 -3218.38
18 8 -267.202
18 9 -3499.68
18 10 -4310.0
18 11 -2741.54
18 12 -490.0
18 13 -758.7
18 14 -2053.75
18 15 -2341.57
18 16 -6110.0
18 17 -2646.81
18 19 -7560.0
18 20 -3857.23
18 21 -4090.0
18 22 -4284.39
18 23 220.0
18 25 -4204.12
18 26 -4720.52
18 27 -3044.07
18 28 -3461.82
18 29 -6806.98
18 30 -4860.0
18 31 -3673.83
18 32 -5687.62
18 33 -3304.97
18 34 906.173
18 35 -1603.55
18 37 -1870.0
18 39 -1800.0
18 40 -3530.0
18 41 -6800.0
18 42 -3273.6
18 43 -801.399
18 45 -4990.0
18 46 -2682.6
18 47 -4115.6
18 48 -3180.0
18 49 -4405.35
18 50 -3633.01
18 51 340.0
19 36 6096.98
20 52 15036.5
20 2 -960.37
20 3 -3326.34
20 4 -1711.06
20 5 -9230.0
20 6 -2381.21
20 7 -3978.38
20 8 -2977.2
20 9 -6759.68
20 10 -6880.0
20 11 -4891.54
20 12 -3540.0
20 13 -4708.7
20 14 2256.25
20 15 -4631.57
20 16 -1310.0
20 17 -916.814
20 18 -5340.0
20 19 -4580.0
20 21 -130.0
20 22 -5874.39
20 23 -1520.0
20 25 -1004.12
20 26 -2220.52
20 27 -5684.07
20 28 -7561.82
20 29 -3756.98
20 30 -4160.0
20 31 -2153.83
20 32 -2907.62
20 33 -7814.97
20 34 -3813.83
20 35 -6183.55
20 37 -6870.0
20 39 -2980.0
20 40 500.0
20 41 -4580.0
20 42 -3273.6
20 43 -3441.4
20 45 -3260.0
20 46 -1502.6
20 47 -3975.6
20 48 -4780.0
20 49 -8915.35
20 50 -923.005
20 51 -4660.0
21 52 15666.5
21 2 -330.37
21 3 -3046.34
21 4 -1151.06
21 5 -8740.0
21 6 -2101.21
21 7 -3358.38
21 8 -2287.2
21 9 -6139.68
21 10 -6320.0
21 11 -4331.54
21 12 -2850.0
21 13 -4018.7
21 14 2466.25
21 15 -4221.57
21 16 -1660.0
21 17 -496.814
21 18 -4720.0
21 19 -4860.0
21 20 722.771
21 22 -5324.39
21 23 -890.0
21 25 -864.125
21 26 -2010.52
21 27 -5064.07
21 28 -6871.82
21 29 -4106.98
21 30 -4020.0
21 31 -1803.83
21 32 -3187.62
21 33 -7324.97
21 34 -3183.83
21 35 -5493.55
21 37 -6240.0
21 39 -2350.0
21 40 630.0
21 41 -4720.0
21 42 -2853.6
21 43 -2751.4
21 45 -3260.0
21 46 -1162.6
21 47 -3555.6
21 48 -4160.0
21 49 -8295.35
21 50 -923.005
21 51 -4040.0
22 52 13716.5
22 2 -1170.37
22 3 -6796.34
22 4 -4211.06
22 5 -9510.0
22 6 -6551.21
22 7 -368.375
22 8 -3397.2
22 9 -1139.68
22 10 -910.0
22 11 1218.46
22 12 -4170.0
22 13 81.2996
22 14 -3233.75
22 15 -6991.57
22 16 -6240.0
22 17 -5016.81
22 18 -4790.0
22 19 -10480.0
22 20 -4897.23
22 21 -5200.0
22 23 840.0
22 25 -6284.12
22 26 -3120.52
22 27 355.93
22 28 -2911.82
22 29 -9656.98
22 30 -8470.0
22 31 -1873.83
22 32 -8677.62
22 33 -7814.97
22 34 -2143.83
22 35 -2293.55
22 37 -6380.0
22 39 -4090.0
22 40 -3670.0
22 41 -10060.0
22 42 -213.601
22 43 -111.399
22 45 -8120.0
22 46 -5742.6
22 47 -1195.6
22 48 -550.0
22 49 -8775.35
22 50 -6133.01
22 51 -4380.0
23 52 15936.5
24 38 -1590.0
25 52 15526.5
25 2 -890.37
25 3 -2006.34
25 4 -741.056
25 5 -8050.0
25 6 -1061.21
25 7 -4398.38
25 8 -2357.2
25 9 -6829.68
25 10 -7150.0
25 11 -5171.54
25 12 -2850.0
25 13 -4568.7
25 14 1696.25
25 15 -3311.57
25 16 -2630.0
25 17 53.1859
25 18 -4650.0
25 19 -3810.0
25 20 32.7708
25 21 -680.0
25 22 -6224.39
25 23 -1590.0
25 26 -3260.52
25 27 -5894.07
25 28 -7351.82
25 29 -2926.98
25 30 -2840.0
25 31 -2983.83
25 32 -2007.62
25 33 -6774.97
25 34 -3393.83
25 35 -5903.55
25 37 -5900.0
25 39 -2560.0
25 40 -550.0
25 41 -3470.0
25 42 -3893.6
25 43 -3441.4
25 45 -2010.0
25 46 -252.599
25 47 -4665.6
25 48 -5060.0
25 49 -7805.35
25 50 326.995
25 51 -3900.0
26 52 14276.5
26 2 -890.37
26 3 -5756.34
26 4 -3241.06
26 5 -10550.0
26 6 -4951.21
26 7 -1758.38
26 8 -3537.2
26 9 -4959.68
26 10 -4930.0
26 11 -2811.54
26 12 -4370.0
26 13 -3388.7
26 14 -453.745
26 15 -6651.57
26 16 -2560.0
26 17 -3136.81
26 18 -5760.0
26 19 -7840.0
26 20 -1777.23
26 21 -2420.0
26 22 -3654.39
26 23 -340.0
26 25 -3854.12
26 27 -3674.07
26 28 -6311.82
26 29 -7016.98
26 30 -6870.0
26 31 346.173
26 32 -6037.62
26 33 -8994.97
26 34 -3743.83
26 35 -5353.55
26 37 -7630.0
26 39 -3600.0
26 40 -270.0
26 41 -7700.0
26 42 -773.601
26 43 -2261.4
26 45 -6240.0
26 46 -4002.6
26 47 -1475.6
26 48 -2980.0
26 49 -10025.4
26 50 -3903.01
26 51 -5220.0
27 52 12816.5
27 2 -2280.37
27 3 -7556.34
27 4 -5111.06
27 5 -9370.0
27 6 -7591.21
27 7 -1898.38
27 8 -4157.2
27 9 180.325
27 10 -420.0
27 11 938.457
27 12 -4860.0
27 13 981.3
27 14 -4683.75
27 15 -7341.57
27 16 -7770.0
27 17 -6126.81
27 18 -5130.0
27 19 -11590.0
27 20 -6287.23
27 21 -6520.0
27 22 -1224.39
27 23 -200.0
27 25 -7534.12
27 26 -4720.52
27 28 -1941.82
27 29 -10767.0
27 30 -9440.0
27 31 -3403.83
27 32 -9787.62
27 33 -7674.97
27 34 -2283.83
27 35 -1463.55
27 37 -6310.0
27 39 -5060.0
27 40 -5130.0
27 41 -11100.0
27 42 -1883.6
27 43 -801.399
27 45 -9160.0
27 46 -6712.6
27 47 -2795.6
27 48 -1800.0
27 49 -8565.35
27 50 -7313.01
27 51 -4590.0
28 52 13376.5
28 2 -2000.37
28 3 -6376.34
28 4 -4281.06
28 5 -7290.0
28 6 -6821.21
28 7 -2868.38
28 8 -3257.2
28 9 -439.675
28 10 -1880.0
28 11 -651.543
28 12 -3820.0
28 13 2371.3
28 14 -4613.75
28 15 -5881.57
28 16 -8120.0
28 17 -5636.81
28 18 -3740.0
28 19 -10970.0
28 20 -6357.23
28 21 -6520.0
28 22 -2684.39
28 23 -200.0
28 25 -7184.12
28 26 -5550.52
28 27 -134.07
28 29 -10147.0
28 30 -8470.0
28 31 -4233.83
28 32 -9157.62
28 33 -5664.97
28 34 -893.827
28 35 686.453
28 37 -4440.0
28 39 -4440.0
28 40 -5410.0
28 41 -10270.0
28 42 -2993.6
28 43 -661.399
28 45 -8400.0
28 46 -6022.6
28 47 -3905.6
28 48 -2490.0
28 49 -6555.35
28 50 -6823.01
28 51 -3200.0
29 52 12396.5
29 2 -4290.37
29 3 -2486.34
29 4 -3581.06
29 5 -8880.0
29 6 -2731.21
29 7 -7868.38
29 8 -5407.2
29 9 -10159.7
29 10 -10490.0
29 11 -8641.54
29 12 -5690.0
29 13 -7698.7
29 14 -1633.75
29 15 -3731.57
29 16 -5340.0
29 17 -3136.81
29 18 -7420.0
29 19 -270.0
29 20 -2887.23
29 21 -4090.0
29 22 -9764.39
29 23 -4990.0
29 25 -3094.12
29 26 -6590.52
29 27 -9294.07
29 28 -10481.8
29 30 -2770.0
29 31 -6453.83
29 32 1462.38
29 33 -8094.97
29 34 -6243.83
29 35 -8823.55
29 37 -7980.0
29 39 -5690.0
29 40 -3810.0
29 41 -970.0
29 42 -7433.6
29 43 -6771.4
29 45 -2430.0
29 46 -2412.6
29 47 -8135.6
29 48 -8530.0
29 49 -8915.35
29 50 -1963.01
29 51 -6400.0
30 52 14416.5
30 2 -2550.37
30 3 283.655
30 4 -1431.06
30 5 -6310.0
30 6 -781.209
30 7 -6338.38
30 8 -3117.2
30 9 -8079.68
30 10 -8610.0
30 11 -6831.54
30 12 -3330.0
30 13 -5478.7
30 14 -1073.75
30 15 -1161.57
30 16 -5340.0
30 17 -1676.81
30 18 -4860.0
30 19 -2910.0
30 20 -2677.23
30 21 -3390.0
30 22 -7964.39
30 23 -3250.0
30 25 -2394.12
30 26 -5830.52
30 27 -7354.07
30 28 -8191.82
30 29 -2156.98
30 31 -5413.83
30 32 -967.617
30 33 -5384.97
30 34 -3883.83
30 35 -6393.55
30 37 -5270.0
30 39 -3810.0
30 40 -3320.0
30 41 -2010.0
30 42 -6113.6
30 43 -4761.4
30 45 -900.0
30 46 -602.599
30 47 -6815.6
30 48 -6790.0
30 49 -6275.35
30 50 -1063.01
30 51 -3900.0
31 52 14826.5
31 2 -190.37
31 3 -5476.34
31 4 -2821.06
31 5 -9920.0
31 6 -4741.21
31 7 -858.375
31 8 -2907.2
31 9 -4119.68
31 10 -4030.0
31 11 -1901.54
31 12 -3680.0
31 13 -2418.7
31 14 -593.745
31 15 -6231.57
31 16 -3120.0
31 17 -2996.81
31 18 -5060.0
31 19 -7980.0
31 20 -2057.23
31 21 -2560.0
31 22 -2754.39
31 23 570.0
31 25 -3924.12
31 26 -0.523466
31 27 -2704.07
31 28 -5341.82
31 29 -7226.98
31 30 -6800.0
31 32 -6247.62
31 33 -8234.97
31 34 -2843.83
31 35 -4383.55
31 37 -6800.0
31 39 -2980.0
31 40 -620.0
31 41 -7840.0
31 42 66.3989
31 43 -1291.4
31 45 -6110.0
31 46 -3862.6
31 47 -705.596
31 48 -2070.0
31 49 -9335.35
31 50 -3903.01
31 51 -4520.0
32 52 11776.5
32 2 -4980.37
32 3 -2766.34
32 4 -4141.06
32 5 -9090.0
32 6 -3281.21
32 7 -8498.38
32 8 -5897.2
32 9 -10789.7
32 10 -11180.0
32 11 -9331.54
32 12 -6180.0
32 13 -8318.7
32 14 -2393.75
32 15 -3871.57
32 16 -6040.0
32 17 -3696.81
32 18 -7910.0
32 19 -550.0
32 20 -3647.23
32 21 -4780.0
32 22 -10394.4
32 23 -5680.0
32 25 -3784.12
32 26 -7220.52
32 27 -9924.07
32 28 -11101.8
32 29 -146.977
32 30 -3190.0
32 31 -7083.83
32 33 -8434.97
32 34 -6793.83
32 35 -9313.55
32 37 -8330.0
32 39 -6380.0
32 40 -4500.0
32 41 -1180.0
32 42 -8063.6
32 43 -7401.4
32 45 -2980.0
32 46 -3032.6
32 47 -8835.6
32 48 -9160.0
32 49 -9125.35
32 50 -2653.01
32 51 -6950.0
33 52 13026.5
33 2 -3530.37
33 3 -3116.34
33 4 -3651.06
33 5 -1520.0
33 6 -5021.21
33 7 -6758.38
33 8 -3537.2
33 9 -6209.68
33 10 -7430.0
33 11 -5931.54
33 12 -3610.0
33 13 -3388.7
33 14 -4893.75
33 15 -1301.57
33 16 -9160.0
33 17 -5146.81
33 18 -3610.0
33 19 -8470.0
33 20 -6637.23
33 21 -7000.0
33 22 -7614.39
33 23 -3320.0
33 25 -6634.12
33 26 -8260.52
33 27 -5894.07
33 28 -5691.82
33 29 -7786.98
33 30 -5690.0
33 31 -7153.83
33 32 -6517.62
33 34 -2353.83
33 35 -3613.55
33 37 -1870.0
33 39 -5060.0
33 40 -6660.0
33 41 -7630.0
33 42 -6883.6
33 43 -4271.4
33 45 -6310.0
33 46 -4632.6
33 47 -7655.6
33 48 -6590.0
33 49 -795.352
33 50 -5713.01
33 51 -2440.0
34 52 15806.5
34 2 -120.37
34 3 -3666.34
34 4 -1711.06
34 5 -5620.0
34 6 -4121.21
34 7 -2658.38
34 8 -687.202
34 9 -2599.68
34 10 -3470.0
34 11 -1971.54
34 12 -1180.0
34 13 81.2996
34 14 -2463.75
34 15 -3311.57
34 16 -6380.0
34 17 -3206.81
34 18 -970.0
34 19 -8330.0
34 20 -4207.23
34 21 -4430.0
34 22 -3514.39
34 23 770.0
34 25 -4824.12
34 26 -4580.52
34 27 -2074.07
34 28 -2491.82
34 29 -7506.98
34 30 -5760.0
34 31 -3333.83
34 32 -6447.62
34 33 -3924.97
34 35 -773.547
34 37 -2430.0
34 39 -2080.0
34 40 -3670.0
34 41 -7630.0
34 42 -2783.6
34 43 -41.3989
34 45 -5760.0
34 46 -3382.6
34 47 -3625.6
34 48 -2490.0
34 49 -4955.35
34 50 -4323.01
34 51 -560.0
35 52 13646.5
35 2 -2000.37
35 3 -5756.34
35 4 -4001.06
35 5 -6520.0
35 6 -6411.21
35 7 -3288.38
35 8 -2977.2
35 9 -1279.68
35 10 -2710.0
35 11 -1421.54
35 12 -3470.0
35 13 1541.3
35 14 -4483.75
35 15 -5121.57
35 16 -8190.0
35 17 -5426.81
35 18 -3190.0
35 19 -10620.0
35 20 -6287.23
35 21 -6450.0
35 22 -3374.39
35 23 -410.0
35 25 -7044.12
35 26 -5900.52
35 27 -964.07
35 28 -621.823
35 29 -9796.98
35 30 -7980.0
35 31 -4583.83
35 32 -8677.62
35 33 -4894.97
35 34 -483.827
35 37 -3610.0
35 39 -4300.0
35 40 -5480.0
35 41 -9920.0
35 42 -3543.6
35 43 -871.399
35 45 -8050.0
35 46 -5672.6
35 47 -4385.6
35 48 -2910.0
35 49 -5655.35
35 50 -6543.01
35 51 -2580.0
36 52 12956.5
36 2 -3530.37
36 3 -2626.34
36 4 -3101.06
36 5 -9160.0
36 6 -2381.21
36 7 -7038.38
36 8 -4857.2
36 9 -9469.68
36 10 -9860.0
36 11 -7941.54
36 12 -5210.0
36 13 -7208.7
36 14 -733.745
36 15 -3941.57
36 16 -4300.0
36 17 -2446.81
36 18 -6940.0
36 19 -1310.0
36 20 -1917.23
36 21 -3180.0
36 22 -8934.39
36 23 -4360.0
36 25 -2324.12
36 26 -5550.52
36 27 -8604.07
36 28 -9991.82
36 29 -496.977
36 30 -2910.0
36 31 -5483.83
36 32 422.383
36 33 -8164.97
36 34 -5823.83
36 35 -8403.55
36 37 -7840.0
36 39 -5130.0
36 40 -2770.0
36 41 -1730.0
36 42 -6533.6
36 43 -6081.4
36 45 -2220.0
36 46 -1992.6
36 47 -7235.6
36 48 -7770.0
36 49 -9055.35
36 50 -1273.01
36 51 -6120.0
37 52 14556.5
37 2 -1930.37
37 3 -2766.34
37 4 -2331.06
37 5 -3260.0
37 6 -4191.21
37 7 -4958.38
37 8 -1937.2
37 9 -4609.68
37 10 -5630.0
37 11 -4261.54
37 12 -2080.0
37 13 -1728.7
37 14 -3573.75
37 15 -1651.57
37 16 -7770.0
37 17 -3966.81
37 18 -1870.0
37 19 -8120.0
37 20 -5387.23
37 21 -5610.0
37 22 -5874.39
37 23 -1520.0
37 25 -5454.12
37 26 -6590.52
37 27 -4224.07
37 28 -4161.82
37 29 -7366.98
37 30 -5270.0
37 31 -5413.83
37 32 -6107.62
37 33 -1564.97
37 34 -553.827
37 35 -2023.55
37 39 -3530.0
37 40 -5200.0
37 41 -7220.0
37 42 -5073.6
37 43 -2401.4
37 45 -5620.0
37 46 -3662.6
37 47 -5915.6
37 48 -4850.0
37 49 -2595.35
37 50 -4743.01
37 51 -770.0
38 52 13306.5
38 2 -1860.37
38 3 -6446.34
38 4 -4071.06
38 5 -11520.0
38 6 -5571.21
38 7 -2658.38
38 8 -4507.2
38 9 -5859.68
38 10 -5700.0
38 11 -3571.54
38 12 -5210.0
38 13 -4228.7
38 14 -933.745
38 15 -7481.57
38 16 -2630.0
38 17 -3896.81
38 18 -6730.0
38 19 -8120.0
38 20 -2127.23
38 21 -2910.0
38 22 -4354.39
38 23 -1310.0
38 25 -4344.12
38 26 -0.523466
38 27 -4434.07
38 28 -7281.82
38 29 -7296.98
38 30 -7560.0
38 31 -553.827
38 32 -6317.62
38 33 -9894.97
38 34 -4713.83
38 35 -6323.55
38 37 -8540.0
38 39 -4510.0
38 41 -8120.0
38 42 -1533.6
38 43 -3231.4
38 45 -6730.0
38 46 -4632.6
38 47 -2305.6
38 48 -3880.0
38 49 -10995.4
38 50 -4393.01
38 51 -6260.0
39 52 18096.5
39 2 1539.63
39 3 -2486.34
39 4 168.944
39 5 -6730.0
39 6 -2241.21
39 7 -2318.38
39 8 212.798
39 9 -4119.68
39 10 -4520.0
39 11 -2741.54
39 12 -420.0
39 13 -1728.7
39 14 -33.7455
39 15 -2971.57
39 16 -4020.0
39 17 -916.814
39 18 -2150.0
39 19 -6310.0
39 20 -1847.23
39 21 -2070.0
39 22 -3934.39
39 23 910.0
39 25 -2464.12
39 26 -2910.52
39 27 -3324.07
39 28 -4511.82
39 29 -5426.98
39 30 -4160.0
39 31 -1943.83
39 32 -4507.62
39 33 -5104.97
39 34 -553.827
39 35 -3063.55
39 37 -3880.0
39 40 -1450.0
39 41 -5690.0
39 42 -2223.6
39 43 -801.399
39 45 -3880.0
39 46 -1432.6
39 47 -2995.6
39 48 -2700.0
39 49 -6205.35
39 50 -2033.01
39 51 -1540.0
40 52 15036.5
40 2 -610.37
40 3 -4156.34
40 4 -1991.06
40 5 -9650.0
40 6 -3211.21
40 7 -3008.38
40 8 -2977.2
40 9 -5999.68
40 10 -6110.0
40 11 -3991.54
40 12 -3610.0
40 13 -4088.7
40 14 1426.25
40 15 -5261.57
40 16 -900.0
40 17 -1606.81
40 18 -5340.0
40 19 -5760.0
40 20 172.771
40 21 -550.0
40 22 -4974.39
40 23 -890.0
40 25 -1914.12
40 26 -1040.52
40 27 -4854.07
40 28 -6941.82
40 29 -5006.98
40 30 -5130.0
40 31 -1043.83
40 32 -4087.62
40 33 -8164.97
40 34 -3603.83
40 35 -5703.55
40 37 -7010.0
40 39 -2910.0
40 41 -5690.0
40 42 -2293.6
40 43 -2751.4
40 45 -4370.0
40 46 -2342.6
40 47 -2995.6
40 48 -3950.0
40 49 -9195.35
40 50 -1963.01
40 51 -4730.0
41 52 12816.5
41 2 -4010.37
41 3 -1656.34
41 4 -3101.06
41 5 -8050.0
41 6 -2241.21
41 7 -7728.38
41 8 -4857.2
41 9 -9749.68
41 10 -10210.0
41 11 -8361.54
41 12 -5140.0
41 13 -7278.7
41 14 -1703.75
41 15 -2831.57
41 16 -5620.0
41 17 -2856.81
41 18 -6800.0
41 19 -1040.0
41 20 -3097.23
41 21 -4090.0
41 22 -9554.39
41 23 -4780.0
41 25 -3024.12
41 26 -6660.52
41 27 -9014.07
41 28 -9991.82
41 29 -356.977
41 30 -2010.0
41 31 -6453.83
41 32 1042.38
41 33 -7324.97
41 34 -5753.83
41 35 -8333.55
41 37 -7220.0
41 39 -5340.0
41 40 -3880.0
41 42 -7363.6
41 43 -6431.4
41 45 -1940.0
41 46 -1992.6
41 47 -8065.6
41 48 -8320.0
41 49 -8015.35
41 50 -1823.01
41 51 -5840.0
42 52 14346.5
42 2 -540.37
42 3 -6166.34
42 4 -3511.06
42 5 -9920.0
42 6 -5711.21
42 7 321.625
42 8 -3117.2
42 9 -2799.68
42 10 -2710.0
42 11 -451.543
42 12 -3890.0
42 13 -1308.7
42 14 -1843.75
42 15 -6651.57
42 16 -4580.0
42 17 -3966.81
42 18 -4860.0
42 19 -9230.0
42 20 -3377.23
42 21 -3810.0
42 22 -1294.39
42 23 1050.0
42 25 -5034.12
42 26 -1320.52
42 27 -1384.07
42 28 -4301.82
42 29 -8406.98
42 30 -7700.0
42 31 -133.827
42 32 -7427.62
42 33 -8164.97
42 34 -2493.83
42 35 -3543.55
42 37 -6660.0
42 39 -3460.0
42 40 -2070.0
42 41 -8950.0
42 43 -591.399
42 45 -7150.0
42 46 -4772.6
42 47 544.404
42 48 -960.0
42 49 -9195.35
42 50 -4953.01
42 51 -4450.0
43 52 15456.5
43 3 -4916.34
43 4 -2401.06
43 5 -7630.0
43 6 -4881.21
43 7 -718.375
43 8 -1517.2
43 9 -1549.68
43 10 -1880.0
43 11 -171.543
43 12 -2290.0
43 13 631.3
43 14 -2183.75
43 15 -4981.57
43 16 -5620.0
43 17 -3486.81
43 18 -2770.0
43 19 -8950.0
43 20 -3927.23
43 21 -4090.0
43 22 -1574.39
43 23 2300.0
43 25 -4964.12
43 26 -3190.52
43 27 -684.07
43 28 -2351.82
43 29 -8126.98
43 30 -6730.0
43 31 -1873.83
43 32 -7147.62
43 33 -5934.97
43 34 -133.827
43 35 -1253.55
43 37 -4370.0
43 39 -2420.0
43 40 -2910.0
43 41 -8400.0
43 42 -973.601
43 45 -6520.0
43 46 -4072.6
43 47 -1815.6
43 48 -480.0
43 49 -6905.35
43 50 -4673.01
43 51 -2370.0
44 52 14206.5
44 2 -2760.37
44 3 -266.345
44 4 -1921.06
44 5 -3470.0
44 6 -2591.21
44 7 -6478.38
44 8 -2837.2
44 9 -7179.68
44 10 -7990.0
44 11 -6351.54
44 12 -2780.0
44 13 -4368.7
44 14 -2883.75
44 15 1268.43
44 16 -7220.0
44 17 -3136.81
44 18 -3740.0
44 19 -5620.0
44 20 -4557.23
44 21 -5060.0
44 22 -7754.39
44 23 -3110.0
44 25 -4344.12
44 26 -7010.52
44 27 -6654.07
44 28 -6941.82
44 29 -4936.98
44 30 -2910.0
44 31 -6243.83
44 32 -3537.62
44 33 -2674.97
44 34 -2773.83
44 35 -4933.55
44 37 -3120.0
44 39 -4020.0
44 40 -4920.0
44 41 -4650.0
44 42 -6463.6
44 43 -4341.4
44 45 -3540.0
44 46 -2272.6
44 47 -7235.6
44 48 -6590.0
44 49 -3435.35
44 50 -3283.01
44 51 -2510.0
45 52 14626.5
45 2 -2140.37
45 3 -476.345
45 4 -1221.06
45 5 -7010.0
45 6 -301.209
45 7 -5858.38
45 8 -3047.2
45 9 -7869.68
45 10 -8270.0
45 11 -6491.54
45 12 -3260.0
45 13 -5408.7
45 14 -313.745
45 15 -1991.57
45 16 -4510.0
45 17 -1056.81
45 18 -4990.0
45 19 -2700.0
45 20 -1777.23
45 21 -2630.0
45 22 -7614.39
45 23 -2840.0
45 25 -1564.12
45 26 -5200.52
45 27 -7074.07
45 28 -8121.82
45 29 -1816.98
45 30 -900.0
45 31 -4723.83
45 32 -757.617
45 33 -6004.97
45 34 -3883.83
45 35 -6463.55
45 37 -5620.0
45 39 -3530.0
45 40 -2560.0
45 41 -1940.0
45 42 -5563.6
45 43 -4551.4
45 46 -112.599
45 47 -6265.6
45 48 -6380.0
45 49 -6835.35
45 50 -293.005
45 51 -4040.0
46 2 -890.37
46 3 -686.345
46 4 -41.056
46 5 -6730.0
46 6 188.791
46 7 -4678.38
46 8 -1797.2
46 9 -6689.68
46 10 -7020.0
46 11 -5241.54
46 12 -2150.0
46 13 -4158.7
46 14 446.255
46 15 -1991.57
46 16 -3880.0
46 17 53.1859
46 18 -3880.0
46 19 -3810.0
46 20 -1217.23
46 21 -1730.0
46 22 -6434.39
46 23 -1590.0
46 25 -1004.12
46 26 -4160.52
46 27 -5824.07
46 28 -6941.82
46 29 -2996.98
46 30 -1800.0
46 31 -3673.83
46 32 -2007.62
46 33 -5524.97
46 34 -2703.83
46 35 -5283.55
46 37 -4860.0
46 39 -2280.0
46 40 -1730.0
46 41 -3190.0
46 42 -4383.6
46 43 -3301.4
46 45 -1310.0
46 47 -5085.6
46 48 -5130.0
46 49 -6485.35
46 50 46.9946
46 51 -3060.0
47 52 14416.5
47 2 -400.37
47 3 -6096.34
47 4 -3381.06
47 5 -9790.0
47 6 -5571.21
47 7 321.625
47 8 -3047.2
47 9 -2869.68
47 10 -2780.0
47 11 -651.543
47 12 -3820.0
47 13 -1378.7
47 14 -1703.75
47 15 -6581.57
47 16 -4440.0
47 17 -3896.81
47 18 -4860.0
47 19 -9090.0
47 20 -3237.23
47 21 -3670.0
47 22 -1434.39
47 23 1050.0
47 25 -4964.12
47 26 -1180.52
47 27 -1454.07
47 28 -4371.82
47 29 -8266.98
47 30 -7560.0
47 31 -63.8267
47 32 -7357.62
47 33 -8094.97
47 34 -2493.83
47 35 -3543.55
47 37 -6660.0
47 39 -3390.0
47 40 -1930.0
47 41 -8810.0
47 42 1386.4
47 43 -591.399
47 45 -7010.0
47 46 -4632.6
47 48 -1030.0
47 49 -9195.35
47 50 -4813.01
47 51 -4450.0
48 52 14896.5
48 2 -120.37
48 3 -5686.34
48 4 -3031.06
48 5 -8740.0
48 6 -5441.21
48 7 181.625
48 8 -2287.2
48 9 -1549.68
48 10 -1530.0
48 11 388.457
48 12 -3120.0
48 13 151.3
48 14 -2323.75
48 15 -5881.57
48 16 -5410.0
48 17 -3966.81
48 18 -3810.0
48 19 -9370.0
48 20 -3927.23
48 21 -4160.0
48 22 -674.386
48 23 2020.0
48 25 -5244.12
48 26 -2570.52
48 27 -344.07
48 28 -2841.82
48 29 -8546.98
48 30 -7420.0
48 31 -1313.83
48 32 -7567.62
48 33 -6914.97
48 34 -1243.83
48 35 -1953.55
48 37 -5480.0
48 39 -2980.0
48 40 -2770.0
48 41 -8950.0
48 42 -3.60108
48 43 858.601
48 45 -7010.0
48 46 -4562.6
48 47 -915.596
48 49 -7945.35
48 50 -5023.01
48 51 -3410.0
49 52 12126.5
49 2 -4500.37
49 3 -3806.34
49 4 -4491.06
49 5 -760.0
49 6 -5921.21
49 7 -7728.38
49 8 -4507.2
49 9 -6969.68
49 10 -8130.0
49 11 -6831.54
49 12 -4580.0
49 13 -4088.7
49 14 -5733.75
49 15 -1791.57
49 16 -10130.0
49 17 -5986.81
49 18 -4580.0
49 19 -9160.0
49 20 -7607.23
49 21 -7840.0
49 22 -8444.39
49 23 -4290.0
49 25 -7534.12
49 26 -9160.52
49 27 -6654.07
49 28 -6451.82
49 29 -8476.98
49 30 -6450.0
49 31 -8123.83
49 32 -7077.62
49 33 -664.973
49 34 -3253.83
49 35 -4243.55
49 37 -2770.0
49 39 -6030.0
49 40 -7560.0
49 41 -8190.0
49 42 -7783.6
49 43 -5111.4
49 45 -7010.0
49 46 -5462.6
49 47 -8625.6
49 48 -7490.0
49 50 -6543.01
49 51 -3410.0
50 52 15316.5
50 2 -1300.37
50 3 -1446.34
50 4 -811.056
50 5 -7700.0
50 6 -511.209
50 7 -4888.38
50 8 -2497.2
50 9 -7179.68
50 10 -7500.0
50 11 -5651.54
50 12 -2920.0
50 13 -4848.7
50 14 1006.25
50 15 -2831.57
50 16 -3260.0
50 17 -86.8141
50 18 -4720.0
50 19 -3260.0
50 20 -527.229
50 21 -1380.0
50 22 -6714.39
50 23 -2070.0
50 25 -314.125
50 26 -3950.52
50 27 -6314.07
50 28 -7631.82
50 29 -2436.98
50 30 -2150.0
50 31 -3603.83
50 32 -1517.62
50 33 -6494.97
50 34 -3533.83
50 35 -6043.55
50 37 -5830.0
50 39 -2770.0
50 40 -1240.0
50 41 -2910.0
50 42 -4453.6
50 43 -3791.4
50 45 -1380.0
50 46 157.401
50 47 -5155.6
50 48 -5480.0
50 49 -7455.35
50 51 -3900.0
51 52 16076.5
51 2 -400.37
51 3 -2486.34
51 4 -1081.06
51 5 -4650.0
51 6 -3351.21
51 7 -3638.38
51 8 -477.202
51 9 -3849.68
51 10 -4720.0
51 11 -3151.54
51 12 -690.0
51 13 -1098.7
51 14 -2253.75
51 15 -2061.57
51 16 -6380.0
51 17 -2716.81
51 18 -480.0
51 19 -7490.0
51 20 -3997.23
51 21 -4230.0
51 22 -4694.39
51 23 -130.0
51 25 -4274.12
51 26 -5000.52
51 27 -3324.07
51 28 -3741.82
51 29 -6606.98
51 30 -4720.0
51 31 -3953.83
51 32 -5547.62
51 33 -2954.97
51 34 496.173
51 35 -1813.55
51 37 -1590.0
51 39 -2010.0
51 40 -3740.0
51 41 -6660.0
51 42 -3683.6
51 43 -1221.4
51 45 -4860.0
51 46 -2682.6
51 47 -4525.6
51 48 -3600.0
51 49 -4055.35
51 50 -3633.01
52 2 0
52 3 0
52 4 0
52 5 0
52 6 0
52 7 0
52 8 0
52 9 0
52 10 0
52 11 0
52 12 0
52 13 0
52 14 0
52 15 0
52 16 0
52 17 0
52 18 0
52 19 0
52 20 0
52 21 0
52 22 0
52 23 0
52 24 0
52 25 0
52 26 0
52 27 0
52 28 0
52 29 0
52 30 0
52 31 0
52 32 0
52 33 0
52 34 0
52 35 0
52 36 0
52 37 0
52 38 0
52 39 0
52 40 0
52 41 0
52 42 0
52 43 0
52 44 0
52 45 0
52 46 0
52 47 0
52 48 0
52 49 0
52 50 0
52 51 0
2 1 0
3 1 0
4 1 0
5 1 0
6 1 0
7 1 0
8 1 0
9 1 0
10 1 0
11 1 0
12 1 0
13 1 0
14 1 0
15 1 0
16 1 0
17 1 0
18 1 0
19 1 0
20 1 0
21 1 0
22 1 0
23 1 0
24 1 0
25 1 0
26 1 0
27 1 0
28 1 0
29 1 0
30 1 0
31 1 0
32 1 0
33 1 0
34 1 0
35 1 0
36 1 0
37 1 0
38 1 0
39 1 0
40 1 0
41 1 0
42 1 0
43 1 0
44 1 0
45 1 0
46 1 0
47 1 0
48 1 0
49 1 0
50 1 0
51 1 0
52 1 0
