52 2407
1
2
3
4
5
6
7
8
9
10
11
12
13
14
15
16
17
18
19
20
21
22
23
24
25
26
27
28
29
30
31
32
33
34
35
36
37
38
39
40
41
42
43
44
45
46
47
48
49
50
51
52
1 52 -0.0
1 3 -24390.0
1 4 -21917.9
1 5 -24018.1
1 6 -19769.5
1 7 -20910.3
1 8 -20070.0
1 9 -22166.9
1 10 -23252.1
1 11 -23330.8
1 12 -20470.8
1 13 -24320.0
1 14 -23826.7
1 15 -23533.7
1 16 -21680.4
1 17 -18895.7
1 18 -23480.0
1 19 -22804.1
1 20 -18815.9
1 21 -22637.8
1 22 -21653.6
1 23 -21890.0
1 24 -23600.0
1 25 -22920.0
1 26 -19777.8
1 27 -21677.2
1 28 -22020.0
1 29 -22580.0
1 30 -21173.7
1 31 -23410.0
1 32 -23138.9
1 33 -25420.0
1 34 -22167.1
1 35 -26390.0
1 36 -22812.3
1 38 -22188.0
1 39 -20595.5
1 40 -23233.0
1 41 -20910.0
1 42 -20309.2
1 43 -24478.6
1 44 -23200.0
1 45 -22683.6
1 46 -23750.0
1 47 -19602.3
1 48 -25140.0
1 49 -21860.5
1 50 -21171.4
1 51 -23289.7
2 52 11670.3
2 3 -5188000.0
2 4 -5189450.0
2 5 -5187620.0
2 6 -5187690.0
2 7 -1520.33
2 8 -5187920.0
2 9 -5189000.0
2 10 -1712.07
2 11 -5190430.0
2 12 -5188330.0
2 13 -5192120.0
2 14 -5186180.0
2 15 -5190490.0
2 16 -5186120.0
2 17 -5184250.0
2 18 -5191480.0
2 19 -5185910.0
2 20 2794.06
2 21 -5187510.0
2 22 -1913.57
2 23 -5189600.0
2 24 -5190840.0
2 25 -5187630.0
2 26 -5185250.0
2 27 -5188000.0
2 28 -5187700.0
2 29 -5189600.0
2 30 -5188260.0
2 31 -5189450.0
2 32 -5186320.0
2 33 -5187630.0
2 34 -5189490.0
2 35 -5187770.0
2 36 -5190470.0
2 38 -517.98
2 39 -5187120.0
2 40 -5191030.0
2 41 -5187240.0
2 43 -5191790.0
2 44 -5189100.0
2 45 -5187180.0
2 46 -5191690.0
2 47 -5186820.0
2 48 -5192600.0
2 49 -5189780.0
2 50 -5188260.0
2 51 -5190670.0
3 52 10910.3
3 4 -5187420.0
3 5 301.879
3 6 -5188040.0
3 7 -5185330.0
3 8 -5188760.0
3 9 -5190680.0
3 10 -5185030.0
3 11 -5188050.0
3 12 -5187350.0
3 13 -5190790.0
3 14 -66.6985
3 15 -5192100.0
3 16 619.628
3 17 -5187190.0
3 18 -5190920.0
3 19 -5189830.0
3 20 -5184930.0
3 21 -5183380.0
3 22 236.427
3 23 -5188620.0
3 24 -5188670.0
3 25 -5190640.0
3 26 -5187770.0
3 27 -5185410.0
3 28 -5186930.0
3 29 -5191210.0
3 30 -5189800.0
3 31 -5191900.0
3 32 411.106
3 33 -5191900.0
3 34 -5190470.0
3 35 -5192250.0
3 36 -5190960.0
3 38 -5182930.0
3 39 -5188940.0
3 40 -5189630.0
3 41 -5184020.0
3 43 -5189340.0
3 44 -5186510.0
3 45 -5185430.0
3 46 -5191340.0
3 47 -5186470.0
3 48 -5193440.0
3 49 -5190200.0
3 50 -5186230.0
3 51 -5188430.0
4 52 10980.3
4 3 -5189820.0
4 5 -5189790.0
4 6 -5185730.0
4 7 -5188340.0
4 8 -5187710.0
4 9 -5187530.0
4 10 -5190210.0
4 11 -5185390.0
4 12 -5184270.0
4 13 -1250.0
4 14 -5190100.0
4 15 -5189790.0
4 16 -5187590.0
4 17 -5186560.0
4 18 -5186510.0
4 19 -5191230.0
4 20 -5187380.0
4 21 -5186810.0
4 22 -5188110.0
4 23 -5186730.0
4 24 -1300.0
4 25 -5191340.0
4 26 -5188260.0
4 27 -5185970.0
4 28 -5188960.0
4 29 -5189600.0
4 30 -5188260.0
4 31 -5190920.0
4 32 -5189400.0
4 33 -5193790.0
4 34 -5186550.0
4 35 -5194770.0
4 36 -5186760.0
4 38 -5188810.0
4 39 -5189010.0
4 40 47.0302
4 41 -5183600.0
4 43 -718.638
4 44 -5188120.0
4 45 -5189140.0
4 46 -5186790.0
4 47 -5186750.0
4 48 -5189450.0
4 49 -5187680.0
4 50 -5184550.0
4 51 540.337
5 52 11180.3
5 3 200.0
5 4 -5187490.0
5 6 -5187900.0
5 7 -5185120.0
5 8 -5188620.0
5 9 -5190540.0
5 10 -5184750.0
5 11 -5188120.0
5 12 -5187280.0
5 13 -5190860.0
5 14 73.3015
5 15 -5191960.0
5 16 819.628
5 17 -5186910.0
5 18 -5190850.0
5 19 -5189550.0
5 20 -5184650.0
5 21 -5183590.0
5 22 446.427
5 23 -5188550.0
5 24 -5188740.0
5 25 -5190430.0
5 26 -5187560.0
5 27 -5185480.0
5 28 -5186720.0
5 29 -5191070.0
5 30 -5189660.0
5 31 -5191690.0
5 32 691.106
5 33 -5191690.0
5 34 -5190400.0
5 35 -5191970.0
5 36 -5190890.0
5 38 -5182720.0
5 39 -5188730.0
5 40 -5189700.0
5 41 -5184160.0
5 43 -5189410.0
5 44 -5186510.0
5 45 -5185220.0
5 46 -5191270.0
5 47 -5186330.0
5 48 -5193300.0
5 49 -5190130.0
5 50 -5186230.0
5 51 -5188500.0
6 52 14030.3
6 3 -5189540.0
6 4 -5184830.0
6 5 -5189300.0
6 7 -5186590.0
6 8 -210.0
6 9 -5184800.0
6 10 -5188810.0
6 11 -5187070.0
6 12 299.151
6 13 -5186940.0
6 14 -5189190.0
6 15 -5186430.0
6 16 -5186960.0
6 17 -5182850.0
6 18 -1940.0
6 19 -5187590.0
6 20 -5184300.0
6 21 -5187440.0
6 22 -5187130.0
6 23 -1810.0
6 24 -5187130.0
6 25 -5187700.0
6 26 -5184620.0
6 27 -5186250.0
6 28 -5187420.0
6 29 -5185890.0
6 30 -613.663
6 31 -5187210.0
6 32 -5188560.0
6 33 -5190290.0
6 34 -5184450.0
6 35 -5191340.0
6 36 -5184940.0
6 38 -5187620.0
6 39 -5185510.0
6 40 -5185850.0
6 41 -5185140.0
6 43 -5187870.0
6 44 -5188050.0
6 45 -5188090.0
6 46 -5186020.0
6 47 -5184790.0
6 48 -5187420.0
6 49 -180.518
6 50 -5185180.0
6 51 -5186540.0
7 3 -5186180.0
7 4 -5186790.0
7 5 -5185870.0
7 6 -5185940.0
7 8 -5186380.0
7 9 -5188300.0
7 10 -882.07
7 11 -5187700.0
7 12 -5185880.0
7 13 -5189740.0
7 14 -5185340.0
7 15 -5189650.0
7 16 199.628
7 17 -5184460.0
7 18 -5189310.0
7 19 -5187310.0
7 20 -5182550.0
7 21 -5185060.0
7 22 446.427
7 23 -5187150.0
7 24 -5188180.0
7 25 -5187980.0
7 26 -5185110.0
7 27 -5185200.0
7 28 -970.0
7 29 -5188760.0
7 30 -5187350.0
7 31 -5189240.0
7 32 -5184780.0
7 33 -5189520.0
7 34 -5188300.0
7 35 -5190080.0
7 36 -5188930.0
7 38 -5183700.0
7 39 -5186350.0
7 40 -5188580.0
7 41 -5184510.0
7 43 -5189060.0
7 44 -5186370.0
7 45 -663.578
7 46 -5189660.0
7 47 -5184440.0
7 48 -5191270.0
7 49 -5188100.0
7 50 -5185530.0
7 51 -5188010.0
8 52 15000.3
8 3 -5189050.0
8 4 -5185600.0
8 5 -5188810.0
8 6 1000.52
8 7 -5185820.0
8 9 -5185150.0
8 10 -5188040.0
8 11 -5187490.0
8 12 -5184270.0
8 13 -5187850.0
8 14 -5188560.0
8 15 -5186570.0
8 16 -5186470.0
8 17 -5182290.0
8 18 -5186930.0
8 19 -5186680.0
8 20 -5183250.0
8 21 -5187230.0
8 22 -5186500.0
8 23 -5186030.0
8 24 -5187620.0
8 25 -5186790.0
8 26 -5183710.0
8 27 -5186180.0
8 28 -5186860.0
8 29 -5185750.0
8 30 -403.663
8 31 -5186720.0
8 32 -5187930.0
8 33 -5189310.0
8 34 -5185080.0
8 35 -5190360.0
8 36 -5185850.0
8 38 -5186920.0
8 39 -585.487
8 40 -5186760.0
8 41 -5185280.0
8 43 -5188430.0
8 44 -5187840.0
8 45 -5187530.0
8 46 -5187000.0
8 47 -5184370.0
8 48 -5188120.0
8 49 -1150.52
8 50 -5185460.0
8 51 -5187170.0
9 52 10000.3
9 3 -5193810.0
9 4 -5188260.0
9 5 -5193570.0
9 6 -5186430.0
9 7 -5190580.0
9 8 -5187990.0
9 10 -5192660.0
9 11 -5191270.0
9 12 -5187840.0
9 13 -5189950.0
9 14 -5193250.0
9 15 -1933.66
9 16 -5191230.0
9 17 -5182570.0
9 18 -5188960.0
9 19 -5188500.0
9 20 -5186750.0
9 21 -5191850.0
9 22 -5191260.0
9 23 -5190160.0
9 24 -5191190.0
9 25 -5189240.0
9 26 -5186720.0
9 27 -5190660.0
9 28 -5191620.0
9 29 -3270.0
9 30 -5186090.0
9 31 -5187420.0
9 32 -5192690.0
9 33 -5191130.0
9 34 1732.87
9 35 -5192250.0
9 36 -1132.3
9 38 -5191610.0
9 39 -5188310.0
9 40 -5188860.0
9 41 -5189480.0
9 43 -5191650.0
9 44 -5192460.0
9 45 -5192290.0
9 46 -5188540.0
9 47 -5189060.0
9 48 -2010.0
9 49 -5187890.0
9 50 -5189520.0
9 51 -5190320.0
10 52 11600.3
10 3 -5185480.0
10 4 -5188260.0
10 5 -5185100.0
10 6 -5187760.0
10 7 -5184420.0
10 8 -5188200.0
10 9 -5189980.0
10 11 -5188960.0
10 12 -5187560.0
10 13 -5191350.0
10 14 213.302
10 15 -5191400.0
10 16 -5183950.0
10 17 -5185860.0
10 18 -5191060.0
10 19 -5188150.0
10 20 -5183180.0
10 21 -5185130.0
10 22 306.427
10 23 -5188830.0
10 24 -5189510.0
10 25 -5189240.0
10 26 -5186510.0
10 27 -5186320.0
10 28 -5186580.0
10 29 -5190440.0
10 30 -5189030.0
10 31 -5190780.0
10 32 271.106
10 33 -5190080.0
10 34 -5190050.0
10 35 -5190360.0
10 36 -5190750.0
10 38 1982.02
10 39 -5187960.0
10 40 -5190190.0
10 41 -5185350.0
10 43 -5190320.0
10 44 -5187350.0
10 45 -1353.58
10 46 -5191410.0
10 47 -5186190.0
10 48 -5193090.0
10 49 -5189920.0
10 50 -5186930.0
10 51 -5189410.0
11 52 12020.3
11 3 -5188000.0
11 4 -5182940.0
11 5 -5187970.0
11 6 -5185520.0
11 7 -5186800.0
11 8 -5187150.0
11 9 -5188090.0
11 10 -5188460.0
11 12 -5183920.0
11 13 -5186520.0
11 14 -5188280.0
11 15 -5189930.0
11 16 -5185770.0
11 17 -5186280.0
11 18 -5187140.0
11 19 -5190390.0
11 20 -5186190.0
11 21 -5185060.0
11 22 -5186360.0
11 23 -5185820.0
11 24 -260.0
11 25 -5190570.0
11 26 -5187490.0
11 27 -5184150.0
11 28 -5187420.0
11 29 -5189460.0
11 30 -5188050.0
11 31 -5190640.0
11 32 -5187580.0
11 33 -5192880.0
11 34 -5187320.0
11 35 -5193720.0
11 36 -5187600.0
11 38 -5186990.0
11 39 -5188310.0
11 40 -5185290.0
11 41 2020.0
11 43 -988.638
11 44 -5186300.0
11 45 -5187390.0
11 46 -5187630.0
11 47 -5185490.0
11 48 -5190220.0
11 49 -5187610.0
11 50 1058.64
11 51 -9.66332
12 52 13340.3
12 3 -5188840.0
12 4 -5183360.0
12 5 -5188670.0
12 6 310.518
12 7 -5186520.0
12 8 -5185470.0
12 9 -5186200.0
12 10 -5188600.0
12 11 -5185460.0
12 13 -5185820.0
12 14 -5188840.0
12 15 -5187970.0
12 16 -5186330.0
12 17 -5184460.0
12 18 -1590.0
12 19 -5188990.0
12 20 -5185210.0
12 21 -5186320.0
12 22 -5186710.0
12 23 -700.0
12 24 -1510.0
12 25 -5189100.0
12 26 -5185950.0
12 27 -5185060.0
12 28 -5187210.0
12 29 -5187570.0
12 30 -5186230.0
12 31 -5188820.0
12 32 -5188070.0
12 33 -5191550.0
12 34 -5185570.0
12 35 -5192530.0
12 36 -5185780.0
12 38 -5187340.0
12 39 -5186770.0
12 40 -5184730.0
12 41 -5183670.0
12 43 -5186190.0
12 44 -5187070.0
12 45 -5187670.0
12 46 -5186020.0
12 47 -5184720.0
12 48 -5188470.0
12 49 -5185720.0
12 51 -5184930.0
13 52 11460.3
13 3 -5190310.0
13 4 1632.12
13 5 -5190280.0
13 6 -5184960.0
13 7 -5188410.0
13 8 -5187080.0
13 9 -5186340.0
13 10 -5190420.0
13 11 -5186090.0
13 12 -5183850.0
13 14 -5190520.0
13 15 -5188670.0
13 16 -5187940.0
13 17 -5185720.0
13 18 -1450.0
13 19 -5190530.0
13 20 -5187030.0
13 21 -5187510.0
13 22 -5188390.0
13 23 -5186520.0
13 24 -5185870.0
13 25 -5190640.0
13 26 -5187560.0
13 27 -5186460.0
13 28 -5189030.0
13 29 -5188690.0
13 30 -5187350.0
13 31 -5190010.0
13 32 -5189750.0
13 33 -5193230.0
13 34 -5185360.0
13 35 -5194280.0
13 36 -5185570.0
13 38 -5189090.0
13 39 -5188450.0
13 40 1157.03
13 41 -5184440.0
13 43 -5185840.0
13 44 -5188540.0
13 45 -5189420.0
13 46 -1730.0
13 47 -5186610.0
13 48 -5188260.0
13 49 -5186770.0
13 50 -5184900.0
13 51 -569.663
14 52 10560.3
14 3 -980.0
14 4 -5188610.0
14 5 -738.121
14 6 -5188600.0
14 7 -5185400.0
14 8 -5189180.0
14 9 -5191030.0
14 10 -252.07
14 11 -5189240.0
14 12 -5188260.0
14 13 -5191910.0
14 15 -5192450.0
14 16 -5184230.0
14 17 -5187050.0
14 18 -5191760.0
14 19 -5189340.0
14 20 -5184370.0
14 21 -5184850.0
14 22 -5184120.0
14 23 -5189460.0
14 24 -5189930.0
14 25 -5190430.0
14 26 -5187700.0
14 27 -5186600.0
14 28 -5187420.0
14 29 -5191490.0
14 30 -5190080.0
14 31 -5191900.0
14 32 551.106
14 33 -5191270.0
14 34 -5191030.0
14 35 -5191410.0
14 36 -5191590.0
14 38 2332.02
14 39 -5189080.0
14 40 -5190750.0
14 41 -5185420.0
14 43 -5190600.0
14 44 -5187630.0
14 45 -5185920.0
14 46 -5192180.0
14 47 -5187030.0
14 48 -5194000.0
14 49 -5190830.0
14 50 -5187350.0
14 51 -5189690.0
15 52 12090.3
15 3 -5191780.0
15 4 -5187070.0
15 5 -5191540.0
15 6 -5184610.0
15 7 -5188480.0
15 8 -5185960.0
15 9 1523.1
15 10 -5190630.0
15 11 -5189660.0
15 12 -5186160.0
15 13 -5188830.0
15 14 -5191220.0
15 16 -5189200.0
15 17 -5181240.0
15 18 -5187700.0
15 19 -5187030.0
15 20 -5184860.0
15 21 -5189890.0
15 22 -5189230.0
15 23 -5188340.0
15 24 -5189650.0
15 25 -5187490.0
15 26 -5184760.0
15 27 -5188840.0
15 28 -5189590.0
15 29 -1050.0
15 30 -123.663
15 31 -1800.0
15 32 -5190660.0
15 33 -5189660.0
15 34 -5182910.0
15 35 -5190850.0
15 36 -5184590.0
15 38 -5189510.0
15 39 -5186280.0
15 40 -5187740.0
15 41 -5187730.0
15 43 -5190250.0
15 44 -5190500.0
15 45 -5190260.0
15 46 -5187420.0
15 47 -5187100.0
15 48 -2220.0
15 49 -5186070.0
15 50 -5187770.0
15 51 -5188920.0
16 52 12230.3
16 3 -770.0
16 4 -5186580.0
16 5 -468.121
16 6 -5186850.0
16 7 -5184280.0
16 8 -5187570.0
16 9 -5189490.0
16 10 -5184890.0
16 11 -5187210.0
16 12 -5186230.0
16 13 -5189810.0
16 14 -5184710.0
16 15 -5190910.0
16 17 -5186000.0
16 18 -5189730.0
16 19 -5188920.0
16 20 -5184160.0
16 21 -5183450.0
16 22 1136.43
16 23 -5187500.0
16 24 -5187830.0
16 25 -5189590.0
16 26 -5186720.0
16 27 -5184500.0
16 28 -5185670.0
16 29 -5190020.0
16 30 -5188610.0
16 31 -5190710.0
16 32 1.10553
16 33 -5191130.0
16 34 -5189280.0
16 35 -5191620.0
16 36 -5189770.0
16 38 -5183350.0
16 39 -5187820.0
16 40 -5188650.0
16 41 -5183460.0
16 43 -5188570.0
16 44 -5185530.0
16 45 -313.578
16 46 -5190150.0
16 47 -5185210.0
16 48 -5192250.0
16 49 -5189010.0
16 50 -5185250.0
16 51 -5187660.0
17 37 -1450.0
18 52 12430.3
18 3 -5190310.0
18 4 -5183500.0
18 5 -5190140.0
18 6 -5183770.0
18 7 -5187850.0
18 8 -5186030.0
18 9 -5185220.0
18 10 -5190000.0
18 11 -5186580.0
18 12 509.151
18 13 -1320.0
18 14 -5190240.0
18 15 -5187410.0
18 16 -5187730.0
18 17 -5184390.0
18 19 -5189410.0
18 20 -5186050.0
18 21 -5187720.0
18 22 -5188110.0
18 23 -5186100.0
18 24 -5186430.0
18 25 -5189520.0
18 26 -5186440.0
18 27 -5186530.0
18 28 -5188540.0
18 29 -5187360.0
18 30 -5186090.0
18 31 -5188750.0
18 32 -5189540.0
18 33 -5192040.0
18 34 -5184310.0
18 35 -5193160.0
18 36 -5184520.0
18 38 -5188740.0
18 39 -5187330.0
18 40 -232.97
18 41 -5184930.0
18 43 -5186820.0
18 44 -5188540.0
18 45 -5189070.0
18 46 -550.0
18 47 -5185980.0
18 48 -5187210.0
18 49 -1570.52
18 50 -5185110.0
18 51 -5185490.0
19 52 11390.3
19 3 -5190940.0
19 4 -5189940.0
19 5 -5190560.0
19 6 -5187200.0
19 7 -5187570.0
19 8 -5187500.0
19 9 -5186480.0
19 10 -5188810.0
19 11 -5191550.0
19 12 -5188610.0
19 13 -5192120.0
19 14 -5189540.0
19 15 -5188460.0
19 16 -5188640.0
19 17 -5181380.0
19 18 -5191130.0
19 20 2234.06
19 21 -5189960.0
19 22 -5188390.0
19 23 -5190160.0
19 24 -5191750.0
19 25 -1730.0
19 26 -5183920.0
19 27 -5189610.0
19 28 -5189450.0
19 29 -5187920.0
19 30 -5186650.0
19 31 -5187070.0
19 32 -5189330.0
19 33 -1110.0
19 34 -5187530.0
19 35 -2290.0
19 36 -5189070.0
19 38 -5187760.0
19 39 -5186420.0
19 40 -5191030.0
19 41 -5188920.0
19 43 -5192630.0
19 44 -5190990.0
19 45 -5189560.0
19 46 -5191130.0
19 47 -5187730.0
19 48 -5190780.0
19 49 -5189080.0
19 50 -5189380.0
19 51 -5191440.0
20 52 12570.3
20 3 -5188840.0
20 4 -5188890.0
20 5 -5188460.0
20 6 -5186710.0
20 7 -5185610.0
20 8 -5186870.0
20 9 -5187530.0
20 10 -5186640.0
20 11 -5190150.0
20 12 -5187630.0
20 13 -5191420.0
20 14 -5187370.0
20 15 -5189090.0
20 16 -5186680.0
20 17 -5182710.0
20 18 -5190570.0
20 19 -574.06
20 21 -5188000.0
20 22 -5186290.0
20 23 -5189040.0
20 24 -5190490.0
20 25 -2150.0
20 26 162.246
20 27 -5188000.0
20 28 -5187630.0
20 29 -5188200.0
20 30 -5186860.0
20 31 -5187910.0
20 32 -5187230.0
20 33 -2700.0
20 34 -5188090.0
20 35 -5187140.0
20 36 -5189280.0
20 38 -5185590.0
20 39 -5185860.0
20 40 -5190330.0
20 41 -5187310.0
20 43 -5191440.0
20 44 -5189240.0
20 45 -5187600.0
20 46 -5190710.0
20 47 -5186330.0
20 48 -5191270.0
20 49 -5188730.0
20 50 -5187980.0
20 51 -5190320.0
21 52 10980.3
21 3 -1120.0
21 4 -5186090.0
21 5 -1228.12
21 6 -5187620.0
21 7 -5185890.0
21 8 -5188620.0
21 9 -5190400.0
21 10 -5186360.0
21 11 -5186790.0
21 12 -5186510.0
21 13 -5189670.0
21 14 -5185620.0
21 15 -5191890.0
21 16 199.628
21 17 -5187400.0
21 18 -5190010.0
21 19 -5190530.0
21 20 -5185770.0
21 22 -5184470.0
21 23 -5187920.0
21 24 -5187480.0
21 25 -5191130.0
21 26 -5188120.0
21 27 -487.241
21 28 -5187000.0
21 29 -5191140.0
21 30 -5189730.0
21 31 -5191970.0
21 32 -5185060.0
21 33 -5192740.0
21 34 -5189980.0
21 35 -5193300.0
21 36 -5190260.0
21 38 -5184470.0
21 39 -5189150.0
21 40 -5188510.0
21 41 -5182550.0
21 43 -5187940.0
21 44 -1800.0
21 45 -5185920.0
21 46 -5190500.0
21 47 -5186260.0
21 48 -5192880.0
21 49 -5189780.0
21 50 -5185110.0
21 51 -5187170.0
22 52 12430.3
22 3 -5184920.0
22 4 -5186930.0
22 5 -668.121
22 6 -5186850.0
22 7 79.6683
22 8 -5187430.0
22 9 -5189350.0
22 10 -5184400.0
22 11 -5187630.0
22 12 -5186440.0
22 13 -5190090.0
22 14 -5184430.0
22 15 -5190770.0
22 16 1309.63
22 17 -5185720.0
22 18 -5189940.0
22 19 -5188500.0
22 20 -5183600.0
22 21 -5184010.0
22 23 -5187640.0
22 24 -5188180.0
22 25 -5189240.0
22 26 -5186370.0
22 27 -5184990.0
22 28 -5185600.0
22 29 -5189880.0
22 30 -5188470.0
22 31 -5190430.0
22 32 271.106
22 33 -5190640.0
22 34 -5189280.0
22 35 -5191060.0
22 36 -5189770.0
22 38 -5182930.0
22 39 -5187540.0
22 40 -5188930.0
22 41 -5184020.0
22 43 -5188990.0
22 44 -5186020.0
22 45 -33.5779
22 46 -5190290.0
22 47 -5185210.0
22 48 -5192250.0
22 49 -5189010.0
22 50 -5185600.0
22 51 -5188080.0
23 52 13890.3
23 3 -5188140.0
23 4 -5183850.0
23 5 -5187970.0
23 6 170.518
23 7 -5185820.0
23 8 -5185260.0
23 9 -5186550.0
23 10 -5187900.0
23 11 -5185390.0
23 12 1269.15
23 13 -5186520.0
23 14 -5188070.0
23 15 -5188180.0
23 16 -5185630.0
23 17 -5184390.0
23 18 -5186230.0
23 19 -5188570.0
23 20 -5184650.0
23 21 -5185760.0
23 22 -5185940.0
23 24 -1650.0
23 25 -5188750.0
23 26 -5185670.0
23 27 -5184500.0
23 28 -5186440.0
23 29 -5187640.0
23 30 -5186230.0
23 31 -5188750.0
23 32 -5187370.0
23 33 -5191130.0
23 34 -5185990.0
23 35 -5192040.0
23 36 -5186340.0
23 38 -5186640.0
23 39 -5186420.0
23 40 -5185430.0
23 41 -5183320.0
23 43 -5186470.0
23 44 -5186440.0
23 45 -5186900.0
23 46 -5186650.0
23 47 -82.3015
23 48 -5188960.0
23 49 -5185930.0
23 50 508.638
23 51 -5185210.0
24 52 12020.3
24 3 -5188350.0
24 4 1422.12
24 5 -5188320.0
24 6 -5185310.0
24 7 -5187010.0
24 8 -5187010.0
24 9 -5187740.0
24 10 -5188740.0
24 11 9.15075
24 12 -5183640.0
24 13 -5186030.0
24 14 -5188700.0
24 15 -5189650.0
24 16 -5186120.0
24 17 -5186070.0
24 18 -5186720.0
24 19 -5190320.0
24 20 -5186260.0
24 21 -5185480.0
24 22 -5186640.0
24 23 -5185750.0
24 25 -5190500.0
24 26 -5187420.0
24 27 -5184500.0
24 28 -5187630.0
24 29 -5189180.0
24 30 -5187840.0
24 31 -5190430.0
24 32 -5187930.0
24 33 -5192880.0
24 34 -5186970.0
24 35 -5193790.0
24 36 -5187180.0
24 38 -5187340.0
24 39 -5188170.0
24 40 -5184870.0
24 41 -5182340.0
24 43 -718.638
24 44 -5186650.0
24 45 -5187740.0
24 46 -5187210.0
24 47 -5185560.0
24 48 -5189870.0
24 49 -5187330.0
24 50 918.638
24 51 330.337
25 52 12990.3
25 3 -5190030.0
25 4 -5188330.0
25 5 -5189720.0
25 6 -5185590.0
25 7 -5186520.0
25 8 -5185890.0
25 9 -5185500.0
25 10 -5188180.0
25 11 -5190010.0
25 12 -5187000.0
25 13 -5190510.0
25 14 -5188910.0
25 15 -5187200.0
25 16 -5187590.0
25 17 3194.32
25 18 -5189520.0
25 19 -14.0603
25 20 -5181570.0
25 21 -5188840.0
25 22 -5187410.0
25 23 -5188620.0
25 24 -5190210.0
25 26 1692.25
25 27 -5188280.0
25 28 -5188190.0
25 29 -5186450.0
25 30 -5185180.0
25 31 -2010.0
25 32 -5188560.0
25 33 -5186650.0
25 34 -5186270.0
25 35 -5187770.0
25 36 -5187600.0
25 38 -5187130.0
25 39 -865.487
25 40 -5189420.0
25 41 -5187520.0
25 43 -5191090.0
25 44 -5189660.0
25 45 -5188510.0
25 46 -5189520.0
25 47 -5186260.0
25 48 -5189520.0
25 49 -5187470.0
25 50 -5187910.0
25 51 -5189830.0
26 52 13680.3
26 3 -5189610.0
26 4 -5187700.0
26 5 -5189300.0
26 6 -5184960.0
26 7 -5186100.0
26 8 -5185260.0
26 9 -5185430.0
26 10 -5187900.0
26 11 -5189380.0
26 12 -5186300.0
26 13 -5189880.0
26 14 -5188630.0
26 15 -5186920.0
26 16 -5187170.0
26 17 -5181030.0
26 18 -5188890.0
26 19 -5184650.0
26 20 -5181710.0
26 21 -5188280.0
26 22 -5186990.0
26 23 -5187990.0
26 24 -5189580.0
26 25 -760.0
26 27 -5187650.0
26 28 -5187630.0
26 29 -5186100.0
26 30 -823.663
26 31 -1940.0
26 32 -5188210.0
26 33 -5187280.0
26 34 -5185990.0
26 35 -5188330.0
26 36 -5187180.0
26 38 -5186920.0
26 39 -175.487
26 40 -5188790.0
26 41 -5186890.0
26 43 -5190460.0
26 44 -5189100.0
26 45 -5188090.0
26 46 -5188960.0
26 47 -5185630.0
26 48 -5189100.0
26 49 -5186910.0
26 50 -5187210.0
26 51 -5189200.0
27 52 12640.3
27 3 -5186390.0
27 4 -5184550.0
27 5 -5186360.0
27 6 -5185730.0
27 7 -5185330.0
27 8 -5186870.0
27 9 -5188510.0
27 10 -5186850.0
27 11 -1240.85
27 12 -5184550.0
27 13 -5187920.0
27 14 -5186670.0
27 15 -5190140.0
27 16 -5184090.0
27 17 -5185930.0
27 18 -5188120.0
27 19 -5189480.0
27 20 -5185070.0
27 22 -5184750.0
27 23 -5185960.0
27 24 -5185800.0
27 25 -5189870.0
27 26 -5186790.0
27 28 -2080.0
27 29 -5189390.0
27 30 -5187980.0
27 31 -5190430.0
27 32 -5185900.0
27 33 -5191900.0
27 34 -5188020.0
27 35 -5192600.0
27 36 -5188370.0
27 38 -5185310.0
27 39 -5187680.0
27 40 -5186760.0
27 41 2090.0
27 43 -5186540.0
27 44 -620.0
27 45 -5185780.0
27 46 -5188540.0
27 47 -5184720.0
27 48 -5190990.0
27 49 -5187890.0
27 50 648.638
27 51 -5185630.0
28 52 13890.3
28 3 -5186320.0
28 4 -5185950.0
28 5 -5186010.0
28 6 -5185310.0
28 7 489.668
28 8 -5185960.0
28 9 -5187880.0
28 10 -5185520.0
28 11 -5186860.0
28 12 -5185110.0
28 13 -5188900.0
28 14 -5185900.0
28 15 -5189300.0
28 16 269.628
28 17 -5184530.0
28 18 -5188540.0
28 19 -5187730.0
28 20 -5183110.0
28 21 -5184710.0
28 22 166.427
28 23 -5186310.0
28 24 -5187340.0
28 25 -5188190.0
28 26 -5185180.0
28 27 -5184430.0
28 29 -5188410.0
28 30 -5187000.0
28 31 -5189100.0
28 32 -5185200.0
28 33 -5190010.0
28 34 -5187740.0
28 35 -5190710.0
28 36 -5188300.0
28 38 -5184330.0
28 39 -5186210.0
28 40 -5187740.0
28 41 -5183740.0
28 43 -5188220.0
28 44 -1730.0
28 45 -733.578
28 46 -5188890.0
28 47 197.698
28 48 -5190710.0
28 49 -5187540.0
28 50 -5184690.0
28 51 -5187170.0
29 52 13200.3
29 3 -5190730.0
29 4 -5186720.0
29 5 -5190490.0
29 6 -5183910.0
29 7 -5187430.0
29 8 -1040.0
29 9 -5183540.0
29 10 -5189510.0
29 11 -5189030.0
29 12 -5185600.0
29 13 -5188690.0
29 14 -5190100.0
29 15 -893.663
29 16 -5188150.0
29 17 -5180960.0
29 18 -5187490.0
29 19 -5186330.0
29 20 -5183810.0
29 21 -5188980.0
29 22 -5188180.0
29 23 -5187640.0
29 24 -5189020.0
29 25 -5186580.0
29 26 -5183780.0
29 27 -5187930.0
29 28 -5188540.0
29 30 1056.34
29 31 -1380.0
29 32 -5189540.0
29 33 -5189030.0
29 34 -5183890.0
29 35 -5190150.0
29 36 -5185150.0
29 38 -5188460.0
29 39 -5185160.0
29 40 -5187530.0
29 41 -5186960.0
29 43 -5189760.0
29 44 -5189590.0
29 45 -5189210.0
29 46 -5187350.0
29 47 -5186120.0
29 48 -5187000.0
29 49 -1640.52
29 50 -5187070.0
29 51 -5188500.0
30 52 13410.3
30 3 -5190520.0
30 4 -5186580.0
30 5 -5190280.0
30 6 -5183770.0
30 7 -5187220.0
30 8 -830.0
30 9 -5183680.0
30 10 -5189300.0
30 11 -5188820.0
30 12 -5185460.0
30 13 -5188550.0
30 14 -5189890.0
30 15 -1163.66
30 16 -5187940.0
30 17 -5181100.0
30 18 -5187420.0
30 19 -5186260.0
30 20 -5183670.0
30 21 -5188770.0
30 22 -5187970.0
30 23 -5187430.0
30 24 -5188880.0
30 25 -5186510.0
30 26 -5183640.0
30 27 -5187720.0
30 28 -5188330.0
30 29 -140.0
30 31 -1520.0
30 32 -5189330.0
30 33 -5188960.0
30 34 -5184030.0
30 35 -5190150.0
30 36 -5185220.0
30 38 -5188250.0
30 39 -5185020.0
30 40 -5187460.0
30 41 -5186750.0
30 43 -5189620.0
30 44 -5189380.0
30 45 -5189000.0
30 46 -5187280.0
30 47 -5185910.0
30 48 -5187140.0
30 49 -1500.52
30 50 -5186860.0
30 51 -5188290.0
31 52 12500.3
31 3 -5191290.0
31 4 -5187910.0
31 5 -5190980.0
31 6 -5185100.0
31 7 -5187780.0
31 8 -5185820.0
31 9 -5183680.0
31 10 -5189720.0
31 11 -5190080.0
31 12 -5186720.0
31 13 -5189880.0
31 14 -5190380.0
31 15 -1513.66
31 16 -5188710.0
31 17 4234.32
31 18 -5188750.0
31 19 -5185350.0
31 20 -5183390.0
31 21 -5189680.0
31 22 -5188600.0
31 23 -5188620.0
31 24 -5190140.0
31 25 -5185950.0
31 26 -5183430.0
31 27 -5188840.0
31 28 -5189100.0
31 29 -1250.0
31 30 -193.663
31 32 -5189890.0
31 33 -5187980.0
31 34 -5184590.0
31 35 -5189170.0
31 36 -5186200.0
31 38 -5188670.0
31 39 -5185440.0
31 40 -5188790.0
31 41 -5187940.0
31 43 -5190950.0
31 44 -5190360.0
31 45 -5189700.0
31 46 -5188610.0
31 47 -5186820.0
31 48 -5187840.0
31 49 -5186770.0
31 50 -5188050.0
31 51 -5189620.0
32 52 11320.3
32 3 -430.0
32 4 -5187840.0
32 5 -48.1206
32 6 -5187900.0
32 7 -5184770.0
32 8 -5188480.0
32 9 -5190400.0
32 10 -122.07
32 11 -5188470.0
32 12 -5187420.0
32 13 -5191070.0
32 14 623.302
32 15 -5191820.0
32 16 -5183390.0
32 17 -5186560.0
32 18 -5190990.0
32 19 -5189060.0
32 20 -5184160.0
32 21 -5184220.0
32 22 646.427
32 23 -5188690.0
32 24 -5189090.0
32 25 -5190010.0
32 26 -5187210.0
32 27 -5185760.0
32 28 -5186650.0
32 29 -5190860.0
32 30 -5189450.0
32 31 -5191340.0
32 33 -5191130.0
32 34 -5190330.0
32 35 -5191410.0
32 36 -5190890.0
32 38 1912.02
32 39 -5188450.0
32 40 -5189910.0
32 41 -5184650.0
32 43 -5189830.0
32 44 -5186790.0
32 45 -5185080.0
32 46 -5191340.0
32 47 -5186260.0
32 48 -5193300.0
32 49 -5190060.0
32 50 -5186510.0
32 51 -5188920.0
33 52 10490.3
33 3 -5191290.0
33 4 -5190780.0
33 5 -5190980.0
33 6 -5188180.0
33 7 -5188060.0
33 8 -5188410.0
33 9 -5187390.0
33 10 -5189020.0
33 11 -5192320.0
33 12 -5189450.0
33 13 -5193100.0
33 14 -5189750.0
33 15 -5189370.0
33 16 -5189130.0
33 17 -5182290.0
33 18 -5192040.0
33 19 605.94
33 20 1824.06
33 21 -5190450.0
33 22 -5188810.0
33 23 -5191000.0
33 24 -5192590.0
33 25 -2770.0
33 26 -947.754
33 27 -5190310.0
33 28 -5190010.0
33 29 -5188900.0
33 30 -5187630.0
33 31 -5187980.0
33 32 -5189680.0
33 34 -5188440.0
33 35 -1380.0
33 36 -5190050.0
33 38 -5187900.0
33 39 -5187330.0
33 40 -5191940.0
33 41 -5189620.0
33 43 -5193470.0
33 44 -5191620.0
33 45 -5190050.0
33 46 -5192040.0
33 47 -5188500.0
33 48 -5191760.0
33 49 -5190060.0
33 50 -5190150.0
33 51 -5192280.0
34 52 10280.3
34 3 -5193320.0
34 4 -5187000.0
34 5 -5193150.0
34 6 -5185800.0
34 7 -5190300.0
34 8 -5187640.0
34 9 2013.1
34 10 -5192450.0
34 11 -5190220.0
34 12 -5186930.0
34 13 -5188690.0
34 14 -5192970.0
34 15 -2143.66
34 16 -5190740.0
34 17 -5183410.0
34 18 -5187770.0
34 19 -5189270.0
34 20 -5187030.0
34 21 -5191150.0
34 22 -5190910.0
34 23 -5189320.0
34 24 -5190140.0
34 25 -5189730.0
34 26 -5187000.0
34 27 -5189890.0
34 28 -5191200.0
34 29 -3340.0
34 30 -5186160.0
34 31 -5188050.0
34 32 -5192340.0
34 33 -5191900.0
34 35 -5193090.0
34 36 257.698
34 38 -5191330.0
34 39 -5188380.0
34 40 -5187530.0
34 41 -5188570.0
34 43 -5190460.0
34 44 -5191760.0
34 45 -5191870.0
34 46 -3470.0
34 47 -5188570.0
34 48 -550.0
34 49 -5187190.0
34 50 -5188610.0
34 51 -5189130.0
35 2 4362.3
36 52 11250.3
36 3 -5192200.0
36 4 -5185600.0
36 5 -5192030.0
36 6 -5184680.0
36 7 -5189320.0
36 8 -5186800.0
36 9 -5183120.0
36 10 -5191540.0
36 11 -5188890.0
36 12 -5185530.0
36 13 -5187290.0
36 14 -5191920.0
36 15 -2273.66
36 16 -5189620.0
36 17 -5183620.0
36 18 -2430.0
36 19 -5189200.0
36 20 -5186610.0
36 21 -5189820.0
36 22 -5189790.0
36 23 -5188060.0
36 24 -5188740.0
36 25 -5189450.0
36 26 -5186580.0
36 27 -5188630.0
36 28 -5190150.0
36 29 -5186870.0
36 30 -5185740.0
36 31 -5188050.0
36 32 -5191290.0
36 33 -5191900.0
36 34 1872.87
36 35 -5193090.0
36 38 -5190350.0
36 39 -5187750.0
36 40 -5186130.0
36 41 -5187170.0
36 43 -5189060.0
36 44 -5190500.0
36 45 -5190820.0
36 46 -2010.0
36 47 -5187520.0
36 48 -970.0
36 49 -2260.52
36 50 -5187280.0
36 51 -5187730.0
37 52 12990.3
37 3 -5190450.0
37 4 -5187980.0
37 5 -5190140.0
37 6 -5185170.0
37 7 -5186940.0
37 8 -5185610.0
37 9 -5184730.0
37 10 -5188810.0
37 11 -5189870.0
37 12 -5186650.0
37 13 -5190090.0
37 14 -5189470.0
37 15 -5186360.0
37 16 -5187940.0
37 17 3754.32
37 18 -5188960.0
37 19 -5184580.0
37 20 -5182410.0
37 21 -5189050.0
37 22 -5187830.0
37 23 -5188410.0
37 24 -5190000.0
37 25 -900.0
37 26 1482.25
37 27 -5188350.0
37 28 -5188470.0
37 29 -5185680.0
37 30 -5184480.0
37 31 -1110.0
37 32 -5189050.0
37 33 -5187280.0
37 34 -5185430.0
37 35 -5188470.0
37 36 -5186900.0
37 38 -5187760.0
37 39 -795.487
37 40 -5189000.0
37 41 -5187520.0
37 43 -5190880.0
37 44 -5189800.0
37 45 -5188930.0
37 46 -5188960.0
37 47 -5186330.0
37 48 -5188680.0
37 49 -5186980.0
37 50 -5187770.0
37 51 -5189620.0
38 52 10840.3
38 3 -1260.0
38 4 -5188680.0
38 5 -948.121
38 6 -5188390.0
38 7 -5185120.0
38 8 -5188900.0
38 9 -5190750.0
38 10 157.93
38 11 -5189310.0
38 12 -5188120.0
38 13 -5191840.0
38 14 973.302
38 15 -5192100.0
38 16 -5184230.0
38 17 -5186700.0
38 18 -5191620.0
38 19 -5188920.0
38 20 -5183950.0
38 21 -5185060.0
38 22 -43.5729
38 23 -5189390.0
38 24 -5189930.0
38 25 -5190010.0
38 26 -5187350.0
38 27 -5186600.0
38 28 -5187210.0
38 29 -5191210.0
38 30 -5189800.0
38 31 -5191550.0
38 32 481.106
38 33 -5190780.0
38 34 -5190750.0
38 35 -5190920.0
38 36 -5191380.0
38 39 -5188730.0
38 40 -5190680.0
38 41 -5185560.0
38 43 -5190670.0
38 44 -5187630.0
38 45 -5185780.0
38 46 -5192040.0
38 47 -5186820.0
38 48 -5193790.0
38 49 -5190620.0
38 50 -5187350.0
38 51 -5189760.0
39 52 14520.3
39 3 -5189120.0
39 4 -5186790.0
39 5 -5188810.0
39 6 -5184190.0
39 7 -5185680.0
39 8 -480.0
39 9 -5185360.0
39 10 -5187690.0
39 11 -5188540.0
39 12 -5185460.0
39 13 -5189110.0
39 14 -5188350.0
39 15 -5186780.0
39 16 -5186610.0
39 17 -5181590.0
39 18 -5188120.0
39 19 -5185490.0
39 20 -5182130.0
39 21 -5187650.0
39 22 -5186500.0
39 23 -5187080.0
39 24 -5188670.0
39 25 -1660.0
39 26 1482.25
39 27 -5186880.0
39 28 -5187000.0
39 29 -5185820.0
39 30 -5184480.0
39 31 -5186230.0
39 32 -5187790.0
39 33 -5188120.0
39 34 -5185710.0
39 35 -5189100.0
39 36 -5186690.0
39 38 -5186640.0
39 40 -5188020.0
39 41 -5186120.0
39 43 -5189550.0
39 44 -5188400.0
39 45 -5187530.0
39 46 -5188190.0
39 47 -5184860.0
39 48 -5188820.0
39 49 -5186210.0
39 50 -5186370.0
39 51 -5188360.0
40 52 11320.3
40 3 -5190380.0
40 4 1702.12
40 5 -5190350.0
40 6 -5185100.0
40 7 -5188480.0
40 8 -5187220.0
40 9 -5186480.0
40 10 -5190490.0
40 11 -5186090.0
40 12 -5183990.0
40 13 -70.0
40 14 -5190590.0
40 15 -5188810.0
40 16 -5188010.0
40 17 -5185790.0
40 18 -1590.0
40 19 -5190670.0
40 20 -5187170.0
40 21 -5187580.0
40 22 -5188460.0
40 23 -5186660.0
40 24 -5185940.0
40 25 -5190780.0
40 26 -5187700.0
40 27 -5186530.0
40 28 -5189100.0
40 29 -5188760.0
40 30 -5187490.0
40 31 -5190150.0
40 32 -5189820.0
40 33 -5193300.0
40 34 -5185430.0
40 35 -5194350.0
40 36 -5185640.0
40 38 -5189160.0
40 39 -5188590.0
40 41 -5184440.0
40 43 -5185840.0
40 44 -5188610.0
40 45 -5189490.0
40 46 -1800.0
40 47 -5186680.0
40 48 -5188330.0
40 49 -5186910.0
40 50 -5184970.0
40 51 -569.663
41 52 11460.3
41 3 -5186950.0
41 4 -5184130.0
41 5 -5186990.0
41 6 -5186570.0
41 7 -5186590.0
41 8 -5187920.0
41 9 -5189280.0
41 10 -5187830.0
41 11 -960.849
41 12 -5185110.0
41 13 -5187850.0
41 14 -5187440.0
41 15 -5190980.0
41 16 -5185000.0
41 17 -5186980.0
41 18 -5188470.0
41 19 -5190740.0
41 20 -5186330.0
41 21 -5183800.0
41 22 -5185730.0
41 23 -5186730.0
41 24 -1650.0
41 25 -5191060.0
41 26 -5187980.0
41 27 142.759
41 28 -5187280.0
41 29 -5190370.0
41 30 -5188960.0
41 31 -5191480.0
41 32 -5186740.0
41 33 -5193160.0
41 34 -5188650.0
41 35 -5193930.0
41 36 -5188860.0
41 38 -5186220.0
41 39 -5188870.0
41 40 -5186620.0
41 43 -5185910.0
41 44 -1800.0
41 45 -5186900.0
41 46 -5188890.0
41 47 -5185840.0
41 48 -5191550.0
41 49 -5188730.0
41 50 298.638
41 51 -5185140.0
42 52 14030.3
42 3 -5188210.0
42 4 -5183920.0
42 5 -5188040.0
42 6 310.518
42 7 -5185820.0
42 8 -5185120.0
42 9 -5186410.0
42 10 -5187900.0
42 11 -5185600.0
42 12 1269.15
42 13 -5186590.0
42 14 -5188140.0
42 15 -5188040.0
42 16 -5185700.0
42 17 -5184180.0
42 18 -5186230.0
42 19 -5188430.0
42 20 -5184580.0
42 21 -5185900.0
42 22 -5186010.0
42 23 -140.0
42 24 -5185730.0
42 25 -5188610.0
42 26 -5185460.0
42 27 -5184710.0
42 28 -5186510.0
42 29 -5187430.0
42 30 -5186020.0
42 31 -5188610.0
42 32 -5187440.0
42 33 -5190990.0
42 34 -5185850.0
42 35 -5191970.0
42 36 -5186270.0
42 38 -5186640.0
42 39 -5186280.0
42 40 -5185430.0
42 41 -5183530.0
42 43 -5186610.0
42 44 -5186510.0
42 45 -5186970.0
42 46 -5186580.0
42 47 -12.3015
42 48 -5188820.0
42 49 -5185790.0
42 50 368.638
42 51 -5185350.0
43 52 11110.3
43 3 -5189050.0
43 4 1972.12
43 5 -5189020.0
43 6 -5186080.0
43 7 -5187920.0
43 8 -5187850.0
43 9 -5188230.0
43 10 -5189580.0
43 11 -750.849
43 12 -5184410.0
43 13 -5186030.0
43 14 -5189400.0
43 15 -5190280.0
43 16 -5186890.0
43 17 -5186910.0
43 18 -5187140.0
43 19 -5191230.0
43 20 -5187240.0
43 21 -5185970.0
43 22 -5187480.0
43 23 -5186660.0
43 24 -750.0
43 25 -5191410.0
43 26 -5188330.0
43 27 -5185270.0
43 28 -5188540.0
43 29 -5189950.0
43 30 -5188610.0
43 31 -5191270.0
43 32 -5188700.0
43 33 -5193790.0
43 34 -5187320.0
43 35 -5194700.0
43 36 -5187530.0
43 38 -5188110.0
43 39 -5189080.0
43 40 -5184800.0
43 41 -5182690.0
43 44 -5187420.0
43 45 -5188580.0
43 46 -5187560.0
43 47 -5186540.0
43 48 -5190220.0
43 49 -5188030.0
43 50 -51.3618
43 51 820.337
44 52 12710.3
44 3 -5185900.0
44 4 -5185110.0
44 5 -5185800.0
44 6 -5185940.0
44 7 -5184910.0
44 8 -5186940.0
44 9 -5188720.0
44 10 -5186290.0
44 11 -5185740.0
44 12 -5184970.0
44 13 -5188410.0
44 14 -5186110.0
44 15 -5190210.0
44 16 409.628
44 17 -5185860.0
44 18 -5188540.0
44 19 -5189270.0
44 20 -5184720.0
44 21 492.241
44 22 -5184190.0
44 23 -5186310.0
44 24 -5186360.0
44 25 -5189660.0
44 26 -5186650.0
44 27 972.759
44 28 -1730.0
44 29 -5189460.0
44 30 -5188050.0
44 31 -5190360.0
44 32 -5185340.0
44 33 -5191620.0
44 34 -5188300.0
44 35 -5192250.0
44 36 -5188650.0
44 38 -5184750.0
44 39 -5187610.0
44 40 -5187250.0
44 41 1740.0
44 43 -5187100.0
44 45 -1353.58
44 46 -5188960.0
44 47 -5184650.0
44 48 -5191270.0
44 49 -5188100.0
44 50 158.638
44 51 -5186190.0
45 52 12780.3
45 3 -5185270.0
45 4 -5186580.0
45 5 -5184960.0
45 6 -5186430.0
45 7 349.668
45 8 -5187080.0
45 9 -5189000.0
45 10 -5184680.0
45 11 -5187280.0
45 12 -5186020.0
45 13 -5189740.0
45 14 -5184850.0
45 15 -5190420.0
45 16 1239.63
45 17 -5185440.0
45 18 -5189520.0
45 19 -5188290.0
45 20 -5183530.0
45 21 -5184080.0
45 22 1346.43
45 23 -5187220.0
45 24 -5187900.0
45 25 -5188960.0
45 26 -5186090.0
45 27 -5184640.0
45 28 -1180.0
45 29 -5189530.0
45 30 -5188120.0
45 31 -5190150.0
45 32 -138.894
45 33 -5190500.0
45 34 -5188860.0
45 35 -5190990.0
45 36 -5189420.0
45 38 -5183350.0
45 39 -5187190.0
45 40 -5188580.0
45 41 -5183810.0
45 43 -5188710.0
45 44 -5185740.0
45 46 -5189940.0
45 47 -5184790.0
45 48 -5191830.0
45 49 -5188590.0
45 50 -5185250.0
45 51 -5187730.0
46 52 12160.3
46 3 -5190730.0
46 4 -5183780.0
46 5 -5190560.0
46 6 -5183910.0
46 7 -5188200.0
46 8 -5186100.0
46 9 -5184800.0
46 10 -5190350.0
46 11 -5187070.0
46 12 -5183920.0
46 13 -1600.0
46 14 -5190660.0
46 15 -5187130.0
46 16 -5188150.0
46 17 -5184250.0
46 18 -550.0
46 19 -5189410.0
46 20 -5186190.0
46 21 -5188210.0
46 22 -5188460.0
46 23 -5186520.0
46 24 -5186920.0
46 25 -5189520.0
46 26 -5186510.0
46 27 -5186950.0
46 28 -5188890.0
46 29 -5187220.0
46 30 -5185950.0
46 31 -5188610.0
46 32 -5189890.0
46 33 -5192040.0
46 34 -5183890.0
46 35 -5193160.0
46 36 -162.302
46 38 -5189160.0
46 39 -5187400.0
46 40 -442.97
46 41 -5185350.0
46 43 -5187240.0
46 44 -5188960.0
46 45 -5189490.0
46 47 -5186330.0
46 48 -5186790.0
46 49 -1640.52
46 50 -5185530.0
46 51 -5185840.0
47 52 14860.3
47 3 -5187370.0
47 4 -5185250.0
47 5 -5187130.0
47 6 -5184190.0
47 7 -5184490.0
47 8 -1040.0
47 9 -5186830.0
47 10 -5186640.0
47 11 -5186440.0
47 12 -5184130.0
47 13 -5187990.0
47 14 -5187020.0
47 15 -5188320.0
47 16 -5184720.0
47 17 -5183830.0
47 18 -5187490.0
47 19 -5187520.0
47 20 -5183320.0
47 21 -5185480.0
47 22 -5184890.0
47 23 -1460.0
47 24 -5186780.0
47 25 -5187770.0
47 26 -5184690.0
47 27 -5184640.0
47 28 -1310.0
47 29 -5187500.0
47 30 -5186090.0
47 31 -5188330.0
47 32 -5186320.0
47 33 -5190010.0
47 34 -5186620.0
47 35 -5190850.0
47 36 -5187180.0
47 38 -5185450.0
47 39 -5185580.0
47 40 -5186830.0
47 41 -5183810.0
47 43 -5187730.0
47 44 -5186160.0
47 45 -5185850.0
47 46 -5187840.0
47 48 -5189590.0
47 49 -5186420.0
47 50 -5184270.0
47 51 -5186540.0
48 52 10700.3
48 3 -5192900.0
48 4 -5186510.0
48 5 -5192660.0
48 6 -5185380.0
48 7 -5189880.0
48 8 -5187290.0
48 9 1663.1
48 10 -5192100.0
48 11 -5189730.0
48 12 -5186440.0
48 13 -5188200.0
48 14 -5192550.0
48 15 -2003.66
48 16 -5190320.0
48 17 -5183340.0
48 18 -5187280.0
48 19 -5189130.0
48 20 -5186820.0
48 21 -5190660.0
48 22 -5190490.0
48 23 -5188900.0
48 24 -5189650.0
48 25 -5189590.0
48 26 -5186720.0
48 27 -5189470.0
48 28 -5190780.0
48 29 -5186940.0
48 30 -5185880.0
48 31 -5187910.0
48 32 -5191920.0
48 33 -5191830.0
48 34 2842.87
48 35 -5193020.0
48 36 807.698
48 38 -5190980.0
48 39 -5188100.0
48 40 -5187040.0
48 41 -5188080.0
48 43 -5189970.0
48 44 -5191340.0
48 45 -5191450.0
48 46 -2980.0
48 47 -5188150.0
48 49 -5186770.0
48 50 -5188120.0
48 51 -5188640.0
49 52 13750.3
49 3 -5189890.0
49 4 -5184970.0
49 5 -5189720.0
49 6 1630.52
49 7 -5186940.0
49 8 -550.0
49 9 -5184450.0
49 10 -5189160.0
49 11 -5187350.0
49 12 -5183920.0
49 13 -5186940.0
49 14 -5189610.0
49 15 -5186080.0
49 16 -5187310.0
49 17 -5182710.0
49 19 -5187660.0
49 20 -5184510.0
49 21 -5187790.0
49 22 -5187480.0
49 23 -5186100.0
49 24 -5187340.0
49 25 -5187770.0
49 26 -5184760.0
49 27 -5186600.0
49 28 -5187840.0
49 29 -1810.0
49 30 -473.663
49 31 -5187070.0
49 32 -5188910.0
49 33 -5190360.0
49 34 -5184030.0
49 35 -5191410.0
49 36 -5184590.0
49 38 -5188040.0
49 39 -5185720.0
49 40 -5185850.0
49 41 -5185490.0
49 43 -5188010.0
49 44 -5188400.0
49 45 -5188440.0
49 46 -1940.0
49 47 -5185210.0
49 48 -5187000.0
49 50 -5185530.0
49 51 -5186750.0
50 52 12780.3
50 3 -5187580.0
50 4 -5183500.0
50 5 -5187480.0
50 6 -5185030.0
50 7 -5186030.0
50 8 -5186520.0
50 9 -5187740.0
50 10 -5187830.0
50 11 -340.849
50 12 -5183570.0
50 13 -5186730.0
50 14 -5187790.0
50 15 -5189440.0
50 16 -5185210.0
50 17 -5185580.0
50 18 -5187070.0
50 19 -5189620.0
50 20 -5185420.0
50 21 -5184780.0
50 22 -5185730.0
50 23 -1320.0
50 24 -750.0
50 25 -5189870.0
50 26 -5186720.0
50 27 282.759
50 28 -5186650.0
50 29 -5188900.0
50 30 -5187490.0
50 31 -5190010.0
50 32 -5187020.0
50 33 -5192110.0
50 34 -5187110.0
50 35 -5192950.0
50 36 -5187390.0
50 38 -5186430.0
50 39 -5187540.0
50 40 -5185570.0
50 41 -5182060.0
50 43 -5185630.0
50 44 -5185740.0
50 45 -5186760.0
50 46 -5187490.0
50 47 -5184720.0
50 48 -5190010.0
50 49 -5187190.0
50 51 -5184580.0
51 52 11320.3
51 3 -5189120.0
51 4 2252.12
51 5 -5189090.0
51 6 -5185730.0
51 7 -5187850.0
51 8 -5187570.0
51 9 -5187880.0
51 10 -5189650.0
51 11 -750.849
51 12 -5184130.0
51 13 -1740.0
51 14 -5189470.0
51 15 -5189930.0
51 16 -5186960.0
51 17 -5186560.0
51 18 -5186790.0
51 19 -5191020.0
51 20 -5187100.0
51 21 -5186180.0
51 22 -5187550.0
51 23 -5186380.0
51 24 -680.0
51 25 -5191130.0
51 26 -5188050.0
51 27 -5185340.0
51 28 -5188470.0
51 29 -5189670.0
51 30 -5188260.0
51 31 -5190920.0
51 32 -5188770.0
51 33 -5193580.0
51 34 -5186970.0
51 35 -5194490.0
51 36 -5187180.0
51 38 -5188180.0
51 39 -5188870.0
51 40 -512.97
51 41 -5182900.0
51 43 -158.638
51 44 -5187490.0
51 45 -5188580.0
51 46 -5187140.0
51 47 -5186330.0
51 48 -5189870.0
51 49 -5187750.0
51 50 -5183920.0
52 2 0
52 3 0
52 4 0
52 5 0
52 6 0
52 7 0
52 8 0
52 9 0
52 10 0
52 11 0
52 12 0
52 13 0
52 14 0
52 15 0
52 16 0
52 17 0
52 18 0
52 19 0
52 20 0
52 21 0
52 22 0
52 23 0
52 24 0
52 25 0
52 26 0
52 27 0
52 28 0
52 29 0
52 30 0
52 31 0
52 32 0
52 33 0
52 34 0
52 35 0
52 36 0
52 37 0
52 38 0
52 39 0
52 40 0
52 41 0
52 42 0
52 43 0
52 44 0
52 45 0
52 46 0
52 47 0
52 48 0
52 49 0
52 50 0
52 51 0
2 1 0
3 1 0
4 1 0
5 1 0
6 1 0
7 1 0
8 1 0
9 1 0
10 1 0
11 1 0
12 1 0
13 1 0
14 1 0
15 1 0
16 1 0
17 1 0
18 1 0
19 1 0
20 1 0
21 1 0
22 1 0
23 1 0
24 1 0
25 1 0
26 1 0
27 1 0
28 1 0
29 1 0
30 1 0
31 1 0
32 1 0
33 1 0
34 1 0
35 1 0
36 1 0
37 1 0
38 1 0
39 1 0
40 1 0
41 1 0
42 1 0
43 1 0
44 1 0
45 1 0
46 1 0
47 1 0
48 1 0
49 1 0
50 1 0
51 1 0
52 1 0
