52 2457
1
2
3
4
5
6
7
8
9
10
11
12
13
14
15
16
17
18
19
20
21
22
23
24
25
26
27
28
29
30
31
32
33
34
35
36
37
38
39
40
41
42
43
44
45
46
47
48
49
50
51
52
1 52 -0.0
1 2 -22602.0
1 3 -22582.0
1 4 -24040.0
1 5 -22020.0
1 6 -22616.0
1 7 -21050.0
1 8 -23694.0
1 9 -22514.0
1 10 -20114.0
1 11 -22990.0
1 13 -23200.0
1 14 -21470.0
1 15 -21764.0
1 16 -20642.0
1 17 -21716.0
1 18 -22050.0
1 19 -23094.0
1 20 -21866.0
1 21 -22104.0
1 22 -22454.0
1 23 -20218.0
1 24 -19494.0
1 25 -22488.0
1 27 -22430.0
1 28 -23170.0
1 29 -19192.0
1 30 -21722.0
1 31 -22144.0
1 32 -22208.0
1 33 -22600.0
1 34 -23814.0
1 35 -22300.0
1 36 -22744.0
1 37 -22230.0
1 38 -22090.0
1 39 -24040.0
1 40 -20686.0
1 41 -21188.0
1 42 -21256.0
1 43 -25560.0
1 44 -22282.0
1 45 -24590.0
1 46 -25700.0
1 47 -22850.0
1 48 -21810.0
1 49 -21110.0
1 50 -19668.0
1 51 -18584.0
2 52 15814.0
2 3 -5189470.0
2 4 -5191490.0
2 5 -5188540.0
2 6 -5187610.0
2 7 -5189950.0
2 8 1386.0
2 9 -5190170.0
2 10 -5188310.0
2 11 -5191270.0
2 13 -5190930.0
2 14 -5187150.0
2 15 -5188930.0
2 16 -5187370.0
2 17 -5186150.0
2 18 -5190260.0
2 19 -2184.0
2 20 -5188670.0
2 21 -1124.0
2 22 -5190450.0
2 23 -5188140.0
2 24 -5188320.0
2 25 -5188410.0
2 27 -1100.0
2 28 -5187470.0
2 29 -5187760.0
2 30 -5190420.0
2 31 -5190630.0
2 32 -5188600.0
2 33 -5190810.0
2 34 -124.0
2 35 -5189940.0
2 36 -5190680.0
2 37 -5188960.0
2 38 -5188620.0
2 39 -5188340.0
2 40 -5187420.0
2 41 -5187430.0
2 42 -5189980.0
2 43 -5192110.0
2 44 -5186510.0
2 45 -5192600.0
2 46 -5194420.0
2 47 -5187280.0
2 48 -5188680.0
2 49 -5188470.0
2 50 -5185390.0
2 51 -5181130.0
3 52 16714.0
3 2 -5188590.0
3 4 -770.0
3 5 -5189940.0
3 6 -5190480.0
3 7 -5187500.0
3 8 -5189680.0
3 9 556.0
3 10 -5186490.0
3 11 -5190010.0
3 13 -700.0
3 14 -5187640.0
3 15 -5189280.0
3 16 -5187930.0
3 17 -5189370.0
3 18 -5185290.0
3 19 -5190400.0
3 20 -5186220.0
3 21 -5189120.0
3 22 -1054.0
3 23 -5187930.0
3 24 -5185590.0
3 25 992.0
3 27 -5188960.0
3 28 -5190900.0
3 29 -5182790.0
3 30 -5187970.0
3 31 -5189020.0
3 32 -5190140.0
3 33 -5185420.0
3 34 -5189930.0
3 35 -5190080.0
3 36 -5184310.0
3 37 -5186440.0
3 38 -5189950.0
3 39 -5191840.0
3 40 -5188610.0
3 41 -5187010.0
3 42 -5185850.0
3 43 -5193020.0
3 44 -5190150.0
3 45 -5191410.0
3 46 -5190290.0
3 47 -5187980.0
3 48 -5186860.0
3 49 -5189030.0
3 50 -5187350.0
3 51 -5182950.0
4 52 16714.0
4 2 -5189150.0
4 3 688.0
4 5 -5190010.0
4 6 -5190550.0
4 7 -5187220.0
4 8 -5190240.0
4 9 1456.0
4 10 -5186560.0
4 11 -5189660.0
4 13 -140.0
4 14 -5187990.0
4 15 -5189000.0
4 16 -5188140.0
4 17 -5189510.0
4 18 -5184870.0
4 19 -5190680.0
4 20 -5186570.0
4 21 -5189470.0
4 22 -434.0
4 23 -5187720.0
4 24 -5185310.0
4 25 -5183790.0
4 27 -5189450.0
4 28 -5191040.0
4 29 -5182020.0
4 30 -5187410.0
4 31 -5188600.0
4 32 -5190140.0
4 33 -5184860.0
4 34 -5190420.0
4 35 -5189870.0
4 36 596.0
4 37 -5186930.0
4 38 -5189810.0
4 39 -5191980.0
4 40 -5188680.0
4 41 -5187360.0
4 42 -5185010.0
4 43 -5192740.0
4 44 -5190150.0
4 45 -5190920.0
4 46 -5189450.0
4 47 -5188540.0
4 48 -5187210.0
4 49 -5189100.0
4 50 -5187070.0
4 51 -5183720.0
5 52 18864.0
5 2 -5186070.0
5 3 -5188350.0
5 4 -5189880.0
5 6 -726.0
5 7 -5186520.0
5 8 -5186950.0
5 9 -5188350.0
5 10 -5186070.0
5 11 -5186860.0
5 13 -5189040.0
5 14 -5186520.0
5 15 -5184520.0
5 16 -5185480.0
5 17 -246.0
5 18 -5187950.0
5 19 -5185780.0
5 20 -5187620.0
5 21 -5185270.0
5 22 -5188280.0
5 23 -5183730.0
5 24 -5185100.0
5 25 -5188130.0
5 27 -5186090.0
5 28 -5185090.0
5 29 -5184750.0
5 30 -5186290.0
5 31 -5186360.0
5 32 -328.0
5 33 -5188500.0
5 34 -5187410.0
5 35 -1520.0
5 36 -5188510.0
5 37 -5187980.0
5 38 -5184420.0
5 39 -5186030.0
5 40 224.0
5 41 -5186520.0
5 42 -5185920.0
5 43 -5187980.0
5 44 -5184200.0
5 45 -5188120.0
5 46 -5190430.0
5 47 -5187770.0
5 48 -5187490.0
5 49 -1110.0
5 50 -5181750.0
5 51 -5183230.0
6 52 17754.0
6 2 -5185650.0
6 3 -5189400.0
6 4 -5190930.0
6 5 -1240.0
6 7 -5187710.0
6 8 -5186530.0
6 9 -5189470.0
6 10 -5187120.0
6 11 -5187840.0
6 13 -5190160.0
6 14 -5187150.0
6 15 -5184940.0
6 16 -5186250.0
6 17 374.0
6 18 -5189070.0
6 19 -5185080.0
6 20 -5188530.0
6 21 -5185060.0
6 22 -5189470.0
6 23 -5184710.0
6 24 -5186290.0
6 25 -5189040.0
6 27 -5186090.0
6 28 30.0
6 29 -5185940.0
6 30 -5187340.0
6 31 -5187410.0
6 32 -678.0
6 33 -5189620.0
6 34 -5187200.0
6 35 -5186370.0
6 36 -5189700.0
6 37 -5188890.0
6 38 -5184560.0
6 39 -910.0
6 40 -5184760.0
6 41 -5187290.0
6 42 -5186970.0
6 43 -5188050.0
6 44 -5183150.0
6 45 -5188750.0
6 46 -5191480.0
6 47 -5188330.0
6 48 -5188400.0
6 49 -5186160.0
6 50 -5181400.0
6 51 -5183580.0
7 52 19494.0
7 2 -5187820.0
7 3 -5186250.0
7 4 -5187430.0
7 5 -5186860.0
7 6 -5187540.0
7 8 -5188840.0
7 9 -5185760.0
7 10 -874.0
7 11 -5186230.0
7 13 -5186590.0
7 14 -5186730.0
7 15 -5185500.0
7 16 -5185970.0
7 17 -5186780.0
7 18 -5185360.0
7 19 -5188230.0
7 20 -5186430.0
7 21 -5187370.0
7 22 -5185760.0
7 23 -5184290.0
7 24 1556.0
7 25 -5186450.0
7 27 -5187700.0
7 28 -5187960.0
7 29 -5181880.0
7 30 -602.0
7 31 -1304.0
7 32 -5186780.0
7 33 -5185840.0
7 34 -5189020.0
7 35 -5186440.0
7 36 -5185850.0
7 37 -5186860.0
7 38 -5186310.0
7 39 -5188830.0
7 40 -5185740.0
7 41 -5186310.0
7 42 -5183750.0
7 43 -5189240.0
7 44 -5187000.0
7 45 -5187770.0
7 46 -5188190.0
7 47 -5187910.0
7 48 -5186580.0
7 49 -5186230.0
7 50 -5183570.0
7 51 -5183580.0
8 52 15184.0
8 2 1848.0
8 3 -5190100.0
8 4 -5192120.0
8 5 -5188960.0
8 6 -5188030.0
8 7 -5190510.0
8 9 -5190800.0
8 10 -5188940.0
8 11 -5191760.0
8 13 -5191490.0
8 14 -5187780.0
8 15 -5189350.0
8 16 -5187930.0
8 17 -5186570.0
8 18 -5190820.0
8 19 -2534.0
8 20 -5189300.0
8 21 -1674.0
8 22 -5191080.0
8 23 -5188630.0
8 24 -5188880.0
8 25 -5188970.0
8 27 -1790.0
8 28 -5187750.0
8 29 -5188390.0
8 30 -5190980.0
8 31 -5191190.0
8 32 -5189020.0
8 33 -5191440.0
8 34 -814.0
8 35 -5190430.0
8 36 -5191310.0
8 37 -5189520.0
8 38 -5189040.0
8 39 -5188550.0
8 40 -5187910.0
8 41 -5188060.0
8 42 -5190540.0
8 43 -5192460.0
8 44 -5186720.0
8 45 -5193020.0
8 46 -5194980.0
8 47 -5187910.0
8 48 -5189310.0
8 49 -5189030.0
8 50 -5185600.0
8 51 -5181620.0
9 52 16294.0
9 2 -5189780.0
9 3 68.0
9 4 -490.0
9 5 -5190430.0
9 6 -5191040.0
9 7 -5187500.0
9 8 -5190870.0
9 10 -5187050.0
9 11 -5189870.0
9 13 -630.0
9 14 -5188550.0
9 15 -5189280.0
9 16 -5188630.0
9 17 -5190070.0
9 18 -5185220.0
9 19 -5191240.0
9 20 -5187200.0
9 21 -5190030.0
9 22 -844.0
9 23 -5188070.0
9 24 -5185660.0
9 25 -5184280.0
9 27 -5190010.0
9 28 -5191460.0
9 29 -5181950.0
9 30 -5187550.0
9 31 -5188810.0
9 32 -5190560.0
9 33 -5185140.0
9 34 -5191050.0
9 35 -5190220.0
9 36 736.0
9 37 -5187490.0
9 38 -5190160.0
9 39 -5192400.0
9 40 -5189100.0
9 41 -5187990.0
9 42 -5184800.0
9 43 -5192950.0
9 44 -5190640.0
9 45 -5191060.0
9 46 -5189240.0
9 47 -5189100.0
9 48 -5187770.0
9 49 -5189590.0
9 50 -5187420.0
9 51 -5184280.0
10 52 20114.0
10 2 -5186560.0
10 3 -5185620.0
10 4 -5187150.0
10 5 -5186790.0
10 6 -5187330.0
10 7 -5185190.0
10 8 -5187650.0
10 9 -5185690.0
10 11 -5187490.0
10 13 -5186380.0
10 14 -5185260.0
10 15 -5186410.0
10 16 -5184920.0
10 17 -5186290.0
10 18 -5185360.0
10 19 -5187530.0
10 20 -1156.0
10 21 -5186390.0
10 22 -5185690.0
10 23 -5184990.0
10 24 516.0
10 25 -5185470.0
10 27 -5186580.0
10 28 -5187750.0
10 29 -5182790.0
10 30 -5186010.0
10 31 -5186640.0
10 32 -5186990.0
10 33 -5185980.0
10 34 -5187830.0
10 35 -5187070.0
10 36 -5185990.0
10 37 -5185460.0
10 38 -5186870.0
10 39 -5188690.0
10 40 -5185460.0
10 41 -898.0
10 42 -5185150.0
10 43 -5190150.0
10 44 -5186930.0
10 45 -5189100.0
10 46 -5189590.0
10 47 -5186440.0
10 48 -1110.0
10 49 -5185880.0
10 50 -5184270.0
10 51 -5182110.0
11 52 17964.0
11 2 -5188730.0
11 3 -5188350.0
11 4 -5189460.0
11 5 -5186790.0
11 6 -5187260.0
11 7 -5185820.0
11 8 -5189680.0
11 9 -5187720.0
11 10 -5186700.0
11 13 -5188620.0
11 14 -5188270.0
11 15 -5183680.0
11 16 -5187300.0
11 17 -5186920.0
11 18 -5187460.0
11 19 -5188510.0
11 20 -5188460.0
11 21 -5188000.0
11 22 -5187790.0
11 23 422.0
11 24 -5184610.0
11 25 -5188550.0
11 27 -5188680.0
11 28 -5187470.0
11 29 -5183280.0
11 30 98.0
11 31 -124.0
11 32 -5186220.0
11 33 -5187800.0
11 34 -5190070.0
11 35 -1590.0
11 36 -5187740.0
11 37 -5188890.0
11 38 -5185050.0
11 39 -5188200.0
11 40 -5186090.0
11 41 -5187990.0
11 42 -5183330.0
11 43 -5187280.0
11 44 -5186230.0
11 45 -1730.0
11 46 -5187840.0
11 47 -5189590.0
11 48 -5188540.0
11 49 -5186930.0
11 50 -5181750.0
11 51 -5185260.0
12 52 16854.0
12 2 -5189920.0
12 3 -5185200.0
12 4 -5185820.0
12 5 -5189660.0
12 6 -5190340.0
12 7 -5186520.0
12 8 -5191010.0
12 9 -5183660.0
12 10 -5186770.0
12 11 -5188470.0
12 13 -5185330.0
12 14 -5188620.0
12 15 -5188020.0
12 16 -5188350.0
12 17 -5189510.0
12 18 -1000.0
12 19 -5190890.0
12 20 -5187480.0
12 21 -5189820.0
12 22 -844.0
12 23 -5187020.0
12 24 -5184750.0
12 25 -5185680.0
12 27 -5189940.0
12 28 -5190760.0
12 29 3658.0
12 30 -5186010.0
12 31 -5187480.0
12 32 -5189650.0
12 33 -850.0
12 34 -5191190.0
12 35 -5189170.0
12 36 316.0
12 37 -5187840.0
12 38 -5189040.0
12 39 -5191630.0
12 40 -5188470.0
12 41 -5188060.0
12 42 -5183120.0
12 43 -5191620.0
12 44 -5189800.0
12 45 -5189520.0
12 46 -5187560.0
12 47 -5189450.0
12 48 -5187910.0
12 49 -5188960.0
12 50 -5186090.0
12 51 -5184910.0
13 52 17274.0
13 2 -5188870.0
13 3 -5183520.0
13 4 -420.0
13 5 -5189450.0
13 6 -5190060.0
13 7 -5186660.0
13 8 -5189890.0
13 9 -5182960.0
13 10 -5186070.0
13 11 -5189100.0
13 14 -5187570.0
13 15 -5188510.0
13 16 -5187650.0
13 17 -5189090.0
13 18 -310.0
13 19 -5190260.0
13 20 -5186220.0
13 21 -5189050.0
13 22 56.0
13 23 -5187230.0
13 24 -5184820.0
13 25 -5184000.0
13 27 -5189030.0
13 28 -5190480.0
13 29 -5181670.0
13 30 -5186920.0
13 31 -5188110.0
13 32 -5189580.0
13 33 -370.0
13 34 -5190070.0
13 35 -5189380.0
13 36 596.0
13 37 -5186580.0
13 38 -5189250.0
13 39 -5191420.0
13 40 -5188120.0
13 41 -5187010.0
13 42 -5184730.0
13 43 -5192180.0
13 44 -5189660.0
13 45 -5190430.0
13 46 -5189170.0
13 47 -5188190.0
13 48 -5186790.0
13 49 -5188610.0
13 50 -5186580.0
13 51 -5183510.0
14 52 19074.0
14 2 -5185020.0
14 3 -5186390.0
14 4 -5188200.0
14 5 -5186860.0
14 6 -5186980.0
14 7 -5186730.0
14 8 -5186110.0
14 9 -5186810.0
14 10 -944.0
14 11 -5188680.0
14 13 -5187500.0
14 15 -5187110.0
14 16 -502.0
14 17 -5185660.0
14 18 -5186760.0
14 19 -5186550.0
14 20 -1436.0
14 21 -5185200.0
14 22 -5187020.0
14 23 -5185760.0
14 24 -5185030.0
14 25 -5185680.0
14 27 -5185110.0
14 28 -5187330.0
14 29 -5184330.0
14 30 -5187410.0
14 31 -5187830.0
14 32 -5187130.0
14 33 -5187380.0
14 34 -5186290.0
14 35 -5187770.0
14 36 -5187250.0
14 37 -1730.0
14 38 -5187220.0
14 39 -5188270.0
14 40 -5185390.0
14 41 2.0
14 42 -5186760.0
14 43 -5190710.0
14 44 -5186580.0
14 45 -5190220.0
14 46 -5191200.0
14 47 -1040.0
14 48 -1380.0
14 49 -5186090.0
14 50 -5184550.0
14 51 -5180710.0
15 52 17134.0
15 2 -5188450.0
15 3 -5189680.0
15 4 -5190860.0
15 5 -5186510.0
15 6 -5186420.0
15 7 -5187150.0
15 8 -5189330.0
15 9 -5189190.0
15 10 -5187680.0
15 11 -1800.0
15 13 -5190090.0
15 14 -5188760.0
15 16 -5187650.0
15 17 -5186360.0
15 18 -5188860.0
15 19 -5187950.0
15 20 -5189440.0
15 21 -5187720.0
15 22 -5189260.0
15 23 142.0
15 24 -5185940.0
15 25 -5189740.0
15 27 -5188540.0
15 28 -5186490.0
15 29 -5184890.0
15 30 -5185520.0
15 31 -5185730.0
15 32 -5185520.0
15 33 -5189270.0
15 34 -5189860.0
15 35 -1520.0
15 36 -5189280.0
15 37 -5189800.0
15 38 350.0
15 39 -5187010.0
15 40 -5186090.0
15 41 -5188620.0
15 42 -5184800.0
15 43 -1870.0
15 44 -5184970.0
15 45 -5185950.0
15 46 -5189310.0
15 47 -5190080.0
15 48 -5189380.0
15 49 -5187140.0
15 50 -5180140.0
15 51 -5185610.0
16 52 19834.0
16 2 -5185370.0
16 3 -5186810.0
16 4 -5188480.0
16 5 -5185950.0
16 6 -5186210.0
16 7 -5186100.0
16 8 -5186390.0
16 9 -5187020.0
16 10 -5184670.0
16 11 -5187840.0
16 13 -5187710.0
16 14 -630.0
16 15 -5186130.0
16 17 -5185030.0
16 18 -5186760.0
16 19 -5186130.0
16 20 -5185870.0
16 21 -5185060.0
16 22 -5187090.0
16 23 -5184850.0
16 24 -5184540.0
16 25 -5186380.0
16 27 -5185250.0
16 28 -5186630.0
16 29 -5184050.0
16 30 -5186710.0
16 31 -5187060.0
16 32 -5186220.0
16 33 -5187380.0
16 34 -5186640.0
16 35 -5186860.0
16 36 -5187320.0
16 37 -5186160.0
16 38 -5186310.0
16 39 -5187570.0
16 40 -536.0
16 41 -628.0
16 42 -5186200.0
16 43 -5189800.0
16 44 -5185810.0
16 45 -5189310.0
16 46 -5190640.0
16 47 -5185950.0
16 48 -5185740.0
16 49 -1110.0
16 50 -5183640.0
16 51 -5181550.0
17 52 17964.0
17 2 -5184880.0
17 3 -5188980.0
17 4 -5190580.0
17 5 -1450.0
17 6 -316.0
17 7 -5187640.0
17 8 -5185760.0
17 9 -5189190.0
17 10 -5186770.0
17 11 -5188190.0
17 13 -5189880.0
17 14 -5186520.0
17 15 -5185570.0
17 16 -5185760.0
17 18 -5188860.0
17 19 -384.0
17 20 -5188040.0
17 21 -284.0
17 22 -5189190.0
17 23 -5185060.0
17 24 -5186220.0
17 25 -5188480.0
17 27 -5185250.0
17 28 -590.0
17 29 -5185870.0
17 30 -5187620.0
17 31 -5187760.0
17 32 -5185240.0
17 33 -5189410.0
17 34 -5186360.0
17 35 -5186790.0
17 36 -5189420.0
17 37 -5188330.0
17 38 -5185330.0
17 39 -5185470.0
17 40 -5184620.0
17 41 -5186730.0
17 42 -5187250.0
17 43 -5188820.0
17 44 -5183780.0
17 45 -5189380.0
17 46 -5191760.0
17 47 -5187560.0
17 48 -5187910.0
17 49 -5185950.0
17 50 -5182240.0
17 51 -5182740.0
18 52 18174.0
18 2 -5188450.0
18 3 -5184360.0
18 4 -1460.0
18 5 -5188610.0
18 6 -5189220.0
18 7 -5185680.0
18 8 -5189470.0
18 9 -5183800.0
18 10 -5185300.0
18 11 -5188190.0
18 13 -560.0
18 14 -5187080.0
18 15 -5187530.0
18 16 -5186950.0
18 17 -5188320.0
18 19 -5189560.0
18 20 -5185940.0
18 21 -5188420.0
18 22 266.0
18 23 -5186250.0
18 24 -5183840.0
18 25 -5184700.0
18 27 -5188470.0
18 28 -5189640.0
18 29 -5181180.0
18 30 -5186010.0
18 31 -5187130.0
18 32 -5188670.0
18 33 50.0
18 34 -5189650.0
18 35 -5188400.0
18 36 -24.0
18 37 -5186300.0
18 38 -5188340.0
18 39 -5190580.0
18 40 -5187350.0
18 41 -5186520.0
18 42 -5184170.0
18 43 -5191270.0
18 44 -5188820.0
18 45 -5189520.0
18 46 -5188610.0
18 47 -5187910.0
18 48 -5186370.0
18 49 -5187770.0
18 50 -5185600.0
18 51 -5183370.0
19 52 17274.0
19 2 -5184110.0
19 3 -5189330.0
19 4 -5191070.0
19 5 -5186300.0
19 6 -1146.0
19 7 -5188410.0
19 8 -5184920.0
19 9 -5189680.0
19 10 -5187330.0
19 11 -5189100.0
19 13 -5190370.0
19 14 -5186730.0
19 15 -5186480.0
19 16 -5186180.0
19 17 304.0
19 18 -5189420.0
19 20 -5188320.0
19 21 266.0
19 22 -5189750.0
19 23 -5185970.0
19 24 -5186920.0
19 25 -5188690.0
19 27 -890.0
19 28 -1010.0
19 29 -5186570.0
19 30 -5188530.0
19 31 -5188600.0
19 32 -5186150.0
19 33 -5189970.0
19 34 -5185660.0
19 35 -5187700.0
19 36 -5189980.0
19 37 -5188680.0
19 38 -5186170.0
19 39 -5185820.0
19 40 -5185460.0
19 41 -5187010.0
19 42 -5188160.0
19 43 -5189590.0
19 44 -5184060.0
19 45 -5190290.0
19 46 -5192600.0
19 47 -5187560.0
19 48 -5188260.0
19 49 -5186720.0
19 50 -5182870.0
19 51 -5182460.0
20 52 18794.0
20 2 -5186420.0
20 3 -5184850.0
20 4 -5186660.0
20 5 -5187840.0
20 6 -5188240.0
20 7 -5186310.0
20 8 -5187510.0
20 9 -5185340.0
20 10 -664.0
20 11 -5188750.0
20 13 -5186030.0
20 14 -1320.0
20 15 -5187670.0
20 16 -5185620.0
20 17 -5187060.0
20 18 -5185500.0
20 19 -5188020.0
20 21 -5186740.0
20 22 -5185620.0
20 23 -5186250.0
20 24 -5184470.0
20 25 -5184350.0
20 27 -5186650.0
20 28 -5188660.0
20 29 -5183210.0
20 30 -5187130.0
20 31 -5187830.0
20 32 -5188110.0
20 33 -5186050.0
20 34 -5187690.0
20 35 -5188330.0
20 36 -5185780.0
20 37 -200.0
20 38 -5188060.0
20 39 -5189600.0
20 40 -5186440.0
20 41 -628.0
20 42 -5185990.0
20 43 -5191410.0
20 44 -5187840.0
20 45 -5190290.0
20 46 -5190500.0
20 47 -5185810.0
20 48 -480.0
20 49 -5186930.0
20 50 -5185460.0
20 51 -5181270.0
21 52 17684.0
21 2 248.0
21 3 -5188630.0
21 4 -5190440.0
21 5 -5186370.0
21 6 -1706.0
21 7 -5188130.0
21 8 -5184640.0
21 9 -5189050.0
21 10 -5186770.0
21 11 -5189170.0
21 13 -5189740.0
21 14 -5185960.0
21 15 -5186830.0
21 16 -1752.0
21 17 -176.0
21 18 -5188860.0
21 19 -314.0
21 20 -5187620.0
21 22 -5189190.0
21 23 -5186040.0
21 24 -5186570.0
21 25 -5187920.0
21 27 -60.0
21 28 -5185650.0
21 29 -5186150.0
21 30 -5188390.0
21 31 -5188600.0
21 32 -5186500.0
21 33 -5189410.0
21 34 -1164.0
21 35 -5187840.0
21 36 -5189420.0
21 37 -5187910.0
21 38 -5186590.0
21 39 -5186590.0
21 40 -1376.0
21 41 -5186310.0
21 42 -5188020.0
21 43 -5190080.0
21 44 -5184830.0
21 45 -5190430.0
21 46 -5192460.0
21 47 -5186720.0
21 48 -5187560.0
21 49 -5186510.0
21 50 -5183500.0
21 51 -5181620.0
22 52 17754.0
22 2 -5188660.0
22 3 -5184080.0
22 4 -980.0
22 5 -5188960.0
22 6 -5189640.0
22 7 -5186100.0
22 8 -5189750.0
22 9 -5183380.0
22 10 -5185650.0
22 11 -5188540.0
22 13 -210.0
22 14 -5187360.0
22 15 -5187950.0
22 16 -5187300.0
22 17 -5188670.0
22 18 250.0
22 19 -5189910.0
22 20 -5186080.0
22 21 -5188770.0
22 23 -5186670.0
22 24 -5184260.0
22 25 -5184490.0
22 27 -5188750.0
22 28 -5190060.0
22 29 -5181250.0
22 30 -5186360.0
22 31 -5187550.0
22 32 -5189090.0
22 33 190.0
22 34 -5189930.0
22 35 -5188820.0
22 36 386.0
22 37 -5186440.0
22 38 -5188760.0
22 39 -5191000.0
22 40 -5187700.0
22 41 -5186800.0
22 42 -5184310.0
22 43 -5191620.0
22 44 -5189170.0
22 45 -5189870.0
22 46 -5188750.0
22 47 -5188120.0
22 48 -5186650.0
22 49 -5188120.0
22 50 -5186020.0
22 51 -5183510.0
23 52 18864.0
23 2 -5187470.0
23 3 -5188140.0
23 4 -5189390.0
23 5 -1590.0
23 6 -5186000.0
23 7 -5185750.0
23 8 -5188420.0
23 9 -5187790.0
23 10 -5186070.0
23 11 -1450.0
23 13 -5188620.0
23 14 -5187220.0
23 15 -5183610.0
23 16 -5186180.0
23 17 -5185660.0
23 18 -5187390.0
23 19 -5187250.0
23 20 -5187830.0
23 21 -5186740.0
23 22 -5187790.0
23 24 -5184470.0
23 25 -5188200.0
23 27 -5187420.0
23 28 -5186350.0
23 29 -5183770.0
23 30 -5184890.0
23 31 -1024.0
23 32 -1088.0
23 33 -5187870.0
23 34 -5188810.0
23 35 -410.0
23 36 -5187880.0
23 37 -5188190.0
23 38 -5184280.0
23 39 -5187080.0
23 40 -5184830.0
23 41 -5187080.0
23 42 -5184520.0
23 43 -5187350.0
23 44 -5185250.0
23 45 -5186720.0
23 46 -5188960.0
23 47 -5188610.0
23 48 -5187770.0
23 49 -5185740.0
23 50 -5181610.0
23 51 -5184210.0
24 52 19494.0
24 2 -5187750.0
24 3 -5185900.0
24 4 -5187080.0
24 5 -5187000.0
24 6 -5187680.0
24 7 -0.0
24 8 -5188770.0
24 9 -5185480.0
24 10 -664.0
24 11 -5186580.0
24 13 -5186310.0
24 14 -5186590.0
24 15 -5185850.0
24 16 -5185970.0
24 17 -5186920.0
24 18 -1140.0
24 19 -5188300.0
24 20 -5186150.0
24 21 -5187370.0
24 22 -5185480.0
24 23 -5184570.0
24 25 -5186100.0
24 27 -5187630.0
24 28 -5188100.0
24 29 -5181740.0
24 30 -5184750.0
24 31 -1654.0
24 32 -5187060.0
24 33 -1620.0
24 34 -5189020.0
24 35 -5186720.0
24 36 -5185570.0
24 37 -5186580.0
24 38 -5186590.0
24 39 -5189040.0
24 40 -5185880.0
24 41 -5186100.0
24 42 -5183890.0
24 43 -5189590.0
24 44 -5187210.0
24 45 -5188050.0
24 46 -5188330.0
24 47 -5187700.0
24 48 -5186300.0
24 49 -5186300.0
24 50 -5183920.0
24 51 -5183370.0
25 52 16024.0
25 2 -5188310.0
25 3 208.0
25 4 -2090.0
25 5 -5190500.0
25 6 -5190900.0
25 7 -5188480.0
25 8 -5189330.0
25 9 -694.0
25 10 -5187120.0
25 11 -5190990.0
25 13 -2080.0
25 14 -5187710.0
25 15 -5190120.0
25 16 -5188280.0
25 17 -5189650.0
25 18 -5186410.0
25 19 -5190540.0
25 20 -5186500.0
25 21 -5189190.0
25 22 -5186180.0
25 23 -5188770.0
25 24 -5186570.0
25 27 -5188960.0
25 28 -5191320.0
25 29 -5184050.0
25 30 -5189020.0
25 31 -5190000.0
25 32 -5190770.0
25 33 -5186680.0
25 34 -5189650.0
25 35 -5190850.0
25 36 -5185570.0
25 37 -2840.0
25 38 -5190650.0
25 39 -5192260.0
25 40 -5189100.0
25 41 -5187220.0
25 42 -5187110.0
25 43 -5193930.0
25 44 -5190500.0
25 45 -5192460.0
25 46 -5191550.0
25 47 -5187770.0
25 48 -5187140.0
25 49 -5189590.0
25 50 -5188050.0
25 51 -5182390.0
26 52 15954.0
26 2 -5191040.0
26 3 -5188770.0
26 4 -5189530.0
26 5 -5189310.0
26 6 -5189780.0
26 7 -5187150.0
26 8 -5192060.0
26 9 -5187510.0
26 10 -5188310.0
26 11 -5186650.0
26 13 -5188830.0
26 14 -5190160.0
26 15 -5185990.0
26 16 -5189330.0
26 17 -5189440.0
26 18 -5187880.0
26 19 -5191030.0
26 20 -5189790.0
26 21 -5190380.0
26 22 -5188070.0
26 23 -5186040.0
26 24 -5185800.0
26 25 -5189180.0
26 27 -5190990.0
26 28 -5190060.0
26 29 -5182790.0
26 30 -532.0
26 31 -2204.0
26 32 -5188810.0
26 33 -5188010.0
26 34 -5192310.0
26 35 -5188050.0
26 36 -5187530.0
26 37 -5190220.0
26 38 -5187500.0
26 39 -5190790.0
26 40 -5188540.0
26 41 -5189740.0
26 42 3134.0
26 43 -5188960.0
26 44 -5188820.0
26 45 -2560.0
26 46 -1450.0
26 47 -5191410.0
26 48 -5190010.0
26 49 -5189240.0
26 50 -5183640.0
26 51 -5187080.0
27 52 17684.0
27 2 598.0
27 3 -5188140.0
27 4 -5190090.0
27 5 -5186860.0
27 6 -5186350.0
27 7 -5188130.0
27 8 -5184430.0
27 9 -5188700.0
27 10 -5186630.0
27 11 -5189520.0
27 13 -5189390.0
27 14 -1600.0
27 15 -5187320.0
27 16 -5185550.0
27 17 -5184820.0
27 18 -5188580.0
27 19 -1144.0
27 20 -5187200.0
27 21 266.0
27 22 -5188840.0
27 23 -5186390.0
27 24 -5186500.0
27 25 -5187360.0
27 28 -5186420.0
27 29 -5186080.0
27 30 -5188600.0
27 31 -5188880.0
27 32 -5187060.0
27 33 -5189200.0
27 34 -674.0
27 35 -5188260.0
27 36 -5189140.0
27 37 -5187490.0
27 38 -5187220.0
27 39 -5187360.0
27 40 -5185670.0
27 41 -5185890.0
27 42 -5188160.0
27 43 -5190780.0
27 44 -5185600.0
27 45 -5190920.0
27 46 -5192600.0
27 47 -5186090.0
27 48 -5187140.0
27 49 -5186720.0
27 50 -5184200.0
27 51 -5180850.0
28 52 16994.0
28 2 -5185720.0
28 3 -5190030.0
28 4 -5191630.0
28 5 -5185810.0
28 6 -176.0
28 7 -5188340.0
28 8 -5186460.0
28 9 -5190100.0
28 10 -5187750.0
28 11 -5188260.0
28 13 -5190790.0
28 14 -5187710.0
28 15 -5185220.0
28 16 -5186880.0
28 17 -106.0
28 18 -5189700.0
28 19 -5185150.0
28 20 -5189160.0
28 21 -5185270.0
28 22 -5190100.0
28 23 -5185270.0
28 24 -5186920.0
28 25 -5189670.0
28 27 -5186370.0
28 29 -5186570.0
28 30 -5187900.0
28 31 -5187970.0
28 32 -1228.0
28 33 -5190250.0
28 34 -5187340.0
28 35 -5186930.0
28 36 -5190330.0
28 37 -5189450.0
28 38 -5184770.0
28 39 -280.0
28 40 -5185390.0
28 41 -5187920.0
28 42 -5187530.0
28 43 -5188050.0
28 44 1478.0
28 45 -5189100.0
28 46 -5191970.0
28 47 -5188820.0
28 48 -5189030.0
28 49 -5186790.0
28 50 -5181190.0
28 51 -5183930.0
29 52 17274.0
29 2 -5189710.0
29 3 -5185620.0
29 4 -5186310.0
29 5 -5189170.0
29 6 -5189850.0
29 7 -5185960.0
29 8 -5190800.0
29 9 -5184290.0
29 10 -5186490.0
29 11 -5187770.0
29 13 -5185680.0
29 14 -5188410.0
29 15 -5187320.0
29 16 -5188000.0
29 17 -5189090.0
29 18 -1000.0
29 19 -5190470.0
29 20 -5187410.0
29 21 -5189470.0
29 22 -1054.0
29 23 -5186390.0
29 24 -5184260.0
29 25 -5186100.0
29 27 -5189730.0
29 28 -5190270.0
29 30 -5185310.0
29 31 -5186780.0
29 32 -5189090.0
29 33 -990.0
29 34 -5190980.0
29 35 -5188540.0
29 36 -374.0
29 37 -5187840.0
29 38 -5188410.0
29 39 -5191140.0
29 40 -5187980.0
29 41 -5187850.0
29 42 -5182630.0
29 43 -5190920.0
29 44 -5189240.0
29 45 -5188820.0
29 46 -5187070.0
29 47 -5189380.0
29 48 -5187840.0
29 49 -5188470.0
29 50 -5185460.0
29 51 -5184910.0
30 52 17824.0
30 2 -5189290.0
30 3 -5187720.0
30 4 -5188620.0
30 5 -5187630.0
30 6 -5188170.0
30 7 -1600.0
30 8 -5190310.0
30 9 -5186810.0
30 10 -5186630.0
30 11 -1310.0
30 13 -5187850.0
30 14 -5188410.0
30 15 -5184870.0
30 16 -5187580.0
30 17 -5187760.0
30 18 -5186690.0
30 19 -5189350.0
30 20 -5188250.0
30 21 -5188630.0
30 22 -5187020.0
30 23 -5184430.0
30 24 -254.0
30 25 -5187990.0
30 27 -5189170.0
30 28 -5188520.0
30 29 -5182230.0
30 31 -474.0
30 32 -5187200.0
30 33 -5187030.0
30 34 -5190560.0
30 35 -5186510.0
30 36 -5186760.0
30 37 -5188680.0
30 38 -5186170.0
30 39 -5189320.0
30 40 -5186790.0
30 41 -5188060.0
30 42 -5182350.0
30 43 -5188330.0
30 44 -5187350.0
30 45 -5186230.0
30 46 -5186790.0
30 47 -5189660.0
30 48 -5188400.0
30 49 -5187420.0
30 50 -5182940.0
30 51 -5185400.0
31 52 18314.0
31 2 -5188590.0
31 3 -5187860.0
31 4 -5188900.0
31 5 -5186790.0
31 6 -5187330.0
31 7 -1390.0
31 8 -5189610.0
31 9 -5187160.0
31 10 -5186350.0
31 11 -620.0
31 13 -5188130.0
31 14 -5187920.0
31 15 -5184170.0
31 16 -5187020.0
31 17 -5186990.0
31 18 -5186900.0
31 19 -5188510.0
31 20 -5188040.0
31 21 -5187930.0
31 22 -5187300.0
31 23 352.0
31 24 -5184120.0
31 25 -5188060.0
31 27 -5188540.0
31 28 -5187680.0
31 29 -5182790.0
31 30 438.0
31 32 -5186360.0
31 33 -5187310.0
31 34 -5189930.0
31 35 -1730.0
31 36 -5187180.0
31 37 -5188400.0
31 38 -5185330.0
31 39 -5188410.0
31 40 -5186020.0
31 41 -5187640.0
31 42 -5183190.0
31 43 -5187770.0
31 44 -5186510.0
31 45 -5186090.0
31 46 -5187630.0
31 47 -5189240.0
31 48 -5188120.0
31 49 -5186720.0
31 50 -5182240.0
31 51 -5184910.0
32 52 18244.0
32 2 -5186560.0
32 3 -5188980.0
32 4 -5190440.0
32 5 -760.0
32 6 -596.0
32 7 -5186870.0
32 8 -5187440.0
32 9 -5188910.0
32 10 -5186700.0
32 11 -5186720.0
32 13 -5189600.0
32 14 -5187220.0
32 15 -5183960.0
32 16 -5186180.0
32 17 -5184470.0
32 18 -5188440.0
32 19 -5186060.0
32 20 -5188320.0
32 21 -5185830.0
32 22 -5188840.0
32 23 -5183660.0
32 24 -5185590.0
32 25 -5188830.0
32 27 -5186720.0
32 28 -5184880.0
32 29 -5185100.0
32 30 -5186290.0
32 31 -5186360.0
32 33 -5188990.0
32 34 -5187970.0
32 35 -1380.0
32 36 -5189000.0
32 37 -5188680.0
32 38 280.0
32 39 -5185680.0
32 40 -536.0
32 41 -5187290.0
32 42 -5185920.0
32 43 -5187280.0
32 44 -5183780.0
32 45 -5187700.0
32 46 -5190430.0
32 47 -5188470.0
32 48 -5188190.0
32 49 -5185740.0
32 50 -5181050.0
32 51 -5183930.0
33 52 17824.0
33 2 -5188800.0
33 3 -5184290.0
33 4 -5185190.0
33 5 -5188960.0
33 6 -5189570.0
33 7 -5185960.0
33 8 -5189890.0
33 9 -5183520.0
33 10 -5185720.0
33 11 -5188330.0
33 13 -420.0
33 14 -5187500.0
33 15 -5187740.0
33 16 -5187370.0
33 17 -5188670.0
33 18 250.0
33 19 -5189910.0
33 20 -5186290.0
33 21 -5188770.0
33 22 406.0
33 23 -5186530.0
33 24 -5184120.0
33 25 -5184770.0
33 27 -5188890.0
33 28 -5189990.0
33 29 -5180970.0
33 30 -5186150.0
33 31 -5187340.0
33 32 -5189020.0
33 34 -5190070.0
33 35 -5188680.0
33 36 386.0
33 37 -5186580.0
33 38 -5188620.0
33 39 -5190930.0
33 40 -5187700.0
33 41 -5186870.0
33 42 -5184030.0
33 43 -5191480.0
33 44 -5189170.0
33 45 -5189660.0
33 46 -5188470.0
33 47 -5188260.0
33 48 -5186720.0
33 49 -5188120.0
33 50 -5185880.0
33 51 -5183720.0
34 52 16504.0
34 2 1778.0
34 3 -5188910.0
34 4 -5190860.0
34 5 -5187980.0
34 6 -5187260.0
34 7 -5189250.0
34 8 626.0
34 9 -5189540.0
34 10 -5187680.0
34 11 -5190710.0
34 13 -5190230.0
34 14 -5186520.0
34 15 -5188440.0
34 16 -5186740.0
34 17 -5185730.0
34 18 -5189560.0
34 19 -1774.0
34 20 -5188040.0
34 21 -634.0
34 22 -5189820.0
34 23 -5187580.0
34 24 -5187690.0
34 25 -5187850.0
34 27 -470.0
34 28 -5187190.0
34 29 -5187130.0
34 30 -5189790.0
34 31 -5190070.0
34 32 -5188110.0
34 33 -5190180.0
34 35 -5189450.0
34 36 -5190050.0
34 37 -5188330.0
34 38 -5188200.0
34 39 -5188060.0
34 40 -5186860.0
34 41 -5186800.0
34 42 -5189350.0
34 43 -5191760.0
34 44 -5186300.0
34 45 -5192040.0
34 46 -5193790.0
34 47 -5186650.0
34 48 -5188050.0
34 49 -5187910.0
34 50 -5185110.0
34 51 -5180710.0
35 52 18654.0
35 2 -5187400.0
35 3 -5188420.0
35 4 -5189670.0
35 5 -1450.0
35 6 -5185790.0
35 7 -5186030.0
35 8 -5188350.0
35 9 -5188070.0
35 10 -5186280.0
35 11 -5185530.0
35 13 -5188900.0
35 14 -5187360.0
35 15 536.0
35 16 -5186320.0
35 17 -5185520.0
35 18 -5187670.0
35 19 -5187110.0
35 20 -5188040.0
35 21 -5186670.0
35 22 -5188070.0
35 23 1462.0
35 24 -5184750.0
35 25 -5188410.0
35 27 -5187420.0
35 28 -5186140.0
35 29 -5184050.0
35 30 -5185100.0
35 31 -5185170.0
35 32 -878.0
35 33 -5188150.0
35 34 -5188810.0
35 36 -5188160.0
35 37 -5188400.0
35 38 -60.0
35 39 -5186870.0
35 40 -5184830.0
35 41 -5187290.0
35 42 -5184730.0
35 43 -5187140.0
35 44 -5184970.0
35 45 -5186720.0
35 46 -5189170.0
35 47 -5188680.0
35 48 -5187980.0
35 49 -5185810.0
35 50 -5181330.0
35 51 -5184280.0
36 52 16714.0
36 2 -5189640.0
36 3 -5184150.0
36 4 -700.0
36 5 -5189940.0
36 6 -5190620.0
36 7 -5186940.0
36 8 -5190730.0
36 9 1386.0
36 10 -5186700.0
36 11 -5189240.0
36 13 -420.0
36 14 -5188340.0
36 15 -5188720.0
36 16 -5188280.0
36 17 -5189650.0
36 18 -5184730.0
36 19 -5190890.0
36 20 -5186990.0
36 21 -5189750.0
36 22 -364.0
36 23 -5187510.0
36 24 -5185100.0
36 25 -5184630.0
36 27 -5189800.0
36 28 -5191040.0
36 29 -5181320.0
36 30 -5186850.0
36 31 -5188180.0
36 32 -5190000.0
36 33 -580.0
36 34 -5190910.0
36 35 -5189660.0
36 37 -5187350.0
36 38 -5189600.0
36 39 -5191980.0
36 40 -5188680.0
36 41 -5187780.0
36 42 -5184170.0
36 43 -5192390.0
36 44 -5190150.0
36 45 -5190430.0
36 46 -5188680.0
36 47 -5189030.0
36 48 -5187560.0
36 49 -5189100.0
36 50 -5186790.0
36 51 -5184350.0
37 52 18724.0
37 2 -5186420.0
37 3 -5184780.0
37 4 -5186730.0
37 5 -5187910.0
37 6 -5188310.0
37 7 -5186450.0
37 8 -5187440.0
37 9 -5185340.0
37 10 -734.0
37 11 -5188890.0
37 13 -5186100.0
37 14 -1320.0
37 15 -5187740.0
37 16 -5185620.0
37 17 -5187060.0
37 18 -5185570.0
37 19 -5188090.0
37 20 94.0
37 21 -5186740.0
37 22 -5185690.0
37 23 -5186320.0
37 24 -5184610.0
37 25 -5184280.0
37 27 -5186650.0
37 28 -5188660.0
37 29 -5183350.0
37 30 -5187270.0
37 31 -5187900.0
37 32 -5188180.0
37 33 -5186050.0
37 34 -5187690.0
37 35 -5188400.0
37 36 -5185850.0
37 38 -5188130.0
37 39 -5189670.0
37 40 -5186510.0
37 41 -628.0
37 42 -5186130.0
37 43 -5191480.0
37 44 -5187910.0
37 45 -5190430.0
37 46 -5190570.0
37 47 -5185740.0
37 48 -550.0
37 49 -5187000.0
37 50 -5185530.0
37 51 -5181200.0
38 52 17404.0
38 2 -5187540.0
38 3 -5189750.0
38 4 -5191070.0
38 5 -1870.0
38 6 -5185440.0
38 7 -5187360.0
38 8 -5188420.0
38 9 -5189470.0
38 10 -5187540.0
38 11 -5186510.0
38 13 -5190230.0
38 14 -5188270.0
38 15 946.0
38 16 -5187230.0
38 17 -5185520.0
38 18 -5189070.0
38 19 -5187040.0
38 20 -5189230.0
38 21 -5186880.0
38 22 -5189470.0
38 23 72.0
38 24 -5186080.0
38 25 -5189670.0
38 27 -5187840.0
38 28 -5185440.0
38 29 -5185380.0
38 30 -5186220.0
38 31 -5186290.0
38 32 -678.0
38 33 -5189550.0
38 34 -5189020.0
38 35 -1520.0
38 36 -5189560.0
38 37 -5189590.0
38 39 -5186030.0
38 40 -5185530.0
38 41 -5188270.0
38 42 -5185640.0
38 43 -5186230.0
38 44 -5183990.0
38 45 -5187000.0
38 46 -5190150.0
38 47 -5189590.0
38 48 -5189170.0
38 49 -5186720.0
38 50 -5180000.0
38 51 -5185050.0
39 52 16644.0
39 2 -5186070.0
39 3 -5190450.0
39 4 -5192050.0
39 5 -5186230.0
39 6 -596.0
39 7 -5188690.0
39 8 -5186740.0
39 9 -5190520.0
39 10 -5188170.0
39 11 -5188470.0
39 13 -5191210.0
39 14 -5188130.0
39 15 -5185220.0
39 16 -5187300.0
39 17 -526.0
39 18 -5190120.0
39 19 -5185500.0
39 20 -5189580.0
39 21 -5185690.0
39 22 -5190520.0
39 23 -5185480.0
39 24 -5187340.0
39 25 -5190090.0
39 27 -5186790.0
39 28 240.0
39 29 -5186920.0
39 30 -5188180.0
39 31 -5188180.0
39 32 -1508.0
39 33 -5190670.0
39 34 -5187690.0
39 35 -5187140.0
39 36 -5190750.0
39 37 -5189940.0
39 38 -5184840.0
39 40 -5185810.0
39 41 -5188340.0
39 42 -5187740.0
39 43 -5187910.0
39 44 1898.0
39 45 -5189170.0
39 46 -5192180.0
39 47 -5189240.0
39 48 -5189450.0
39 49 -5187210.0
39 50 -5180910.0
39 51 -5184350.0
40 52 19354.0
40 2 -5185790.0
40 3 -5187860.0
40 4 -5189390.0
40 5 -620.0
40 6 -5185090.0
40 7 -5186240.0
40 8 -5186740.0
40 9 -5187860.0
40 10 -5185580.0
40 11 -5187000.0
40 13 -5188550.0
40 14 -5185890.0
40 15 -5184940.0
40 16 -912.0
40 17 -316.0
40 18 -5187530.0
40 19 -5185780.0
40 20 -5187060.0
40 21 -5185060.0
40 22 -5187860.0
40 23 -5183870.0
40 24 -5184820.0
40 25 -5187570.0
40 27 -5185740.0
40 28 -5185510.0
40 29 -5184400.0
40 30 -5186290.0
40 31 -5186430.0
40 32 -948.0
40 33 -5188080.0
40 34 -5187130.0
40 35 -5185740.0
40 36 -5188090.0
40 37 -5187420.0
40 38 -5184980.0
40 39 -5186450.0
40 41 -5185960.0
40 42 -5185920.0
40 43 -5188540.0
40 44 -5184690.0
40 45 -5188400.0
40 46 -5190360.0
40 47 -5187210.0
40 48 -5186930.0
40 49 -550.0
40 50 -5182380.0
40 51 -5182740.0
41 52 19214.0
41 2 -5185440.0
41 3 -5185900.0
41 4 -5187710.0
41 5 -5187000.0
41 6 -5187260.0
41 7 -5186450.0
41 8 -5186530.0
41 9 -5186390.0
41 10 -5184600.0
41 11 -5188540.0
41 13 -5187080.0
41 14 -140.0
41 15 -5187110.0
41 16 -642.0
41 17 -5186010.0
41 18 -5186340.0
41 19 -5186970.0
41 20 -886.0
41 21 -5185690.0
41 22 -5186600.0
41 23 -5185760.0
41 24 -5184680.0
41 25 -5185330.0
41 27 -5185600.0
41 28 -5187680.0
41 29 -5183910.0
41 30 -5187200.0
41 31 -5187690.0
41 32 -5187340.0
41 33 -5186890.0
41 34 -5186710.0
41 35 -5187840.0
41 36 -5186830.0
41 37 -1180.0
41 38 -5187360.0
41 39 -5188620.0
41 40 -5185600.0
41 42 -5186410.0
41 43 -5190850.0
41 44 -5186860.0
41 45 -5190080.0
41 46 -5190850.0
41 47 -1180.0
41 48 -830.0
41 49 -5186160.0
41 50 -5184760.0
41 51 -5180850.0
42 52 15044.0
42 2 -5192090.0
42 3 -5188840.0
42 4 -5189460.0
42 5 -5190500.0
42 6 -5191040.0
42 7 -5187990.0
42 8 -5193110.0
42 9 -5187300.0
42 10 -5189010.0
42 11 -5187980.0
42 13 -5188900.0
42 14 -5191000.0
42 15 -5187390.0
42 16 -5190310.0
42 17 -5190630.0
42 18 -5188090.0
42 19 -5192220.0
42 20 -5190350.0
42 21 -5191500.0
42 22 -5188210.0
42 23 -5187300.0
42 24 -5186570.0
42 25 -5189320.0
42 27 -5191970.0
42 28 -5191390.0
42 29 1088.0
42 30 -1712.0
42 31 -5187340.0
42 32 -5190070.0
42 33 -5188150.0
42 34 -5193360.0
42 35 -5189380.0
42 36 -5187320.0
42 37 -5190780.0
42 38 -5188830.0
42 39 -5192120.0
42 40 -5189660.0
42 41 -5190510.0
42 43 -5190290.0
42 44 -5190150.0
42 45 -5187840.0
42 46 -270.0
42 47 -5192110.0
42 48 -5190640.0
42 49 -5190290.0
42 50 -5184970.0
42 51 -5187780.0
43 52 15394.0
43 2 -5189570.0
43 3 -5191360.0
43 4 -5192540.0
43 5 -5187910.0
43 6 -5187470.0
43 7 -5188830.0
43 8 -5190380.0
43 9 -5190800.0
43 10 -5189360.0
43 11 -5187280.0
43 13 -5191700.0
43 14 -5190300.0
43 15 186.0
43 16 -5189260.0
43 17 -5187550.0
43 18 -5190540.0
43 19 -5189000.0
43 20 -5191120.0
43 21 -5188910.0
43 22 -5190870.0
43 23 -5185480.0
43 24 -5187620.0
43 25 -5191490.0
43 27 -5189940.0
43 28 -5187260.0
43 29 -5186430.0
43 30 -5186920.0
43 31 -5187270.0
43 32 -5186780.0
43 33 -5190950.0
43 34 -5191120.0
43 35 -3260.0
43 36 -5190890.0
43 37 -5191480.0
43 38 -830.0
43 39 -5187640.0
43 40 -5187630.0
43 41 -5190300.0
43 42 -5185640.0
43 44 -5185390.0
43 45 -2700.0
43 46 -5190220.0
43 47 -5191620.0
43 48 -5191060.0
43 49 -5188750.0
43 50 5132.0
43 51 -5187150.0
44 52 16294.0
44 2 -5186350.0
44 3 -5190870.0
44 4 -5192330.0
44 5 -5186510.0
44 6 -1006.0
44 7 -5188970.0
44 8 -5187020.0
44 9 -5190870.0
44 10 -5188520.0
44 11 -5188610.0
44 13 -5191560.0
44 14 -5188550.0
44 15 -5185290.0
44 16 -5187650.0
44 17 -946.0
44 18 -5190470.0
44 19 -5185850.0
44 20 -5189930.0
44 21 -5186040.0
44 22 -5190800.0
44 23 -5185760.0
44 24 -5187620.0
44 25 -5190440.0
44 27 -5187140.0
44 28 -110.0
44 29 -5187130.0
44 30 -5188320.0
44 31 -5188390.0
44 32 -1718.0
44 33 -5191020.0
44 34 -5188040.0
44 35 -5187350.0
44 36 -5191030.0
44 37 -5190290.0
44 38 -5184910.0
44 39 -210.0
44 40 -5186160.0
44 41 -5188690.0
44 42 -5187880.0
44 43 -5187770.0
44 45 -5189240.0
44 46 -5192390.0
44 47 -5189660.0
44 48 -5189870.0
44 49 -5187560.0
44 50 -5180630.0
44 51 -5184700.0
45 26 -850.0
46 12 -1804.0
47 52 18104.0
47 2 -5184740.0
47 3 -5186320.0
47 4 -5188340.0
47 5 -5187700.0
47 6 -5187750.0
47 7 -5187500.0
47 8 -5185830.0
47 9 -5186950.0
47 10 -5185650.0
47 11 -5189590.0
47 13 -5187710.0
47 14 -630.0
47 15 -5188020.0
47 16 -5185410.0
47 17 -5186290.0
47 18 -5187180.0
47 19 -5186970.0
47 20 -5185520.0
47 21 -5185550.0
47 22 -5187370.0
47 23 -5186740.0
47 24 -5185730.0
47 25 -5185330.0
47 27 -5185250.0
47 28 -5188030.0
47 29 -5184890.0
47 30 -5188250.0
47 31 -5188740.0
47 32 -5187970.0
47 33 -5187730.0
47 34 -5186010.0
47 35 -5188680.0
47 36 -5187530.0
47 37 -1800.0
47 38 -5188130.0
47 39 -5188970.0
47 40 -5186300.0
47 41 -628.0
47 42 -5187460.0
47 43 -5191620.0
47 44 -5187280.0
47 45 -5191130.0
47 46 -5191900.0
47 48 -1730.0
47 49 -5187000.0
47 50 -5185390.0
47 51 4136.0
48 52 19144.0
48 2 -5186140.0
48 3 -5185200.0
48 4 -5187010.0
48 5 -5187420.0
48 6 -5187820.0
48 7 -5186170.0
48 8 -5187230.0
48 9 -5185620.0
48 10 -324.0
48 11 -5188540.0
48 13 -5186310.0
48 14 -970.0
48 15 -5187320.0
48 16 -5185200.0
48 17 -5186640.0
48 18 -5185640.0
48 19 -5187670.0
48 20 -186.0
48 21 -5186390.0
48 22 -5185900.0
48 23 -5185900.0
48 24 -5184330.0
48 25 -5184700.0
48 27 -5186300.0
48 28 -5188240.0
48 29 -5183350.0
48 30 -5186990.0
48 31 -5187620.0
48 32 -5187690.0
48 33 -5186190.0
48 34 -5187410.0
48 35 -5187980.0
48 36 -5186060.0
48 37 -550.0
48 38 -5187710.0
48 39 -5189180.0
48 40 -5186020.0
48 41 -278.0
48 42 -5185990.0
48 43 -5191060.0
48 44 -5187490.0
48 45 -5190080.0
48 46 -5190430.0
48 47 -5185670.0
48 49 -5186510.0
48 50 -5185110.0
48 51 -5181200.0
49 52 19904.0
49 2 -5185930.0
49 3 -5187370.0
49 4 -5188900.0
49 5 -1040.0
49 6 -5185580.0
49 7 -5185820.0
49 8 -5186950.0
49 9 -5187440.0
49 10 -5185090.0
49 11 -5186930.0
49 13 -5188130.0
49 14 -5185680.0
49 15 -5185080.0
49 16 -572.0
49 17 -5184680.0
49 18 -5187040.0
49 19 -5186130.0
49 20 -5186640.0
49 21 -5185340.0
49 22 -5187370.0
49 23 72.0
49 24 -5184330.0
49 25 -5187150.0
49 27 -5185880.0
49 28 -5186000.0
49 29 -5183980.0
49 30 -5186010.0
49 31 -5186220.0
49 32 -1298.0
49 33 -5187590.0
49 34 -5187270.0
49 35 -5185810.0
49 36 -5187600.0
49 37 -5187000.0
49 38 -5185260.0
49 39 -5186940.0
49 40 364.0
49 41 -5185610.0
49 42 -5185640.0
49 43 -5188750.0
49 44 -5185180.0
49 45 -5188330.0
49 46 -5190080.0
49 47 -5187000.0
49 48 -5186510.0
49 50 -5182660.0
49 51 -5182600.0
50 52 14634.0
50 2 -5189500.0
50 3 -5192340.0
50 4 -5193520.0
50 5 -5188330.0
50 6 -5187470.0
50 7 -5189810.0
50 8 -5190170.0
50 9 -5191920.0
50 10 -5190130.0
50 11 -5188400.0
50 13 -5192750.0
50 14 -5190790.0
50 15 -854.0
50 16 -5189750.0
50 17 -5187620.0
50 18 -5191520.0
50 19 -5188930.0
50 20 -5191820.0
50 21 -5188980.0
50 22 -5191920.0
50 23 -5186390.0
50 24 -5188600.0
50 25 -5192260.0
50 27 -5190010.0
50 28 -5187050.0
50 29 -5187620.0
50 30 -5188180.0
50 31 -5188390.0
50 32 -5187200.0
50 33 -5192000.0
50 34 -5191120.0
50 35 -5187980.0
50 36 -5191940.0
50 37 -5192180.0
50 38 -1310.0
50 39 -3470.0
50 40 -5188120.0
50 41 -5190860.0
50 42 -5186970.0
50 43 -1520.0
50 45 -5187910.0
50 46 -5191550.0
50 47 -5192040.0
50 48 -5191760.0
50 49 -5189310.0
50 51 -5187430.0
51 52 16574.0
51 2 -5184390.0
51 3 -5187090.0
51 4 -5189320.0
51 5 -5188960.0
51 6 -5188800.0
51 7 -5188970.0
51 8 -5185340.0
51 9 -5187930.0
51 10 -5187120.0
51 11 -5191060.0
51 13 -5188830.0
51 14 -2220.0
51 15 -5189350.0
51 16 -5186810.0
51 17 -5187270.0
51 18 -5188440.0
51 19 -5187670.0
51 20 -5186780.0
51 21 -5186250.0
51 22 -5188560.0
51 23 -5188140.0
51 24 -5187200.0
51 25 -5185750.0
51 27 -1930.0
51 28 -5188940.0
51 29 -5186220.0
51 30 -5189790.0
51 31 -5190210.0
51 32 -5189230.0
51 33 -5188990.0
51 34 -1994.0
51 35 -5190080.0
51 36 -5188650.0
51 37 -5187000.0
51 38 -5189390.0
51 39 -5189880.0
51 40 -5187630.0
51 41 -2218.0
51 42 -5188930.0
51 43 -5192950.0
51 44 -5188120.0
51 45 -5192600.0
51 46 -5193370.0
51 47 -1660.0
51 48 -5187000.0
51 49 -5188400.0
51 50 -5186580.0
52 2 0
52 3 0
52 4 0
52 5 0
52 6 0
52 7 0
52 8 0
52 9 0
52 10 0
52 11 0
52 12 0
52 13 0
52 14 0
52 15 0
52 16 0
52 17 0
52 18 0
52 19 0
52 20 0
52 21 0
52 22 0
52 23 0
52 24 0
52 25 0
52 26 0
52 27 0
52 28 0
52 29 0
52 30 0
52 31 0
52 32 0
52 33 0
52 34 0
52 35 0
52 36 0
52 37 0
52 38 0
52 39 0
52 40 0
52 41 0
52 42 0
52 43 0
52 44 0
52 45 0
52 46 0
52 47 0
52 48 0
52 49 0
52 50 0
52 51 0
2 1 0
3 1 0
4 1 0
5 1 0
6 1 0
7 1 0
8 1 0
9 1 0
10 1 0
11 1 0
12 1 0
13 1 0
14 1 0
15 1 0
16 1 0
17 1 0
18 1 0
19 1 0
20 1 0
21 1 0
22 1 0
23 1 0
24 1 0
25 1 0
26 1 0
27 1 0
28 1 0
29 1 0
30 1 0
31 1 0
32 1 0
33 1 0
34 1 0
35 1 0
36 1 0
37 1 0
38 1 0
39 1 0
40 1 0
41 1 0
42 1 0
43 1 0
44 1 0
45 1 0
46 1 0
47 1 0
48 1 0
49 1 0
50 1 0
51 1 0
52 1 0
