52 2407
1
2
3
4
5
6
7
8
9
10
11
12
13
14
15
16
17
18
19
20
21
22
23
24
25
26
27
28
29
30
31
32
33
34
35
36
37
38
39
40
41
42
43
44
45
46
47
48
49
50
51
52
1 52 -0.0
1 2 -23680.0
1 3 -18930.0
1 4 -21951.3
1 5 -23200.0
1 6 -18747.2
1 7 -23597.8
1 8 -23060.0
1 9 -23339.1
1 10 -21674.2
1 11 -23727.5
1 12 -23120.6
1 13 -22802.2
1 14 -22273.6
1 15 -20560.0
1 16 -22413.7
1 17 -24180.0
1 18 -22710.0
1 19 -24860.0
1 20 -22990.0
1 21 -21258.5
1 22 -19030.4
1 23 -22962.2
1 24 -24586.5
1 25 -23747.3
1 26 -24637.8
1 27 -21050.0
1 29 -20850.0
1 30 -19124.7
1 31 -20236.7
1 32 -23216.1
1 33 -22360.0
1 34 -23480.0
1 35 -22062.2
1 36 -25630.0
1 37 -19502.2
1 38 -25350.0
1 39 -21209.7
1 41 -20247.8
1 42 -23488.9
1 43 -21190.8
1 44 -21445.5
1 45 -21737.6
1 46 -21852.2
1 47 -24862.3
1 48 -23345.2
1 49 -23055.3
1 50 -24767.3
1 51 -21414.9
2 52 10228.2
2 3 -2120.0
2 4 1118.66
2 5 -6870.0
2 6 -1517.2
2 7 -7127.8
2 8 -5200.0
2 9 -549.056
2 10 -2914.25
2 11 -5107.55
2 12 -4500.59
2 13 -3482.2
2 14 -1013.59
2 15 -1380.0
2 17 -7160.0
2 18 -4650.0
2 19 -2980.0
2 20 -3530.0
2 21 -2778.46
2 22 -2220.37
2 23 -6012.2
2 24 -3396.46
2 25 -6727.27
2 26 -2337.8
2 27 -140.0
2 29 -150.0
2 30 -1474.65
2 31 -3976.68
2 32 -5356.14
2 33 -4990.0
2 34 -6450.0
2 35 -5732.2
2 36 -9090.0
2 37 3007.84
2 38 -8400.0
2 39 -849.666
2 41 -3917.8
2 42 -7158.91
2 43 -1320.79
2 44 -535.457
2 45 -3667.6
2 46 -5382.2
2 47 -4712.34
2 48 -6735.16
2 49 -1725.33
2 50 -3717.34
2 51 -3134.94
3 52 12658.2
3 2 -4440.0
3 4 -2911.34
3 5 -3400.0
3 6 152.795
3 7 -2817.8
3 8 -4160.0
3 9 -4369.06
3 10 -904.249
3 11 -4967.55
3 12 -2140.59
3 13 -2022.2
3 14 -1913.59
3 15 -340.0
3 17 -4860.0
3 18 -3950.0
3 19 -4780.0
3 20 -2420.0
3 21 -2428.46
3 22 629.628
3 23 -3582.2
3 24 -5826.46
3 25 -4437.27
3 26 -4697.8
3 27 -2150.0
3 29 -2090.0
3 30 1995.35
3 31 123.322
3 32 -2096.14
3 33 -1170.0
3 34 -2360.0
3 35 -1432.2
3 36 -5970.0
3 37 367.844
3 38 -5900.0
3 39 -2519.67
3 41 -587.796
3 42 -2918.91
3 43 -2500.79
3 44 -2755.46
3 45 -617.599
3 46 -2122.2
3 47 -6172.34
3 48 -3815.16
3 49 -4295.33
3 50 -6077.34
3 51 -844.937
4 52 9458.19
4 2 -1380.0
4 3 -3090.0
4 5 -7420.0
4 6 -1867.2
4 7 -8027.8
4 8 -5130.0
4 9 700.944
4 10 -4164.25
4 11 -4897.55
4 12 -5820.59
4 13 -4802.2
4 14 -2193.59
4 15 -2630.0
4 17 -7360.0
4 18 -4650.0
4 19 -4160.0
4 20 -4780.0
4 21 -2498.46
4 22 -2490.37
4 23 -6152.2
4 24 -2356.46
4 25 -6867.27
4 26 -3447.8
4 27 -420.0
4 29 60.0
4 30 -2654.65
4 31 -4736.68
4 32 -6606.14
4 33 -6170.0
4 34 -7560.0
4 35 -6502.2
4 36 -9440.0
4 37 2107.84
4 38 -8540.0
4 39 -429.666
4 41 -4537.8
4 42 -8058.91
4 43 -970.791
4 44 434.543
4 45 -4987.6
4 46 -5802.2
4 47 -3882.34
4 48 -7015.16
4 49 -895.335
4 50 -2747.34
4 51 -4314.94
5 52 10708.2
5 2 -6870.0
5 3 -1080.0
5 4 -4921.34
5 6 152.795
5 7 -2197.8
5 8 -2910.0
5 9 -6239.06
5 10 -4164.25
5 11 -4207.55
5 12 -5130.59
5 13 -5152.2
5 14 -5253.59
5 15 -3600.0
5 17 -2090.0
5 18 -3470.0
5 19 -7980.0
5 20 -5750.0
5 21 -1388.46
5 22 3829.63
5 23 -662.204
5 24 -6456.46
5 25 -1797.27
5 26 -7827.8
5 27 -3890.0
5 29 -3410.0
5 30 -564.652
5 31 2273.32
5 32 -4526.14
5 33 -3600.0
5 34 -4090.0
5 35 -392.204
5 36 -2700.0
5 37 -2822.16
5 38 -2910.0
5 39 -3419.67
5 41 592.204
5 42 -1738.91
5 43 -2980.79
5 44 -3175.46
5 45 -3117.6
5 46 1147.8
5 47 -5962.34
5 48 -555.159
5 49 -5335.33
5 50 -6637.34
5 51 -4114.94
6 52 12238.2
6 2 -4440.0
6 3 -450.0
6 4 -2291.34
6 5 -2770.0
6 7 -4207.8
6 8 -1520.0
6 9 -3539.06
6 10 -3334.25
6 11 -2197.55
6 12 -4780.59
6 13 -4522.2
6 14 -3793.59
6 15 -2280.0
6 17 -2850.0
6 18 -1180.0
6 19 -6240.0
6 20 -4710.0
6 21 281.542
6 22 2089.63
6 23 -1702.2
6 24 -3886.46
6 25 -2417.27
6 26 -5947.8
6 27 -1320.0
6 29 -700.0
6 30 -704.652
6 31 -296.678
6 32 -4736.14
6 33 -3810.0
6 34 -4790.0
6 35 -2402.2
6 36 -4720.0
6 37 -812.156
6 38 -4090.0
6 39 -709.666
6 41 -27.7963
6 42 -3958.91
6 43 -340.791
6 44 -605.457
6 45 -3387.6
6 46 -1082.2
6 47 -3672.34
6 48 -2295.16
6 49 -2695.33
6 50 -4067.34
6 51 -3204.94
7 52 9178.19
7 2 -8260.0
7 3 -1630.0
7 4 -6661.34
7 5 -3330.0
7 6 -2417.2
7 8 -6100.0
7 9 -8119.06
7 10 -3814.25
7 11 -7327.55
7 12 -4020.59
7 13 -4182.2
7 14 -4973.59
7 15 -3950.0
7 17 -5350.0
7 18 -6380.0
7 19 -8050.0
7 20 -5270.0
7 21 -4578.46
7 22 1599.63
7 23 -3652.2
7 24 -9096.46
7 25 -5127.27
7 26 -8237.8
7 27 -5830.0
7 29 -5630.0
7 30 885.348
7 31 2483.32
7 32 -2856.14
7 33 -2420.0
7 34 -2430.0
7 35 447.796
7 36 -4990.0
7 37 -3172.16
7 38 -5830.0
7 39 -5849.67
7 41 -1837.8
7 42 201.086
7 43 -5620.79
7 44 -5885.46
7 45 -1307.6
7 46 -1562.2
7 47 -8952.34
7 48 -3475.16
7 49 -7765.33
7 50 -9277.34
7 51 -4184.94
8 52 10358.2
8 2 -5690.0
8 3 -2330.0
8 4 -3121.34
8 5 -3400.0
8 6 912.795
8 7 -5457.8
8 9 -4229.06
8 10 -5274.25
8 11 -947.545
8 12 -6720.59
8 13 -6402.2
8 14 -5663.59
8 15 -4090.0
8 17 -2020.0
8 18 -1110.0
8 19 -7910.0
8 20 -6590.0
8 21 2011.54
8 22 2919.63
8 23 -732.204
8 24 -3606.46
8 25 -1657.27
8 26 -7547.8
8 27 -2430.0
8 29 -1400.0
8 30 -2514.65
8 31 -1056.68
8 32 -6676.14
8 33 -5680.0
8 34 -6520.0
8 35 -3582.2
8 36 -4300.0
8 37 -2342.16
8 38 -3120.0
8 39 -989.666
8 41 -1277.8
8 42 -4938.91
8 43 -340.791
8 44 -185.457
8 45 -5197.6
8 46 -1012.2
8 47 -2632.34
8 48 -1945.16
8 49 -2905.33
8 50 -3787.34
8 51 -5084.94
9 52 9318.19
9 2 -1800.0
9 3 -3300.0
9 4 1948.66
9 5 -7490.0
9 6 -1867.2
9 7 -8237.8
9 8 -4990.0
9 10 -4584.25
9 11 -4627.55
9 12 -6170.59
9 13 -5222.2
9 14 -2683.59
9 15 -2980.0
9 17 -7290.0
9 18 -4580.0
9 19 -4650.0
9 20 -5200.0
9 21 -2288.46
9 22 -2420.37
9 23 -6082.2
9 24 -1876.46
9 25 -6797.27
9 26 -3937.8
9 27 -490.0
9 29 130.0
9 30 -3064.65
9 31 -4806.68
9 32 -6956.14
9 33 -6450.0
9 34 -7840.0
9 35 -6642.2
9 36 -9370.0
9 37 1617.84
9 38 -8400.0
9 39 -159.666
9 41 -4607.8
9 42 -8198.91
9 43 -760.791
9 44 854.543
9 45 -5337.6
9 46 -5802.2
9 47 -3462.34
9 48 -6945.16
9 49 -615.335
9 50 -2327.34
9 51 -4664.94
10 52 10918.2
10 2 -4230.0
10 3 100.0
10 4 -2981.34
10 5 -5480.0
10 6 -1727.2
10 7 -3997.8
10 8 -6100.0
10 9 -4649.06
10 11 -6707.55
10 12 -340.592
10 13 57.7963
10 14 26.4124
10 15 360.0
10 17 -6950.0
10 18 -5690.0
10 19 -3050.0
10 20 -340.0
10 21 -4238.46
10 22 -1520.37
10 23 -5732.2
10 24 -6736.46
10 25 -6587.27
10 26 -3237.8
10 27 -2780.0
10 29 -2990.0
10 30 2485.35
10 31 -1616.68
10 32 -1196.14
10 33 -1240.0
10 34 -2770.0
10 35 -3032.2
10 36 -8050.0
10 37 1827.84
10 38 -8050.0
10 39 -3629.67
10 41 -2737.8
10 42 -4378.91
10 43 -3750.79
10 44 -3795.46
10 45 432.401
10 46 -4272.2
10 47 -7492.34
10 48 -5905.16
10 49 -5125.33
10 50 -6987.34
10 51 -224.937
11 52 10088.2
11 2 -5200.0
11 3 -2740.0
11 4 -2491.34
11 5 -4300.0
11 6 632.795
11 7 -6287.8
11 8 -550.0
11 9 -3469.06
11 10 -5484.25
11 12 -6930.59
11 13 -6612.2
11 14 -5523.59
11 15 -4160.0
11 17 -2990.0
11 18 -1180.0
11 19 -7700.0
11 20 -6660.0
11 21 2361.54
11 22 2019.63
11 23 -1702.2
11 24 -2706.46
11 25 -2627.27
11 26 -7267.8
11 27 -1950.0
11 29 -840.0
11 30 -2994.65
11 31 -1956.68
11 32 -7026.14
11 33 -6100.0
11 34 -7080.0
11 35 -4352.2
11 36 -5270.0
11 37 -2062.16
11 38 -4020.0
11 39 -229.666
11 41 -2037.8
11 42 -5838.91
11 43 489.209
11 44 784.543
11 45 -5677.6
11 46 -1982.2
11 47 -1662.34
11 48 -2915.16
11 49 -2075.33
11 50 -2817.34
11 51 -5224.94
12 52 9948.19
12 2 -5340.0
12 3 -660.0
12 4 -4161.34
12 5 -5970.0
12 6 -2697.2
12 7 -3727.8
12 8 -7070.0
12 9 -5759.06
12 10 135.751
12 11 -7677.55
12 13 677.796
12 14 -253.588
12 15 -760.0
12 17 -7710.0
12 18 -6730.0
12 19 -3740.0
12 20 -960.0
12 21 -5208.46
12 22 -2010.37
12 23 -6362.2
12 24 -7916.46
12 25 -7347.27
12 26 -3937.8
12 27 -3960.0
12 29 -4170.0
12 30 2975.35
12 31 -1686.68
12 32 -286.139
12 33 -1030.0
12 34 -2430.0
12 35 -3102.2
12 36 -8470.0
12 37 1137.84
12 38 -8740.0
12 39 -4739.67
12 41 -3427.8
12 42 -4308.91
12 43 -4930.79
12 44 -4975.46
12 45 1542.4
12 46 -4692.2
12 47 -8602.34
12 48 -6455.16
12 49 -6305.33
12 50 -8167.34
12 51 -1334.94
13 52 9318.19
13 2 -5270.0
13 3 -1490.0
13 4 -4091.34
13 5 -6940.0
13 6 -3387.2
13 7 -4837.8
13 8 -7700.0
13 9 -5759.06
13 10 -414.249
13 11 -8307.55
13 12 -270.592
13 14 656.412
13 15 -1030.0
13 17 -8610.0
13 18 -7290.0
13 19 -2980.0
13 20 -750.0
13 21 -5898.46
13 22 -2980.37
13 23 -7332.2
13 24 -8186.46
13 25 -8187.27
13 26 -3307.8
13 27 -4170.0
13 29 -4380.0
13 30 1995.35
13 31 -2796.68
13 32 -1266.14
13 33 -2140.0
13 34 -3540.0
13 35 -4142.2
13 36 -9510.0
13 37 1827.84
13 38 -9580.0
13 39 -5019.67
13 41 -4267.8
13 42 -5418.91
13 43 -5340.79
13 44 -5255.46
13 45 842.401
13 46 -5732.2
13 47 -9022.34
13 48 -7495.16
13 49 -6445.33
13 50 -8437.34
13 51 -1884.94
14 52 8418.19
14 2 -4230.0
14 3 -2810.0
14 4 -2911.34
14 5 -8470.0
14 6 -4087.2
14 7 -7057.8
14 8 -8390.0
14 9 -4649.06
14 10 -1874.25
14 11 -8647.55
14 12 -2630.59
14 13 -772.204
14 15 -1590.0
14 17 -9660.0
14 18 -7840.0
14 19 -900.0
14 20 -1800.0
14 21 -6248.46
14 22 -4440.37
14 23 -8512.2
14 24 -7496.46
14 25 -9227.27
14 26 -1227.8
14 27 -3890.0
14 29 -4100.0
14 30 -294.652
14 31 -4736.68
14 32 -3696.14
14 33 -4290.0
14 34 -5760.0
14 35 -6152.2
14 36 -11100.0
14 37 4117.84
14 38 -10830.0
14 39 -4739.67
14 41 -5647.8
14 42 -7438.91
14 43 -5200.79
14 44 -4635.46
14 45 -1657.6
14 46 -7192.2
14 47 -8742.34
14 48 -8815.16
14 49 -5825.33
14 50 -7817.34
14 51 -3064.94
15 52 11678.2
15 2 -3050.0
15 3 310.0
15 4 -1801.34
15 5 -5270.0
15 6 -1027.2
15 7 -4487.8
15 8 -5270.0
15 9 -3399.06
15 10 5.75061
15 11 -5737.55
15 12 -1590.59
15 13 -912.204
15 14 -43.5876
15 17 -6460.0
15 18 -4790.0
15 19 -2770.0
15 20 -960.0
15 21 -3328.46
15 22 -1240.37
15 23 -5252.2
15 24 -5486.46
15 25 -6097.27
15 26 -2687.8
15 27 -1600.0
15 29 -1810.0
15 30 1515.35
15 31 -1886.68
15 32 -2306.14
15 33 -2070.0
15 34 -3540.0
15 35 -3372.2
15 36 -7840.0
15 37 2317.84
15 38 -7630.0
15 39 -2449.67
15 41 -2457.8
15 42 -4728.91
15 43 -2700.79
15 44 -2615.46
15 45 -747.599
15 46 -4062.2
15 47 -6382.34
15 48 -5625.16
15 49 -3875.33
15 50 -5807.34
15 51 -154.937
16 52 9108.19
16 2 -3470.0
16 3 -2330.0
16 4 -2151.34
16 5 -7910.0
16 6 -3457.2
16 7 -6777.8
16 8 -7630.0
16 9 -3949.06
16 10 -1594.25
16 11 -7887.55
16 12 -2560.59
16 13 -912.204
16 14 2386.41
16 15 -1030.0
16 17 -9030.0
16 18 -7080.0
16 19 -410.0
16 20 -1520.0
16 21 -5488.46
16 22 -3880.37
16 23 -7882.2
16 24 -6736.46
16 25 -8667.27
16 26 -677.796
16 27 -3060.0
16 29 -3270.0
16 30 -154.652
16 31 -4386.68
16 32 -3626.14
16 33 -4020.0
16 34 -5550.0
16 35 -5802.2
16 36 -10480.0
16 37 4467.84
16 38 -10270.0
16 39 -4039.67
16 41 -5027.8
16 42 -7158.91
16 43 -4440.79
16 44 -3935.46
16 45 -1727.6
16 46 -6702.2
16 47 -8042.34
16 48 -8195.16
16 49 -5125.33
16 50 -7117.34
16 51 -2584.94
17 52 9598.19
17 2 -7290.0
17 3 -2670.0
17 4 -4991.34
17 5 -2220.0
17 6 -57.2046
17 7 -4347.8
17 8 -1660.0
17 9 -6169.06
17 10 -5764.25
17 11 -3027.55
17 12 -7000.59
17 13 -6952.2
17 14 -6573.59
17 15 -4920.0
17 18 -2910.0
17 19 -9090.0
17 20 -7280.0
17 21 71.542
17 22 4869.63
17 23 1207.8
17 24 -5756.46
17 25 82.7335
17 26 -8867.8
17 27 -4100.0
17 29 -3270.0
17 30 -2514.65
17 31 403.322
17 32 -6536.14
17 33 -5610.0
17 34 -6240.0
17 35 -2542.2
17 36 -2150.0
17 37 -3792.16
17 38 -1110.0
17 39 -2999.67
17 41 -927.796
17 42 -3688.91
17 43 -2290.79
17 44 -2205.46
17 45 -5127.6
17 46 797.796
17 47 -4712.34
17 48 134.841
17 49 -4925.33
17 50 -5937.34
17 51 -5634.94
18 52 11198.2
18 2 -4650.0
18 3 -1630.0
18 4 -2151.34
18 5 -3470.0
18 6 1742.8
18 7 -5247.8
18 8 -620.0
18 9 -3329.06
18 10 -4374.25
18 11 -1087.55
18 12 -5890.59
18 13 -5502.2
18 14 -4623.59
18 15 -3120.0
18 17 -2780.0
18 19 -6870.0
18 20 -5680.0
18 21 1391.54
18 22 2089.63
18 23 -1502.2
18 24 -3056.46
18 25 -2347.27
18 26 -6507.8
18 27 -1390.0
18 29 -490.0
18 30 -1884.65
18 31 -1126.68
18 32 -5916.14
18 33 -4990.0
18 34 -5970.0
18 35 -3442.2
18 36 -4860.0
18 37 -1362.16
18 38 -3950.0
18 39 -159.666
18 41 -997.796
18 42 -4868.91
18 43 419.209
18 44 224.543
18 45 -4497.6
18 46 -1492.2
18 47 -2632.34
18 48 -2565.16
18 49 -2145.33
18 50 -3237.34
18 51 -4114.94
19 52 8838.19
19 2 -3190.0
19 3 -2670.0
19 4 -1871.34
19 5 -8190.0
19 6 -3527.2
19 7 -7127.8
19 8 -7630.0
19 9 -3609.06
19 10 -1944.25
19 11 -7817.55
19 12 -3110.59
19 13 -1402.2
19 14 2106.41
19 15 -1310.0
19 17 -9170.0
19 18 -7080.0
19 20 -2000.0
19 21 -5488.46
19 22 -4090.37
19 23 -8022.2
19 24 -6526.46
19 25 -8807.27
19 26 -187.796
19 27 -2990.0
19 29 -3200.0
19 30 -634.652
19 31 -4736.68
19 32 -4176.14
19 33 -4500.0
19 34 -5970.0
19 35 -6152.2
19 36 -10690.0
19 37 5017.84
19 38 -10410.0
19 39 -3839.67
19 41 -5237.8
19 42 -7508.91
19 43 -4300.79
19 44 -3725.46
19 45 -2207.6
19 46 -6912.2
19 47 -7772.34
19 48 -8405.16
19 49 -4855.33
19 50 -6847.34
19 51 -2864.94
20 52 10358.2
20 2 -4090.0
20 3 -660.0
20 4 -2841.34
20 5 -6310.0
20 6 -2347.2
20 7 -4697.8
20 8 -6660.0
20 9 -4509.06
20 10 415.751
20 11 -7127.55
20 12 -680.592
20 13 477.796
20 14 856.412
20 15 150.0
20 17 -7710.0
20 18 -6240.0
20 19 -2350.0
20 21 -4788.46
20 22 -2350.37
20 23 -6432.2
20 24 -6936.46
20 25 -7277.27
20 26 -2547.8
20 27 -2920.0
20 29 -3200.0
20 30 1865.35
20 31 -2446.68
20 32 -1676.14
20 33 -2000.0
20 34 -3470.0
20 35 -3862.2
20 36 -8880.0
20 37 2457.84
20 38 -8810.0
20 39 -3839.67
20 41 -3497.8
20 42 -5208.91
20 43 -4090.79
20 44 -4005.46
20 45 152.401
20 46 -5032.2
20 47 -7772.34
20 48 -6665.16
20 49 -5265.33
20 50 -7187.34
20 51 -914.937
21 52 9668.19
21 2 -5760.0
21 3 -3090.0
21 4 -2981.34
21 5 -4370.0
21 6 222.795
21 7 -6427.8
21 8 -480.0
21 9 -4019.06
21 10 -5904.25
21 11 -527.545
21 12 -7350.59
21 13 -7092.2
21 14 -6013.59
21 15 -4640.0
21 17 -2780.0
21 18 -1590.0
21 19 -8260.0
21 20 -7210.0
21 22 2299.63
21 23 -1362.2
21 24 -3056.46
21 25 -2417.27
21 26 -7827.8
21 27 -2500.0
21 29 -1400.0
21 30 -3344.65
21 31 -2026.68
21 32 -7376.14
21 33 -6450.0
21 34 -7420.0
21 35 -4552.2
21 36 -5060.0
21 37 -2612.16
21 38 -3740.0
21 39 -779.666
21 41 -2247.8
21 42 -5908.91
21 43 -0.790546
21 44 504.543
21 45 -6027.6
21 46 -1912.2
21 47 -1862.34
21 48 -2705.16
21 49 -2625.33
21 50 -3167.34
21 51 -5704.94
22 52 7308.19
22 2 -9790.0
22 3 -4620.0
22 4 -7561.34
22 5 -3740.0
22 6 -2557.2
22 7 -4837.8
22 8 -4160.0
22 9 -8739.06
22 10 -7774.25
22 11 -5457.55
22 12 -8740.59
22 13 -8762.2
22 14 -8793.59
22 15 -7140.0
22 17 -2570.0
22 18 -5480.0
22 19 -11450.0
22 20 -9360.0
22 21 -2288.46
22 24 -8256.46
22 25 -2487.27
22 26 -11227.8
22 27 -6670.0
22 29 -5840.0
22 30 -4044.65
22 31 193.322
22 32 -8066.14
22 33 -7140.0
22 34 -7560.0
22 35 -3442.2
22 36 -1110.0
22 37 -6152.16
22 38 -1660.0
22 39 -5569.67
22 41 -2877.8
22 42 -4238.91
22 43 -4860.79
22 44 -4635.46
22 45 -6587.6
22 46 167.796
22 47 -6932.34
22 48 -625.159
22 49 -7425.33
22 50 -8367.34
22 51 -7724.94
23 52 8908.19
23 2 -8050.0
23 3 -3300.0
23 4 -5691.34
23 5 -2700.0
23 6 -817.205
23 7 -4557.8
23 8 -2280.0
23 9 -6869.06
23 10 -6454.25
23 11 -3647.55
23 12 -7560.59
23 13 -7582.2
23 14 -7333.59
23 15 -5620.0
23 17 -700.0
23 18 -3540.0
23 19 -9850.0
23 20 -7910.0
23 21 -418.458
23 22 5629.63
23 24 -6316.46
23 25 -617.267
23 26 -9627.8
23 27 -4860.0
23 29 -3970.0
23 30 -3064.65
23 31 263.322
23 32 -7096.14
23 33 -6100.0
23 34 -6730.0
23 35 -2822.2
23 36 -1730.0
23 37 -4492.16
23 38 -410.0
23 39 -3629.67
23 41 -1557.8
23 42 -4028.91
23 43 -2980.79
23 44 -2825.46
23 45 -5747.6
23 46 797.796
23 47 -5132.34
23 48 274.841
23 49 -5615.33
23 50 -6497.34
23 51 -6334.94
24 52 8768.19
24 2 -3950.0
24 3 -4060.0
24 4 -411.338
24 5 -7010.0
24 6 -1517.2
24 7 -8517.8
24 8 -3670.0
24 9 -1179.06
24 10 -5974.25
24 11 -3167.55
24 12 -7630.59
24 13 -6952.2
24 14 -4833.59
24 15 -4370.0
24 17 -6180.0
24 18 -3610.0
24 19 -6870.0
24 20 -6930.0
24 21 -628.458
24 22 -1240.37
24 23 -4832.2
24 25 -5687.27
24 26 -6157.8
24 27 -1390.0
24 29 -80.0
24 30 -4114.65
24 31 -4666.68
24 32 -8136.14
24 33 -7420.0
24 34 -8670.0
24 35 -6782.2
24 36 -8400.0
24 37 -672.156
24 38 -7150.0
24 39 470.334
24 41 -4467.8
24 42 -8268.91
24 43 419.209
24 44 3214.54
24 45 -6587.6
24 46 -5102.2
24 47 -1172.34
24 48 -5975.16
24 49 -65.335
24 50 102.66
24 51 -5914.94
25 52 9808.19
25 2 -7080.0
25 3 -2470.0
25 4 -4721.34
25 5 -2150.0
25 6 152.795
25 7 -4347.8
25 8 -1520.0
25 9 -5899.06
25 10 -5624.25
25 11 -2887.55
25 12 -6860.59
25 13 -6752.2
25 14 -6363.59
25 15 -4780.0
25 17 -140.0
25 18 -2700.0
25 19 -8950.0
25 20 -7070.0
25 21 211.542
25 22 4729.63
25 23 1067.8
25 24 -5486.46
25 26 -8657.8
25 27 -3890.0
25 29 -3130.0
25 30 -2374.65
25 31 403.322
25 32 -6466.14
25 33 -5470.0
25 34 -6040.0
25 35 -2542.2
25 36 -2360.0
25 37 -3522.16
25 38 -1380.0
25 39 -2789.67
25 41 -857.796
25 42 -3758.91
25 43 -2150.79
25 44 -2065.46
25 45 -5057.6
25 46 727.796
25 47 -4572.34
25 48 -65.1589
25 49 -4715.33
25 50 -5667.34
25 51 -5434.94
26 52 8768.19
26 2 -2840.0
26 3 -2880.0
26 4 -1451.34
26 5 -8330.0
26 6 -3527.2
26 7 -7607.8
26 8 -7560.0
26 9 -3189.06
26 10 -2424.25
26 11 -7677.55
26 12 -3600.59
26 13 -2022.2
26 14 1486.41
26 15 -1520.0
26 17 -9240.0
26 18 -7010.0
26 19 -480.0
26 20 -2490.0
26 21 -5348.46
26 22 -4160.37
26 23 -8092.2
26 24 -6106.46
26 25 -8807.27
26 27 -2710.0
26 29 -2920.0
26 30 -1124.65
26 31 -4946.68
26 32 -4596.14
26 33 -4850.0
26 34 -6450.0
26 35 -6432.2
26 36 -10830.0
26 37 5437.84
26 38 -10410.0
26 39 -3559.67
26 41 -5377.8
26 42 -7848.91
26 43 -4090.79
26 44 -3315.46
26 45 -2767.6
26 46 -6982.2
26 47 -7492.34
26 48 -8475.16
26 49 -4505.33
26 50 -6497.34
26 51 -3204.94
27 52 11268.2
27 2 -1730.0
27 3 -1420.0
27 4 488.662
27 5 -5480.0
27 6 12.7954
27 7 -6287.8
27 8 -3530.0
27 9 -829.056
27 10 -3054.25
27 11 -3447.55
27 12 -4710.59
27 13 -3972.2
27 14 -2263.59
27 15 -1520.0
27 17 -5560.0
27 18 -2980.0
27 19 -4370.0
27 20 -3950.0
27 21 -1108.46
27 22 -690.372
27 23 -4412.2
27 24 -2426.46
27 25 -5127.27
27 26 -3797.8
27 29 1310.0
27 30 -1334.65
27 31 -2796.68
27 32 -5286.14
27 33 -4640.0
27 34 -5970.0
27 35 -4692.2
27 36 -7560.0
27 37 1477.84
27 38 -6730.0
27 39 610.334
27 41 -2597.8
27 42 -6118.91
27 43 209.209
27 44 504.543
27 45 -3737.6
27 46 -3922.2
27 47 -3392.34
27 48 -5135.16
27 49 -755.335
27 50 -2747.34
27 51 -3064.94
28 52 11268.2
28 2 -3400.0
28 3 -1630.0
28 4 -831.338
28 5 -4510.0
28 6 1052.8
28 7 -5877.8
28 8 -1870.0
28 9 -1939.06
28 10 -3954.25
28 11 -1847.55
28 12 -5540.59
28 13 -5082.2
28 14 -3723.59
28 15 -2560.0
28 17 -4100.0
28 18 -1450.0
28 19 -5900.0
28 20 -5060.0
28 21 551.542
28 22 769.628
28 23 -2952.2
28 24 -2146.46
28 25 -3667.27
28 26 -5397.8
28 27 -140.0
28 29 830.0
28 30 -1814.65
28 31 -2096.68
28 32 -5846.14
28 33 -4990.0
28 34 -6240.0
28 35 -4142.2
28 36 -6240.0
28 37 -252.156
28 38 -5340.0
28 39 1090.33
28 41 -1837.8
28 42 -5698.91
28 43 1389.21
28 44 1064.54
28 45 -4427.6
28 46 -2742.2
28 47 -2352.34
28 48 -3885.16
28 49 -895.335
28 50 -2397.34
28 51 -3764.94
29 28 -1310.0
30 52 10358.2
30 2 -5900.0
30 3 -110.0
30 4 -4581.34
30 5 -4990.0
30 6 -2207.2
30 7 -2407.8
30 8 -6450.0
30 9 -6239.06
30 10 -624.249
30 11 -7327.55
30 12 -610.592
30 13 -642.204
30 14 -1503.59
30 15 -1240.0
30 17 -6810.0
30 18 -6310.0
30 19 -4850.0
30 20 -2000.0
30 21 -4788.46
30 22 -900.372
30 23 -5452.2
30 24 -7986.46
30 25 -6447.27
30 26 -5047.8
30 27 -4170.0
30 29 -4240.0
30 31 -436.678
30 32 263.861
30 33 150.0
30 34 -1110.0
30 35 -1852.2
30 36 -7420.0
30 37 -42.1565
30 38 -7770.0
30 39 -4739.67
30 41 -2527.8
30 42 -2988.91
30 43 -4790.79
30 44 -5045.46
30 45 1682.4
30 46 -3712.2
30 47 -8462.34
30 48 -5415.16
30 49 -6445.33
30 50 -8237.34
30 51 -1544.94
31 52 9318.19
31 2 -8330.0
31 3 -1910.0
31 4 -6591.34
31 5 -2080.0
31 6 -1727.2
31 7 -737.796
31 8 -4920.0
31 9 -7909.06
31 10 -4654.25
31 11 -6217.55
31 12 -5200.59
31 13 -5362.2
31 14 -5873.59
31 15 -4570.0
31 17 -3820.0
31 18 -5480.0
31 19 -8880.0
31 20 -6240.0
31 21 -3398.46
31 22 3409.63
31 23 -2052.2
31 24 -8466.46
31 25 -3597.27
31 26 -8797.8
31 27 -5560.0
31 29 -5150.0
31 30 -364.652
31 32 -4316.14
31 33 -3530.0
31 34 -3810.0
31 35 447.796
31 36 -3120.0
31 37 -3862.16
31 38 -4160.0
31 39 -5289.67
31 41 -1137.8
31 42 -78.9144
31 43 -4860.79
31 44 -5185.46
31 45 -2767.6
31 47 -7972.34
31 48 -1735.16
31 49 -7215.33
31 50 -8647.34
31 51 -4874.94
32 52 9668.19
32 2 -6380.0
32 3 -800.0
32 4 -5131.34
32 5 -5550.0
32 6 -2837.2
32 7 -2747.8
32 8 -7210.0
32 9 -6729.06
32 10 -904.249
32 11 -7957.55
32 12 -470.592
32 13 -502.204
32 14 -1503.59
32 15 -1660.0
32 17 -7430.0
32 18 -6940.0
32 19 -4990.0
32 20 -2140.0
32 21 -5418.46
32 22 -1520.37
32 23 -6082.2
32 24 -8606.46
32 25 -7137.27
32 26 -5117.8
32 27 -4720.0
32 29 -4800.0
32 30 3665.35
32 31 -986.678
32 33 -540.0
32 34 -1590.0
32 35 -2332.2
32 36 -7980.0
32 37 -112.156
32 38 -8330.0
32 39 -5429.67
32 41 -3217.8
32 42 -3338.91
32 43 -5480.79
32 44 -5605.46
32 45 2372.4
32 46 -4272.2
32 47 -9092.34
32 48 -6105.16
32 49 -7005.33
32 50 -8857.34
32 51 -2024.94
33 52 10778.2
33 2 -5760.0
33 3 380.0
33 4 -4441.34
33 5 -4370.0
33 6 -1657.2
33 7 -2057.8
33 8 -5960.0
33 9 -5969.06
33 10 -694.249
33 11 -6777.55
33 12 -960.592
33 13 -1122.2
33 14 -1843.59
33 15 -1170.0
33 17 -6250.0
33 18 -5760.0
33 19 -5060.0
33 20 -2210.0
33 21 -4238.46
33 22 -340.372
33 23 -4832.2
33 24 -7636.46
33 25 -5887.27
33 26 -5117.8
33 27 -3820.0
33 29 -3830.0
33 30 3805.35
33 31 53.3219
33 32 -286.139
33 34 -830.0
33 35 -1362.2
33 36 -6800.0
33 37 -182.156
33 38 -7150.0
33 39 -4389.67
33 41 -1967.8
33 42 -2508.91
33 43 -4370.79
33 44 -4565.46
33 45 1122.4
33 46 -3092.2
33 47 -8042.34
33 48 -4925.16
33 49 -6035.33
33 50 -7887.34
33 51 -1404.94
34 40 -1657.23
35 52 10088.2
35 2 -7490.0
35 3 -870.0
35 4 -5761.34
35 5 -2150.0
35 6 -1237.2
35 7 -177.796
35 8 -4850.0
35 9 -7149.06
35 10 -3474.25
35 11 -6017.55
35 12 -4020.59
35 13 -4112.2
35 14 -4693.59
35 15 -3460.0
35 17 -4170.0
35 18 -5200.0
35 19 -7700.0
35 20 -5060.0
35 21 -3328.46
35 22 2369.63
35 23 -2542.2
35 24 -7986.46
35 25 -3947.27
35 26 -7687.8
35 27 -4860.0
35 29 -4590.0
35 30 815.348
35 31 3043.32
35 32 -3066.14
35 33 -2350.0
35 34 -2560.0
35 36 -4090.0
35 37 -2752.16
35 38 -4790.0
35 39 -4739.67
35 41 -657.796
35 42 201.086
35 43 -4440.79
35 44 -4705.46
35 45 -1587.6
35 46 -522.204
35 47 -7702.34
35 48 -2425.16
35 49 -6655.33
35 50 -8167.34
35 51 -3694.94
36 52 8278.19
36 2 -9090.0
36 3 -3650.0
36 4 -6941.34
36 5 -2700.0
36 6 -1797.2
36 7 -3857.8
36 8 -3810.0
36 9 -8119.06
36 10 -6734.25
36 11 -5177.55
36 12 -7630.59
36 13 -7722.2
36 14 -7883.59
36 15 -6170.0
36 17 -2020.0
36 18 -4860.0
36 19 -10480.0
36 20 -8320.0
36 21 -2078.46
36 22 6459.63
36 23 307.796
36 24 -7846.46
36 25 -2007.27
36 26 -10327.8
36 27 -5970.0
36 29 -5280.0
36 30 -2994.65
36 31 1233.32
36 32 -6956.14
36 33 -6030.0
36 34 -6450.0
36 35 -2332.2
36 37 -5252.16
36 38 -1520.0
36 39 -5019.67
36 41 -1967.8
36 42 -3128.91
36 43 -4440.79
36 44 -4355.46
36 45 -5477.6
36 46 1147.8
36 47 -6792.34
36 48 204.841
36 49 -7005.33
36 50 -7957.34
36 51 -6744.94
37 52 8208.19
37 3 -3510.0
37 4 -1591.34
37 5 -9020.0
37 6 -4087.2
37 7 -8237.8
37 8 -8050.0
37 9 -3329.06
37 10 -3054.25
37 11 -8167.55
37 12 -4220.59
37 13 -2582.2
37 14 1136.41
37 15 -2210.0
37 17 -9860.0
37 18 -7560.0
37 19 -970.0
37 20 -3180.0
37 21 -5828.46
37 22 -4780.37
37 23 -8652.2
37 24 -6316.46
37 25 -9367.27
37 26 -257.796
37 27 -3130.0
37 29 -3270.0
37 30 -1814.65
37 31 -5706.68
37 32 -5286.14
37 33 -5610.0
37 34 -7080.0
37 35 -7192.2
37 36 -11450.0
37 38 -10970.0
37 39 -3909.67
37 41 -6067.8
37 42 -8548.91
37 43 -4510.79
37 44 -3585.46
37 45 -3387.6
37 46 -7672.2
37 47 -7772.34
37 48 -9165.16
37 49 -4785.33
37 50 -6707.34
37 51 -3904.94
38 52 8558.19
38 2 -8400.0
38 3 -3580.0
38 4 -6041.34
38 5 -2910.0
38 6 -1167.2
38 7 -4697.8
38 8 -2630.0
38 9 -7149.06
38 10 -6734.25
38 11 -3927.55
38 12 -7900.59
38 13 -7792.2
38 14 -7613.59
38 15 -5960.0
38 17 -980.0
38 18 -3950.0
38 19 -10200.0
38 20 -8250.0
38 21 -758.458
38 22 5909.63
38 23 1627.8
38 24 -6596.46
38 25 -1027.27
38 26 -9907.8
38 27 -5140.0
38 29 -4380.0
38 30 -3344.65
38 31 193.322
38 32 -7306.14
38 33 -6380.0
38 34 -6940.0
38 35 -3032.2
38 36 -1520.0
38 37 -4772.16
38 39 -4039.67
38 41 -1837.8
38 42 -4098.91
38 43 -3330.79
38 44 -3105.46
38 45 -5957.6
38 46 727.796
38 47 -5412.34
38 48 204.841
38 49 -5895.33
38 50 -6777.34
38 51 -6614.94
39 52 10498.2
39 2 -3050.0
39 3 -2400.0
39 4 -131.338
39 5 -5620.0
39 6 12.7954
39 7 -6917.8
39 8 -2700.0
39 9 -1109.06
39 10 -4514.25
39 11 -2337.55
39 12 -6100.59
39 13 -5432.2
39 14 -3723.59
39 15 -2980.0
39 17 -5070.0
39 18 -2360.0
39 19 -5830.0
39 20 -5480.0
39 21 1.54197
39 22 -200.372
39 23 -3792.2
39 24 -1176.46
39 25 -4637.27
39 26 -5257.8
39 27 2.02363e-11
39 29 1310.0
39 30 -2514.65
39 31 -3136.68
39 32 -6606.14
39 33 -5820.0
39 34 -7010.0
39 35 -5182.2
39 36 -7220.0
39 37 87.8435
39 38 -6240.0
39 41 -2877.8
39 42 -6738.91
39 43 1529.21
39 44 1894.54
39 45 -5057.6
39 46 -3782.2
39 47 -1862.34
39 48 -4795.16
39 49 214.665
39 50 -1427.34
39 51 -4384.94
40 52 8698.19
40 2 -8400.0
40 3 -1840.0
40 4 -6941.34
40 5 -4440.0
40 6 -3117.2
40 7 -177.796
40 8 -7070.0
40 9 -8469.06
40 10 -3404.25
40 11 -8167.55
40 12 -3460.59
40 13 -3552.2
40 14 -4483.59
40 15 -3880.0
40 17 -6460.0
40 18 -7150.0
40 19 -7770.0
40 20 -4920.0
40 21 -5418.46
40 22 349.628
40 23 -4902.2
40 24 -9716.46
40 25 -6237.27
40 26 -7897.8
40 27 -6180.0
40 29 -6050.0
40 30 1445.35
40 31 1233.32
40 32 -2096.14
40 33 -2070.0
40 34 -2080.0
40 35 -602.204
40 36 -6240.0
40 37 -2892.16
40 38 -7010.0
40 39 -6469.67
40 41 -2737.8
40 42 -1048.91
40 43 -6250.79
40 44 -6575.46
40 45 -407.599
40 46 -2742.2
40 47 -9712.34
40 48 -4655.16
40 49 -8255.33
40 50 -9967.34
40 51 -4114.94
41 2 -5690.0
41 3 -40.0
41 4 -3811.34
41 5 -1180.0
41 6 1122.8
41 7 -2477.8
41 8 -2560.0
41 9 -5129.06
41 10 -3194.25
41 11 -3717.55
41 12 -4360.59
41 13 -4252.2
41 14 -4203.59
41 15 -2560.0
41 17 -2570.0
41 18 -2770.0
41 19 -6800.0
41 20 -4710.0
41 21 -1038.46
41 22 2919.63
41 23 -1292.2
41 24 -5686.46
41 25 -2277.27
41 26 -6647.8
41 27 -2780.0
41 29 -2370.0
41 30 125.348
41 31 1443.32
41 32 -3966.14
41 33 -2970.0
41 34 -3610.0
41 35 -672.204
41 36 -3740.0
41 37 -1642.16
41 38 -3610.0
41 39 -2449.67
41 42 -2158.91
41 43 -2080.79
41 44 -2405.46
41 45 -2557.6
41 46 97.7963
41 47 -5342.34
41 48 -1525.16
41 49 -4365.33
41 50 -5807.34
41 51 -3134.94
42 52 9388.19
42 2 -8190.0
42 3 -1630.0
42 4 -6591.34
42 5 -2770.0
42 6 -2067.2
42 7 302.204
42 8 -5480.0
42 9 -7979.06
42 10 -4094.25
42 11 -6777.55
42 12 -4500.59
42 13 -4662.2
42 14 -5253.59
42 15 -4090.0
42 17 -4590.0
42 18 -5900.0
42 19 -8330.0
42 20 -5680.0
42 21 -3958.46
42 22 2299.63
42 23 -3022.2
42 24 -8746.46
42 25 -4437.27
42 26 -8377.8
42 27 -5560.0
42 29 -5350.0
42 30 405.348
42 31 3243.32
42 32 -3346.14
42 33 -2770.0
42 34 -2910.0
42 35 927.796
42 36 -4160.0
42 37 -3382.16
42 38 -5130.0
42 39 -5569.67
42 41 -1417.8
42 43 -5270.79
42 44 -5535.46
42 45 -1797.6
42 46 -802.204
42 47 -8462.34
42 48 -2705.16
42 49 -7425.33
42 50 -8927.34
42 51 -4384.94
43 52 10428.2
43 2 -3610.0
43 3 -2470.0
43 4 -761.338
43 5 -5270.0
43 6 292.795
43 7 -6777.8
43 8 -2140.0
43 9 -1799.06
43 10 -4724.25
43 11 -1707.55
43 12 -6380.59
43 13 -5842.2
43 14 -4273.59
43 15 -3320.0
43 17 -4450.0
43 18 -1870.0
43 19 -6380.0
43 20 -5820.0
43 21 691.542
43 22 419.628
43 23 -3232.2
43 24 -1316.46
43 25 -4087.27
43 26 -5877.8
43 27 -490.0
43 29 690.0
43 30 -2654.65
43 31 -2796.68
43 32 -6746.14
43 33 -5890.0
43 34 -7080.0
43 35 -4972.2
43 36 -6730.0
43 37 -602.156
43 38 -5620.0
43 39 1440.33
43 41 -2597.8
43 42 -6528.91
43 44 1894.54
43 45 -5267.6
43 46 -3302.2
43 47 -1452.34
43 48 -4305.16
43 49 -405.335
43 50 -1497.34
43 51 -4594.94
44 52 8628.19
44 2 -4370.0
44 3 -4270.0
44 4 -901.338
44 5 -7010.0
44 6 -1517.2
44 7 -8587.8
44 8 -3530.0
44 9 -1729.06
44 10 -6314.25
44 11 -2957.55
44 12 -7970.59
44 13 -7302.2
44 14 -5253.59
44 15 -4780.0
44 17 -5910.0
44 18 -3610.0
44 19 -7350.0
44 20 -7280.0
44 21 -348.458
44 22 -900.372
44 23 -4622.2
44 24 -66.458
44 25 -5547.27
44 26 -6647.8
44 27 -1740.0
44 29 -490.0
44 30 -4454.65
44 31 -4666.68
44 32 -8416.14
44 33 -7630.0
44 34 -8880.0
44 35 -6782.2
44 36 -8190.0
44 37 -1222.16
44 38 -6940.0
44 39 260.334
44 41 -4467.8
44 42 -8338.91
44 43 349.209
44 45 -6927.6
44 46 -4962.2
44 47 -682.339
44 48 -5835.16
44 49 -475.335
44 50 -177.34
44 51 -6194.94
45 52 9178.19
45 2 -6660.0
45 3 -1290.0
45 4 -5481.34
45 5 -6110.0
45 6 -3457.2
45 7 -3167.8
45 8 -7700.0
45 9 -7079.06
45 10 -1244.25
45 11 -8577.55
45 12 -610.592
45 13 -362.204
45 14 -1433.59
45 15 -2070.0
45 17 -7990.0
45 18 -7490.0
45 19 -4990.0
45 20 -2280.0
45 21 -6038.46
45 22 -2010.37
45 23 -6702.2
45 24 -9026.46
45 25 -7697.27
45 26 -5257.8
45 27 -5140.0
45 29 -5280.0
45 30 3115.35
45 31 -1406.68
45 32 403.861
45 33 -1100.0
45 34 -2150.0
45 35 -2822.2
45 36 -8470.0
45 37 -182.156
45 38 -8950.0
45 39 -5849.67
45 41 -3777.8
45 42 -3758.91
45 43 -5970.79
45 44 -6085.46
45 46 -4762.2
45 47 -9642.34
45 48 -6595.16
45 49 -7425.33
45 50 -9347.34
45 51 -2444.94
46 52 9528.19
46 2 -7910.0
46 3 -2330.0
46 4 -5831.34
46 5 -1380.0
46 6 -687.205
46 7 -2957.8
46 8 -3050.0
46 9 -7079.06
46 10 -5484.25
46 11 -4417.55
46 12 -6380.59
46 13 -6472.2
46 14 -6503.59
46 15 -4920.0
46 17 -1600.0
46 18 -4020.0
46 19 -9230.0
46 20 -7000.0
46 21 -1458.46
46 22 5209.63
46 23 307.796
46 24 -7076.46
46 25 -1447.27
46 26 -9007.8
46 27 -4860.0
46 29 -4240.0
46 30 -1814.65
46 31 1993.32
46 32 -5776.14
46 33 -4850.0
46 34 -5270.0
46 35 -1292.2
46 36 -1380.0
46 37 -4002.16
46 38 -1800.0
46 39 -4109.67
46 41 -657.796
46 42 -2298.91
46 43 -3540.79
46 44 -3655.46
46 45 -4297.6
46 47 -6172.34
46 48 554.841
46 49 -6035.33
46 50 -7187.34
46 51 -5434.94
47 52 8348.19
47 2 -5410.0
47 3 -4550.0
47 4 -2081.34
47 5 -6660.0
47 6 -1447.2
47 7 -8517.8
47 8 -2840.0
47 9 -2909.06
47 10 -6874.25
47 11 -2267.55
47 12 -8460.59
47 13 -7932.2
47 14 -6223.59
47 15 -5410.0
47 17 -5280.0
47 18 -3330.0
47 19 -8260.0
47 20 -7910.0
47 21 421.542
47 22 -60.3716
47 23 -3792.2
47 24 -1316.46
47 25 -4917.27
47 26 -7687.8
47 27 -2500.0
47 29 -1190.0
47 30 -4734.65
47 31 -4316.68
47 32 -8766.14
47 33 -7970.0
47 34 -9090.0
47 35 -6642.2
47 36 -7490.0
47 37 -2272.16
47 38 -6110.0
47 39 -359.666
47 41 -4267.8
47 42 -8128.91
47 43 139.209
47 44 2454.54
47 45 -7347.6
47 46 -4342.2
47 48 -5205.16
47 49 -1585.33
47 50 -1427.34
47 51 -6744.94
48 52 9248.19
48 2 -8050.0
48 3 -2810.0
48 4 -5831.34
48 5 -1870.0
48 6 -687.205
48 7 -3657.8
48 8 -2770.0
48 9 -7009.06
48 10 -5904.25
48 11 -4137.55
48 12 -6930.59
48 13 -7022.2
48 14 -6913.59
48 15 -5270.0
48 17 -1050.0
48 18 -3880.0
48 19 -9510.0
48 20 -7420.0
48 21 -1038.46
48 22 5629.63
48 23 997.796
48 24 -6736.46
48 25 -1027.27
48 26 -9287.8
48 27 -4860.0
48 29 -4170.0
48 30 -2304.65
48 31 1303.32
48 32 -6396.14
48 33 -5470.0
48 34 -5900.0
48 35 -1982.2
48 36 -1110.0
48 37 -4282.16
48 38 -1110.0
48 39 -3909.67
48 41 -1067.8
48 42 -2988.91
48 43 -3330.79
48 44 -3315.46
48 45 -4917.6
48 46 1767.8
48 47 -5822.34
48 49 -5895.33
48 50 -6917.34
48 51 -5844.94
49 52 9738.19
49 2 -2840.0
49 3 -3090.0
49 4 488.662
49 5 -6450.0
49 6 -887.205
49 7 -7747.8
49 8 -3530.0
49 9 -479.056
49 10 -4924.25
49 11 -3097.55
49 12 -6580.59
49 13 -5772.2
49 14 -3723.59
49 15 -3320.0
49 17 -5910.0
49 18 -3260.0
49 19 -5760.0
49 20 -5820.0
49 21 -758.458
49 22 -970.372
49 23 -4692.2
49 24 -626.458
49 25 -5477.27
49 26 -5117.8
49 27 -280.0
49 29 960.0
49 30 -3134.65
49 31 -3976.68
49 32 -7096.14
49 33 -6380.0
49 34 -7700.0
49 35 -6012.2
49 36 -8120.0
49 37 297.844
49 38 -7010.0
49 39 1300.33
49 41 -3707.8
49 42 -7508.91
49 43 769.209
49 44 2244.54
49 45 -5547.6
49 46 -4622.2
49 47 -2002.34
49 48 -5695.16
49 50 -1007.34
49 51 -4804.94
50 52 8838.19
50 2 -4020.0
50 3 -4060.0
50 4 -551.338
50 5 -6940.0
50 6 -1447.2
50 7 -8447.8
50 8 -3600.0
50 9 -1379.06
50 10 -5974.25
50 11 -3027.55
50 12 -7630.59
50 13 -6952.2
50 14 -4903.59
50 15 -4440.0
50 17 -6110.0
50 18 -3540.0
50 19 -6940.0
50 20 -6930.0
50 21 -488.458
50 22 -1100.37
50 23 -4762.2
50 24 353.542
50 25 -5617.27
50 26 -6297.8
50 27 -1460.0
50 29 -150.0
50 30 -4114.65
50 31 -4596.68
50 32 -8136.14
50 33 -7420.0
50 34 -8670.0
50 35 -6712.2
50 36 -8260.0
50 37 -812.156
50 38 -7080.0
50 39 470.334
50 41 -4337.8
50 42 -8198.91
50 43 489.209
50 44 3354.54
50 45 -6657.6
50 46 -4962.2
50 47 -1032.34
50 48 -5905.16
50 49 -195.335
50 51 -5914.94
51 52 11818.2
51 2 -3810.0
51 3 800.0
51 4 -2491.34
51 5 -4790.0
51 6 -957.205
51 7 -3727.8
51 8 -5270.0
51 9 -4089.06
51 10 415.751
51 11 -5807.55
51 12 -1170.59
51 13 -772.204
51 14 -523.588
51 15 840.0
51 17 -6180.0
51 18 -4790.0
51 19 -3330.0
51 20 -1030.0
51 21 -3398.46
51 22 -830.372
51 23 -4972.2
51 24 -6036.46
51 25 -5757.27
51 26 -3377.8
51 27 -2150.0
51 29 -2230.0
51 30 2205.35
51 31 -1196.68
51 32 -1676.14
51 33 -1310.0
51 34 -2770.0
51 35 -2612.2
51 36 -7420.0
51 37 1617.84
51 38 -7290.0
51 39 -2859.67
51 41 -2037.8
51 42 -4028.91
51 43 -2980.79
51 44 -3035.46
51 45 -127.599
51 46 -3582.2
51 47 -6722.34
51 48 -5205.16
51 49 -4365.33
51 50 -6287.34
52 2 0
52 3 0
52 4 0
52 5 0
52 6 0
52 7 0
52 8 0
52 9 0
52 10 0
52 11 0
52 12 0
52 13 0
52 14 0
52 15 0
52 16 0
52 17 0
52 18 0
52 19 0
52 20 0
52 21 0
52 22 0
52 23 0
52 24 0
52 25 0
52 26 0
52 27 0
52 28 0
52 29 0
52 30 0
52 31 0
52 32 0
52 33 0
52 34 0
52 35 0
52 36 0
52 37 0
52 38 0
52 39 0
52 40 0
52 41 0
52 42 0
52 43 0
52 44 0
52 45 0
52 46 0
52 47 0
52 48 0
52 49 0
52 50 0
52 51 0
2 1 0
3 1 0
4 1 0
5 1 0
6 1 0
7 1 0
8 1 0
9 1 0
10 1 0
11 1 0
12 1 0
13 1 0
14 1 0
15 1 0
16 1 0
17 1 0
18 1 0
19 1 0
20 1 0
21 1 0
22 1 0
23 1 0
24 1 0
25 1 0
26 1 0
27 1 0
28 1 0
29 1 0
30 1 0
31 1 0
32 1 0
33 1 0
34 1 0
35 1 0
36 1 0
37 1 0
38 1 0
39 1 0
40 1 0
41 1 0
42 1 0
43 1 0
44 1 0
45 1 0
46 1 0
47 1 0
48 1 0
49 1 0
50 1 0
51 1 0
52 1 0
