52 2362
1
2
3
4
5
6
7
8
9
10
11
12
13
14
15
16
17
18
19
20
21
22
23
24
25
26
27
28
29
30
31
32
33
34
35
36
37
38
39
40
41
42
43
44
45
46
47
48
49
50
51
52
1 52 -0.0
1 3 -23210.7
1 4 -22798.1
1 5 -22716.9
1 6 -22348.7
1 7 -24116.0
1 9 -21156.6
1 10 -25700.0
1 11 -23102.2
1 12 -21598.0
1 13 -20936.6
1 15 -20540.2
1 16 -22848.8
1 17 -21969.1
1 18 -24450.0
1 19 -22440.0
1 20 -20706.8
1 21 -24030.0
1 22 -21713.6
1 23 -20423.1
1 24 -24100.0
1 25 -20596.4
1 26 -24061.1
1 27 -23750.0
1 28 -23958.0
1 29 -22664.4
1 30 -21542.0
1 31 -24600.0
1 32 -24170.0
1 33 -23797.8
1 34 -20465.5
1 35 -24590.0
1 37 -24207.6
1 38 -21854.2
1 39 -23784.4
1 40 -22920.0
1 41 -24170.0
1 42 -21419.9
1 43 -25700.0
1 44 -24964.4
1 45 -24730.0
1 46 -20210.0
1 47 -23748.7
1 48 -24310.0
1 49 -21995.6
1 50 -22043.1
1 51 -24690.4
2 52 18298.6
2 3 -5080.7
2 4 -4668.12
2 5 -4586.91
2 6 -2408.73
2 7 -4796.03
2 9 -1776.55
2 10 -3880.0
2 11 -3502.22
2 12 -3118.03
2 13 -1826.59
2 14 -1590.0
2 15 -1570.15
2 16 -4788.81
2 17 -2099.12
2 18 -6380.0
2 19 -2640.0
2 20 -1036.84
2 21 -5830.0
2 22 -1213.57
2 23 -2283.09
2 24 -6040.0
2 25 593.565
2 26 -6001.07
2 27 -5130.0
2 28 -5827.98
2 29 -1544.43
2 30 -142.003
2 31 -4590.0
2 32 -6030.0
2 33 -5867.83
2 34 -1775.5
2 35 -5270.0
2 37 -5927.59
2 38 -664.228
2 39 -3914.43
2 40 -3470.0
2 41 -5900.0
2 42 -3349.88
2 43 -6520.0
2 44 -4954.43
2 45 -3120.0
2 46 -1740.0
2 47 -4358.66
2 48 -4720.0
2 49 -2675.57
2 50 -1263.09
2 51 -6690.41
3 52 15108.6
3 4 -1058.12
3 5 -2016.91
3 6 -6638.73
3 7 -7296.03
3 9 -1706.55
3 10 -10620.0
3 11 -6632.22
3 12 -2418.03
3 13 -3636.59
3 14 -6520.0
3 15 -1920.15
3 16 -688.812
3 17 -6679.12
3 18 -830.0
3 19 -6670.0
3 20 -4026.84
3 21 -1660.0
3 22 -6763.57
3 23 -1173.09
3 24 -1110.0
3 25 -5786.43
3 26 808.93
3 27 -3330.0
3 28 702.02
3 29 -6684.43
3 30 -6672.0
3 31 -6120.0
3 32 -3810.0
3 33 722.173
3 34 864.499
3 35 -5200.0
3 37 -1697.59
3 38 -5594.23
3 39 -5094.43
3 40 -5200.0
3 41 -4370.0
3 42 -1679.88
3 43 -8120.0
3 44 -6414.43
3 45 -9230.0
3 46 -4650.0
3 47 -3738.66
3 48 -5690.0
3 49 -5525.57
3 50 -6963.09
3 51 109.593
4 52 15108.6
4 3 -1470.7
4 5 -3746.91
4 6 -4978.73
4 7 -4936.03
4 9 -4206.55
4 10 -10760.0
4 11 -4342.22
4 12 561.969
4 13 -1206.59
4 14 -5830.0
4 15 -3790.15
4 16 -408.812
4 17 -5709.12
4 18 -3740.0
4 19 -5140.0
4 20 -5206.84
4 21 -4230.0
4 22 -5863.57
4 23 -2493.09
4 24 -3120.0
4 25 -5236.43
4 26 -2461.07
4 27 -5760.0
4 28 -2427.98
4 29 -7724.43
4 30 -6112.0
4 31 -8410.0
4 32 -760.0
4 33 -1007.83
4 34 -2045.5
4 35 -7630.0
4 37 -4747.59
4 38 -6774.23
4 39 -7384.43
4 40 -6870.0
4 41 -1660.0
4 42 400.119
4 43 -5340.0
4 44 -8704.43
4 45 -9920.0
4 46 -4100.0
4 47 -6508.66
4 48 -7910.0
4 49 -3645.57
4 50 -5853.09
4 51 -1900.41
5 52 17258.6
5 3 -360.696
5 4 -1678.12
5 6 -4978.73
5 7 -6116.03
5 9 -246.553
5 10 -8400.0
5 11 -5312.22
5 12 -1938.03
5 13 -2596.59
5 14 -4510.0
5 15 89.8472
5 16 -1038.81
5 17 -4809.12
5 18 -1590.0
5 19 -5000.0
5 20 -1806.84
5 21 -1110.0
5 22 -4753.57
5 23 1046.91
5 24 -1450.0
5 25 -3706.43
5 26 -1211.07
5 27 -1870.0
5 28 -1107.98
5 29 -4464.43
5 30 -4522.0
5 31 -4520.0
5 32 -3740.0
5 33 -1287.83
5 34 1634.5
5 35 -3740.0
5 37 -1487.59
5 38 -3504.23
5 39 -3494.43
5 40 -3120.0
5 41 -4090.0
5 42 -1129.88
5 43 -7290.0
5 44 -4814.43
5 45 -7010.0
5 46 -2710.0
5 47 -2628.66
5 48 -4020.0
5 49 -4205.57
5 50 -5083.09
5 51 -2040.41
6 52 16768.6
6 3 -5840.7
6 4 -3768.12
6 5 -5836.91
6 7 -1536.03
6 9 -4626.55
6 10 -6110.0
6 11 -32.2241
6 12 -1308.03
6 13 1083.41
6 14 -2220.0
6 15 -4070.15
6 16 -4788.81
6 17 -1609.12
6 18 -7290.0
6 19 -70.0
6 20 -4026.84
6 21 -7150.0
6 22 -1143.57
6 23 -3743.09
6 24 -6800.0
6 25 -856.435
6 26 -6761.07
6 27 -7220.0
6 28 -6587.98
6 29 -5024.43
6 30 -1252.0
6 31 -7920.0
6 32 -4780.0
6 33 -6147.83
6 34 -3995.5
6 35 -8120.0
6 37 -7527.59
6 38 -4134.23
6 39 -7174.43
6 40 -6380.0
6 41 -4580.0
6 42 -2449.88
6 43 -3190.0
6 44 -8284.43
6 45 -6310.0
6 46 -2360.0
6 47 -7278.66
6 48 -7840.0
6 49 304.431
6 50 -293.09
6 51 -6970.41
7 52 15798.6
7 3 -5700.7
7 4 -2928.12
7 5 -6176.91
7 6 -738.727
7 9 -5596.55
7 10 -7910.0
7 11 797.776
7 12 -58.0306
7 13 2543.41
7 14 -3610.0
7 15 -4970.15
7 16 -4368.81
7 17 -2999.12
7 18 -7290.0
7 19 -1460.0
7 20 -5206.84
7 21 -7420.0
7 22 -2813.57
7 23 -4233.09
7 24 -6730.0
7 25 -2526.43
7 26 -6621.07
7 27 -7840.0
7 28 -6447.98
7 29 -6614.43
7 30 -2992.0
7 31 -9170.0
7 32 -3810.0
7 33 -5727.83
7 34 -4545.5
7 35 -9090.0
7 37 -7807.59
7 38 -5794.23
7 39 -8224.43
7 40 -7490.0
7 41 -3740.0
7 42 -1889.88
7 43 -1450.0
7 44 -9464.43
7 45 -8050.0
7 46 -3190.0
7 47 -8248.66
7 48 -8880.0
7 49 444.431
7 50 -2033.09
7 51 -6620.41
8 52 16498.6
8 3 -150.696
8 4 -2168.12
8 5 -626.91
8 6 -5808.73
8 7 -6886.03
8 9 163.447
8 10 -8880.0
8 11 -6142.22
8 12 -2698.03
8 13 -3426.59
8 14 -5270.0
8 15 159.847
8 16 -1518.81
8 17 -5569.12
8 18 -1310.0
8 19 -5830.0
8 20 -2016.84
8 21 -550.0
8 22 -5453.57
8 23 426.91
8 24 -1520.0
8 25 -4336.43
8 26 -1001.07
8 27 -1450.0
8 28 -967.98
8 29 -4744.43
8 30 -5212.0
8 31 -4240.0
8 32 -4370.0
8 33 -1217.83
8 34 2394.5
8 35 -3330.0
8 37 -657.589
8 38 -3644.23
8 39 -3154.43
8 40 -3190.0
8 41 -4720.0
8 42 -1889.88
8 43 -8120.0
8 44 -4534.43
8 45 -7290.0
8 46 -3470.0
8 47 -2068.66
8 48 -3810.0
8 49 -5035.57
8 50 -5783.09
8 51 -1970.41
9 52 15318.6
9 3 -3550.7
9 4 -5638.12
9 5 -3746.91
9 6 -7268.73
9 7 -9036.03
9 10 -7700.0
9 11 -8092.22
9 12 -5748.03
9 13 -5786.59
9 14 -6310.0
9 15 369.847
9 16 -4988.81
9 17 -6819.12
9 18 -4720.0
9 19 -7360.0
9 20 -1386.84
9 21 -4020.0
9 22 -6353.57
9 23 -1933.09
9 24 -5060.0
9 25 -4886.43
9 26 -4331.07
9 27 -2290.0
9 28 -4367.98
9 29 -3144.43
9 30 -5562.0
9 31 -770.0
9 32 -7630.0
9 33 -4687.83
9 34 1904.5
9 35 -410.0
9 37 -3087.59
9 38 -1494.23
9 39 185.569
9 40 -2150.0
9 41 -7910.0
9 42 -4949.88
9 43 -10550.0
9 44 -1064.43
9 45 -5690.0
9 46 -5070.0
9 47 1121.34
9 48 -900.0
9 49 -6985.57
9 50 -6613.09
9 51 -5300.41
10 2 1917.57
11 52 15448.6
11 3 -6400.7
11 4 -3698.12
11 5 -6736.91
11 6 -598.727
11 7 -566.027
11 9 -6016.55
11 10 -7630.0
11 12 -888.031
11 13 1713.41
11 14 -3810.0
11 15 -5390.15
11 16 -5198.81
11 17 -3069.12
11 18 -8050.0
11 19 -1530.0
11 20 -5486.84
11 21 -7980.0
11 22 -2743.57
11 23 -4783.09
11 24 -7420.0
11 25 -2526.43
11 26 -7321.07
11 27 -8330.0
11 28 -7147.98
11 29 -6684.43
11 30 -2852.0
11 31 -9380.0
11 32 -4640.0
11 33 -6427.83
11 34 -5105.5
11 35 -9440.0
11 37 -8427.59
11 38 -5794.23
11 39 -8564.43
11 40 -7770.0
11 41 -4510.0
11 42 -2589.88
11 43 -1800.0
11 44 -9744.43
11 45 -7910.0
11 46 -3540.0
11 47 -8598.66
11 48 -9230.0
11 49 34.4312
11 50 -1753.09
11 51 -7320.41
12 52 15728.6
12 3 -3410.7
12 4 -18.1154
12 5 -4586.91
12 6 -3098.73
12 7 -2646.03
12 9 -4896.55
12 10 -9580.0
12 11 -2112.22
12 13 1013.41
12 14 -4650.0
12 15 -4210.15
12 16 -2008.81
12 17 -4249.12
12 18 -5270.0
12 19 -3330.0
12 20 -5136.84
12 21 -5550.0
12 22 -4403.57
12 23 -3113.09
12 24 -4650.0
12 25 -3986.43
12 26 -4331.07
12 27 -6660.0
12 28 -4227.98
12 29 -7174.43
12 30 -4662.0
12 31 -8760.0
12 32 -960.0
12 33 -3157.83
12 34 -3095.5
12 35 -8260.0
12 37 -6067.59
12 38 -6424.23
12 39 -7874.43
12 40 -7010.0
12 41 -970.0
12 42 400.119
12 43 -3050.0
12 44 -9184.43
12 45 -9160.0
12 46 -3330.0
12 47 -7348.66
12 48 -8330.0
12 49 -1565.57
12 50 -4183.09
12 51 -4050.41
13 52 16008.6
13 3 -5010.7
13 4 -2168.12
13 5 -5626.91
13 6 -1088.73
13 7 -426.027
13 9 -5316.55
13 10 -8190.0
13 11 107.776
13 12 631.969
13 14 -3540.0
13 15 -4560.15
13 16 -3738.81
13 17 -2999.12
13 18 -6730.0
13 19 -1600.0
13 20 -4996.84
13 21 -6800.0
13 22 -2953.57
13 23 -3743.09
13 24 -6040.0
13 25 -2666.43
13 26 -5931.07
13 27 -7420.0
13 28 -5827.98
13 29 -6544.43
13 30 -3202.0
13 31 -8890.0
13 32 -3050.0
13 33 -5037.83
13 34 -4065.5
13 35 -8740.0
13 37 -7247.59
13 38 -5724.23
13 39 -8014.43
13 40 -7150.0
13 41 -2980.0
13 42 -1199.88
13 43 -1590.0
13 44 -9254.43
13 45 -8120.0
13 46 -2850.0
13 47 -7898.66
13 48 -8540.0
13 49 374.431
13 50 -2443.09
13 51 -5930.41
14 52 18718.6
14 3 -4590.7
14 4 -3488.12
14 5 -4236.91
14 6 -1088.73
14 7 -3276.03
14 9 -2536.55
14 10 -5130.0
14 11 -2112.22
14 12 -1728.03
14 13 -236.587
14 15 -1990.15
14 16 -3948.81
14 17 -639.117
14 18 -5900.0
14 19 -1250.0
14 20 -1876.84
14 21 -5620.0
14 22 -243.565
14 23 -2073.09
14 24 -5480.0
14 25 593.565
14 26 -5511.07
14 27 -5340.0
14 28 -5337.98
14 29 -3074.43
14 30 -282.003
14 31 -5770.0
14 32 -4710.0
14 33 -5107.83
14 34 -2115.5
14 35 -5970.0
14 37 -5857.59
14 38 -2254.23
14 39 -4954.43
14 40 -4230.0
14 41 -4580.0
14 42 -2099.88
14 43 -4990.0
14 44 -6064.43
14 45 -4650.0
14 46 -760.0
14 47 -5128.66
14 48 -5620.0
14 49 -1215.57
14 50 -643.09
14 51 -6000.41
15 52 17258.6
15 3 -2440.7
15 4 -3898.12
15 5 -2086.91
15 6 -5388.73
15 7 -7086.03
15 9 1693.45
15 10 -6940.0
15 11 -6142.22
15 12 -3738.03
15 13 -3706.59
15 14 -4440.0
15 16 -3328.81
15 17 -4939.12
15 18 -3540.0
15 19 -5420.0
15 20 -66.8421
15 21 -2840.0
15 22 -4613.57
15 23 -63.09
15 24 -3610.0
15 25 -3156.43
15 26 -3221.07
15 27 -1310.0
15 28 -3187.98
15 29 -2524.43
15 30 -3962.0
15 31 -2230.0
15 32 -5760.0
15 33 -3507.83
15 34 2044.5
15 35 -1730.0
15 37 -2387.59
15 38 -1424.23
15 39 -1274.43
15 40 -900.0
15 41 -5970.0
15 42 -3069.88
15 43 -8470.0
15 44 -2594.43
15 45 -5200.0
15 46 -3120.0
15 47 -888.659
15 48 -1800.0
15 49 -5035.57
15 50 -4943.09
15 51 -4190.41
16 52 16078.6
16 3 -80.6961
16 4 611.885
16 5 -2086.91
16 6 -4978.73
16 7 -5356.03
16 9 -2536.55
16 10 -9990.0
16 11 -4822.22
16 12 -408.031
16 13 -1756.59
16 14 -5270.0
16 15 -2200.15
16 17 -5289.12
16 18 -2080.0
16 19 -5070.0
16 20 -3886.84
16 21 -2630.0
16 22 -5383.57
16 23 -1033.09
16 24 -1520.0
16 25 -4676.43
16 26 -1071.07
16 27 -4090.0
16 28 -967.98
16 29 -6474.43
16 30 -5492.0
16 31 -6810.0
16 32 -1800.0
16 34 -315.501
16 35 -5970.0
16 37 -3017.59
16 38 -5524.23
16 39 -5854.43
16 40 -5410.0
16 41 -2360.0
16 42 330.119
16 43 -6240.0
16 44 -7104.43
16 45 -8810.0
16 46 -3400.0
16 47 -4848.66
16 48 -6310.0
16 49 -3785.57
16 50 -5573.09
16 51 -930.407
17 52 18228.6
17 3 -4800.7
17 4 -3418.12
17 5 -4586.91
17 6 -528.727
17 7 -2716.03
17 9 -3096.55
17 10 -5410.0
17 11 -1422.22
17 12 -1378.03
17 13 253.413
17 14 -690.0
17 15 -2540.15
17 16 -4018.81
17 18 -6240.0
17 19 -560.0
17 20 -2496.84
17 21 -5900.0
17 22 -173.565
17 23 -2423.09
17 24 -5690.0
17 25 253.565
17 26 -5721.07
17 27 -5760.0
17 28 -5547.98
17 29 -3634.43
17 30 -492.003
17 31 -6390.0
17 32 -4440.0
17 33 -5247.83
17 34 -2535.5
17 35 -6590.0
17 37 -6207.59
17 38 -2744.23
17 39 -5514.43
17 40 -4790.0
17 41 -4370.0
17 42 -2029.88
17 43 -4370.0
17 44 -6754.43
17 45 -5200.0
17 46 -970.0
17 47 -5748.66
17 48 -6240.0
17 49 -595.569
17 50 -363.09
17 51 -6200.41
18 52 15798.6
18 3 1099.3
18 4 -1398.12
18 5 -1316.91
18 6 -6158.73
18 7 -6956.03
18 9 -946.553
18 10 -9990.0
18 11 -6352.22
18 12 -2348.03
18 13 -3426.59
18 14 -5900.0
18 15 -1090.15
18 16 -758.812
18 17 -6189.12
18 19 -6250.0
18 20 -3196.84
18 21 -830.0
18 22 -6143.57
18 23 -413.09
18 24 -690.0
18 25 -5166.43
18 26 248.93
18 27 -2630.0
18 28 282.02
18 29 -5924.43
18 30 -6042.0
18 31 -5420.0
18 32 -3880.0
18 33 32.1732
18 34 1494.5
18 35 -4510.0
18 37 -1137.59
18 38 -4894.23
18 39 -4334.43
18 40 -4440.0
18 41 -4370.0
18 42 -1479.88
18 43 -7980.0
18 44 -5714.43
18 45 -8470.0
18 46 -4030.0
18 47 -3108.66
18 48 -4990.0
18 49 -5245.57
18 50 -6473.09
18 51 -720.407
19 52 17258.6
19 3 -5290.7
19 4 -3348.12
19 5 -5276.91
19 6 511.273
19 7 -1676.03
19 9 -4136.55
19 10 -6040.0
19 11 -382.224
19 12 -958.031
19 13 1153.41
19 14 -1800.0
19 15 -3520.15
19 16 -4298.81
19 17 -1059.12
19 18 -6800.0
19 20 -3536.84
19 21 -6590.0
19 22 -863.565
19 23 -3183.09
19 24 -6240.0
19 25 -586.435
19 26 -6141.07
19 27 -6660.0
19 28 -6037.98
19 29 -4674.43
19 30 -1112.0
19 31 -7440.0
19 32 -4300.0
19 33 -5587.83
19 34 -3435.5
19 35 -7630.0
19 37 -6907.59
19 38 -3854.23
19 39 -6624.43
19 40 -5830.0
19 41 -4230.0
19 42 -2029.88
19 43 -3400.0
19 44 -7734.43
19 45 -6040.0
19 46 -1740.0
19 47 -6788.66
19 48 -7290.0
19 49 374.431
19 50 -363.09
19 51 -6480.41
20 52 17948.6
20 3 -3690.7
20 4 -4458.12
20 5 -3126.91
20 6 -4488.73
20 7 -6466.03
20 9 793.447
20 10 -5410.0
20 11 -5382.22
20 12 -3808.03
20 13 -3286.59
20 14 -3470.0
20 15 789.847
20 16 -4158.81
20 17 -4039.12
20 18 -4790.0
20 19 -4580.0
20 21 -4160.0
20 22 -3503.57
20 23 -893.09
20 24 -4720.0
20 25 -1906.43
20 26 -4541.07
20 27 -2840.0
20 28 -4437.98
20 29 -1134.43
20 30 -2642.0
20 31 -2370.0
20 32 -6170.0
20 33 -4617.83
20 34 454.499
20 35 -2770.0
20 37 -3847.59
20 38 -174.228
20 39 -1554.43
20 40 -900.0
20 41 -6240.0
20 42 -3419.88
20 43 -8050.0
20 44 -2734.43
20 45 -3740.0
20 46 -2500.0
20 47 -1858.66
20 48 -2220.0
20 49 -4345.57
20 50 -3763.09
20 51 -5440.41
21 52 16218.6
21 3 269.304
21 4 -1888.12
21 5 -836.91
21 6 -6018.73
21 7 -7086.03
21 9 -246.553
21 10 -9300.0
21 11 -6282.22
21 12 -2628.03
21 13 -3496.59
21 14 -5620.0
21 15 -390.153
21 16 -1308.81
21 17 -5849.12
21 18 -830.0
21 19 -6040.0
21 20 -2566.84
21 22 -5793.57
21 23 76.91
21 24 -1180.0
21 25 -4746.43
21 26 -511.07
21 27 -1800.0
21 28 -477.98
21 29 -5224.43
21 30 -5632.0
21 31 -4590.0
21 32 -4230.0
21 33 -797.827
21 34 2184.5
21 35 -3740.0
21 37 -517.589
21 38 -4134.23
21 39 -3634.43
21 40 -3740.0
21 41 -4650.0
21 42 -1819.88
21 43 -8120.0
21 44 -4954.43
21 45 -7770.0
21 46 -3750.0
21 47 -2348.66
21 48 -4160.0
21 49 -5175.57
21 50 -6123.09
21 51 -1480.41
22 52 17878.6
22 3 -5490.7
22 4 -4178.12
22 5 -5136.91
22 6 -668.727
22 7 -3136.03
22 9 -3236.55
22 10 -4720.0
22 11 -1702.22
22 12 -2138.03
22 13 -306.587
22 14 -900.0
22 15 -2820.15
22 16 -4718.81
22 17 -779.117
22 18 -6800.0
22 19 -970.0
22 20 -2566.84
22 21 -6450.0
22 23 -2843.09
22 24 -6380.0
22 25 873.565
22 26 -6281.07
22 27 -6110.0
22 28 -6177.98
22 29 -3284.43
22 30 267.997
22 31 -6260.0
22 32 -5270.0
22 33 -5937.83
22 34 -2885.5
22 35 -6730.0
22 37 -6697.59
22 38 -2464.23
22 39 -5514.43
22 40 -4990.0
22 41 -5130.0
22 42 -2729.88
22 43 -4790.0
22 44 -6684.43
22 45 -4650.0
22 46 -1530.0
22 47 -5888.66
22 48 -6310.0
22 49 -1075.57
22 50 256.91
22 51 -6830.41
23 52 17948.6
23 3 -1120.7
23 4 -2028.12
23 5 -556.91
23 6 -4488.73
23 7 -5776.03
23 9 -36.5535
23 10 -7700.0
23 11 -4962.22
23 12 -2068.03
23 13 -2316.59
23 14 -3950.0
23 15 509.847
23 16 -1588.81
23 17 -4249.12
23 18 -2290.0
23 19 -4510.0
23 20 -1176.84
23 21 -1800.0
23 22 -4063.57
23 24 -2080.0
23 25 -3016.43
23 26 -1971.07
23 27 -1800.0
23 28 -1867.98
23 29 -3774.43
23 30 -3892.0
23 31 -4100.0
23 32 -3950.0
23 33 -2047.83
23 34 1494.5
23 35 -3400.0
23 37 -1977.59
23 38 -2814.23
23 39 -3084.43
23 40 -2630.0
23 41 -4160.0
23 42 -1269.88
23 43 -7080.0
23 44 -4464.43
23 45 -6310.0
23 46 -2150.0
23 47 -2488.66
23 48 -3540.0
23 49 -3855.57
23 50 -4463.09
23 51 -2800.41
24 52 16148.6
24 3 819.304
24 4 -778.115
24 5 -1176.91
24 6 -5668.73
24 7 -6396.03
24 9 -1286.55
24 10 -9650.0
24 11 -5722.22
24 12 -1728.03
24 13 -2736.59
24 14 -5480.0
24 15 -1160.15
24 16 -198.812
24 17 -5639.12
24 18 -690.0
24 19 -5690.0
24 20 -3126.84
24 21 -1180.0
24 22 -5723.57
24 23 -203.09
24 25 -4746.43
24 26 -31.0696
24 27 -2840.0
24 28 72.0204
24 29 -5854.43
24 30 -5632.0
24 31 -5630.0
24 32 -3190.0
24 33 32.1732
24 34 1074.5
24 35 -4720.0
24 37 -1627.59
24 38 -4824.23
24 39 -4674.43
24 40 -4440.0
24 41 -3740.0
24 42 -919.881
24 43 -7420.0
24 44 -5994.43
24 45 -8330.0
24 46 -3610.0
24 47 -3528.66
24 48 -5200.0
24 49 -4625.57
24 50 -5923.09
24 51 -720.407
25 52 17948.6
25 3 -5560.7
25 4 -4598.12
25 5 -5136.91
25 6 -1428.73
25 7 -3896.03
25 9 -2816.55
25 10 -4020.0
25 11 -2532.22
25 12 -2768.03
25 13 -1066.59
25 14 -1110.0
25 15 -2410.15
25 16 -5058.81
25 17 -1399.12
25 18 -6870.0
25 19 -1740.0
25 20 -2016.84
25 21 -6450.0
25 22 -173.565
25 23 -2843.09
25 24 -6450.0
25 26 -6481.07
25 27 -5900.0
25 28 -6247.98
25 29 -2524.43
25 30 757.997
25 31 -5700.0
25 32 -5760.0
25 33 -6147.83
25 34 -2675.5
25 35 -6310.0
25 37 -6557.59
25 38 -1634.23
25 39 -5024.43
25 40 -4510.0
25 41 -5690.0
25 42 -3209.88
25 43 -5620.0
25 44 -6064.43
25 45 -3880.0
25 46 -1740.0
25 47 -5398.66
25 48 -5830.0
25 49 -1845.57
25 50 -153.09
25 51 -6970.41
26 52 15178.6
26 3 1729.3
26 4 -1128.12
26 5 -1946.91
26 6 -6638.73
26 7 -7296.03
26 9 -1566.55
26 10 -10550.0
26 11 -6632.22
26 12 -2418.03
26 13 -3636.59
26 14 -6520.0
26 15 -1780.15
26 16 -758.812
26 17 -6679.12
26 18 -760.0
26 19 -6600.0
26 20 -3956.84
26 21 -1520.0
26 22 -6633.57
26 23 -1103.09
26 24 -1040.0
26 25 -5786.43
26 27 -3260.0
26 28 702.02
26 29 -6614.43
26 30 -6602.0
26 31 -6050.0
26 32 -3810.0
26 33 652.173
26 34 1004.5
26 35 -5130.0
26 37 -1627.59
26 38 -5524.23
26 39 -5024.43
26 40 -5130.0
26 41 -4370.0
26 42 -1679.88
26 43 -8190.0
26 44 -6344.43
26 45 -9160.0
26 46 -4580.0
26 47 -3668.66
26 48 -5620.0
26 49 -5525.57
26 50 -6963.09
26 51 -90.4075
27 8 1055.57
28 52 15318.6
28 3 1659.3
28 4 -1058.12
28 5 -1806.91
28 6 -6428.73
28 7 -7086.03
28 9 -1566.55
28 10 -10480.0
28 11 -6422.22
28 12 -2278.03
28 13 -3496.59
28 14 -6310.0
28 15 -1710.15
28 16 -618.812
28 17 -6469.12
28 18 -690.0
28 19 -6460.0
28 20 -3816.84
28 21 -1450.0
28 22 -6493.57
28 23 -963.09
28 24 -900.0
28 25 -5516.43
28 26 738.93
28 27 -3190.0
28 29 -6544.43
28 30 -6462.0
28 31 -5980.0
28 32 -3670.0
28 33 652.173
28 34 934.499
28 35 -5130.0
28 37 -1627.59
28 38 -5454.23
28 39 -5024.43
28 40 -5060.0
28 41 -4230.0
28 42 -1479.88
28 43 -7980.0
28 44 -6274.43
28 45 -9020.0
28 46 -4440.0
28 47 -3668.66
28 48 -5550.0
28 49 -5385.57
28 50 -6753.09
28 51 -90.4075
29 52 16498.6
29 3 -5840.7
29 4 -6468.12
29 5 -5276.91
29 6 -4978.73
29 7 -7366.03
29 9 -456.553
29 10 -3470.0
29 11 -6072.22
29 12 -5338.03
29 13 -4326.59
29 14 -4160.0
29 15 -1160.15
29 16 -6238.81
29 17 -4669.12
29 18 -7010.0
29 19 -5210.0
29 20 -626.842
29 21 -6310.0
29 22 -3713.57
29 23 -2983.09
29 24 -6940.0
29 25 -1906.43
29 26 -6691.07
29 27 -4860.0
29 28 -6657.98
29 30 -2362.0
29 31 -2580.0
29 32 -7910.0
29 33 -6837.83
29 34 -1425.5
29 35 -4160.0
29 37 -5997.59
29 38 1835.77
29 39 -2044.43
29 40 -2840.0
29 41 -7980.0
29 42 -5159.88
29 43 -9020.0
29 44 -2934.43
29 45 -1590.0
29 46 -3820.0
29 47 -2898.66
29 48 -3400.0
29 49 -5245.57
29 50 -3693.09
29 51 -7590.41
30 52 17258.6
30 3 -6190.7
30 4 -5218.12
30 5 -5696.91
30 6 -1568.73
30 7 -4106.03
30 9 -3236.55
30 10 -3540.0
30 11 -2602.22
30 12 -3188.03
30 13 -1346.59
30 14 -1730.0
30 15 -2960.15
30 16 -5618.81
30 17 -1889.12
30 18 -7490.0
30 19 -2010.0
30 20 -2496.84
30 21 -7080.0
30 22 -523.565
30 23 -3463.09
30 24 -7080.0
30 25 1013.57
30 26 -7041.07
30 27 -6520.0
30 28 -6937.98
30 29 -2724.43
30 31 -5980.0
30 32 -6310.0
30 33 -6837.83
30 34 -3295.5
30 35 -6800.0
30 37 -7177.59
30 38 -1704.23
30 39 -5374.43
30 40 -4990.0
30 41 -6240.0
30 42 -3769.88
30 43 -5830.0
30 44 -6344.43
30 45 -3740.0
30 46 -2430.0
30 47 -5818.66
30 48 -6240.0
30 49 -2125.57
30 50 56.91
30 51 -7660.41
31 52 14618.6
31 3 -5220.7
31 4 -7098.12
31 5 -5276.91
31 6 -7818.73
31 7 -9866.03
31 9 1973.45
31 10 -6870.0
31 11 -8712.22
31 12 -6868.03
31 13 -6616.59
31 14 -6800.0
31 15 -810.153
31 16 -6518.81
31 17 -7369.12
31 18 -6450.0
31 19 -7920.0
31 20 -1806.84
31 21 -5620.0
31 22 -6633.57
31 23 -3253.09
31 24 -6660.0
31 25 -5026.43
31 26 -6071.07
31 27 -3950.0
31 28 -6037.98
31 29 -2524.43
31 30 -5562.0
31 32 -9020.0
31 33 -6357.83
31 34 174.499
31 35 -2010.0
31 37 -4887.59
31 38 -454.228
31 39 1015.57
31 40 -2840.0
31 41 -9160.0
31 42 -6269.88
31 43 -11380.0
31 44 605.569
31 45 -4860.0
31 46 -5830.0
31 47 221.341
31 48 -1590.0
31 49 -7675.57
31 50 -6823.09
31 51 -7040.41
32 52 15728.6
32 3 -2230.7
32 4 1231.88
32 5 -3816.91
32 6 -3998.73
32 7 -3826.03
32 9 -4206.55
32 10 -10060.0
32 11 -3292.22
32 12 1611.97
32 13 -96.5874
32 14 -5060.0
32 15 -3660.15
32 16 -828.812
32 17 -4739.12
32 18 -4230.0
32 19 -4100.0
32 20 -4926.84
32 21 -4580.0
32 22 -4963.57
32 23 -2423.09
32 24 -3540.0
32 25 -4406.43
32 26 -3151.07
32 27 -5900.0
32 28 -3047.98
32 29 -7174.43
32 30 -5212.0
32 31 -8340.0
32 33 -1907.83
32 34 -2255.5
32 35 -7700.0
32 37 -5097.59
32 38 -6354.23
32 39 -7384.43
32 40 -6660.0
32 41 -550.0
32 42 1160.12
32 43 -4300.0
32 44 -8634.43
32 45 -9300.0
32 46 -3400.0
32 47 -6648.66
32 48 -7840.0
32 49 -2535.57
32 50 -4943.09
32 51 -2800.41
33 52 14618.6
33 3 819.304
33 4 -498.115
33 5 -2846.91
33 6 -6848.73
33 7 -7226.03
33 9 -2746.55
33 10 -11380.0
33 11 -6562.22
33 12 -2068.03
33 13 -3566.59
33 14 -6940.0
33 15 -2890.15
33 16 -618.812
33 17 -7029.12
33 18 -1800.0
33 19 -6870.0
33 20 -4856.84
33 21 -2630.0
33 22 -7113.57
33 23 -2003.09
33 24 -1800.0
33 25 -6276.43
33 26 -171.07
33 27 -4370.0
33 28 -207.98
33 29 -7584.43
33 30 -7222.0
33 31 -7160.0
33 32 -3390.0
33 34 -175.501
33 35 -6240.0
33 37 -2737.59
33 38 -6564.23
33 39 -6134.43
33 40 -6110.0
33 41 -4090.0
33 42 -1479.88
33 43 -7910.0
33 44 -7454.43
33 45 -10060.0
33 46 -5070.0
33 47 -4778.66
33 48 -6730.0
33 49 -5595.57
33 50 -7373.09
33 51 879.593
34 52 15588.6
34 3 -1400.7
34 4 -3898.12
34 5 -2286.91
34 6 -7058.73
34 7 -8406.03
34 9 1483.45
34 10 -9020.0
34 11 -7602.22
34 12 -4368.03
34 13 -4956.59
34 14 -6310.0
34 15 299.847
34 16 -3188.81
34 17 -6679.12
34 18 -2700.0
34 19 -7080.0
34 20 -2146.84
34 21 -2010.0
34 22 -6423.57
34 23 -823.09
34 24 -3120.0
34 25 -5166.43
34 26 -2181.07
34 27 -1040.0
34 28 -2287.98
34 29 -4534.43
34 30 -6042.0
34 31 -2990.0
34 32 -6100.0
34 33 -2537.83
34 35 -2080.0
34 37 -927.589
34 38 -3294.23
34 39 -1974.43
34 40 -2910.0
34 41 -6450.0
34 42 -3559.88
34 43 -9650.0
34 44 -3284.43
34 45 -7150.0
34 46 -4650.0
34 47 -538.659
34 48 -2770.0
34 49 -6425.57
34 50 -6753.09
34 51 -3150.41
35 52 15658.6
35 3 -3270.7
35 4 -5288.12
35 5 -3466.91
35 6 -6988.73
35 7 -8756.03
35 9 3363.45
35 10 -7560.0
35 11 -7742.22
35 12 -5338.03
35 13 -5436.59
35 14 -5970.0
35 15 719.847
35 16 -4648.81
35 17 -6539.12
35 18 -4510.0
35 19 -7080.0
35 20 -1176.84
35 21 -3740.0
35 22 -6073.57
35 23 -1523.09
35 24 -4720.0
35 25 -4606.43
35 26 -4121.07
35 27 -2010.0
35 28 -4157.98
35 29 -3074.43
35 30 -5352.0
35 31 -980.0
35 32 -7350.0
35 33 -4407.83
35 34 2114.5
35 37 -2877.59
35 38 -1494.23
35 39 -24.4312
35 40 -1870.0
35 41 -7560.0
35 42 -4669.88
35 43 -10200.0
35 44 -1274.43
35 45 -5620.0
35 46 -4790.0
35 47 781.341
35 48 -830.0
35 49 -6635.57
35 50 -6403.09
35 51 -5090.41
36 52 16498.6
36 3 -5290.7
36 4 -6128.12
36 5 -4856.91
36 6 -5388.73
36 7 -7576.03
36 9 373.447
36 10 -4370.0
36 11 -6352.22
36 12 -5338.03
36 13 -4536.59
36 14 -4370.0
36 15 -530.153
36 16 -5828.81
36 17 -5009.12
36 18 -6450.0
36 19 -5490.0
36 20 -206.842
36 21 -5690.0
36 22 -4133.57
36 23 -2493.09
36 24 -6450.0
36 25 -2456.43
36 26 -6071.07
36 27 -4230.0
36 28 -6037.98
36 29 185.569
36 30 -2922.0
36 31 -1810.0
36 32 -7770.0
36 33 -6287.83
36 34 -665.501
36 35 -3260.0
36 37 -5307.59
36 38 1495.77
36 39 -1204.43
36 40 -2080.0
36 41 -7840.0
36 42 -5019.88
36 43 -9300.0
36 44 -2174.43
36 45 -2430.0
36 46 -3890.0
36 47 -1998.66
36 48 -2560.0
36 49 -5455.57
36 50 -4183.09
36 51 -7040.41
37 52 15658.6
37 3 -150.696
37 4 -2788.12
37 5 -1596.91
37 6 -6778.73
37 7 -7856.03
37 9 303.447
37 10 -9510.0
37 11 -7112.22
37 12 -3528.03
37 13 -4326.59
37 14 -6240.0
37 15 -320.153
37 16 -2078.81
37 17 -6539.12
37 18 -1520.0
37 19 -6740.0
37 20 -2636.84
37 21 -900.0
37 22 -6423.57
37 23 -483.09
37 24 -2010.0
37 25 -5236.43
37 26 -1001.07
37 27 -1590.0
37 28 -1037.98
37 29 -5294.43
37 30 -6112.0
37 31 -4240.0
37 32 -5130.0
37 33 -1287.83
37 34 2884.5
37 35 -3260.0
37 38 -4064.23
37 39 -3154.43
37 40 -3610.0
37 41 -5550.0
37 42 -2659.88
37 43 -9020.0
37 44 -4464.43
37 45 -7910.0
37 46 -4440.0
37 47 -1788.66
37 48 -3880.0
37 49 -6005.57
37 50 -6753.09
37 51 -1900.41
38 52 15448.6
38 3 -6610.7
38 4 -7378.12
38 5 -6176.91
38 6 -5948.73
38 7 -8406.03
38 9 -666.553
38 10 -3470.0
38 11 -7042.22
38 12 -6448.03
38 13 -5366.59
38 14 -5200.0
38 15 -1920.15
38 16 -7148.81
38 17 -5639.12
38 18 -7840.0
38 19 -6250.0
38 20 -1526.84
38 21 -7080.0
38 22 -4753.57
38 23 -3883.09
38 24 -7770.0
38 25 -2876.43
38 26 -7461.07
38 27 -5550.0
38 28 -7427.98
38 29 -24.4312
38 30 -3202.0
38 31 -2370.0
38 32 -8950.0
38 33 -7677.83
38 34 -2045.5
38 35 -4440.0
38 37 -6627.59
38 39 -1974.43
38 40 -3470.0
38 41 -9020.0
38 42 -6199.88
38 43 -10060.0
38 44 -2664.43
38 45 -1520.0
38 46 -4930.0
38 47 -2968.66
38 48 -3610.0
38 49 -6285.57
38 50 -4533.09
38 51 -8360.41
39 52 14898.6
39 3 -4730.7
39 4 -6608.12
39 5 -4786.91
39 6 -7608.73
39 7 -9456.03
39 9 2393.45
39 10 -6940.0
39 11 -8432.22
39 12 -6518.03
39 13 -6276.59
39 14 -6520.0
39 15 -390.153
39 16 -6098.81
39 17 -7029.12
39 18 -5900.0
39 19 -7640.0
39 20 -1526.84
39 21 -5200.0
39 22 -6423.57
39 23 -2773.09
39 24 -6240.0
39 25 -4886.43
39 26 -5581.07
39 27 -3400.0
39 28 -5617.98
39 29 -2524.43
39 30 -5492.0
39 31 480.0
39 32 -8600.0
39 33 -5867.83
39 34 654.499
39 35 -1590.0
39 37 -4337.59
39 38 -594.228
39 40 -2430.0
39 41 -8740.0
39 42 -5849.88
39 43 -11100.0
39 44 185.569
39 45 -4990.0
39 46 -5490.0
39 47 501.341
39 48 -1110.0
39 49 -7395.57
39 50 -6613.09
39 51 -6550.41
40 36 -91.3413
41 52 16078.6
41 3 -2440.7
41 4 681.885
41 5 -3816.91
41 6 -3448.73
41 7 -3406.03
41 9 -4136.55
41 10 -9580.0
41 11 -2812.22
41 12 1951.97
41 13 323.413
41 14 -4580.0
41 15 -3520.15
41 16 -1038.81
41 17 -4319.12
41 18 -4370.0
41 19 -3680.0
41 20 -4646.84
41 21 -4650.0
41 22 -4473.57
41 23 -2283.09
41 24 -3740.0
41 25 -3986.43
41 26 -3361.07
41 27 -5830.0
41 28 -3257.98
41 29 -6894.43
41 30 -4792.0
41 31 -8130.0
41 32 -200.0
41 33 -2257.83
41 34 -2255.5
41 35 -7560.0
41 37 -5167.59
41 38 -6074.23
41 39 -7174.43
41 40 -6450.0
41 42 1300.12
41 43 -3950.0
41 44 -8494.43
41 45 -8950.0
41 46 -2990.0
41 47 -6578.66
41 48 -7700.0
41 49 -2055.57
41 50 -4463.09
41 51 -3080.41
42 52 16698.6
42 3 -1880.7
42 4 611.885
42 5 -2986.91
42 6 -3448.73
42 7 -3686.03
42 9 -3306.55
42 10 -9160.0
42 11 -3022.22
42 12 1191.97
42 13 -26.5874
42 14 -4230.0
42 15 -2750.15
42 16 -478.812
42 17 -4109.12
42 18 -3610.0
42 19 -3610.0
42 20 -3956.84
42 21 -3950.0
42 22 -4203.57
42 23 -1523.09
42 24 -3050.0
42 25 -3636.43
42 26 -2801.07
42 27 -5060.0
42 28 -2637.98
42 29 -6204.43
42 30 -4452.0
42 31 -7370.0
42 32 -620.0
42 33 -1777.83
42 34 -1495.5
42 35 -6800.0
42 37 -4407.59
42 38 -5384.23
42 39 -6414.43
42 40 -5690.0
42 41 -830.0
42 43 -4440.0
42 44 -7734.43
42 45 -8400.0
42 46 -2500.0
42 47 -5818.66
42 48 -6870.0
42 49 -2125.57
42 50 -4253.09
42 51 -2660.41
43 52 14548.6
43 3 -6190.7
43 4 -2998.12
43 5 -7016.91
43 6 -2058.73
43 7 -1116.03
43 9 -6776.55
43 10 -9230.0
43 11 -102.224
43 12 -128.031
43 13 1713.41
43 14 -4990.0
43 15 -6020.15
43 16 -4918.81
43 17 -4319.12
43 18 -7980.0
43 19 -2850.0
43 20 -6456.84
43 21 -8120.0
43 22 -4133.57
43 23 -5203.09
43 24 -7420.0
43 25 -3916.43
43 26 -7181.07
43 27 -8880.0
43 28 -7007.98
43 29 -7934.43
43 30 -4382.0
43 31 -10350.0
43 32 -3950.0
43 33 -6077.83
43 34 -5455.5
43 35 -10200.0
43 37 -8637.59
43 38 -7114.23
43 39 -9534.43
43 40 -8670.0
43 41 -3950.0
43 42 -2309.88
43 44 -10714.4
43 45 -9370.0
43 46 -4440.0
43 47 -9358.66
43 48 -10060.0
43 49 -875.569
43 50 -3353.09
43 51 -6970.41
44 52 14478.6
44 3 -5290.7
44 4 -7168.12
44 5 -5346.91
44 6 -7958.73
44 7 -9936.03
44 9 1903.45
44 10 -6940.0
44 11 -8852.22
44 12 -7068.03
44 13 -6756.59
44 14 -6870.0
44 15 -950.153
44 16 -6588.81
44 17 -7509.12
44 18 -6520.0
44 19 -7990.0
44 20 -1946.84
44 21 -5760.0
44 22 -6833.57
44 23 -3393.09
44 24 -6800.0
44 25 -5166.43
44 26 -6141.07
44 27 -4020.0
44 28 -6107.98
44 29 -2654.43
44 30 -5702.0
44 31 830.0
44 32 -9090.0
44 33 -6427.83
44 34 104.499
44 35 -2080.0
44 37 -4887.59
44 38 -524.228
44 39 945.569
44 40 -2980.0
44 41 -9300.0
44 42 -6409.88
44 43 -11520.0
44 45 -4990.0
44 46 -5970.0
44 47 221.341
44 48 -1730.0
44 49 -7815.57
44 50 -6963.09
44 51 -7110.41
45 52 15518.6
45 3 -7300.7
45 4 -7578.12
45 5 -6736.91
45 6 -5178.73
45 7 -7716.03
45 9 -1916.55
45 10 -2080.0
45 11 -6212.22
45 12 -6238.03
45 13 -4816.59
45 14 -4650.0
45 15 -2750.15
45 16 -7488.81
45 17 -5149.12
45 18 -8470.0
45 19 -5490.0
45 20 -2146.84
45 21 -7770.0
45 22 -3993.57
45 23 -4433.09
45 24 -8330.0
45 25 -2176.43
45 26 -8151.07
45 27 -6450.0
45 28 -8047.98
45 29 -504.431
45 30 -2292.0
45 31 -3830.0
45 32 -8950.0
45 33 -8227.83
45 34 -2955.5
45 35 -5620.0
45 37 -7527.59
45 38 1425.77
45 39 -3424.43
45 40 -4370.0
45 41 -8950.0
45 42 -6269.88
45 43 -9370.0
45 44 -4184.43
45 46 -4720.0
45 47 -4288.66
45 48 -4860.0
45 49 -5595.57
45 50 -3623.09
45 51 -8980.41
46 52 19478.6
46 3 -3340.7
46 4 -2378.12
46 5 -3056.91
46 6 -1848.73
46 7 -3476.03
46 9 -1916.55
46 10 -6110.0
46 11 -2462.22
46 12 -1028.03
46 13 -166.587
46 14 -1380.0
46 15 -1290.15
46 16 -2698.81
46 17 -1539.12
46 18 -4650.0
46 19 -1810.0
46 20 -1526.84
46 21 -4370.0
46 22 -1493.57
46 23 -893.09
46 24 -4230.0
46 25 -656.435
46 26 -4191.07
46 27 -4300.0
46 28 -4087.98
46 29 -3354.43
46 30 -1602.0
46 31 -5420.0
46 32 -3670.0
46 33 -3857.83
46 34 -1075.5
46 35 -5410.0
46 37 -4677.59
46 38 -2604.23
46 39 -4544.43
46 40 -3740.0
46 41 -3610.0
46 42 -989.881
46 43 -5060.0
46 44 -5784.43
46 45 -5340.0
46 47 -4498.66
46 48 -5130.0
46 49 -1355.57
46 50 -1823.09
46 51 -4680.41
47 52 14338.6
47 3 -3970.7
47 4 -6328.12
47 5 -4516.91
47 6 -8308.73
47 7 -10076.0
47 9 2733.45
47 10 -8470.0
47 11 -9062.22
47 12 -6588.03
47 13 -6756.59
47 14 -7290.0
47 15 -600.153
47 16 -5688.81
47 17 -7859.12
47 18 -5270.0
47 19 -8400.0
47 20 -2426.84
47 21 -4510.0
47 22 -7393.57
47 23 -2773.09
47 24 -5690.0
47 25 -5856.43
47 26 -4821.07
47 27 -2980.0
47 28 -4857.98
47 29 -3974.43
47 30 -6532.0
47 31 -910.0
47 32 -8460.0
47 33 -5107.83
47 34 1494.5
47 35 -1380.0
47 37 -3567.59
47 38 -2184.23
47 39 -94.4312
47 40 -3120.0
47 41 -8740.0
47 42 -5849.88
47 43 -11520.0
47 44 -1134.43
47 45 -6450.0
47 46 -6040.0
47 48 -1800.0
47 49 -7955.57
47 50 -7653.09
47 51 -5720.41
48 52 15938.6
48 3 -3760.7
48 4 -5568.12
48 5 -3746.91
48 6 -6708.73
48 7 -8546.03
48 9 2873.45
48 10 -6800.0
48 11 -7532.22
48 12 -5408.03
48 13 -5236.59
48 14 -5620.0
48 15 649.847
48 16 -4988.81
48 17 -6189.12
48 18 -4990.0
48 19 -6740.0
48 20 -626.842
48 21 -4160.0
48 22 -5653.57
48 23 -1663.09
48 24 -5200.0
48 25 -4126.43
48 26 -4611.07
48 27 -2430.0
48 28 -4577.98
48 29 -2314.43
48 30 -4792.0
48 31 -560.0
48 32 -7490.0
48 33 -4897.83
48 34 1424.5
48 35 -830.0
48 37 -3497.59
48 38 -664.228
48 39 455.569
48 40 -1520.0
48 41 -7700.0
48 42 -4739.88
48 43 -10060.0
48 44 -924.431
48 45 -4860.0
48 46 -4510.0
48 47 361.341
48 49 -6425.57
48 50 -5853.09
48 51 -5580.41
49 52 16768.6
49 3 -5080.7
49 4 -2788.12
49 5 -5416.91
49 6 -48.7267
49 7 -706.027
49 9 -4696.55
49 10 -7080.0
49 11 247.776
49 12 -128.031
49 13 2193.41
49 14 -2700.0
49 15 -4070.15
49 16 -3948.81
49 17 -2029.12
49 18 -6730.0
49 19 -560.0
49 20 -4236.84
49 21 -6660.0
49 22 -1903.57
49 23 -3463.09
49 24 -6110.0
49 25 -1626.43
49 26 -6001.07
49 27 -7010.0
49 28 -5897.98
49 29 -5644.43
49 30 -2162.0
49 31 -8130.0
49 32 -3670.0
49 33 -5247.83
49 34 -3715.5
49 35 -8120.0
49 37 -7107.59
49 38 -4824.23
49 39 -7314.43
49 40 -6520.0
49 41 -3540.0
49 42 -1479.88
49 43 -2360.0
49 44 -8494.43
49 45 -7080.0
49 46 -2220.0
49 47 -7278.66
49 48 -7910.0
49 50 -1403.09
49 51 -6200.41
50 52 16838.6
50 3 -6400.7
50 4 -4878.12
50 5 -6176.91
50 6 -528.727
50 7 -3066.03
50 9 -4206.55
50 10 -4580.0
50 11 -1422.22
50 12 -2628.03
50 13 -506.587
50 14 -2010.0
50 15 -3860.15
50 16 -5618.81
50 17 -1679.12
50 18 -7840.0
50 19 -1180.0
50 20 -3536.84
50 21 -7490.0
50 22 -453.565
50 23 -3953.09
50 24 -7290.0
50 25 183.565
50 26 -7321.07
50 27 -7150.0
50 28 -7147.98
50 29 -3974.43
50 30 137.997
50 31 -7160.0
50 32 -5960.0
50 33 -6907.83
50 34 -3925.5
50 35 -7770.0
50 37 -7737.59
50 38 -2954.23
50 39 -6414.43
50 40 -5900.0
50 41 -5830.0
50 42 -3489.88
50 43 -4720.0
50 44 -7524.43
50 45 -4990.0
50 46 -2570.0
50 47 -6858.66
50 48 -7220.0
50 49 -1285.57
50 51 -7800.41
51 52 14338.6
51 3 819.304
51 4 -778.115
51 5 -2986.91
51 6 -7058.73
51 7 -7506.03
51 9 -2746.55
51 10 -11590.0
51 11 -6842.22
51 12 -2348.03
51 13 -3846.59
51 14 -7220.0
51 15 -2960.15
51 16 -828.812
51 17 -7369.12
51 18 -1940.0
51 19 -7150.0
51 20 -5066.84
51 21 -2700.0
51 22 -7393.57
51 23 -2143.09
51 24 -1940.0
51 25 -6486.43
51 26 -301.07
51 27 -4440.0
51 28 -337.98
51 29 -7724.43
51 30 -7432.0
51 31 -7230.0
51 32 -3670.0
51 33 1492.17
51 34 -175.501
51 35 -6310.0
51 37 -2737.59
51 38 -6634.23
51 39 -6204.43
51 40 -6310.0
51 41 -4300.0
51 42 -1749.88
51 43 -8190.0
51 44 -7524.43
51 45 -10200.0
51 46 -5280.0
51 47 -4778.66
51 48 -6800.0
51 49 -5935.57
51 50 -7653.09
52 2 0
52 3 0
52 4 0
52 5 0
52 6 0
52 7 0
52 8 0
52 9 0
52 10 0
52 11 0
52 12 0
52 13 0
52 14 0
52 15 0
52 16 0
52 17 0
52 18 0
52 19 0
52 20 0
52 21 0
52 22 0
52 23 0
52 24 0
52 25 0
52 26 0
52 27 0
52 28 0
52 29 0
52 30 0
52 31 0
52 32 0
52 33 0
52 34 0
52 35 0
52 36 0
52 37 0
52 38 0
52 39 0
52 40 0
52 41 0
52 42 0
52 43 0
52 44 0
52 45 0
52 46 0
52 47 0
52 48 0
52 49 0
52 50 0
52 51 0
2 1 0
3 1 0
4 1 0
5 1 0
6 1 0
7 1 0
8 1 0
9 1 0
10 1 0
11 1 0
12 1 0
13 1 0
14 1 0
15 1 0
16 1 0
17 1 0
18 1 0
19 1 0
20 1 0
21 1 0
22 1 0
23 1 0
24 1 0
25 1 0
26 1 0
27 1 0
28 1 0
29 1 0
30 1 0
31 1 0
32 1 0
33 1 0
34 1 0
35 1 0
36 1 0
37 1 0
38 1 0
39 1 0
40 1 0
41 1 0
42 1 0
43 1 0
44 1 0
45 1 0
46 1 0
47 1 0
48 1 0
49 1 0
50 1 0
51 1 0
52 1 0
