27 702
1
2
3
4
5
6
7
8
9
10
11
12
13
14
15
16
17
18
19
20
21
22
23
24
25
26
27
1 27 -0.0
1 2 -18305.0
1 3 -20920.0
1 4 -19365.0
1 5 -11325.0
1 6 -20000.0
1 7 -21925.0
1 8 -18095.0
1 9 -20750.0
1 10 -24240.0
1 11 -22920.0
1 12 -18940.0
1 13 -21025.0
1 14 -24660.0
1 15 -19450.0
1 16 -21625.0
1 17 -23975.0
1 18 -20595.0
1 19 -23985.0
1 20 -23365.0
1 21 -22605.0
1 22 -23375.0
1 23 -18495.0
1 24 -22765.0
1 25 -22895.0
1 26 -19120.0
2 27 -4090.0
2 3 -2160.0
2 4 -115.0
2 5 5285.0
2 6 -3260.0
2 7 -2405.0
2 8 -385.0
2 9 -1360.0
2 10 -6110.0
2 11 -2700.0
2 12 1480.0
2 13 -4415.0
2 14 -5620.0
2 15 980.0
2 16 125.0
2 17 -3545.0
2 18 -2805.0
2 19 -7585.0
2 20 -5855.0
2 21 -6555.0
2 22 -4065.0
2 23 -1545.0
2 24 -4845.0
2 25 -4555.0
2 26 -3070.0
3 27 -1590.0
3 2 2955.0
3 4 1895.0
3 5 7155.0
3 6 -830.0
3 7 -2335.0
3 8 2325.0
3 9 -1090.0
3 10 -5340.0
3 11 -3120.0
3 12 2250.0
3 13 -1715.0
3 14 -4020.0
3 15 630.0
3 16 -225.0
3 17 -2785.0
3 18 -375.0
3 19 -4875.0
3 20 -4675.0
3 21 -4195.0
3 22 -2605.0
3 23 265.0
3 24 -2555.0
3 25 -2465.0
3 26 -360.0
4 27 -2290.0
4 2 2745.0
4 3 -360.0
4 5 6395.0
4 6 -1670.0
4 7 -3305.0
4 8 1705.0
4 9 -2060.0
4 10 -6250.0
4 11 -4020.0
4 12 3150.0
4 13 -1505.0
4 14 -3120.0
4 15 -270.0
4 16 -225.0
4 17 -1875.0
4 18 45.0
4 19 -4735.0
4 20 -5575.0
4 21 -4755.0
4 22 -1705.0
4 23 -575.0
4 24 -1995.0
4 25 -1705.0
4 26 -500.0
5 27 -4510.0
5 2 -2115.0
5 3 -5360.0
5 4 -3865.0
5 6 -4240.0
5 7 -2475.0
5 8 -2535.0
5 9 -2270.0
5 10 -1250.0
5 11 -4020.0
5 12 -3310.0
5 13 -3445.0
5 14 -8810.0
5 15 -1590.0
5 16 -5785.0
5 17 -8405.0
5 18 -4745.0
5 19 -5705.0
5 20 45.0
5 21 -935.0
5 22 -7535.0
5 23 -295.0
5 24 -6505.0
5 25 -7055.0
5 26 340.0
6 27 -480.0
6 2 1985.0
6 3 -700.0
6 4 715.0
6 5 8405.0
6 7 -1775.0
6 8 2045.0
6 9 -600.0
6 10 -4300.0
6 11 -2770.0
6 12 1200.0
6 13 -1435.0
6 14 -4720.0
6 15 840.0
6 16 -1335.0
6 17 -3895.0
6 18 -785.0
6 19 -4455.0
6 20 -3495.0
6 21 -3015.0
6 22 -3435.0
6 23 1445.0
6 24 -2965.0
6 25 -3025.0
6 26 470.0
7 27 -4160.0
7 2 1145.0
7 3 -3900.0
7 4 -2615.0
7 5 8475.0
7 6 -3470.0
7 8 -1635.0
7 9 1270.0
7 10 -1730.0
7 11 630.0
7 12 -2060.0
7 13 -5115.0
7 14 -8470.0
7 15 2300.0
7 16 -3355.0
7 17 -7155.0
7 18 -4605.0
7 19 -7865.0
7 20 -1755.0
7 21 -4545.0
7 22 -7115.0
7 23 -15.0
7 24 -6855.0
7 25 -6775.0
7 26 -2510.0
8 27 -1110.0
8 2 2325.0
8 3 -80.0
8 4 1555.0
8 5 7575.0
8 6 -490.0
8 7 -2475.0
8 9 -1230.0
8 10 -5200.0
8 11 -3330.0
8 12 2040.0
8 13 -1225.0
8 14 -3950.0
8 15 350.0
8 16 -785.0
8 17 -3055.0
8 18 -25.0
8 19 -4315.0
8 20 -4395.0
8 21 -3645.0
8 22 -2605.0
8 23 475.0
8 24 -2275.0
8 25 -2195.0
8 26 200.0
9 27 -3190.0
9 2 1985.0
9 3 -2860.0
9 4 -1575.0
9 5 8475.0
9 6 -2500.0
9 7 1065.0
9 8 -595.0
9 10 -2430.0
9 11 150.0
9 12 -1020.0
9 13 -4215.0
9 14 -7490.0
9 15 3060.0
9 16 -2445.0
9 17 -6115.0
9 18 -3635.0
9 19 -7165.0
9 20 -2245.0
9 21 -4195.0
9 22 -6075.0
9 23 745.0
9 24 -5815.0
9 25 -5735.0
9 26 -1890.0
10 27 -6590.0
10 2 -2675.0
10 3 -7020.0
10 4 -5675.0
10 5 9585.0
10 6 -6110.0
10 7 -1845.0
10 8 -4475.0
10 9 -2340.0
10 11 -3190.0
10 12 -5320.0
10 13 -6575.0
10 14 -11240.0
10 15 -1590.0
10 16 -6965.0
10 17 -10415.0
10 18 -7175.0
10 19 -8975.0
10 20 1025.0
10 21 -4405.0
10 22 -9965.0
10 23 -2095.0
10 24 -9145.0
10 25 -9415.0
10 26 -3000.0
11 27 -4440.0
11 2 1565.0
11 3 -3970.0
11 4 -2615.0
11 5 7645.0
11 6 -3750.0
11 7 1345.0
11 8 -1775.0
11 9 1070.0
11 10 -2360.0
11 12 -1990.0
11 13 -5465.0
11 14 -8470.0
11 15 2580.0
11 16 -3145.0
11 17 -7015.0
11 18 -4815.0
11 19 -8415.0
11 20 -2455.0
11 21 -5305.0
11 22 -7115.0
11 23 -505.0
11 24 -6995.0
11 25 -6915.0
11 26 -3070.0
12 27 -4990.0
12 2 1215.0
12 3 -3130.0
12 4 25.0
12 5 3825.0
12 6 -4310.0
12 7 -5875.0
12 8 -935.0
12 9 -4630.0
12 10 -9020.0
12 11 -6520.0
12 13 -2335.0
12 14 -1730.0
12 15 -2700.0
12 16 -1895.0
12 17 485.0
12 18 -1275.0
12 19 -5635.0
12 20 -8285.0
12 21 -7045.0
12 22 105.0
12 23 -3345.0
12 24 -2135.0
12 25 -2335.0
12 26 -1960.0
13 27 -4090.0
13 2 -1695.0
13 3 -4110.0
13 4 -1645.0
13 5 6675.0
13 6 -3960.0
13 7 -5945.0
13 8 -1215.0
13 9 -4840.0
13 10 -7290.0
13 11 -7010.0
13 12 650.0
13 14 -3880.0
13 15 -3600.0
13 16 -4605.0
13 17 -4585.0
13 18 -1135.0
13 19 -365.0
13 20 -6135.0
13 21 -3365.0
13 22 -2535.0
13 23 -2165.0
13 24 -1375.0
13 25 -3025.0
13 26 3040.0
14 27 -4720.0
14 2 105.0
14 3 -3410.0
14 4 -255.0
14 5 4315.0
14 6 -4240.0
14 7 -6295.0
14 8 -935.0
14 9 -5110.0
14 10 -8950.0
14 11 -7010.0
14 12 4260.0
14 13 -875.0
14 15 -3260.0
14 16 -2865.0
14 17 -1115.0
14 18 -585.0
14 19 -4115.0
14 20 -8075.0
14 21 -6275.0
14 22 1145.0
14 23 -3205.0
14 24 -815.0
14 25 -1635.0
14 26 -640.0
15 27 -3470.0
15 2 2745.0
15 3 -2720.0
15 4 -1365.0
15 5 7575.0
15 6 -2640.0
15 7 515.0
15 8 -595.0
15 9 1480.0
15 10 -3260.0
15 11 80.0
15 12 -670.0
15 13 -4555.0
15 14 -7220.0
15 16 -1895.0
15 17 -5695.0
15 18 -3635.0
15 19 -7515.0
15 20 -3075.0
15 21 -4895.0
15 22 -5865.0
15 23 125.0
15 24 -5815.0
15 25 -5665.0
15 26 -2440.0
16 27 -3190.0
16 2 4345.0
16 3 -1120.0
16 4 1135.0
16 5 5835.0
16 6 -2360.0
16 7 -2685.0
16 8 725.0
16 9 -1570.0
16 10 -6180.0
16 11 -3190.0
16 12 2590.0
16 13 -3105.0
16 14 -4370.0
16 15 560.0
16 17 -2505.0
16 18 -1555.0
16 19 -6335.0
16 20 -5715.0
16 21 -5795.0
16 22 -2815.0
16 23 -1055.0
16 24 -3595.0
16 25 -3235.0
16 26 -1960.0
17 27 -4790.0
17 2 1425.0
17 3 -2930.0
17 4 235.0
17 5 3965.0
17 6 -4170.0
17 7 -5735.0
17 8 -795.0
17 9 -4490.0
17 10 -8880.0
17 11 -6310.0
17 12 5720.0
17 13 -2335.0
17 14 -1870.0
17 15 -2490.0
17 16 -1755.0
17 18 -1135.0
17 19 -5635.0
17 20 -8075.0
17 21 -6905.0
17 22 -35.0
17 23 -3205.0
17 24 -2135.0
17 25 -2265.0
17 26 -1890.0
18 27 -2430.0
18 2 1145.0
18 3 -1540.0
18 4 1135.0
18 5 6605.0
18 6 -2080.0
18 7 -4205.0
18 8 1215.0
18 9 -3030.0
18 10 -6660.0
18 11 -5130.0
18 12 2940.0
18 13 95.0
18 14 -2360.0
18 15 -1450.0
18 16 -1825.0
18 17 -2155.0
18 19 -3205.0
18 20 -5715.0
18 21 -4125.0
18 22 -1145.0
18 23 -915.0
18 24 -535.0
18 25 -595.0
18 26 820.0
19 27 -4720.0
19 2 -2535.0
19 3 -4940.0
19 4 -2545.0
19 5 6745.0
19 6 -4650.0
19 7 -6365.0
19 8 -1975.0
19 9 -5460.0
19 10 -7360.0
19 11 -7630.0
19 12 -320.0
19 13 1965.0
19 14 -4790.0
19 15 -4230.0
19 16 -5505.0
19 17 -5555.0
19 18 -2105.0
19 20 -6135.0
19 21 -3225.0
19 22 -3505.0
19 23 -2585.0
19 24 -2345.0
19 25 -4065.0
19 26 3600.0
20 27 -5760.0
20 2 -2465.0
20 3 -6400.0
20 4 -5045.0
20 5 10835.0
20 6 -5350.0
20 7 -1915.0
20 8 -3715.0
20 9 -2200.0
20 10 980.0
20 11 -3330.0
20 12 -4630.0
20 13 -5465.0
20 14 -10410.0
20 15 -1450.0
20 16 -6545.0
20 17 -9655.0
20 18 -6275.0
20 19 -7795.0
20 21 -3155.0
20 22 -9065.0
20 23 -1265.0
20 24 -8245.0
20 25 -8645.0
20 26 -1820.0
21 27 -3810.0
21 2 -1975.0
21 3 -4730.0
21 4 -3035.0
21 5 11045.0
21 6 -3680.0
21 7 -3515.0
21 8 -1775.0
21 9 -2960.0
21 10 -3260.0
21 11 -4990.0
21 12 -2200.0
21 13 -1505.0
21 14 -7420.0
21 15 -2080.0
21 16 -5435.0
21 17 -7295.0
21 18 -3495.0
21 19 -3695.0
21 20 -1965.0
21 22 -6145.0
21 23 -225.0
21 24 -4915.0
21 25 -5735.0
21 26 2420.0
22 27 -5200.0
22 2 -105.0
22 3 -3760.0
22 4 -605.0
22 5 3825.0
22 6 -4720.0
22 7 -6705.0
22 8 -1355.0
22 9 -5460.0
22 10 -9440.0
22 11 -7420.0
22 12 4330.0
22 13 -1295.0
22 14 -620.0
22 15 -3670.0
22 16 -3075.0
22 17 -1045.0
22 18 -1135.0
22 19 -4595.0
22 20 -8495.0
22 21 -6765.0
22 23 -3695.0
22 24 -1235.0
22 25 -2125.0
22 26 -1190.0
23 27 -1590.0
23 2 1145.0
23 3 -2160.0
23 4 -745.0
23 5 9795.0
23 6 -1110.0
23 7 -875.0
23 8 455.0
23 9 90.0
23 10 -2840.0
23 11 -2080.0
23 12 -390.0
23 13 -2195.0
23 14 -6240.0
23 15 1050.0
23 16 -2585.0
23 17 -5485.0
23 18 -2175.0
23 19 -4945.0
23 20 -1965.0
23 21 -2115.0
23 22 -4965.0
23 24 -4215.0
23 25 -4415.0
23 26 340.0
24 27 -3740.0
24 2 -35.0
24 3 -2860.0
24 4 -45.0
24 5 5705.0
24 6 -3400.0
24 7 -5595.0
24 8 -175.0
24 9 -4350.0
24 10 -7770.0
24 11 -6450.0
24 12 2940.0
24 13 715.0
24 14 -1730.0
24 15 -2770.0
24 16 -3005.0
24 17 -2295.0
24 18 325.0
24 19 -2585.0
24 20 -6825.0
24 21 -4685.0
24 22 -385.0
24 23 -2095.0
24 25 -1085.0
24 26 960.0
25 27 -3050.0
25 2 1075.0
25 3 -1950.0
25 4 1065.0
25 5 5975.0
25 6 -2640.0
25 7 -4695.0
25 8 725.0
25 9 -3450.0
25 10 -7220.0
25 11 -5550.0
25 12 3560.0
25 13 -115.0
25 14 -1730.0
25 15 -1800.0
25 16 -1825.0
25 17 -1605.0
25 18 1085.0
25 19 -3485.0
25 20 -6405.0
25 21 -4685.0
25 22 -455.0
25 23 -1475.0
25 24 -265.0
25 26 340.0
26 27 -4510.0
26 2 -2675.0
26 3 -5080.0
26 4 -2965.0
26 5 8135.0
26 6 -4380.0
26 7 -5665.0
26 8 -2115.0
26 9 -4840.0
26 10 -6040.0
26 11 -6940.0
26 12 -1300.0
26 13 715.0
26 14 -5970.0
26 15 -3810.0
26 16 -5785.0
26 17 -6465.0
26 18 -2735.0
26 19 -1055.0
26 20 -4815.0
26 21 -1765.0
26 22 -4755.0
26 23 -1955.0
26 24 -3455.0
26 25 -4895.0
27 2 0
27 3 0
27 4 0
27 5 0
27 6 0
27 7 0
27 8 0
27 9 0
27 10 0
27 11 0
27 12 0
27 13 0
27 14 0
27 15 0
27 16 0
27 17 0
27 18 0
27 19 0
27 20 0
27 21 0
27 22 0
27 23 0
27 24 0
27 25 0
27 26 0
2 1 0
3 1 0
4 1 0
5 1 0
6 1 0
7 1 0
8 1 0
9 1 0
10 1 0
11 1 0
12 1 0
13 1 0
14 1 0
15 1 0
16 1 0
17 1 0
18 1 0
19 1 0
20 1 0
21 1 0
22 1 0
23 1 0
24 1 0
25 1 0
26 1 0
27 1 0
