52 2133
1
2
3
4
5
6
7
8
9
10
11
12
13
14
15
16
17
18
19
20
21
22
23
24
25
26
27
28
29
30
31
32
33
34
35
36
37
38
39
40
41
42
43
44
45
46
47
48
49
50
51
52
1 52 -0.0
1 2 -23246.5
1 3 -17984.1
1 5 -22850.4
1 6 -20735.4
1 7 -23895.9
1 8 -21016.5
1 9 -22079.4
1 10 -22191.2
1 11 -23612.2
1 12 -24930.0
1 14 -21577.5
1 15 -25910.0
1 17 -25140.0
1 18 -22074.0
1 19 -23686.4
1 21 -25840.0
1 22 -21622.8
1 23 -23459.9
1 24 -19316.6
1 25 -23341.7
1 26 -19903.4
1 27 -22593.2
1 28 -21215.2
1 29 -22728.4
1 30 -21950.5
1 31 -20296.6
1 32 -23441.8
1 33 -24414.9
1 34 -22863.5
1 35 -25420.0
1 37 -20338.2
1 38 -20443.2
1 39 -23103.5
1 40 -21798.0
1 41 -24590.0
1 42 -23915.3
1 43 -24660.0
1 44 -23640.7
1 45 -23439.2
1 46 -24306.2
1 47 -21531.0
1 48 -26390.0
1 49 -23130.0
1 50 -22736.2
1 51 -18936.5
2 52 16391.2
2 3 -5184370.0
2 5 -5184420.0
2 7 -5189890.0
2 8 -5187130.0
2 9 -5188890.0
2 10 948.759
2 11 -5190500.0
2 12 -5190220.0
2 14 -5188590.0
2 15 -5191900.0
2 17 -5191760.0
2 18 -5184500.0
2 19 -5190650.0
2 21 -5188050.0
2 22 -5187540.0
2 23 -5189930.0
2 24 -5183670.0
2 25 -5185770.0
2 26 -5186980.0
2 27 -153.171
2 28 -5185090.0
2 29 -5189200.0
2 30 -5188840.0
2 31 -5187030.0
2 32 -5189630.0
2 33 -5190680.0
2 34 -83.5395
2 35 -5187840.0
2 37 -5186930.0
2 38 886.829
2 39 -5189910.0
2 40 -5184760.0
2 41 -1590.0
2 42 -5190810.0
2 43 -5190710.0
2 44 -5185280.0
2 45 -5189650.0
2 46 -5185750.0
2 47 -5188550.0
2 48 -5188610.0
2 49 -5188050.0
2 50 -5188300.0
2 51 -5185810.0
3 16 -2010.0
4 52 15561.2
4 2 -5190970.0
4 3 -5182060.0
4 5 -5190580.0
4 7 -5186180.0
4 8 -5186500.0
4 9 -5186090.0
4 10 -5189920.0
4 11 357.787
4 12 -5190290.0
4 14 -5185860.0
4 15 -5187700.0
4 17 -2010.0
4 18 -5189260.0
4 19 -136.354
4 21 -5192320.0
4 22 -5185720.0
4 23 -5187410.0
4 24 -5187170.0
4 25 -5189550.0
4 26 -5187400.0
4 27 -5190310.0
4 28 -5188450.0
4 29 -5186400.0
4 30 -5184570.0
4 31 -5186120.0
4 32 -5185710.0
4 33 -5186060.0
4 34 -5190590.0
4 35 -5191900.0
4 37 -5186930.0
4 38 -5187740.0
4 39 -5186620.0
4 40 -5189450.0
4 41 -5192320.0
4 42 54.6652
4 43 -5189100.0
4 44 -5191370.0
4 45 -5184540.0
4 46 -5191980.0
4 47 769.031
4 48 -5193650.0
4 49 -5188680.0
4 50 -5186130.0
4 51 -5184200.0
5 52 15281.2
5 2 -5185930.0
5 3 -5185910.0
5 7 -5191570.0
5 8 -5187200.0
5 9 -5189380.0
5 10 -5183410.0
5 11 -5191620.0
5 12 -5189660.0
5 14 -5189360.0
5 15 -5193580.0
5 17 -5193160.0
5 18 -5182750.0
5 19 -5191630.0
5 21 -5189660.0
5 22 -5187330.0
5 23 -5190210.0
5 24 -5184720.0
5 25 -5187450.0
5 26 -5188100.0
5 27 -5185760.0
5 28 -5184320.0
5 29 -5189480.0
5 30 -5189470.0
5 31 -5187660.0
5 32 -5191240.0
5 33 -5192220.0
5 34 196.46
5 35 -5189590.0
5 37 -5187560.0
5 38 -5184940.0
5 39 -5190330.0
5 40 -257.952
5 41 -1110.0
5 42 -5191930.0
5 43 -5190570.0
5 44 609.323
5 45 -5191190.0
5 46 73.7996
5 47 -5189670.0
5 48 -5186790.0
5 49 -5189800.0
5 50 -5190050.0
5 51 -5187140.0
6 52 13271.2
6 2 -5188310.0
6 3 -5187940.0
6 5 -1100.36
6 7 -5193670.0
6 8 -5188040.0
6 9 -5190500.0
6 10 -5185580.0
6 11 -5193230.0
6 12 -5189660.0
6 14 -5190760.0
6 15 -5195680.0
6 17 -5195050.0
6 18 3206.0
6 19 -5193100.0
6 21 -5191970.0
6 22 -5187540.0
6 23 -5190980.0
6 24 -5186750.0
6 25 -5189760.0
6 26 -5189990.0
6 27 -5188070.0
6 28 -5184950.0
6 29 -5190250.0
6 30 -5190660.0
6 31 -5189060.0
6 32 -5193340.0
6 33 -5194250.0
6 34 -5186250.0
6 35 -5191900.0
6 37 -5188960.0
6 38 -5187320.0
6 39 -5191450.0
6 40 -5185880.0
6 41 -5187280.0
6 42 -5193610.0
6 43 -5190920.0
6 44 -1060.68
6 45 -5193220.0
6 47 -5191280.0
6 48 -620.0
6 49 -5192110.0
6 50 -5192290.0
6 51 -5189030.0
7 52 14451.2
7 2 -5191180.0
7 3 -5181920.0
7 5 -5191350.0
7 8 -5189020.0
7 9 -5188890.0
7 10 -5189850.0
7 11 -5186580.0
7 12 -5192950.0
7 14 -5188380.0
7 15 -830.0
7 17 -5186020.0
7 18 -5190800.0
7 19 -5187500.0
7 21 -5190780.0
7 22 -5188800.0
7 23 -5190420.0
7 24 -5187940.0
7 25 -5187660.0
7 26 -5188520.0
7 27 -5190660.0
7 28 -5190130.0
7 29 -5189480.0
7 30 -5187790.0
7 31 -5188220.0
7 32 108.194
7 33 -244.871
7 34 -5191080.0
7 35 -5190290.0
7 37 -5188820.0
7 38 -5187320.0
7 39 -5189630.0
7 40 -5190570.0
7 41 -5192600.0
7 42 -5186750.0
7 43 -5192110.0
7 44 -5192140.0
7 45 -5182790.0
7 46 -5192680.0
7 47 -5185960.0
7 48 -5195050.0
7 49 -5187420.0
7 50 613.769
7 51 -5185250.0
8 52 16671.2
8 2 -5189080.0
8 3 -5184090.0
8 5 -5187640.0
8 7 -5189680.0
8 9 -819.401
8 10 -5187820.0
8 11 -5187700.0
8 12 -5186090.0
8 14 -5185440.0
8 15 -5191480.0
8 17 -5190150.0
8 18 -5185340.0
8 19 -5187430.0
8 21 -5192320.0
8 22 -5182640.0
8 23 -1159.86
8 24 -5185210.0
8 25 -5189900.0
8 26 -5186560.0
8 27 -5188420.0
8 28 -5184670.0
8 29 -5184370.0
8 30 -5184850.0
8 31 -216.626
8 32 -5189140.0
8 33 -5189840.0
8 34 -5188070.0
8 35 -5191970.0
8 37 -748.244
8 38 -5186970.0
8 39 -5185570.0
8 40 -5186370.0
8 41 -5189800.0
8 42 -5188220.0
8 43 -1800.0
8 44 -5188220.0
8 45 -5188670.0
8 46 -5188900.0
8 47 -5186100.0
8 48 -5189730.0
8 49 -5189800.0
8 50 -5188930.0
8 51 -5184970.0
9 52 16671.2
9 2 -5189780.0
9 3 -5183180.0
9 5 -5188760.0
9 7 -5188490.0
9 8 -5183700.0
9 10 -5188660.0
9 11 -5186230.0
9 12 -5187420.0
9 14 -317.484
9 15 -5190290.0
9 17 -5188750.0
9 18 -5186810.0
9 19 -5185890.0
9 21 -5192460.0
9 22 -5183130.0
9 23 -679.859
9 24 -5185770.0
9 25 -5189900.0
9 26 -5186420.0
9 27 -5189050.0
9 28 -5186070.0
9 29 61.6292
9 30 619.491
9 31 -5184090.0
9 32 -5188020.0
9 33 -5188580.0
9 34 -5189050.0
9 35 -5192040.0
9 37 -5184970.0
9 38 -5187250.0
9 39 -243.526
9 40 -5187490.0
9 41 -5190780.0
9 42 -5186680.0
9 43 -5186370.0
9 44 -5189410.0
9 45 -5187340.0
9 46 -5190090.0
9 47 -5184700.0
9 48 -5191200.0
9 49 -5189380.0
9 50 -5188020.0
9 51 -5184270.0
10 52 14931.2
10 2 -1566.47
10 3 -5185700.0
10 5 -480.362
10 7 -5191080.0
10 8 -5188390.0
10 9 -5190290.0
10 11 -5191970.0
10 12 -5191270.0
10 14 -5190060.0
10 15 -5193160.0
10 17 -5193090.0
10 18 -5184500.0
10 19 -5192120.0
10 21 -5187980.0
10 22 -5188800.0
10 23 -5191260.0
10 24 -5185070.0
10 25 -5185770.0
10 26 -5188450.0
10 27 -1683.17
10 28 -5185930.0
10 29 -5190600.0
10 30 -5190310.0
10 31 -5188500.0
10 32 -5190960.0
10 33 -5191940.0
10 34 -353.54
10 35 -5187980.0
10 37 -5188330.0
10 38 -5183960.0
10 39 -5191310.0
10 40 -5185600.0
10 41 -970.0
10 42 -5192280.0
10 43 -5191900.0
10 44 -5185140.0
10 45 -5190910.0
10 46 -5185400.0
10 47 -5190020.0
10 48 -5188470.0
10 49 -5189100.0
10 50 -5189420.0
10 51 -5187280.0
11 52 14861.2
11 2 -5191670.0
11 3 -5182690.0
11 5 -5191280.0
11 7 -5186460.0
11 8 -5186920.0
11 9 -5186510.0
11 10 -5190620.0
11 12 -5190640.0
11 14 -5186420.0
11 15 -5187840.0
11 17 -2010.0
11 18 -5189890.0
11 19 3.64555
11 21 -5193020.0
11 22 -5185860.0
11 23 -5187620.0
11 24 -5187870.0
11 25 -5190180.0
11 26 -5188100.0
11 27 -5191010.0
11 28 -5189080.0
11 29 -5186610.0
11 30 -5184850.0
11 31 -5186680.0
11 32 -5186130.0
11 33 -5186270.0
11 34 -5191290.0
11 35 -5192530.0
11 37 -5187560.0
11 38 -5188510.0
11 39 -5186900.0
11 40 -5190150.0
11 41 -5193020.0
11 42 404.665
11 43 -5189380.0
11 44 -5192000.0
11 45 -5184470.0
11 46 -5192610.0
11 47 9.03135
11 48 -5194280.0
11 49 -5189380.0
11 50 -5186620.0
11 51 -5184970.0
12 36 684.376
13 52 15421.2
13 2 -5189780.0
13 3 2785.86
13 5 -5190020.0
13 7 -345.944
13 8 -5188460.0
13 9 -5188680.0
13 10 -5188450.0
13 11 -5187210.0
13 12 -5192460.0
13 14 -5188100.0
13 15 -5186300.0
13 17 -5187070.0
13 18 -5189680.0
13 19 -5187990.0
13 21 -5189310.0
13 22 -5188590.0
13 23 -5190210.0
13 24 -5186820.0
13 25 -5186260.0
13 26 -5187610.0
13 27 -5189330.0
13 28 -5189150.0
13 29 -5189340.0
13 30 -5187790.0
13 31 -5187660.0
13 32 -581.806
13 33 -5185430.0
13 34 -5189750.0
13 35 -5188820.0
13 37 -5188050.0
13 38 -5185920.0
13 39 -5189490.0
13 40 -5189450.0
13 41 -5191270.0
13 42 -5187450.0
13 43 -5191830.0
13 44 -5190880.0
13 45 -5184260.0
13 46 -5191420.0
13 47 -5186100.0
13 48 -5193860.0
13 49 -5185950.0
13 50 1373.77
13 51 -5184550.0
14 52 17431.2
14 2 -5189220.0
14 3 -5182340.0
14 5 -5188480.0
14 7 -5187720.0
14 8 -5184120.0
14 9 -59.4009
14 10 -5188170.0
14 11 -5185880.0
14 12 -5188050.0
14 15 -5189520.0
14 17 -5188190.0
14 18 -5186880.0
14 19 -5185750.0
14 21 -5191620.0
14 22 -5183970.0
14 23 -5185590.0
14 24 -5185280.0
14 25 -5189060.0
14 26 -5185720.0
14 27 -5188560.0
14 28 -5186070.0
14 29 -5184790.0
14 30 209.491
14 31 263.374
14 32 -5187250.0
14 33 -5187880.0
14 34 -5188630.0
14 35 -5191200.0
14 37 -678.244
14 38 -5186550.0
14 39 -1073.53
14 40 -5187280.0
14 41 -5190360.0
14 42 -5186330.0
14 43 -5187210.0
14 44 -5189130.0
14 45 -5186710.0
14 46 -5189810.0
14 47 -5184140.0
14 48 -5191270.0
14 49 -5188470.0
14 50 -5187180.0
14 51 -5183360.0
15 52 13751.2
15 2 -5191880.0
15 3 -5182550.0
15 5 -5192050.0
15 7 484.056
15 8 -5189510.0
15 9 -5189380.0
15 10 -5190620.0
15 11 -5186650.0
15 12 -5193510.0
15 14 -5188870.0
15 17 -5185950.0
15 18 -5191430.0
15 19 -5187640.0
15 21 -5191410.0
15 22 -5189150.0
15 23 -5190770.0
15 24 -5188640.0
15 25 -5188290.0
15 26 -5189150.0
15 27 -5191360.0
15 28 -5190760.0
15 29 -5189830.0
15 30 -5188070.0
15 31 -5188780.0
15 32 -511.806
15 33 -454.871
15 34 -5191780.0
15 35 -5190990.0
15 37 -5189380.0
15 38 -5188090.0
15 39 -5189980.0
15 40 -5191270.0
15 41 -5193370.0
15 42 -5186890.0
15 43 -5192530.0
15 44 -5192840.0
15 45 1840.81
15 46 -5193380.0
15 47 -5186380.0
15 48 -5195750.0
15 49 -5188190.0
15 50 -5183960.0
15 51 -5185880.0
16 52 15071.2
16 2 -5190620.0
16 3 -5181290.0
16 5 -5190790.0
16 7 624.056
16 8 -5188460.0
16 9 -5188400.0
16 10 -5189360.0
16 11 -5186300.0
16 12 -5192390.0
16 14 -5187820.0
16 15 -5185390.0
16 17 -5185950.0
16 18 -5190170.0
16 19 -5187150.0
16 21 -5190500.0
16 22 -5188240.0
16 23 -5189860.0
16 24 -5187380.0
16 25 -5187450.0
16 26 -5187890.0
16 27 -5190100.0
16 28 -5189500.0
16 29 -5188990.0
16 30 -5187300.0
16 31 -5187660.0
16 32 598.194
16 33 -244.871
16 34 -5190520.0
16 35 -5190010.0
16 37 -5188190.0
16 38 -5186830.0
16 39 -5189070.0
16 40 -5190010.0
16 41 -5192110.0
16 42 -5186470.0
16 43 -5191550.0
16 44 -5191580.0
16 45 -5183140.0
16 46 -5192120.0
16 47 -5185470.0
16 48 -5194420.0
16 49 -5187000.0
16 50 683.769
16 51 -5184690.0
17 4 -2010.0
18 52 13411.2
18 2 -5188660.0
18 3 -5187870.0
18 5 -5185400.0
18 7 -5193670.0
18 8 -5187550.0
18 9 -5190080.0
18 10 -5186140.0
18 11 -5192880.0
18 12 -5188890.0
18 14 -5190410.0
18 15 -5195610.0
18 17 -5194840.0
18 19 -5192680.0
18 21 -5192460.0
18 22 -5186770.0
18 23 -5190420.0
18 24 -5186750.0
18 25 -5190250.0
18 26 -5189850.0
18 27 -5188350.0
18 29 -5189620.0
18 30 -5190240.0
18 31 -5188710.0
18 32 -5193270.0
18 33 -5194110.0
18 34 -5186670.0
18 35 -5192390.0
18 37 -5188680.0
18 38 -5187600.0
18 39 -5190960.0
18 40 -5185880.0
18 41 -5187840.0
18 42 -5193260.0
18 43 -5190220.0
18 45 -5193150.0
18 47 -5191000.0
18 48 -480.0
18 49 -5192250.0
18 50 -5192360.0
18 51 -5188820.0
19 52 15141.2
19 2 -5191460.0
19 3 -5182900.0
19 5 -5190930.0
19 7 -5187020.0
19 8 -5186290.0
19 9 -5185810.0
19 10 -5190410.0
19 11 357.787
19 12 -5189940.0
19 14 -5185930.0
19 15 -5188470.0
19 17 -5186650.0
19 18 -5189330.0
19 21 -5193090.0
19 22 -5185090.0
19 23 -5186920.0
19 24 -5187590.0
19 25 -5190320.0
19 26 -5187820.0
19 27 -5190800.0
19 28 -5188520.0
19 29 -5185840.0
19 30 -210.509
19 31 -5186190.0
19 32 -5186620.0
19 33 -5186900.0
19 34 -5191010.0
19 35 -5192670.0
19 37 -5187070.0
19 38 -5188370.0
19 39 -5186200.0
19 40 -5189730.0
19 41 -5192740.0
19 42 -225.335
19 43 -5188680.0
19 44 -5191650.0
19 45 -5185240.0
19 46 -5192260.0
19 47 219.031
19 48 -5193720.0
19 49 -5189520.0
19 50 -5187040.0
19 51 -5184830.0
20 52 14731.2
20 2 -5188520.0
20 3 -5183390.0
20 5 -5188900.0
20 7 -5187370.0
20 8 -5189650.0
20 9 -5190430.0
20 10 -5186560.0
20 11 -5190080.0
20 12 -5193370.0
20 14 -5189780.0
20 15 -5189310.0
20 17 -5190220.0
20 18 -5188980.0
20 19 -5190650.0
20 21 -2290.0
20 22 -5190060.0
20 23 -5191890.0
20 24 -5186540.0
20 25 828.266
20 26 -5188380.0
20 27 -5188210.0
20 28 -5189010.0
20 29 -5191090.0
20 30 -5189890.0
20 31 -5188850.0
20 32 -5187670.0
20 33 -5188580.0
20 34 -5188490.0
20 35 -1870.0
20 37 -5189030.0
20 38 -503.171
20 39 -5191380.0
20 40 -5188890.0
20 41 -5189730.0
20 42 -5190250.0
20 43 -5193230.0
20 44 -5189690.0
20 45 -5187340.0
20 46 -5190090.0
20 47 -5188550.0
20 48 -5193020.0
20 49 -2150.0
20 50 -5185290.0
20 51 -5186160.0
21 20 4834.78
22 52 14101.2
22 2 -5191460.0
22 3 -5186120.0
22 5 -5189740.0
22 7 -5191430.0
22 8 -726.474
22 9 -5186160.0
22 10 -5190200.0
22 11 -5188610.0
22 12 -2010.0
22 14 -5187260.0
22 15 -5193090.0
22 17 -5191480.0
22 18 -5186530.0
22 19 -5188200.0
22 21 -5194840.0
22 23 -1649.86
22 24 -5187730.0
22 25 -5192350.0
22 26 -5189010.0
22 27 -5190800.0
22 28 -5186560.0
22 29 -568.371
22 30 -5185690.0
22 31 -5186540.0
22 32 -5190890.0
22 33 -5191450.0
22 34 -5190380.0
22 35 -5194490.0
22 37 -5187210.0
22 38 -5189490.0
22 39 -5186410.0
22 40 -5188610.0
22 41 -5192040.0
22 42 -5189200.0
22 43 -900.0
22 44 -5190250.0
22 45 -5190070.0
22 46 -5190930.0
22 47 -5187500.0
22 48 -5191130.0
22 49 -5192180.0
22 50 -5190960.0
22 51 -5187140.0
23 52 15771.2
23 2 -5190340.0
23 3 -5184230.0
23 5 -5189110.0
23 7 -5189540.0
23 8 383.526
23 9 -199.401
23 10 -5189150.0
23 11 -5186860.0
23 12 -5186650.0
23 14 -5185370.0
23 15 -5191200.0
23 17 -5189660.0
23 18 -5186670.0
23 19 -5186520.0
23 21 -5193300.0
23 22 -5182080.0
23 24 -5186470.0
23 25 -5190810.0
23 26 -5187330.0
23 27 -5189680.0
23 28 -5186140.0
23 29 1031.63
23 30 -5183870.0
23 31 -5184860.0
23 32 -5189000.0
23 33 -5189560.0
23 34 -5189470.0
23 35 -5192880.0
23 37 -5185670.0
23 38 -5188020.0
23 39 -523.526
23 40 -5187840.0
23 41 -5191200.0
23 42 -5187450.0
23 43 -1450.0
23 44 -5189690.0
23 45 -5188180.0
23 46 -5190370.0
23 47 -5185610.0
23 48 -5191130.0
23 49 -5190360.0
23 50 -5189070.0
23 51 -5185250.0
24 52 18131.2
24 2 -1916.47
24 3 -5183110.0
24 5 -5185400.0
24 7 -5188840.0
24 8 -5185450.0
24 9 -5187070.0
24 10 -5184740.0
24 11 -5188890.0
24 12 -5188890.0
24 14 -5186840.0
24 15 -5190850.0
24 17 -5190360.0
24 18 -5184780.0
24 19 -5188970.0
24 21 -5189030.0
24 22 -5186000.0
24 23 -5188250.0
24 25 -5186680.0
24 26 -1433.44
24 27 -1193.17
24 28 -5184390.0
24 29 -5187520.0
24 30 -5187090.0
24 31 -5185280.0
24 32 -5188510.0
24 33 -5189420.0
24 34 -5185340.0
24 35 -5188750.0
24 37 -5185180.0
24 38 -5183680.0
24 39 -5188090.0
24 40 -607.952
24 41 -5187070.0
24 42 -5189200.0
24 43 -5189100.0
24 44 -5186190.0
24 45 -5188460.0
24 46 -5186730.0
24 47 -5186940.0
24 48 -5188960.0
24 49 -5187490.0
24 50 -5187530.0
24 51 -5184270.0
25 52 13411.2
25 2 -5188660.0
25 3 -5185140.0
25 5 -5188830.0
25 7 -5189260.0
25 8 -5190840.0
25 9 -5191900.0
25 10 -5186140.0
25 11 -5191900.0
25 12 -5194420.0
25 14 -5191320.0
25 15 -5191200.0
25 17 -5192110.0
25 18 -5188980.0
25 19 -5192400.0
25 21 -830.0
25 22 -5191320.0
25 23 -5193290.0
25 24 -5187380.0
25 26 -5189710.0
25 27 -5188560.0
25 28 -5189640.0
25 29 -5192490.0
25 30 -5191500.0
25 31 -5190180.0
25 32 -5189560.0
25 33 -5190540.0
25 34 -5188490.0
25 35 -970.0
25 37 -5190220.0
25 38 -923.171
25 39 -5192850.0
25 40 -5189310.0
25 41 -5189450.0
25 42 -5192140.0
25 43 -5194420.0
25 44 -5189620.0
25 45 -5189230.0
25 46 -5189950.0
25 47 -5190300.0
25 48 -5193020.0
25 49 -4020.0
25 50 -5187250.0
25 51 -5187770.0
26 52 19451.2
26 2 -5187330.0
26 3 -5181780.0
26 5 -5186940.0
26 7 -5187580.0
26 8 -5184960.0
26 9 -5185880.0
26 10 -5186280.0
26 11 -5187280.0
26 12 -5188820.0
26 14 -5185440.0
26 15 -5189520.0
26 17 -5188820.0
26 18 -5186040.0
26 19 -5187360.0
26 21 -5189730.0
26 22 -5185440.0
26 23 -5187270.0
26 24 413.398
26 25 -5187170.0
26 27 -5186670.0
26 28 -5185370.0
26 29 -5186540.0
26 30 -5185690.0
26 31 -286.626
26 32 -5187110.0
26 33 -5188020.0
26 34 -5186950.0
26 35 -5189310.0
26 37 -398.244
26 38 -5184520.0
26 39 -5186900.0
26 40 -5185950.0
26 41 -5188680.0
26 42 -5187590.0
26 43 -5188540.0
26 44 -5187730.0
26 45 -5186990.0
26 46 -5188340.0
26 47 -5185330.0
26 48 -5190360.0
26 49 -5187000.0
26 50 -5186480.0
26 51 1213.53
27 52 16741.2
27 2 -456.474
27 3 -5184090.0
27 5 -5184560.0
27 7 -5189680.0
27 8 -5186780.0
27 9 -5188470.0
27 10 -5183410.0
27 11 -5190150.0
27 12 -5189940.0
27 14 -5188240.0
27 15 -5191690.0
27 17 -5191410.0
27 18 -5184500.0
27 19 -5190300.0
27 21 -5188190.0
27 22 -5187190.0
27 23 -5189580.0
27 24 693.398
27 25 -5185980.0
27 26 -5186630.0
27 28 -5184880.0
27 29 -5188850.0
27 30 -5188490.0
27 31 -5186680.0
27 32 -5189420.0
27 33 -5190400.0
27 34 -283.54
27 35 -5187980.0
27 37 -5186510.0
27 38 886.829
27 39 -5189490.0
27 40 -5184550.0
27 41 -1870.0
27 42 -5190460.0
27 43 -5190360.0
27 44 -5185350.0
27 45 -5189370.0
27 46 -5185890.0
27 47 -5188200.0
27 48 -5188610.0
27 49 -5187840.0
27 50 -5188090.0
27 51 -5185530.0
28 52 16181.2
28 2 -5187330.0
28 3 -5185280.0
28 5 -1170.36
28 7 -5191080.0
28 8 -5184960.0
28 9 -5187420.0
28 10 -5185650.0
28 11 -5190150.0
28 12 -5187210.0
28 14 -5187680.0
28 15 -5193020.0
28 17 -5192110.0
28 18 -5182610.0
28 19 -5189950.0
28 21 -5191200.0
28 22 -5184880.0
28 23 -5187970.0
28 24 -556.602
28 25 -5188990.0
28 26 -5187260.0
28 27 -5186810.0
28 29 -5187240.0
28 30 -5187580.0
28 31 -5185980.0
28 32 -5190610.0
28 33 -5191520.0
28 34 -5185830.0
28 35 -5190990.0
28 37 -5185950.0
28 38 -5185920.0
28 39 -5188300.0
28 40 -117.952
28 41 -5187490.0
28 42 -5190530.0
28 43 -5188120.0
28 44 -1610.68
28 45 -5190490.0
28 46 -5186170.0
28 47 -5188270.0
28 48 -5187000.0
28 49 -5190010.0
28 50 -5189910.0
28 51 -5186230.0
29 52 15491.2
29 2 -5190620.0
29 3 -5184440.0
29 5 -5189390.0
29 7 -5189610.0
29 8 -5183840.0
29 9 -469.401
29 10 -5189500.0
29 11 -5186860.0
29 12 -5186790.0
29 14 -5185580.0
29 15 -5191270.0
29 17 -5189660.0
29 18 -5186880.0
29 19 -5186450.0
29 21 -5193580.0
29 22 -5182010.0
29 23 20.1405
29 24 -5186750.0
29 25 -5191020.0
29 26 -5187610.0
29 27 -5189960.0
29 28 -5186420.0
29 30 69.4914
29 31 -5185140.0
29 32 -5189070.0
29 33 -5189630.0
29 34 -5189750.0
29 35 -5193160.0
29 37 -5185950.0
29 38 -5188300.0
29 39 -663.526
29 40 -5188120.0
29 41 -5191480.0
29 42 -5187380.0
29 43 -1520.0
29 44 -5189970.0
29 45 -5188250.0
29 46 -5190650.0
29 47 -5185680.0
29 48 -5191410.0
29 49 -5190570.0
29 50 -5189210.0
29 51 -5185460.0
30 52 15981.2
30 2 -5190550.0
30 3 -5183250.0
30 5 -5189670.0
30 7 -5188210.0
30 8 -5184610.0
30 9 -199.401
30 10 -5189500.0
30 11 -5185390.0
30 12 -5188190.0
30 14 -867.484
30 15 -5189800.0
30 17 -5188190.0
30 18 -5187790.0
30 19 -5185050.0
30 21 -5192950.0
30 22 -5183480.0
30 23 -1229.86
30 24 -5186610.0
30 25 -5190320.0
30 26 -5187050.0
30 27 -5189890.0
30 28 -5187050.0
30 29 -218.371
30 31 -5184930.0
30 32 -5187670.0
30 33 -5188160.0
30 34 -5189890.0
30 35 -5192530.0
30 37 -5185880.0
30 38 -5187880.0
30 39 -453.526
30 40 -5188470.0
30 41 -5191690.0
30 42 -5185910.0
30 43 -5186930.0
30 44 -5190320.0
30 45 -5186780.0
30 46 -5191000.0
30 47 -5184280.0
30 48 -5192180.0
30 49 -5189660.0
30 50 -5187880.0
30 51 -5184550.0
31 52 17991.2
31 2 -5188380.0
31 3 -5182620.0
31 5 -5187500.0
31 7 -5188280.0
31 8 383.526
31 9 -609.401
31 10 -5187330.0
31 11 -5186860.0
31 12 -5187560.0
31 14 -457.484
31 15 -5190150.0
31 17 -5188960.0
31 18 -5185900.0
31 19 -5186730.0
31 21 -5191200.0
31 22 -5183970.0
31 23 -5185800.0
31 24 -5184440.0
31 25 -5188640.0
31 26 -1293.44
31 27 -5187720.0
31 28 -5185090.0
31 29 -5185070.0
31 30 -5184570.0
31 32 -5187810.0
31 33 -5188510.0
31 34 -5187720.0
31 35 -5190780.0
31 37 361.756
31 38 -5185920.0
31 39 -5185570.0
31 40 -5186300.0
31 41 -5189450.0
31 42 -5187240.0
31 43 -5187070.0
31 44 -5188220.0
31 45 -5187410.0
31 46 -5188830.0
31 47 -5184980.0
31 48 -5190290.0
31 49 -5188400.0
31 50 -5187530.0
31 51 -5183500.0
32 52 15211.2
32 2 -5190620.0
32 3 -5181150.0
32 5 -5190720.0
32 7 414.056
32 8 -5188180.0
32 9 -5188120.0
32 10 -5189430.0
32 11 -5185950.0
32 12 -5192180.0
32 14 -5187610.0
32 15 -1520.0
32 17 -5185670.0
32 18 -5190100.0
32 19 -5186800.0
32 21 -5190640.0
32 22 -5187960.0
32 23 -5189580.0
32 24 -5187310.0
32 25 -5187660.0
32 26 -5187750.0
32 27 -5190100.0
32 28 -5189360.0
32 29 -5188640.0
32 30 -5186950.0
32 31 -5187450.0
32 33 -104.871
32 34 -5190520.0
32 35 -5190220.0
32 37 -5187980.0
32 38 -5186900.0
32 39 -5188790.0
32 40 -5189940.0
32 41 -5192110.0
32 42 -5186120.0
32 43 -5191270.0
32 44 -5191510.0
32 45 -5183070.0
32 46 -5192120.0
32 47 -5185190.0
32 48 -5194350.0
32 49 -5187140.0
32 50 -5183610.0
32 51 -5184480.0
33 52 14591.2
33 2 -5191320.0
33 3 -5181780.0
33 5 -5191350.0
33 7 414.056
33 8 -5188530.0
33 9 -5188330.0
33 10 -5190060.0
33 11 -5185740.0
33 12 -5192460.0
33 14 -5187890.0
33 15 -1110.0
33 17 -1180.0
33 18 -5190590.0
33 19 -5186730.0
33 21 -5191270.0
33 22 -5188170.0
33 23 -5189790.0
33 24 -5187870.0
33 25 -5188290.0
33 26 -5188310.0
33 27 -5190730.0
33 28 -5189920.0
33 29 -5188850.0
33 30 -5187090.0
33 31 -5187800.0
33 32 248.194
33 34 -5191150.0
33 35 -5190850.0
33 37 -5188470.0
33 38 -5187600.0
33 39 -5189000.0
33 40 -5190500.0
33 41 -5192740.0
33 42 -5185980.0
33 43 -5191550.0
33 44 -5192140.0
33 45 -5182440.0
33 46 -5192680.0
33 47 -5185330.0
33 48 -5194910.0
33 49 -5187770.0
33 50 -5184030.0
33 51 -5185040.0
34 52 15701.2
34 2 -1156.47
34 3 -5185280.0
34 5 629.638
34 7 -5190870.0
34 8 -5187200.0
34 9 -5189240.0
34 10 -5182850.0
34 11 -5191200.0
34 12 -5190010.0
34 14 -5189080.0
34 15 -5192880.0
34 17 -5192600.0
34 18 -5183590.0
34 19 -5191280.0
34 21 -5188820.0
34 22 -5187540.0
34 23 -5190140.0
34 24 -5184230.0
34 25 -5186680.0
34 26 -5187680.0
34 27 -1053.17
34 28 -5184670.0
34 29 -5189410.0
34 30 -5189260.0
34 31 -5187450.0
34 32 -5190610.0
34 33 -5191590.0
34 35 -5188750.0
34 37 -5187280.0
34 38 -5184100.0
34 39 -5190260.0
34 40 -5184340.0
34 41 -760.0
34 42 -5191510.0
34 43 -5190710.0
34 44 -290.677
34 45 -5190630.0
34 46 -5184700.0
34 47 -5189250.0
34 48 -5187630.0
34 49 -5189100.0
34 50 -5189280.0
34 51 -5186580.0
35 52 14241.2
35 2 -5187820.0
35 3 -5184580.0
35 5 -5188060.0
35 7 -5188980.0
35 8 -5190000.0
35 9 -5191130.0
35 10 -5185440.0
35 11 -5191340.0
35 12 -5193510.0
35 14 -5190550.0
35 15 -5190990.0
35 17 -5191690.0
35 18 -5188210.0
35 19 -5191840.0
35 21 -550.0
35 22 -5190550.0
35 23 -5192450.0
35 24 -5186540.0
35 25 1938.27
35 26 -5188940.0
35 27 -5187650.0
35 28 -5188730.0
35 29 -5191720.0
35 30 -5190800.0
35 31 -5189410.0
35 32 -5189210.0
35 33 -5190190.0
35 34 -5187650.0
35 37 -5189450.0
35 38 -83.1715
35 39 -5192080.0
35 40 -5188470.0
35 41 -5188680.0
35 42 -5191580.0
35 43 -5193650.0
35 44 -5188850.0
35 45 -5188950.0
35 46 -5189180.0
35 47 -5189670.0
35 48 -5192250.0
35 49 -3400.0
35 50 -5186970.0
35 51 -5187070.0
36 52 16181.2
36 2 -5188310.0
36 3 -5185070.0
36 5 -5186380.0
36 7 -5190800.0
36 8 103.526
36 9 -5186440.0
36 10 -5186840.0
36 11 -5189380.0
36 12 -2010.0
36 14 -5186910.0
36 15 -5192740.0
36 17 -5191620.0
36 18 -5183590.0
36 19 -5189110.0
36 21 -5192040.0
36 22 -5183550.0
36 23 -5186780.0
36 24 -5184930.0
36 25 -5189760.0
36 26 -5187120.0
36 27 -5187720.0
36 28 814.799
36 29 -5185980.0
36 30 -5186530.0
36 31 -5185350.0
36 32 -5190330.0
36 33 -5191100.0
36 34 -5187020.0
36 35 -5191760.0
36 37 -1578.24
36 38 -5186690.0
36 39 -5187250.0
36 40 -1367.95
36 41 -5188750.0
36 42 -5189760.0
36 43 -5186790.0
36 44 -5186820.0
36 45 -5190000.0
36 46 -5187500.0
36 47 -5187570.0
36 48 -5188050.0
36 49 -5190290.0
36 50 -5189840.0
36 51 -5185950.0
37 52 18341.2
37 2 -5187890.0
37 3 -5182690.0
37 5 -5187010.0
37 7 -5188490.0
37 8 243.526
37 9 -5185040.0
37 10 -5186770.0
37 11 -5187350.0
37 12 -5187560.0
37 14 -1007.48
37 15 -5190360.0
37 17 -5189310.0
37 18 -5185480.0
37 19 -5187220.0
37 21 -5190780.0
37 22 -5184250.0
37 23 -5186220.0
37 24 -5183950.0
37 25 -5188290.0
37 26 -1013.44
37 27 -5187160.0
37 28 -5184670.0
37 29 -5185490.0
37 30 -5185130.0
37 31 753.374
37 32 -5187950.0
37 33 -5188790.0
37 34 -5187160.0
37 35 -5190430.0
37 38 -5185500.0
37 39 -5186060.0
37 40 -5185740.0
37 41 -5188960.0
37 42 -5187730.0
37 43 -5187350.0
37 44 -5187660.0
37 45 -5187690.0
37 46 -5188340.0
37 47 -5185400.0
37 48 -5189870.0
37 49 -5188190.0
37 50 -5187530.0
37 51 -5183570.0
38 52 16601.2
38 2 -1706.47
38 3 -5183390.0
38 5 -5186030.0
38 7 -5188630.0
38 8 -5187620.0
38 9 -5188960.0
38 10 -161.241
38 11 -5189940.0
38 12 -5191060.0
38 14 -5188520.0
38 15 -5190710.0
38 17 -5190780.0
38 18 -5186040.0
38 19 -5190160.0
38 21 -5186860.0
38 22 -5188170.0
38 23 -5190210.0
38 24 -146.602
38 25 -5184510.0
38 26 -5186770.0
38 27 -1403.17
38 28 -5186280.0
38 29 -5189480.0
38 30 -5188770.0
38 31 -5187170.0
38 32 -5188510.0
38 33 -5189560.0
38 34 -5185620.0
38 35 -2700.0
38 37 -5187140.0
38 39 -5189980.0
38 40 -5186020.0
38 41 -5186930.0
38 42 -5190180.0
38 43 -5191270.0
38 44 -5186820.0
38 45 -5188530.0
38 46 -5187290.0
38 47 -5188060.0
38 48 -5190150.0
38 49 -5186650.0
38 50 -5186900.0
38 51 -5185250.0
39 52 16181.2
39 2 -5190270.0
39 3 -5183530.0
39 5 -5189180.0
39 7 -5188700.0
39 8 -5183980.0
39 9 290.599
39 10 -5189150.0
39 11 -5186090.0
39 12 -5187420.0
39 14 -797.484
39 15 -5190360.0
39 17 -5188820.0
39 18 -5187160.0
39 19 -5185750.0
39 21 -5192880.0
39 22 -5182850.0
39 23 -469.859
39 24 -5186260.0
39 25 -5190320.0
39 26 -5186910.0
39 27 -5189540.0
39 28 -5186420.0
39 29 401.629
39 30 899.491
39 31 -5184580.0
39 32 -5188160.0
39 33 -5188720.0
39 34 -5189540.0
39 35 -5192460.0
39 37 -5185460.0
39 38 -5187740.0
39 40 -5187980.0
39 41 -5191270.0
39 42 -5186610.0
39 43 -5186230.0
39 44 -5189830.0
39 45 -5187340.0
39 46 -5190510.0
39 47 -5184770.0
39 48 -5191550.0
39 49 -5189800.0
39 50 -5188300.0
39 51 -5184620.0
40 52 16531.2
40 2 -5186070.0
40 3 -5184860.0
40 5 -60.3621
40 7 -5190590.0
40 8 -5185730.0
40 9 -5187910.0
40 10 -5184390.0
40 11 -5190290.0
40 12 -5188400.0
40 14 -5187960.0
40 15 -5192600.0
40 17 -5191970.0
40 18 -5183030.0
40 19 -5190230.0
40 21 -5189940.0
40 22 -5186000.0
40 23 -5188740.0
40 24 273.398
40 25 -5187730.0
40 26 -5186910.0
40 27 -1613.17
40 28 814.799
40 29 -5188010.0
40 30 -5188070.0
40 31 -5186260.0
40 32 -5190260.0
40 33 -5191170.0
40 34 -633.54
40 35 -5189800.0
40 37 -5186090.0
40 38 -5184730.0
40 39 -5188930.0
40 41 -5186230.0
40 42 -5190670.0
40 43 -5189170.0
40 44 -710.677
40 45 -5190140.0
40 46 -5185330.0
40 47 -5188340.0
40 48 -5187210.0
40 49 -5189170.0
40 50 -5189280.0
40 51 -5185950.0
41 52 15071.2
41 2 -5185510.0
41 3 -5185770.0
41 5 419.638
41 7 -5191290.0
41 8 -5187830.0
41 9 -5189870.0
41 10 1568.76
41 11 -5191830.0
41 12 -5190570.0
41 14 -5189710.0
41 15 -5193370.0
41 17 -5193160.0
41 18 -5183660.0
41 19 -5191910.0
41 21 -5188750.0
41 22 -5188100.0
41 23 -5190770.0
41 24 -5184860.0
41 25 -5186540.0
41 26 -5188310.0
41 27 -5185480.0
41 28 -5185230.0
41 29 -5190040.0
41 30 -5189960.0
41 31 -5188080.0
41 32 -5191100.0
41 33 -5192080.0
41 34 336.46
41 35 -5188680.0
41 37 -5187980.0
41 38 -5184310.0
41 39 -5190890.0
41 40 -5184900.0
41 42 -5192140.0
41 43 -5191270.0
41 44 -360.677
41 45 -5191120.0
41 46 -616.2
41 47 -5189880.0
41 48 -5187630.0
41 49 -5189450.0
41 50 -5189700.0
41 51 -5187210.0
42 52 15001.2
42 2 -5191530.0
42 3 -5182480.0
42 5 -5191140.0
42 7 -5186180.0
42 8 -5186990.0
42 9 -5186510.0
42 10 -5190480.0
42 11 847.787
42 12 -5190710.0
42 14 -5186420.0
42 15 -5187630.0
42 17 -1800.0
42 18 -5189820.0
42 19 -136.354
42 21 -5192810.0
42 22 -5186000.0
42 23 -5187760.0
42 24 -5187730.0
42 25 -5189970.0
42 26 -5187960.0
42 27 -5190870.0
42 28 -5189010.0
42 29 -5186680.0
42 30 -5184920.0
42 31 -5186610.0
42 32 -5185850.0
42 33 -5186060.0
42 34 -5191150.0
42 35 -5192320.0
42 37 -5187490.0
42 38 -5188300.0
42 39 -5186970.0
42 40 -5190080.0
42 41 -5192880.0
42 43 -5189520.0
42 44 -5191930.0
42 45 -5184330.0
42 46 -5192540.0
42 47 149.031
42 48 -5194210.0
42 49 -5189100.0
42 50 -5186340.0
42 51 -5184760.0
43 52 15001.2
43 2 -5190690.0
43 3 -5185420.0
43 5 -5189040.0
43 7 -5190800.0
43 8 173.526
43 9 -5185460.0
43 10 -5189360.0
43 11 -5188190.0
43 12 -1590.0
43 14 -5186560.0
43 15 -5192530.0
43 17 -5190990.0
43 18 -5186040.0
43 19 -5187850.0
43 21 -5194000.0
43 22 3037.17
43 23 -1019.86
43 24 -5186890.0
43 25 -5191510.0
43 26 -5188170.0
43 27 -5190030.0
43 28 -5185860.0
43 29 -78.3708
43 30 -5185200.0
43 31 -5185700.0
43 32 -5190260.0
43 33 -5190890.0
43 34 -5189610.0
43 35 -5193650.0
43 37 -5186370.0
43 38 -5188650.0
43 39 -5185850.0
43 40 -5187840.0
43 41 -5191270.0
43 42 -5188780.0
43 44 -5189550.0
43 45 -5189510.0
43 46 -5190230.0
43 47 -5186940.0
43 48 -5190570.0
43 49 -5191340.0
43 50 -5190260.0
43 51 -5186370.0
44 52 14931.2
44 2 -5186350.0
44 3 -5186260.0
44 5 1049.64
44 7 -5191920.0
44 8 -5187340.0
44 9 -5189590.0
44 10 -5183690.0
44 11 -5191900.0
44 12 -5189660.0
44 14 -5189570.0
44 15 -5193930.0
44 17 -5193510.0
44 18 -5182400.0
44 19 -5191910.0
44 21 -5190010.0
44 22 -5187400.0
44 23 -5190350.0
44 24 -5185070.0
44 25 -5187800.0
44 26 -5188450.0
44 27 -5186110.0
44 28 -5184320.0
44 29 -5189620.0
44 30 -5189680.0
44 31 -5187940.0
44 32 -5191590.0
44 33 -5192570.0
44 34 -283.54
44 35 -5189940.0
44 37 -5187770.0
44 38 -5185290.0
44 39 -5190540.0
44 40 -467.952
44 41 -1450.0
44 42 -5192280.0
44 43 -5190640.0
44 45 -5191610.0
44 46 283.8
44 47 -5189950.0
44 48 -5186370.0
44 49 -5190220.0
44 50 -5190470.0
44 51 -5187420.0
45 52 13341.2
45 2 -5192510.0
45 3 -5182970.0
45 5 -5192540.0
45 7 -415.944
45 8 -5189580.0
45 9 -5189310.0
45 10 -5191250.0
45 11 -5186160.0
45 12 -5193510.0
45 14 -5188940.0
45 15 -1040.0
45 17 -1590.0
45 18 -5191850.0
45 19 -5187290.0
45 21 -5192320.0
45 22 -5189010.0
45 23 -5190630.0
45 24 -5189130.0
45 25 -5189200.0
45 26 -5189500.0
45 27 -5191920.0
45 28 -5191110.0
45 29 -5189690.0
45 30 -5187930.0
45 31 -5188920.0
45 32 -1001.81
45 33 -724.871
45 34 -5192410.0
45 35 -5191830.0
45 37 -5189590.0
45 38 -5188790.0
45 39 -5189840.0
45 40 -5191690.0
45 41 -5194000.0
45 42 -5186470.0
45 43 -5192390.0
45 44 -5193400.0
45 46 -5193940.0
45 47 -5186240.0
45 48 -5196100.0
45 49 -5188960.0
45 50 -5184870.0
45 51 -5186230.0
46 52 14661.2
46 2 -5186420.0
46 3 -5186400.0
46 5 909.638
46 7 -5192060.0
46 8 -5187620.0
46 9 -5189870.0
46 10 -5183550.0
46 11 -5192110.0
46 12 -5189940.0
46 14 -5189850.0
46 15 -5194070.0
46 17 -5193650.0
46 18 -5182470.0
46 19 -5192120.0
46 21 -5189940.0
46 22 -5187680.0
46 23 -5190630.0
46 24 -5185210.0
46 25 -5187730.0
46 26 -5188660.0
46 27 -5186250.0
46 28 -5184600.0
46 29 -5189900.0
46 30 -5189960.0
46 31 -5188150.0
46 32 -5191800.0
46 33 -5192710.0
46 34 -353.54
46 35 -5189870.0
46 37 -5188050.0
46 38 -5185360.0
46 39 -5190820.0
46 40 -747.952
46 41 -1310.0
46 42 -5192490.0
46 43 -5190920.0
46 44 679.323
46 45 -5191750.0
46 47 -5190160.0
46 48 -5186440.0
46 49 -5190290.0
46 50 -5190540.0
46 51 -5187630.0
47 52 16461.2
47 2 -5190200.0
47 3 -5181640.0
47 5 -5189810.0
47 7 -5186320.0
47 8 -5185800.0
47 9 -5185460.0
47 10 -5189150.0
47 11 -472.213
47 12 -5189660.0
47 14 -1217.48
47 15 -5188050.0
47 17 -5186510.0
47 18 -5188490.0
47 19 -616.354
47 21 -5191760.0
47 22 -5185230.0
47 23 -5186850.0
47 24 -5186400.0
47 25 -5189060.0
47 26 -5186630.0
47 27 -5189540.0
47 28 -5187680.0
47 29 -5185910.0
47 30 -5184220.0
47 31 -5185280.0
47 32 -5185850.0
47 33 -5186340.0
47 34 -5189820.0
47 35 -5191340.0
47 37 -5186090.0
47 38 -5187110.0
47 39 -5186060.0
47 40 -5188680.0
47 41 -5191550.0
47 42 -775.335
47 43 -5188610.0
47 44 -5190530.0
47 45 -5185030.0
47 46 -5191140.0
47 48 -5192880.0
47 49 -5188260.0
47 50 -5186130.0
47 51 -5183500.0
48 52 13271.2
48 2 -5188590.0
48 3 -5187940.0
48 5 -1380.36
48 7 -5193740.0
48 8 -5187760.0
48 9 -5190290.0
48 10 -5185930.0
48 11 -5193090.0
48 12 -5189310.0
48 14 -5190620.0
48 15 -5195750.0
48 17 -5194980.0
48 18 3696.0
48 19 -5192890.0
48 21 -5192320.0
48 22 -5187190.0
48 23 -5190700.0
48 24 -5186750.0
48 25 -5190110.0
48 26 -5189990.0
48 27 -5188280.0
48 28 -5184740.0
48 29 -5189970.0
48 30 -5190450.0
48 31 -5188920.0
48 32 -5193340.0
48 33 -5194250.0
48 34 -5186530.0
48 35 -5192250.0
48 37 -5188890.0
48 38 -5187530.0
48 39 -5191170.0
48 40 -5185880.0
48 41 -5187630.0
48 42 -5193470.0
48 43 -5190570.0
48 45 -5193220.0
48 46 -1866.2
48 47 -5191210.0
48 49 -5192250.0
48 50 -5192360.0
48 51 -5188960.0
49 13 1106.83
50 52 14861.2
50 2 -5190340.0
50 3 -5181710.0
50 5 -5190580.0
50 7 -135.944
50 8 -5189020.0
50 9 -5189170.0
50 10 -5188940.0
50 11 -5187490.0
50 12 -5193020.0
50 14 -5188590.0
50 15 -2080.0
50 17 -5187140.0
50 18 -5190240.0
50 19 -5188270.0
50 21 -5189520.0
50 22 -5189080.0
50 23 -5190700.0
50 24 -5187380.0
50 25 -5186400.0
50 26 -5188170.0
50 27 -5189820.0
50 28 -5189710.0
50 29 -5189830.0
50 30 -5188210.0
50 31 -5188220.0
50 32 -721.806
50 33 -5185430.0
50 34 -5190240.0
50 35 -5189030.0
50 37 -5188610.0
50 38 -5186340.0
50 39 -5189980.0
50 40 -5190010.0
50 41 -5191760.0
50 42 -5187660.0
50 43 -5192320.0
50 44 -5191440.0
50 45 -5184050.0
50 46 -5191910.0
50 47 -5186520.0
50 48 -5194420.0
50 49 -5186440.0
50 51 -5185110.0
51 52 18201.2
51 2 -5188310.0
51 3 3205.86
51 5 -5188130.0
51 7 -5186460.0
51 8 -5185520.0
51 9 -5185880.0
51 10 -5187260.0
51 11 -5186300.0
51 12 -5189450.0
51 14 -1287.48
51 15 -5188400.0
51 17 -5187630.0
51 18 -5187160.0
51 19 -5186520.0
51 21 -5190010.0
51 22 -5185720.0
51 23 -5187340.0
51 24 -5184580.0
51 25 -5187380.0
51 26 -943.435
51 27 -5187720.0
51 28 -5186490.0
51 29 -5186540.0
51 30 -5185340.0
51 31 -706.626
51 32 -5185990.0
51 33 -5186900.0
51 34 -5188000.0
51 35 -5189590.0
51 37 -5185110.0
51 38 -5185150.0
51 39 -5186760.0
51 40 -5187140.0
51 41 -5189730.0
51 42 -5186540.0
51 43 -5188890.0
51 44 -5188850.0
51 45 -5185870.0
51 46 -5189460.0
51 47 -410.969
51 48 -5191480.0
51 49 -5186720.0
51 50 -5185570.0
52 2 0
52 3 0
52 4 0
52 5 0
52 6 0
52 7 0
52 8 0
52 9 0
52 10 0
52 11 0
52 12 0
52 13 0
52 14 0
52 15 0
52 16 0
52 17 0
52 18 0
52 19 0
52 20 0
52 21 0
52 22 0
52 23 0
52 24 0
52 25 0
52 26 0
52 27 0
52 28 0
52 29 0
52 30 0
52 31 0
52 32 0
52 33 0
52 34 0
52 35 0
52 36 0
52 37 0
52 38 0
52 39 0
52 40 0
52 41 0
52 42 0
52 43 0
52 44 0
52 45 0
52 46 0
52 47 0
52 48 0
52 49 0
52 50 0
52 51 0
2 1 0
3 1 0
4 1 0
5 1 0
6 1 0
7 1 0
8 1 0
9 1 0
10 1 0
11 1 0
12 1 0
13 1 0
14 1 0
15 1 0
16 1 0
17 1 0
18 1 0
19 1 0
20 1 0
21 1 0
22 1 0
23 1 0
24 1 0
25 1 0
26 1 0
27 1 0
28 1 0
29 1 0
30 1 0
31 1 0
32 1 0
33 1 0
34 1 0
35 1 0
36 1 0
37 1 0
38 1 0
39 1 0
40 1 0
41 1 0
42 1 0
43 1 0
44 1 0
45 1 0
46 1 0
47 1 0
48 1 0
49 1 0
50 1 0
51 1 0
52 1 0
