52 2652
1
2
3
4
5
6
7
8
9
10
11
12
13
14
15
16
17
18
19
20
21
22
23
24
25
26
27
28
29
30
31
32
33
34
35
36
37
38
39
40
41
42
43
44
45
46
47
48
49
50
51
52
1 52 -0.0
1 2 99977000.0
1 3 99975700.0
1 4 99977200.0
1 5 99978500.0
1 6 99977200.0
1 7 99975400.0
1 8 99975400.0
1 9 99976000.0
1 10 99976700.0
1 11 99975200.0
1 12 99976100.0
1 13 99978900.0
1 14 99977700.0
1 15 99976900.0
1 16 99975700.0
1 17 99978400.0
1 18 99976000.0
1 19 99977000.0
1 20 99975400.0
1 21 99975100.0
1 22 99976900.0
1 23 99978300.0
1 24 99975300.0
1 25 99975900.0
1 26 99974900.0
1 27 99976300.0
1 28 99977200.0
1 29 99974900.0
1 30 99976200.0
1 31 99975400.0
1 32 99978800.0
1 33 99977200.0
1 34 99978500.0
1 35 99977300.0
1 36 99976300.0
1 37 99975000.0
1 38 99978900.0
1 39 99977900.0
1 40 99977700.0
1 41 99975600.0
1 42 99975500.0
1 43 99977000.0
1 44 99977400.0
1 45 99977300.0
1 46 99974800.0
1 47 99974900.0
1 48 99975500.0
1 49 99976300.0
1 50 99977800.0
1 51 99976800.0
2 52 99997000.0
2 3 94809500.0
2 4 94810400.0
2 5 94812300.0
2 6 94811500.0
2 7 94808700.0
2 8 94814300.0
2 9 94813000.0
2 10 94814300.0
2 11 94812900.0
2 12 94810200.0
2 13 94812900.0
2 14 94812300.0
2 15 94811800.0
2 16 99998600.0
2 17 99998600.0
2 18 94813600.0
2 19 94810300.0
2 20 94811700.0
2 21 94809100.0
2 22 94812900.0
2 23 94812400.0
2 24 94811900.0
2 25 94813600.0
2 26 94812400.0
2 27 94810300.0
2 28 94810700.0
2 29 94808500.0
2 30 94810400.0
2 31 94808900.0
2 32 94814100.0
2 33 94813100.0
2 34 94813900.0
2 35 94811000.0
2 36 94812200.0
2 37 94812300.0
2 38 94812100.0
2 39 94814300.0
2 40 94810900.0
2 41 99998400.0
2 42 94814300.0
2 43 94814400.0
2 44 99998600.0
2 45 94813400.0
2 46 94808600.0
2 47 94813900.0
2 48 94811400.0
2 49 94809600.0
2 50 99998500.0
2 51 94810100.0
3 52 99995600.0
3 2 94809500.0
3 4 94812900.0
3 5 94811100.0
3 6 99997900.0
3 7 94812000.0
3 8 94808400.0
3 9 94808100.0
3 10 94808800.0
3 11 94807300.0
3 12 99999000.0
3 13 94812500.0
3 14 94810100.0
3 15 94809400.0
3 16 94808400.0
3 17 94810700.0
3 18 94810100.0
3 19 94813700.0
3 20 94807500.0
3 21 94809400.0
3 22 94811700.0
3 23 94813000.0
3 24 94807400.0
3 25 94809900.0
3 26 94809600.0
3 27 99998900.0
3 28 99998300.0
3 29 94810600.0
3 30 94809600.0
3 31 94810600.0
3 32 94810800.0
3 33 94809200.0
3 34 94810500.0
3 35 94810800.0
3 36 94812000.0
3 37 94807100.0
3 38 94812400.0
3 39 94811000.0
3 40 94812900.0
3 41 94808100.0
3 42 94808000.0
3 43 94810400.0
3 44 94810600.0
3 45 94811600.0
3 46 94809800.0
3 47 94808100.0
3 48 94811800.0
3 49 94812200.0
3 50 94809900.0
3 51 99998100.0
4 52 99997100.0
4 2 94810400.0
4 3 94812900.0
4 5 94813500.0
4 6 94812900.0
4 7 99998100.0
4 8 94808900.0
4 9 94810100.0
4 10 94810300.0
4 11 94809000.0
4 12 94812700.0
4 13 94813000.0
4 14 94812400.0
4 15 94811900.0
4 16 94809200.0
4 17 94811700.0
4 18 94809900.0
4 19 99999100.0
4 20 94810000.0
4 21 94812400.0
4 22 94811100.0
4 23 94813000.0
4 24 94809700.0
4 25 94809600.0
4 26 94808800.0
4 27 94812700.0
4 28 99998100.0
4 29 94813200.0
4 30 94812600.0
4 31 94813400.0
4 32 94812200.0
4 33 94811300.0
4 34 94812100.0
4 35 94813700.0
4 36 94810900.0
4 37 94809200.0
4 38 99998100.0
4 39 94811400.0
4 40 99999400.0
4 41 94809000.0
4 42 94808900.0
4 43 94810600.0
4 44 94810800.0
4 45 94811300.0
4 46 94812700.0
4 47 94808500.0
4 48 94810300.0
4 49 99998900.0
4 50 94811300.0
4 51 99998600.0
5 52 99998500.0
5 2 94812300.0
5 3 94811100.0
5 4 94813500.0
5 6 94812200.0
5 7 94812200.0
5 8 94810600.0
5 9 94812600.0
5 10 94812700.0
5 11 94811500.0
5 12 94811300.0
5 13 94813600.0
5 14 99998800.0
5 15 94814100.0
5 16 94811100.0
5 17 94813500.0
5 18 94811000.0
5 19 94813000.0
5 20 94812300.0
5 21 94812600.0
5 22 94811700.0
5 23 94813000.0
5 24 94812100.0
5 25 94810800.0
5 26 94809700.0
5 27 94811500.0
5 28 94812700.0
5 29 94812100.0
5 30 94813700.0
5 31 94812600.0
5 32 94814100.0
5 33 94813800.0
5 34 99998200.0
5 35 99998600.0
5 36 94811000.0
5 37 94811500.0
5 38 99998600.0
5 39 94812700.0
5 40 94813800.0
5 41 94811000.0
5 42 94811000.0
5 43 94811900.0
5 44 94812200.0
5 45 94812000.0
5 46 94812200.0
5 47 94810300.0
5 48 94810300.0
5 49 94813000.0
5 50 94813500.0
5 51 94812600.0
6 52 99997200.0
6 2 94811500.0
6 3 94813900.0
6 4 94812900.0
6 5 94812200.0
6 7 94811300.0
6 8 94810300.0
6 9 94809600.0
6 10 94810600.0
6 11 94808900.0
6 12 99998600.0
6 13 99998200.0
6 14 94811200.0
6 15 94810400.0
6 16 94810300.0
6 17 94812500.0
6 18 94812100.0
6 19 94813400.0
6 20 94808900.0
6 21 94809500.0
6 22 94813700.0
6 23 99998900.0
6 24 94808800.0
6 25 94811900.0
6 26 94811400.0
6 27 99998700.0
6 28 99998300.0
6 29 94810100.0
6 30 94810200.0
6 31 94810300.0
6 32 94812500.0
6 33 94810700.0
6 34 94812000.0
6 35 94811400.0
6 36 94813800.0
6 37 94808700.0
6 38 94813400.0
6 39 94813000.0
6 40 94813100.0
6 41 94810000.0
6 42 94809900.0
6 43 94812400.0
6 44 94812500.0
6 45 94813600.0
6 46 94809600.0
6 47 94810100.0
6 48 94813400.0
6 49 94811900.0
6 50 94811600.0
6 51 94813600.0
7 52 99995400.0
7 2 94808700.0
7 3 94812000.0
7 4 99998100.0
7 5 94812200.0
7 6 94811300.0
7 8 94807100.0
7 9 94808900.0
7 10 94808900.0
7 11 94807700.0
7 12 94811400.0
7 13 94811300.0
7 14 94811300.0
7 15 94811000.0
7 16 94807500.0
7 17 94810100.0
7 18 94808100.0
7 19 99997700.0
7 20 94809000.0
7 21 94812700.0
7 22 94809400.0
7 23 94811300.0
7 24 94808700.0
7 25 94807900.0
7 26 94807100.0
7 27 94811500.0
7 28 94812700.0
7 29 99998300.0
7 30 94812200.0
7 31 99998100.0
7 32 94810600.0
7 33 94810100.0
7 34 94810600.0
7 35 94812900.0
7 36 94809200.0
7 37 94808000.0
7 38 94812500.0
7 39 94809600.0
7 40 94813700.0
7 41 94807400.0
7 42 94807300.0
7 43 94808900.0
7 44 94809100.0
7 45 94809500.0
7 46 94813400.0
7 47 94806800.0
7 48 94808700.0
7 49 99999000.0
7 50 94809800.0
7 51 94813400.0
8 52 99995400.0
8 2 99998200.0
8 3 94808400.0
8 4 94808900.0
8 5 94810600.0
8 6 94810300.0
8 7 94807100.0
8 9 94811900.0
8 10 94813100.0
8 11 94812400.0
8 12 94809200.0
8 13 94811500.0
8 14 94810800.0
8 15 94810300.0
8 16 99999200.0
8 17 94813000.0
8 18 94813700.0
8 19 94808800.0
8 20 94810600.0
8 21 94807500.0
8 22 94812300.0
8 23 94811200.0
8 24 94810800.0
8 25 94813800.0
8 26 94812900.0
8 27 94809200.0
8 28 94809400.0
8 29 94806800.0
8 30 94808800.0
8 31 94807300.0
8 32 94812400.0
8 33 94811700.0
8 34 94812300.0
8 35 94809400.0
8 36 94811700.0
8 37 94811500.0
8 38 94810600.0
8 39 94813100.0
8 40 94809400.0
8 41 99998800.0
8 42 99998700.0
8 43 94813800.0
8 44 94813700.0
8 45 94812600.0
8 46 94806900.0
8 47 99999500.0
8 48 94811000.0
8 49 94808000.0
8 50 94812900.0
8 51 94808700.0
9 52 99996000.0
9 2 94813000.0
9 3 94808100.0
9 4 94810100.0
9 5 94812600.0
9 6 94809600.0
9 7 94808900.0
9 8 94811900.0
9 10 94814500.0
9 11 99998600.0
9 12 94808500.0
9 13 94811300.0
9 14 94813400.0
9 15 94813600.0
9 16 94812500.0
9 17 94812900.0
9 18 94810800.0
9 19 94809600.0
9 20 99998600.0
9 21 94810600.0
9 22 94810300.0
9 23 94810700.0
9 24 99998800.0
9 25 94810700.0
9 26 94809500.0
9 27 94808700.0
9 28 94809600.0
9 29 94809200.0
9 30 94811900.0
9 31 94809800.0
9 32 94813000.0
9 33 99998600.0
9 34 94813500.0
9 35 94811800.0
9 36 94809600.0
9 37 99998900.0
9 38 94811500.0
9 39 94811800.0
9 40 94810600.0
9 41 94812900.0
9 42 94812900.0
9 43 94811500.0
9 44 94811900.0
9 45 94810800.0
9 46 94809800.0
9 47 94811500.0
9 48 94808700.0
9 49 94809700.0
9 50 94813800.0
9 51 94809400.0
10 52 99996700.0
10 2 99998300.0
10 3 94808800.0
10 4 94810300.0
10 5 94812700.0
10 6 94810600.0
10 7 94808900.0
10 8 94813100.0
10 9 99998500.0
10 11 99998200.0
10 12 94809400.0
10 13 94812200.0
10 14 94813100.0
10 15 94812900.0
10 16 94813800.0
10 17 94814000.0
10 18 94812100.0
10 19 94810100.0
10 20 94813300.0
10 21 94809900.0
10 22 94811600.0
10 23 94811600.0
10 24 94813400.0
10 25 94812000.0
10 26 94810800.0
10 27 94809500.0
10 28 94810200.0
10 29 94808900.0
10 30 94811300.0
10 31 94809400.0
10 32 94813800.0
10 33 99998300.0
10 34 94814200.0
10 35 94811600.0
10 36 94810800.0
10 37 94813800.0
10 38 94812000.0
10 39 94813100.0
10 40 94810800.0
10 41 94814100.0
10 42 94814000.0
10 43 94812900.0
10 44 94813200.0
10 45 94812000.0
10 46 94809300.0
10 47 94812800.0
10 48 94810000.0
10 49 94809700.0
10 50 99998800.0
10 51 94809800.0
11 52 99995100.0
11 2 94812900.0
11 3 94807300.0
11 4 94809000.0
11 5 94811500.0
11 6 94808900.0
11 7 94807700.0
11 8 94812400.0
11 9 99998600.0
11 10 99998200.0
11 12 94807800.0
11 13 94810600.0
11 14 94812200.0
11 15 94812400.0
11 16 94813000.0
11 17 94812400.0
11 18 94810800.0
11 19 94808600.0
11 20 99997600.0
11 21 94809300.0
11 22 94810000.0
11 23 94810000.0
11 24 99998100.0
11 25 94810700.0
11 26 94809600.0
11 27 94807900.0
11 28 94808700.0
11 29 94808000.0
11 30 94810700.0
11 31 94808500.0
11 32 94812300.0
11 33 94813600.0
11 34 94812700.0
11 35 94810600.0
11 36 94809200.0
11 37 99999000.0
11 38 94810600.0
11 39 94811500.0
11 40 94809400.0
11 41 94813400.0
11 42 94813400.0
11 43 94811400.0
11 44 94811700.0
11 45 94810400.0
11 46 94808500.0
11 47 94812100.0
11 48 94808500.0
11 49 94808500.0
11 50 94813300.0
11 51 94808300.0
12 52 99996100.0
12 2 94810200.0
12 3 99999000.0
12 4 94812700.0
12 5 94811300.0
12 6 99998600.0
12 7 94811400.0
12 8 94809200.0
12 9 94808500.0
12 10 94809400.0
12 11 94807800.0
12 13 94813100.0
12 14 94810300.0
12 15 94809500.0
12 16 94809200.0
12 17 94811300.0
12 18 94811000.0
12 19 94813400.0
12 20 94807900.0
12 21 94809100.0
12 22 94812600.0
12 23 94813700.0
12 24 94807800.0
12 25 94810800.0
12 26 94810500.0
12 27 99999800.0
12 28 99998300.0
12 29 94810100.0
12 30 94809600.0
12 31 94810200.0
12 32 94811400.0
12 33 94809600.0
12 34 94810900.0
12 35 94810800.0
12 36 94812900.0
12 37 94807500.0
12 38 94812600.0
12 39 94811800.0
12 40 94812700.0
12 41 94808800.0
12 42 94808700.0
12 43 94811300.0
12 44 94811300.0
12 45 94812400.0
12 46 94809400.0
12 47 94808900.0
12 48 94812800.0
12 49 94811800.0
12 50 94810400.0
12 51 99997700.0
13 52 99998900.0
13 2 94812900.0
13 3 94812500.0
13 4 94813000.0
13 5 94813600.0
13 6 99998200.0
13 7 94811300.0
13 8 94811500.0
13 9 94811300.0
13 10 94812200.0
13 11 94810600.0
13 12 94813100.0
13 14 94812700.0
13 15 94811900.0
13 16 94811700.0
13 17 94814100.0
13 18 94812700.0
13 19 94813100.0
13 20 94810600.0
13 21 94810400.0
13 22 94813900.0
13 23 99999200.0
13 24 94810500.0
13 25 94812500.0
13 26 94811700.0
13 27 94813100.0
13 28 94813700.0
13 29 94810500.0
13 30 94811300.0
13 31 94810900.0
13 32 94814200.0
13 33 94812400.0
13 34 94813700.0
13 35 94812400.0
13 36 94813400.0
13 37 94810300.0
13 38 99998300.0
13 39 99998200.0
13 40 94813500.0
13 41 94811500.0
13 42 94811300.0
13 43 94813500.0
13 44 94813700.0
13 45 94814100.0
13 46 94810300.0
13 47 94811300.0
13 48 94812700.0
13 49 94812000.0
13 50 94813300.0
13 51 94813100.0
14 52 99997600.0
14 2 94812300.0
14 3 94810100.0
14 4 94812400.0
14 5 99998800.0
14 6 94811200.0
14 7 94811300.0
14 8 94810800.0
14 9 94813400.0
14 10 94813100.0
14 11 94812200.0
14 12 94810300.0
14 13 94812700.0
14 15 99999100.0
14 16 94811300.0
14 17 94813200.0
14 18 94810600.0
14 19 94811900.0
14 20 94813400.0
14 21 94812700.0
14 22 94811000.0
14 23 94812100.0
14 24 94813100.0
14 25 94810400.0
14 26 94809300.0
14 27 94810300.0
14 28 94811600.0
14 29 94811600.0
14 30 94814000.0
14 31 94812200.0
14 32 94813800.0
14 33 99998600.0
14 34 99998200.0
14 35 99998200.0
14 36 94810300.0
14 37 94812500.0
14 38 94813600.0
14 39 94812200.0
14 40 94812800.0
14 41 94811400.0
14 42 94811300.0
14 43 94811500.0
14 44 94811900.0
14 45 94811300.0
14 46 94812000.0
14 47 94810300.0
14 48 94809500.0
14 49 94812200.0
14 50 94813700.0
14 51 94811500.0
15 52 99996800.0
15 2 94811800.0
15 3 94809400.0
15 4 94811900.0
15 5 99998100.0
15 6 94810400.0
15 7 94811000.0
15 8 94810300.0
15 9 94813600.0
15 10 94812900.0
15 11 94812400.0
15 12 94809500.0
15 13 94811900.0
15 14 99999100.0
15 16 94810900.0
15 17 94812600.0
15 18 94809900.0
15 19 94811300.0
15 20 99997900.0
15 21 94812800.0
15 22 94810300.0
15 23 94811300.0
15 24 94813600.0
15 25 94809800.0
15 26 94808700.0
15 27 94809600.0
15 28 94810900.0
15 29 94811500.0
15 30 99998100.0
15 31 94812100.0
15 32 94813100.0
15 33 99998400.0
15 34 94813600.0
15 35 99997900.0
15 36 94809600.0
15 37 94812800.0
15 38 94812900.0
15 39 94811500.0
15 40 94812200.0
15 41 94811100.0
15 42 94811000.0
15 43 94810900.0
15 44 94811300.0
15 45 94810600.0
15 46 94812000.0
15 47 94809900.0
15 48 94808700.0
15 49 94811700.0
15 50 94813200.0
15 51 94810800.0
16 52 99995600.0
16 2 99998600.0
16 3 94808400.0
16 4 94809200.0
16 5 94811100.0
16 6 94810300.0
16 7 94807500.0
16 8 99999200.0
16 9 94812500.0
16 10 94813800.0
16 11 94813000.0
16 12 94809200.0
16 13 94811700.0
16 14 94811300.0
16 15 94810900.0
16 17 94813400.0
16 18 94813400.0
16 19 94809100.0
16 20 94811300.0
16 21 94808000.0
16 22 94812200.0
16 23 94811300.0
16 24 94811500.0
16 25 94813400.0
16 26 94812400.0
16 27 94809200.0
16 28 94809500.0
16 29 94807300.0
16 30 94809400.0
16 31 94807800.0
16 32 94812900.0
16 33 94812300.0
16 34 94812700.0
16 35 94809900.0
16 36 94811500.0
16 37 94812200.0
16 38 94810800.0
16 39 94813200.0
16 40 94809600.0
16 41 99999400.0
16 42 99999300.0
16 43 94813700.0
16 44 94813800.0
16 45 94812400.0
16 46 94807400.0
16 47 99998900.0
16 48 94810800.0
16 49 94808400.0
16 50 94813400.0
16 51 94808900.0
17 52 99998300.0
17 2 99998600.0
17 3 94810700.0
17 4 94811700.0
17 5 94813500.0
17 6 94812500.0
17 7 94810100.0
17 8 94813000.0
17 9 94812900.0
17 10 94814000.0
17 11 94812400.0
17 12 94811300.0
17 13 94814100.0
17 14 94813200.0
17 15 94812600.0
17 16 94813400.0
17 18 94813300.0
17 19 94811600.0
17 20 94811900.0
17 21 94810100.0
17 22 94813400.0
17 23 94813500.0
17 24 94811900.0
17 25 94813100.0
17 26 94812000.0
17 27 94811400.0
17 28 94812000.0
17 29 94809700.0
17 30 94811400.0
17 31 94810100.0
17 32 99999300.0
17 33 94813600.0
17 34 99998900.0
17 35 94812200.0
17 36 94812600.0
17 37 94812000.0
17 38 94813400.0
17 39 99998800.0
17 40 94812200.0
17 41 94813100.0
17 42 94813100.0
17 43 94814200.0
17 44 99998600.0
17 45 94813800.0
17 46 94809700.0
17 47 94812700.0
17 48 94811700.0
17 49 94810900.0
17 50 99998900.0
17 51 94811500.0
18 52 99996000.0
18 2 94813600.0
18 3 94810100.0
18 4 94809900.0
18 5 94811000.0
18 6 94812100.0
18 7 94808100.0
18 8 94813700.0
18 9 94810800.0
18 10 94812100.0
18 11 94810800.0
18 12 94811000.0
18 13 94812700.0
18 14 94810600.0
18 15 94809900.0
18 16 94813400.0
18 17 94813300.0
18 19 94810000.0
18 20 94809500.0
18 21 94807600.0
18 22 94814300.0
18 23 94812600.0
18 24 94809600.0
18 25 99999700.0
18 26 99998600.0
18 27 94811000.0
18 28 94810800.0
18 29 94807400.0
18 30 94808800.0
18 31 94807800.0
18 32 94812700.0
18 33 94811000.0
18 34 94812200.0
18 35 94809600.0
18 36 94813800.0
18 37 94810100.0
18 38 94811300.0
18 39 94814200.0
18 40 94810300.0
18 41 94812900.0
18 42 94812800.0
18 43 99999000.0
18 44 99998600.0
18 45 99998300.0
18 46 94807300.0
18 47 94813600.0
18 48 94813200.0
18 49 94808900.0
18 50 94812500.0
18 51 94810100.0
19 52 99997000.0
19 2 94810300.0
19 3 94813700.0
19 4 99999100.0
19 5 94813000.0
19 6 94813400.0
19 7 94813800.0
19 8 94808800.0
19 9 94809600.0
19 10 94810100.0
19 11 94808600.0
19 12 94813400.0
19 13 94813100.0
19 14 94811900.0
19 15 94811300.0
19 16 94809100.0
19 17 94811600.0
19 18 94810000.0
19 20 94809400.0
19 21 94811600.0
19 22 94811500.0
19 23 94813300.0
19 24 94809200.0
19 25 94809900.0
19 26 94809200.0
19 27 94813400.0
19 28 99998800.0
19 29 94812600.0
19 30 94811800.0
19 31 94812700.0
19 32 94812000.0
19 33 94810900.0
19 34 94811800.0
19 35 94813000.0
19 36 94811300.0
19 37 94808700.0
19 38 94814000.0
19 39 94811500.0
19 40 99999000.0
19 41 94808900.0
19 42 94808700.0
19 43 94810700.0
19 44 94810900.0
19 45 94811500.0
19 46 94811900.0
19 47 94808500.0
19 48 94810800.0
19 49 99998300.0
19 50 94811000.0
19 51 99999400.0
20 52 99995400.0
20 2 94811700.0
20 3 94807500.0
20 4 94810000.0
20 5 94812300.0
20 6 94808900.0
20 7 94809000.0
20 8 94810600.0
20 9 99998600.0
20 10 94813300.0
20 11 94813700.0
20 12 94807900.0
20 13 94810600.0
20 14 94813400.0
20 15 99997900.0
20 16 94811300.0
20 17 94811900.0
20 18 94809500.0
20 19 94809400.0
20 21 94811200.0
20 22 94809300.0
20 23 94809900.0
20 24 99999500.0
20 25 94809400.0
20 26 94808200.0
20 27 94808000.0
20 28 94809100.0
20 29 94809600.0
20 30 94812400.0
20 31 94810200.0
20 32 94812100.0
20 33 99998100.0
20 34 94812700.0
20 35 94812000.0
20 36 94808500.0
20 37 99998400.0
20 38 94811100.0
20 39 94810800.0
20 40 94810300.0
20 41 94811600.0
20 42 94811500.0
20 43 94810300.0
20 44 94810700.0
20 45 94809700.0
20 46 94810300.0
20 47 94810300.0
20 48 94807700.0
20 49 94809700.0
20 50 94812800.0
20 51 94809000.0
21 52 99995000.0
21 2 94809100.0
21 3 94809400.0
21 4 94812400.0
21 5 94812600.0
21 6 94809500.0
21 7 94812700.0
21 8 94807500.0
21 9 94810600.0
21 10 94809900.0
21 11 94809300.0
21 12 94809100.0
21 13 94810400.0
21 14 94812700.0
21 15 94812800.0
21 16 94808000.0
21 17 94810100.0
21 18 94807600.0
21 19 94811600.0
21 20 94811200.0
21 22 94808500.0
21 23 94810100.0
21 24 94810800.0
21 25 94807400.0
21 26 94806400.0
21 27 94809200.0
21 28 94810700.0
21 29 99998000.0
21 30 99998500.0
21 31 99998300.0
21 32 94810800.0
21 33 94811500.0
21 34 94811000.0
21 35 99997800.0
21 36 94808000.0
21 37 94809900.0
21 38 94811900.0
21 39 94809300.0
21 40 94812200.0
21 41 94808100.0
21 42 94808000.0
21 43 94808500.0
21 44 94808900.0
21 45 94808700.0
21 46 99999000.0
21 47 94807100.0
21 48 94807200.0
21 49 94813000.0
21 50 94810400.0
21 51 94811100.0
22 52 99996900.0
22 2 94812900.0
22 3 94811700.0
22 4 94811100.0
22 5 94811700.0
22 6 94813700.0
22 7 94809400.0
22 8 94812300.0
22 9 94810300.0
22 10 94811600.0
22 11 94810000.0
22 12 94812600.0
22 13 94813900.0
22 14 94811000.0
22 15 94810300.0
22 16 94812200.0
22 17 94813400.0
22 18 99998200.0
22 19 94811500.0
22 20 94809300.0
22 21 94808500.0
22 23 94814100.0
22 24 94809400.0
22 25 94814100.0
22 26 94813600.0
22 27 94812700.0
22 28 94812400.0
22 29 94808500.0
22 30 94809400.0
22 31 94808900.0
22 32 94813000.0
22 33 94811000.0
22 34 94812400.0
22 35 94810500.0
22 36 99999100.0
22 37 94809500.0
22 38 94812400.0
22 39 99998400.0
22 40 94811500.0
22 41 94811700.0
22 42 94811600.0
22 43 99998300.0
22 44 99998200.0
22 45 99999500.0
22 46 94808200.0
22 47 94812100.0
22 48 99998200.0
22 49 94810100.0
22 50 94812400.0
22 51 94811600.0
23 52 99998200.0
23 2 94812400.0
23 3 94813000.0
23 4 94813000.0
23 5 94813000.0
23 6 99998900.0
23 7 94811300.0
23 8 94811200.0
23 9 94810700.0
23 10 94811600.0
23 11 94810000.0
23 12 94813700.0
23 13 99999200.0
23 14 94812100.0
23 15 94811300.0
23 16 94811300.0
23 17 94813500.0
23 18 94812600.0
23 19 94813300.0
23 20 94809900.0
23 21 94810100.0
23 22 94814100.0
23 24 94809900.0
23 25 94812400.0
23 26 94811700.0
23 27 94813800.0
23 28 99998100.0
23 29 94810300.0
23 30 94810900.0
23 31 94810700.0
23 32 94813600.0
23 33 94811700.0
23 34 94813100.0
23 35 94812100.0
23 36 94813800.0
23 37 94809700.0
23 38 94814100.0
23 39 94813900.0
23 40 94813400.0
23 41 94811000.0
23 42 94810800.0
23 43 94813200.0
23 44 94813400.0
23 45 99998100.0
23 46 94810000.0
23 47 94810800.0
23 48 94813000.0
23 49 94812000.0
23 50 94812700.0
23 51 94813400.0
24 52 99995200.0
24 2 94811900.0
24 3 94807400.0
24 4 94809700.0
24 5 94812100.0
24 6 94808800.0
24 7 94808700.0
24 8 94810800.0
24 9 99998800.0
24 10 94813400.0
24 11 99998100.0
24 12 94807800.0
24 13 94810500.0
24 14 94813100.0
24 15 94813600.0
24 16 94811500.0
24 17 94811900.0
24 18 94809600.0
24 19 94809200.0
24 20 99999500.0
24 21 94810800.0
24 22 94809400.0
24 23 94809900.0
24 25 94809600.0
24 26 94808400.0
24 27 94807900.0
24 28 94808900.0
24 29 94809300.0
24 30 94812100.0
24 31 94809800.0
24 32 94812100.0
24 33 99998000.0
24 34 94812700.0
24 35 94811700.0
24 36 94808600.0
24 37 99998900.0
24 38 94810900.0
24 39 94810800.0
24 40 94810100.0
24 41 94811900.0
24 42 94811800.0
24 43 94810500.0
24 44 94810800.0
24 45 94809800.0
24 46 94809900.0
24 47 94810600.0
24 48 94807800.0
24 49 94809400.0
24 50 94812900.0
24 51 94808800.0
25 52 99995800.0
25 2 94813600.0
25 3 94809900.0
25 4 94809600.0
25 5 94810800.0
25 6 94811900.0
25 7 94807900.0
25 8 94813800.0
25 9 94810700.0
25 10 94812000.0
25 11 94810700.0
25 12 94810800.0
25 13 94812500.0
25 14 94810400.0
25 15 94809800.0
25 16 94813400.0
25 17 94813100.0
25 18 99999700.0
25 19 94809900.0
25 20 94809400.0
25 21 94807400.0
25 22 94814100.0
25 23 94812400.0
25 24 94809600.0
25 26 99998700.0
25 27 94810800.0
25 28 94810600.0
25 29 94807200.0
25 30 94808600.0
25 31 94807600.0
25 32 94812600.0
25 33 94811000.0
25 34 94812100.0
25 35 94809500.0
25 36 94813600.0
25 37 94810100.0
25 38 94811100.0
25 39 94814000.0
25 40 94810100.0
25 41 94812900.0
25 42 94812900.0
25 43 99998800.0
25 44 99998300.0
25 45 99998100.0
25 46 94807100.0
25 47 94813800.0
25 48 94813100.0
25 49 94808700.0
25 50 94812400.0
25 51 94809900.0
26 52 99994800.0
26 2 94812400.0
26 3 94809600.0
26 4 94808800.0
26 5 94809700.0
26 6 94811400.0
26 7 94807100.0
26 8 94812900.0
26 9 94809500.0
26 10 94810800.0
26 11 94809600.0
26 12 94810500.0
26 13 94811700.0
26 14 94809300.0
26 15 94808700.0
26 16 94812400.0
26 17 94812000.0
26 18 99998600.0
26 19 94809200.0
26 20 94808200.0
26 21 94806400.0
26 22 99997400.0
26 23 94811700.0
26 24 94808400.0
26 25 99998700.0
26 27 94810600.0
26 28 94810000.0
26 29 94806300.0
26 30 94807500.0
26 31 94806700.0
26 32 94811500.0
26 33 94809800.0
26 34 94811000.0
26 35 94808500.0
26 36 99997400.0
26 37 94808900.0
26 38 94810200.0
26 39 94812900.0
26 40 94809300.0
26 41 94812000.0
26 42 94811900.0
26 43 99997600.0
26 44 94813300.0
26 45 99997400.0
26 46 94806100.0
26 47 94813000.0
26 48 94813400.0
26 49 94807900.0
26 50 94811300.0
26 51 94809300.0
27 52 99996200.0
27 2 94810300.0
27 3 99998900.0
27 4 94812700.0
27 5 94811500.0
27 6 99998700.0
27 7 94811500.0
27 8 94809200.0
27 9 94808700.0
27 10 94809500.0
27 11 94807900.0
27 12 99999800.0
27 13 94813100.0
27 14 94810300.0
27 15 94809600.0
27 16 94809200.0
27 17 94811400.0
27 18 94811000.0
27 19 94813400.0
27 20 94808000.0
27 21 94809200.0
27 22 94812700.0
27 23 94813800.0
27 24 94807900.0
27 25 94810800.0
27 26 94810600.0
27 28 99998400.0
27 29 94810100.0
27 30 94809600.0
27 31 94810300.0
27 32 94811500.0
27 33 94809700.0
27 34 94811000.0
27 35 94810900.0
27 36 94812900.0
27 37 94807600.0
27 38 94812700.0
27 39 94811900.0
27 40 94812900.0
27 41 94808900.0
27 42 94808800.0
27 43 94811300.0
27 44 94811400.0
27 45 94812500.0
27 46 94809400.0
27 47 94809000.0
27 48 94812800.0
27 49 94811900.0
27 50 94810600.0
27 51 99997800.0
28 52 99997200.0
28 2 94810700.0
28 3 99998300.0
28 4 94814200.0
28 5 94812700.0
28 6 99998300.0
28 7 94812700.0
28 8 94809400.0
28 9 94809600.0
28 10 94810200.0
28 11 94808700.0
28 12 99998300.0
28 13 94813700.0
28 14 94811600.0
28 15 94810900.0
28 16 94809500.0
28 17 94812000.0
28 18 94810800.0
28 19 99998800.0
28 20 94809100.0
28 21 94810700.0
28 22 94812400.0
28 23 94814100.0
28 24 94808900.0
28 25 94810600.0
28 26 94810000.0
28 27 99998400.0
28 29 94811500.0
28 30 94811100.0
28 31 94811700.0
28 32 94812200.0
28 33 94810800.0
28 34 94811900.0
28 35 94812300.0
28 36 94812300.0
28 37 94808600.0
28 38 94813900.0
28 39 94812100.0
28 40 99998300.0
28 41 94809300.0
28 42 94809200.0
28 43 94811400.0
28 44 94811500.0
28 45 94812400.0
28 46 94810900.0
28 47 94809100.0
28 48 94811800.0
28 49 94813300.0
28 50 94811300.0
28 51 99999100.0
29 52 99994900.0
29 2 94808500.0
29 3 94810600.0
29 4 94813200.0
29 5 94812100.0
29 6 94810100.0
29 7 99998300.0
29 8 94806800.0
29 9 94809200.0
29 10 94808900.0
29 11 94808000.0
29 12 94810100.0
29 13 94810500.0
29 14 94811600.0
29 15 94811500.0
29 16 94807300.0
29 17 94809700.0
29 18 94807400.0
29 19 94812600.0
29 20 94809600.0
29 21 99998000.0
29 22 94808500.0
29 23 94810300.0
29 24 94809300.0
29 25 94807200.0
29 26 94806300.0
29 27 94810100.0
29 28 94811500.0
29 30 94813100.0
29 31 99999400.0
29 32 94810300.0
29 33 94810300.0
29 34 94810400.0
29 35 94813300.0
29 36 94808200.0
29 37 94808400.0
29 38 94812000.0
29 39 94809100.0
29 40 94812900.0
29 41 94807300.0
29 42 94807100.0
29 43 94808200.0
29 44 94808600.0
29 45 94808700.0
29 46 99998900.0
29 47 94806400.0
29 48 94807600.0
29 49 99998100.0
29 50 94809600.0
29 51 94812200.0
30 52 99996100.0
30 2 94810400.0
30 3 94809600.0
30 4 94812600.0
30 5 94813700.0
30 6 94810200.0
30 7 94812200.0
30 8 94808800.0
30 9 94811900.0
30 10 94811300.0
30 11 94810700.0
30 12 94809600.0
30 13 94811300.0
30 14 99997900.0
30 15 99998100.0
30 16 94809400.0
30 17 94811400.0
30 18 94808800.0
30 19 94811800.0
30 20 94812400.0
30 21 99998500.0
30 22 94809400.0
30 23 94810900.0
30 24 94812100.0
30 25 94808600.0
30 26 94807500.0
30 27 94809600.0
30 28 94811100.0
30 29 94813100.0
30 31 94813600.0
30 32 94812000.0
30 33 94812900.0
30 34 94812400.0
30 35 99998600.0
30 36 94808900.0
30 37 94811200.0
30 38 94812700.0
30 39 94810500.0
30 40 94812700.0
30 41 94809400.0
30 42 94809400.0
30 43 94809700.0
30 44 94810100.0
30 45 94809800.0
30 46 99997700.0
30 47 94808500.0
30 48 94808100.0
30 49 94812800.0
30 50 94811700.0
30 51 94811300.0
31 52 99995400.0
31 2 94808900.0
31 3 94810600.0
31 4 94813400.0
31 5 94812600.0
31 6 94810300.0
31 7 99998100.0
31 8 94807300.0
31 9 94809800.0
31 10 94809400.0
31 11 94808500.0
31 12 94810200.0
31 13 94810900.0
31 14 94812200.0
31 15 94812100.0
31 16 94807800.0
31 17 94810100.0
31 18 94807800.0
31 19 94812700.0
31 20 94810200.0
31 21 99998300.0
31 22 94808900.0
31 23 94810700.0
31 24 94809800.0
31 25 94807600.0
31 26 94806700.0
31 27 94810300.0
31 28 94811700.0
31 29 99999400.0
31 30 94813600.0
31 32 94810800.0
31 33 94810900.0
31 34 94810900.0
31 35 94813800.0
31 36 94808500.0
31 37 94808900.0
31 38 94812400.0
31 39 94809500.0
31 40 94813100.0
31 41 94807800.0
31 42 94807700.0
31 43 94808700.0
31 44 94809000.0
31 45 94809100.0
31 46 99999100.0
31 47 94806900.0
31 48 94807900.0
31 49 99998200.0
31 50 94810200.0
31 51 94812200.0
32 52 99998800.0
32 2 94814100.0
32 3 94810800.0
32 4 94812200.0
32 5 94814100.0
32 6 94812500.0
32 7 94810600.0
32 8 94812400.0
32 9 94813000.0
32 10 94813800.0
32 11 94812300.0
32 12 94811400.0
32 13 94814200.0
32 14 94813800.0
32 15 94813100.0
32 16 94812900.0
32 17 99999300.0
32 18 94812700.0
32 19 94812000.0
32 20 94812100.0
32 21 94810800.0
32 22 94813000.0
32 23 94813600.0
32 24 94812100.0
32 25 94812600.0
32 26 94811500.0
32 27 94811500.0
32 28 94812200.0
32 29 94810300.0
32 30 94812000.0
32 31 94810800.0
32 33 94813900.0
32 34 99999300.0
32 35 94812700.0
32 36 94812300.0
32 37 94812000.0
32 38 94813800.0
32 39 99998300.0
32 40 94812700.0
32 41 94812700.0
32 42 94812700.0
32 43 94813600.0
32 44 94814100.0
32 45 94813400.0
32 46 94810300.0
32 47 94812100.0
32 48 94811500.0
32 49 94811400.0
32 50 99998900.0
32 51 94811800.0
33 52 99997200.0
33 2 94813100.0
33 3 94809200.0
33 4 94811300.0
33 5 94813800.0
33 6 94810700.0
33 7 94810100.0
33 8 94811700.0
33 9 99998600.0
33 10 94814300.0
33 11 94813600.0
33 12 94809600.0
33 13 94812400.0
33 14 99998600.0
33 15 99998400.0
33 16 94812300.0
33 17 94813600.0
33 18 94811000.0
33 19 94810900.0
33 20 94814100.0
33 21 94811500.0
33 22 94811000.0
33 23 94811700.0
33 24 94814100.0
33 25 94811000.0
33 26 94809800.0
33 27 94809700.0
33 28 94810800.0
33 29 94810300.0
33 30 94812900.0
33 31 94810900.0
33 32 94813900.0
33 34 99998400.0
33 35 94812900.0
33 36 94810300.0
33 37 94813700.0
33 38 94812700.0
33 39 94812500.0
33 40 94811700.0
33 41 94812500.0
33 42 94812400.0
33 43 94812000.0
33 44 94812400.0
33 45 94811500.0
33 46 94810800.0
33 47 94811300.0
33 48 94809400.0
33 49 94810900.0
33 50 99998400.0
33 51 94810600.0
34 52 99998500.0
34 2 94813900.0
34 3 94810500.0
34 4 94812100.0
34 5 94814300.0
34 6 94812000.0
34 7 94810600.0
34 8 94812300.0
34 9 94813500.0
34 10 94814200.0
34 11 94812700.0
34 12 94810900.0
34 13 94813700.0
34 14 94814300.0
34 15 94813600.0
34 16 94812700.0
34 17 99998900.0
34 18 94812200.0
34 19 94811800.0
34 20 94812700.0
34 21 94811000.0
34 22 94812400.0
34 23 94813100.0
34 24 94812700.0
34 25 94812100.0
34 26 94811000.0
34 27 94811000.0
34 28 94811900.0
34 29 94810400.0
34 30 94812400.0
34 31 94810900.0
34 32 99999300.0
34 33 99998400.0
34 35 94813000.0
34 36 94811700.0
34 37 94812500.0
34 38 94813700.0
34 39 94813800.0
34 40 94812500.0
34 41 94812700.0
34 42 94812700.0
34 43 94813200.0
34 44 94813600.0
34 45 94812900.0
34 46 94810600.0
34 47 94811900.0
34 48 94810900.0
34 49 94811400.0
34 50 99999200.0
34 51 94811500.0
35 52 99997200.0
35 2 94811000.0
35 3 94810800.0
35 4 94813700.0
35 5 99998600.0
35 6 94811400.0
35 7 94812900.0
35 8 94809400.0
35 9 94811800.0
35 10 94811600.0
35 11 94810600.0
35 12 94810800.0
35 13 94812400.0
35 14 99998200.0
35 15 99997900.0
35 16 94809900.0
35 17 94812200.0
35 18 94809600.0
35 19 94813000.0
35 20 94812000.0
35 21 94813800.0
35 22 94810500.0
35 23 94812100.0
35 24 94811700.0
35 25 94809500.0
35 26 94808500.0
35 27 94810900.0
35 28 94812300.0
35 29 94813300.0
35 30 99998600.0
35 31 94813800.0
35 32 94812700.0
35 33 94812900.0
35 34 94813000.0
35 36 94810000.0
35 37 94810900.0
35 38 99997900.0
35 39 94811400.0
35 40 94813800.0
35 41 94809900.0
35 42 94809800.0
35 43 94810600.0
35 44 94810900.0
35 45 94810800.0
35 46 94813500.0
35 47 94809000.0
35 48 94809200.0
35 49 94813700.0
35 50 94812300.0
35 51 94812500.0
36 52 99996300.0
36 2 94812200.0
36 3 94812000.0
36 4 94810900.0
36 5 94811000.0
36 6 99997700.0
36 7 94809200.0
36 8 94811700.0
36 9 94809600.0
36 10 94810800.0
36 11 94809200.0
36 12 94812900.0
36 13 94813400.0
36 14 94810300.0
36 15 94809600.0
36 16 94811500.0
36 17 94812600.0
36 18 99997700.0
36 19 94811300.0
36 20 94808500.0
36 21 94808000.0
36 22 99999100.0
36 23 99997700.0
36 24 94808600.0
36 25 94813600.0
36 26 94813500.0
36 27 94812900.0
36 28 94812300.0
36 29 94808200.0
36 30 94808900.0
36 31 94808500.0
36 32 94812300.0
36 33 94810300.0
36 34 94811700.0
36 35 94810000.0
36 37 94808700.0
36 38 94812000.0
36 39 94813600.0
36 40 94811300.0
36 41 94811000.0
36 42 94810900.0
36 43 94813600.0
36 44 94813500.0
36 45 99998700.0
36 46 94807800.0
36 47 94811500.0
36 48 99999000.0
36 49 94809900.0
36 50 94811600.0
36 51 94811500.0
37 52 99994900.0
37 2 94812300.0
37 3 94807100.0
37 4 94809200.0
37 5 94811500.0
37 6 94808700.0
37 7 94808000.0
37 8 94811500.0
37 9 99998900.0
37 10 99997800.0
37 11 99999000.0
37 12 94807500.0
37 13 94810300.0
37 14 94812500.0
37 15 94812800.0
37 16 94812200.0
37 17 94812000.0
37 18 94810100.0
37 19 94808700.0
37 20 99998400.0
37 21 94809900.0
37 22 94809500.0
37 23 94809700.0
37 24 99998900.0
37 25 94810100.0
37 26 94808900.0
37 27 94807600.0
37 28 94808600.0
37 29 94808400.0
37 30 94811200.0
37 31 94808900.0
37 32 94812000.0
37 33 94813700.0
37 34 94812500.0
37 35 94810900.0
37 36 94808700.0
37 38 94810600.0
37 39 94811000.0
37 40 94809500.0
37 41 94812700.0
37 42 94812700.0
37 43 94810800.0
37 44 94811100.0
37 45 94809900.0
37 46 94809000.0
37 47 94811300.0
37 48 94807900.0
37 49 94808700.0
37 50 94812900.0
37 51 94808300.0
38 52 99998900.0
38 2 94812100.0
38 3 94812400.0
38 4 99998100.0
38 5 99998600.0
38 6 94813400.0
38 7 94812500.0
38 8 94810600.0
38 9 94811500.0
38 10 94812000.0
38 11 94810600.0
38 12 94812600.0
38 13 99998300.0
38 14 94813600.0
38 15 94812900.0
38 16 94810800.0
38 17 94813400.0
38 18 94811300.0
38 19 94814000.0
38 20 94811100.0
38 21 94811900.0
38 22 94812400.0
38 23 94814100.0
38 24 94810900.0
38 25 94811100.0
38 26 94810200.0
38 27 94812700.0
38 28 94813900.0
38 29 94812000.0
38 30 94812700.0
38 31 94812400.0
38 32 94813800.0
38 33 94812700.0
38 34 94813700.0
38 35 94813900.0
38 36 94812000.0
38 37 94810600.0
38 39 94813000.0
38 40 99998600.0
38 41 94810700.0
38 42 94810600.0
38 43 94812200.0
38 44 94812400.0
38 45 94812700.0
38 46 94811700.0
38 47 94810200.0
38 48 94811200.0
38 49 94813400.0
38 50 94813000.0
38 51 94813700.0
39 52 99997900.0
39 2 94814300.0
39 3 94811000.0
39 4 94811400.0
39 5 94812700.0
39 6 94813000.0
39 7 94809600.0
39 8 94813100.0
39 9 94811800.0
39 10 94813100.0
39 11 94811500.0
39 12 94811800.0
39 13 94814300.0
39 14 94812200.0
39 15 94811500.0
39 16 94813200.0
39 17 99998800.0
39 18 94814200.0
39 19 94811500.0
39 20 94810800.0
39 21 94809300.0
39 22 99998400.0
39 23 94813900.0
39 24 94810800.0
39 25 94814000.0
39 26 94812900.0
39 27 94811900.0
39 28 94812100.0
39 29 94809100.0
39 30 94810500.0
39 31 94809500.0
39 32 94814300.0
39 33 94812500.0
39 34 94813800.0
39 35 94811400.0
39 36 94813600.0
39 37 94811000.0
39 38 94813000.0
39 40 94811900.0
39 41 94812900.0
39 42 94812800.0
39 43 99999100.0
39 44 99999300.0
39 45 99998800.0
39 46 94809000.0
39 47 94812900.0
39 48 94812800.0
39 49 94810500.0
39 50 94813800.0
39 51 94811500.0
40 52 99997600.0
40 2 94810900.0
40 3 94812900.0
40 4 99999400.0
40 5 94813800.0
40 6 94813100.0
40 7 94813700.0
40 8 94809400.0
40 9 94810600.0
40 10 94810800.0
40 11 94809400.0
40 12 94812700.0
40 13 94813500.0
40 14 94812800.0
40 15 94812200.0
40 16 94809600.0
40 17 94812200.0
40 18 94810300.0
40 19 99999000.0
40 20 94810300.0
40 21 94812200.0
40 22 94811500.0
40 23 94813400.0
40 24 94810100.0
40 25 94810100.0
40 26 94809300.0
40 27 94812900.0
40 28 94814300.0
40 29 94812900.0
40 30 94812700.0
40 31 94813100.0
40 32 94812700.0
40 33 94811700.0
40 34 94812500.0
40 35 94813800.0
40 36 94811300.0
40 37 94809500.0
40 38 99998600.0
40 39 94811900.0
40 41 94809500.0
40 42 94809400.0
40 43 94811000.0
40 44 94811300.0
40 45 94811700.0
40 46 94812400.0
40 47 94808900.0
40 48 94810600.0
40 49 99998400.0
40 50 94811800.0
40 51 99998500.0
41 52 99995500.0
41 2 99998400.0
41 3 94808100.0
41 4 94809000.0
41 5 94811000.0
41 6 94810000.0
41 7 94807400.0
41 8 99998800.0
41 9 94812900.0
41 10 94814100.0
41 11 94813400.0
41 12 94808800.0
41 13 94811500.0
41 14 94811400.0
41 15 94811100.0
41 16 99999400.0
41 17 94813100.0
41 18 94812900.0
41 19 94808900.0
41 20 94811600.0
41 21 94808100.0
41 22 94811700.0
41 23 94811000.0
41 24 94811900.0
41 25 94812900.0
41 26 94812000.0
41 27 94808900.0
41 28 94809300.0
41 29 94807300.0
41 30 94809400.0
41 31 94807800.0
41 32 94812700.0
41 33 94812500.0
41 34 94812700.0
41 35 94809900.0
41 36 94811000.0
41 37 94812700.0
41 38 94810700.0
41 39 94812900.0
41 40 94809500.0
41 42 99999800.0
41 43 94813300.0
41 44 94813400.0
41 45 94812000.0
41 46 94807500.0
41 47 99998500.0
41 48 94810300.0
41 49 94808200.0
41 50 94813500.0
41 51 94808700.0
42 52 99995400.0
42 2 99998300.0
42 3 94808000.0
42 4 94808900.0
42 5 94811000.0
42 6 94809900.0
42 7 94807300.0
42 8 99998700.0
42 9 94812900.0
42 10 94814000.0
42 11 94813400.0
42 12 94808700.0
42 13 94811300.0
42 14 94811300.0
42 15 94811000.0
42 16 99999300.0
42 17 94813100.0
42 18 94812800.0
42 19 94808700.0
42 20 94811500.0
42 21 94808000.0
42 22 94811600.0
42 23 94810800.0
42 24 94811800.0
42 25 94812900.0
42 26 94811900.0
42 27 94808800.0
42 28 94809200.0
42 29 94807100.0
42 30 94809400.0
42 31 94807700.0
42 32 94812700.0
42 33 94812400.0
42 34 94812700.0
42 35 94809800.0
42 36 94810900.0
42 37 94812700.0
42 38 94810600.0
42 39 94812800.0
42 40 94809400.0
42 41 99999800.0
42 43 94813100.0
42 44 94813300.0
42 45 94812000.0
42 46 94807400.0
42 47 99998500.0
42 48 94810200.0
42 49 94808200.0
42 50 94813400.0
42 51 94808600.0
43 52 99997000.0
43 2 94814400.0
43 3 94810400.0
43 4 94810600.0
43 5 94811900.0
43 6 94812400.0
43 7 94808900.0
43 8 94813800.0
43 9 94811500.0
43 10 94812900.0
43 11 94811400.0
43 12 94811300.0
43 13 94813500.0
43 14 94811500.0
43 15 94810900.0
43 16 94813700.0
43 17 94814200.0
43 18 99999000.0
43 19 94810700.0
43 20 94810300.0
43 21 94808500.0
43 22 94814300.0
43 23 94813200.0
43 24 94810500.0
43 25 99998800.0
43 26 94813700.0
43 27 94811300.0
43 28 94811400.0
43 29 94808200.0
43 30 94809700.0
43 31 94808700.0
43 32 94813600.0
43 33 94812000.0
43 34 94813200.0
43 35 94810600.0
43 36 94813600.0
43 37 94810800.0
43 38 94812200.0
43 39 99999100.0
43 40 94811000.0
43 41 94813300.0
43 42 94813100.0
43 44 99999500.0
43 45 99998600.0
43 46 94808200.0
43 47 94813600.0
43 48 94812900.0
43 49 94809600.0
43 50 94813400.0
43 51 94810700.0
44 52 99997300.0
44 2 99998600.0
44 3 94810600.0
44 4 94810800.0
44 5 94812200.0
44 6 94812500.0
44 7 94809100.0
44 8 94813700.0
44 9 94811900.0
44 10 94813200.0
44 11 94811700.0
44 12 94811300.0
44 13 94813700.0
44 14 94811900.0
44 15 94811300.0
44 16 94813800.0
44 17 99998600.0
44 18 99998600.0
44 19 94810900.0
44 20 94810700.0
44 21 94808900.0
44 22 94814300.0
44 23 94813400.0
44 24 94810800.0
44 25 94814400.0
44 26 94813300.0
44 27 94811400.0
44 28 94811500.0
44 29 94808600.0
44 30 94810100.0
44 31 94809000.0
44 32 94814100.0
44 33 94812400.0
44 34 94813600.0
44 35 94810900.0
44 36 94813500.0
44 37 94811100.0
44 38 94812400.0
44 39 99999300.0
44 40 94811300.0
44 41 94813400.0
44 42 94813300.0
44 43 99999500.0
44 45 99998600.0
44 46 94808500.0
44 47 94813400.0
44 48 94812700.0
44 49 94809900.0
44 50 94813800.0
44 51 94810900.0
45 52 99997200.0
45 2 94813400.0
45 3 94811600.0
45 4 94811300.0
45 5 94812000.0
45 6 94813600.0
45 7 94809500.0
45 8 94812600.0
45 9 94810800.0
45 10 94812000.0
45 11 94810400.0
45 12 94812400.0
45 13 94814100.0
45 14 94811300.0
45 15 94810600.0
45 16 94812400.0
45 17 94813800.0
45 18 94814300.0
45 19 94811500.0
45 20 94809700.0
45 21 94808700.0
45 22 99999500.0
45 23 94814100.0
45 24 94809800.0
45 25 94814100.0
45 26 94813500.0
45 27 94812500.0
45 28 94812400.0
45 29 94808700.0
45 30 94809800.0
45 31 94809100.0
45 32 94813400.0
45 33 94811500.0
45 34 94812900.0
45 35 94810800.0
45 36 99998700.0
45 37 94809900.0
45 38 94812700.0
45 39 99998800.0
45 40 94811700.0
45 41 94812000.0
45 42 94812000.0
45 43 99998600.0
45 44 99998600.0
45 46 94808500.0
45 47 94812400.0
45 48 94813800.0
45 49 94810300.0
45 50 94812800.0
45 51 94811600.0
46 52 99994700.0
46 2 94808600.0
46 3 94809800.0
46 4 94812700.0
46 5 94812200.0
46 6 94809600.0
46 7 94813400.0
46 8 94806900.0
46 9 94809800.0
46 10 94809300.0
46 11 94808500.0
46 12 94809400.0
46 13 94810300.0
46 14 94812000.0
46 15 94812000.0
46 16 94807400.0
46 17 94809700.0
46 18 94807300.0
46 19 94811900.0
46 20 94810300.0
46 21 99999000.0
46 22 94808200.0
46 23 94810000.0
46 24 94809900.0
46 25 94807100.0
46 26 94806100.0
46 27 94809400.0
46 28 94810900.0
46 29 99998900.0
46 30 99997700.0
46 31 99999100.0
46 32 94810300.0
46 33 94810800.0
46 34 94810600.0
46 35 99997400.0
46 36 94807800.0
46 37 94809000.0
46 38 94811700.0
46 39 94809000.0
46 40 94812400.0
46 41 94807500.0
46 42 94807400.0
46 43 94808200.0
46 44 94808500.0
46 45 94808500.0
46 47 94806600.0
46 48 94807100.0
46 49 94813400.0
46 50 94809900.0
46 51 94811500.0
47 52 99994900.0
47 2 99997900.0
47 3 94808100.0
47 4 94808500.0
47 5 94810300.0
47 6 94810100.0
47 7 94806800.0
47 8 99999500.0
47 9 94811500.0
47 10 94812800.0
47 11 94812100.0
47 12 94808900.0
47 13 94811300.0
47 14 94810300.0
47 15 94809900.0
47 16 99998900.0
47 17 94812700.0
47 18 94813600.0
47 19 94808500.0
47 20 94810300.0
47 21 94807100.0
47 22 94812100.0
47 23 94810800.0
47 24 94810600.0
47 25 94813800.0
47 26 94813000.0
47 27 94809000.0
47 28 94809100.0
47 29 94806400.0
47 30 94808500.0
47 31 94806900.0
47 32 94812100.0
47 33 94811300.0
47 34 94811900.0
47 35 94809000.0
47 36 94811500.0
47 37 94811300.0
47 38 94810200.0
47 39 94812900.0
47 40 94808900.0
47 41 99998500.0
47 42 99998500.0
47 43 94813600.0
47 44 94813400.0
47 45 94812400.0
47 46 94806600.0
47 48 94811000.0
47 49 94807600.0
47 50 94812600.0
47 51 94808500.0
48 52 99995400.0
48 2 94811400.0
48 3 94811800.0
48 4 94810300.0
48 5 94810300.0
48 6 99997200.0
48 7 94808700.0
48 8 94811000.0
48 9 94808700.0
48 10 94810000.0
48 11 94808500.0
48 12 94812800.0
48 13 94812700.0
48 14 94809500.0
48 15 94808700.0
48 16 94810800.0
48 17 94811700.0
48 18 94813200.0
48 19 94810800.0
48 20 94807700.0
48 21 94807200.0
48 22 99998200.0
48 23 94813000.0
48 24 94807800.0
48 25 94813100.0
48 26 99997200.0
48 27 94812800.0
48 28 94811800.0
48 29 94807600.0
48 30 94808100.0
48 31 94807900.0
48 32 94811500.0
48 33 94809400.0
48 34 94810900.0
48 35 94809200.0
48 36 99999000.0
48 37 94807900.0
48 38 94811200.0
48 39 94812800.0
48 40 94810600.0
48 41 94810300.0
48 42 94810200.0
48 43 94812900.0
48 44 94812700.0
48 45 99997800.0
48 46 94807100.0
48 47 94811000.0
48 49 94809300.0
48 50 94810800.0
48 51 94811100.0
49 52 99996200.0
49 2 94809600.0
49 3 94812200.0
49 4 99998900.0
49 5 94813000.0
49 6 94811900.0
49 7 99999000.0
49 8 94808000.0
49 9 94809700.0
49 10 94809700.0
49 11 94808500.0
49 12 94811800.0
49 13 94812000.0
49 14 94812200.0
49 15 94811700.0
49 16 94808400.0
49 17 94810900.0
49 18 94808900.0
49 19 99998300.0
49 20 94809700.0
49 21 94813000.0
49 22 94810100.0
49 23 94812000.0
49 24 94809400.0
49 25 94808700.0
49 26 94807900.0
49 27 94811900.0
49 28 94813300.0
49 29 94814100.0
49 30 94812800.0
49 31 99998200.0
49 32 94811400.0
49 33 94810900.0
49 34 94811400.0
49 35 94813700.0
49 36 94809900.0
49 37 94808700.0
49 38 94813400.0
49 39 94810500.0
49 40 99998400.0
49 41 94808200.0
49 42 94808200.0
49 43 94809600.0
49 44 94809900.0
49 45 94810300.0
49 46 94813400.0
49 47 94807600.0
49 48 94809300.0
49 50 94810600.0
49 51 94813900.0
50 52 99997800.0
50 2 99998500.0
50 3 94809900.0
50 4 94811300.0
50 5 94813500.0
50 6 94811600.0
50 7 94809800.0
50 8 94812900.0
50 9 94813800.0
50 10 99998800.0
50 11 94813300.0
50 12 94810400.0
50 13 94813300.0
50 14 94813700.0
50 15 94813200.0
50 16 94813400.0
50 17 99998900.0
50 18 94812500.0
50 19 94811000.0
50 20 94812800.0
50 21 94810400.0
50 22 94812400.0
50 23 94812700.0
50 24 94812900.0
50 25 94812400.0
50 26 94811300.0
50 27 94810600.0
50 28 94811300.0
50 29 94809600.0
50 30 94811700.0
50 31 94810200.0
50 32 99998900.0
50 33 94814500.0
50 34 99999200.0
50 35 94812300.0
50 36 94811600.0
50 37 94812900.0
50 38 94813000.0
50 39 94813800.0
50 40 94811800.0
50 41 94813500.0
50 42 94813400.0
50 43 94813400.0
50 44 94813800.0
50 45 94812800.0
50 46 94809900.0
50 47 94812600.0
50 48 94810800.0
50 49 94810600.0
50 51 94810800.0
51 52 99996700.0
51 2 94810100.0
51 3 99998100.0
51 4 99998600.0
51 5 94812600.0
51 6 94813600.0
51 7 94813400.0
51 8 94808700.0
51 9 94809400.0
51 10 94809800.0
51 11 94808300.0
51 12 94813800.0
51 13 94813100.0
51 14 94811500.0
51 15 94810800.0
51 16 94808900.0
51 17 94811500.0
51 18 94810100.0
51 19 99999400.0
51 20 94809000.0
51 21 94811100.0
51 22 94811600.0
51 23 94813400.0
51 24 94808800.0
51 25 94809900.0
51 26 94809300.0
51 27 94813800.0
51 28 99999100.0
51 29 94812200.0
51 30 94811300.0
51 31 94812200.0
51 32 94811800.0
51 33 94810600.0
51 34 94811500.0
51 35 94812500.0
51 36 94811500.0
51 37 94808300.0
51 38 94813700.0
51 39 94811500.0
51 40 99998500.0
51 41 94808700.0
51 42 94808600.0
51 43 94810700.0
51 44 94810900.0
51 45 94811600.0
51 46 94811500.0
51 47 94808500.0
51 48 94811100.0
51 49 94813900.0
51 50 94810800.0
52 2 0
52 3 0
52 4 0
52 5 0
52 6 0
52 7 0
52 8 0
52 9 0
52 10 0
52 11 0
52 12 0
52 13 0
52 14 0
52 15 0
52 16 0
52 17 0
52 18 0
52 19 0
52 20 0
52 21 0
52 22 0
52 23 0
52 24 0
52 25 0
52 26 0
52 27 0
52 28 0
52 29 0
52 30 0
52 31 0
52 32 0
52 33 0
52 34 0
52 35 0
52 36 0
52 37 0
52 38 0
52 39 0
52 40 0
52 41 0
52 42 0
52 43 0
52 44 0
52 45 0
52 46 0
52 47 0
52 48 0
52 49 0
52 50 0
52 51 0
2 1 0
3 1 0
4 1 0
5 1 0
6 1 0
7 1 0
8 1 0
9 1 0
10 1 0
11 1 0
12 1 0
13 1 0
14 1 0
15 1 0
16 1 0
17 1 0
18 1 0
19 1 0
20 1 0
21 1 0
22 1 0
23 1 0
24 1 0
25 1 0
26 1 0
27 1 0
28 1 0
29 1 0
30 1 0
31 1 0
32 1 0
33 1 0
34 1 0
35 1 0
36 1 0
37 1 0
38 1 0
39 1 0
40 1 0
41 1 0
42 1 0
43 1 0
44 1 0
45 1 0
46 1 0
47 1 0
48 1 0
49 1 0
50 1 0
51 1 0
52 1 0
