52 2362
1
2
3
4
5
6
7
8
9
10
11
12
13
14
15
16
17
18
19
20
21
22
23
24
25
26
27
28
29
30
31
32
33
34
35
36
37
38
39
40
41
42
43
44
45
46
47
48
49
50
51
52
1 52 -0.0
1 2 -22300.0
1 3 -22828.6
1 4 -23820.0
1 5 -23947.6
1 6 -25560.0
1 7 -24035.5
1 8 -23760.0
1 9 -22216.9
1 10 -23130.0
1 11 -23900.0
1 12 -17955.4
1 13 -22198.9
1 14 -22119.3
1 15 -24800.0
1 16 -21540.0
1 17 -24077.6
1 19 -19904.4
1 20 -20710.0
1 21 -23490.0
1 22 -22783.9
1 23 -22909.0
1 24 -22580.0
1 25 -20577.5
1 26 -22499.0
1 27 -16963.2
1 28 -22543.1
1 29 -16938.8
1 30 -23071.0
1 31 -20008.4
1 32 -23480.0
1 33 -24040.0
1 34 -21858.5
1 35 -2706.82
1 36 -23831.6
1 37 -25290.0
1 38 -19417.1
1 39 -23572.4
1 40 -20298.8
1 41 -15363.2
1 42 -24310.0
1 43 -23250.3
1 44 -23890.0
1 45 -21938.2
1 46 -21130.0
1 47 -24192.4
1 48 -22440.0
1 49 -21029.6
1 50 -23420.0
1 51 -22511.0
2 52 -4230.0
2 3 -5190630.0
2 4 -5185680.0
2 5 -5186640.0
2 6 -5188750.0
2 7 -5190240.0
2 8 -350.0
2 9 -5188700.0
2 10 -5189800.0
2 11 -5186100.0
2 12 -5185760.0
2 13 -5187750.0
2 14 -5189290.0
2 15 -5190150.0
2 16 -5186730.0
2 17 -5189710.0
2 19 -5187350.0
2 20 200.0
2 21 -360.0
2 22 -5185260.0
2 23 -5186720.0
2 24 -1040.0
2 25 -5188440.0
2 26 -5187630.0
2 28 -5184330.0
2 29 -5180120.0
2 30 -5190530.0
2 31 -5184250.0
2 32 -5189380.0
2 33 -5186450.0
2 34 -5189240.0
2 35 -5168040.0
2 36 -5188690.0
2 37 -5187500.0
2 38 -5187220.0
2 39 -5190820.0
2 40 -5183960.0
2 42 -5192110.0
2 43 -5191120.0
2 44 -5191270.0
2 45 -5188910.0
2 46 -5186530.0
2 47 -5191720.0
2 48 -5187290.0
2 49 -5188890.0
2 50 -5185980.0
2 51 -5186530.0
3 52 -4650.0
3 2 -5190520.0
3 4 -5191700.0
3 5 -5191330.0
3 6 -5192250.0
3 7 -5188560.0
3 8 -5192050.0
3 9 -5186460.0
3 10 -5188120.0
3 11 -5191910.0
3 12 5524.62
3 13 -5189150.0
3 14 -5185930.0
3 15 -5190080.0
3 16 -5189740.0
3 17 -5189780.0
3 19 -5182450.0
3 20 -5188850.0
3 21 -5191580.0
3 22 -5190370.0
3 23 -5190430.0
3 24 -5190860.0
3 25 1102.5
3 26 -5189590.0
3 28 -5190140.0
3 29 -5184390.0
3 30 -5185140.0
3 31 -5186140.0
3 32 -5189800.0
3 33 -5191980.0
3 34 -5184900.0
3 35 -5170980.0
3 36 -5189600.0
3 37 -5192960.0
3 38 3782.88
3 39 -5184800.0
3 40 -5187740.0
3 42 -830.0
3 43 509.692
3 44 -5186440.0
3 45 -5184010.0
3 46 -5188770.0
3 47 -5185910.0
3 48 -5189740.0
3 49 -5183780.0
3 50 -5190950.0
3 51 -5189680.0
4 52 -5270.0
4 2 -5185200.0
4 3 -5191330.0
4 5 -5189510.0
4 6 -5191620.0
4 7 -5188840.0
4 8 -5186170.0
4 9 -5187510.0
4 10 -5191690.0
4 11 -420.0
4 12 -5186110.0
4 13 -5189920.0
4 14 -5188730.0
4 15 -5192670.0
4 16 -5187360.0
4 17 -5188100.0
4 19 -5187000.0
4 20 -5183810.0
4 21 690.0
4 22 -5188130.0
4 23 -5185180.0
4 24 -5186940.0
4 25 -5188860.0
4 26 -5186370.0
4 28 -5187270.0
4 29 -5182850.0
4 30 -5190180.0
4 31 -5186910.0
4 32 -5188190.0
4 33 -770.0
4 34 -5188750.0
4 35 -5168810.0
4 36 -5191280.0
4 37 -630.0
4 38 -5187640.0
4 39 -5192360.0
4 40 -5186620.0
4 42 -5193020.0
4 43 -5191540.0
4 44 -5192740.0
4 45 -5190660.0
4 46 -5186110.0
4 47 -5191440.0
4 48 -5189670.0
4 49 -5189380.0
4 50 900.0
4 51 -5184570.0
5 52 -4580.0
5 2 -5185340.0
5 3 -5190140.0
5 4 -5188690.0
5 6 -1730.0
5 7 -5191920.0
5 8 -5187430.0
5 9 -5190240.0
5 10 -5188190.0
5 11 -5189040.0
5 12 -5185690.0
5 13 -5186280.0
5 14 -5190340.0
5 15 -5187630.0
5 16 -5188130.0
5 17 -5191670.0
5 19 -5188050.0
5 20 -5186190.0
5 21 -5187380.0
5 22 976.139
5 23 -5189240.0
5 24 -5186800.0
5 25 -5188580.0
5 26 -5189730.0
5 28 1626.94
5 29 6051.21
5 30 -5191160.0
5 31 -5181310.0
5 32 -5191200.0
5 33 -5189320.0
5 34 -5190080.0
5 35 -5169300.0
5 36 -5185960.0
5 37 -5190510.0
5 38 -5187150.0
5 39 -5189350.0
5 40 1931.17
5 42 -5191410.0
5 43 -5190910.0
5 44 -5190080.0
5 45 -5187160.0
5 46 -5188350.0
5 47 -5192210.0
5 48 -5185820.0
5 49 -5188960.0
5 50 -5188920.0
5 51 -5189120.0
6 52 -5620.0
6 2 -5186880.0
6 3 -5190490.0
6 4 -5190230.0
6 5 -1157.59
6 7 -5193110.0
6 8 -5188970.0
6 9 -5191360.0
6 10 -5188260.0
6 11 -5190580.0
6 12 -5186180.0
6 13 -5186840.0
6 14 -5191250.0
6 15 -5186860.0
6 16 -5189460.0
6 17 -5192930.0
6 19 -5188890.0
6 20 -5187660.0
6 21 -5188920.0
6 22 -623.861
6 23 -5190710.0
6 24 -5188270.0
6 25 -5189140.0
6 26 -5191060.0
6 28 446.943
6 29 4731.21
6 30 -5191930.0
6 31 3541.63
6 32 -5192460.0
6 33 -5190860.0
6 34 -5190920.0
6 35 -5170630.0
6 36 -1251.63
6 37 -5192050.0
6 38 -5187640.0
6 39 -5189140.0
6 40 -5183190.0
6 42 -5191620.0
6 43 -5191330.0
6 44 -5190150.0
6 45 -5186740.0
6 46 -5189610.0
6 47 -5192910.0
6 48 -5186520.0
6 49 -5189590.0
6 50 -5190460.0
6 51 -5190520.0
7 52 -5410.0
7 2 -5189680.0
7 3 -5188110.0
7 4 -5188760.0
7 5 -5192660.0
7 6 -5194420.0
7 8 -5190790.0
7 9 2373.15
7 10 -5191620.0
7 11 -5189320.0
7 12 -5182400.0
7 13 -5191180.0
7 14 -309.303
7 15 -5193580.0
7 16 -5188970.0
7 17 -1007.64
7 19 -5182170.0
7 20 -5187170.0
7 21 -5189200.0
7 22 -5191350.0
7 23 -5187490.0
7 24 -5190300.0
7 25 -5185570.0
7 26 -5186370.0
7 28 -5191050.0
7 29 -5185650.0
7 30 -5185280.0
7 31 -5188870.0
7 32 -2360.0
7 33 -5189460.0
7 34 -38.506
7 35 -5170420.0
7 36 -5192750.0
7 37 -5189600.0
7 38 -5184000.0
7 39 -5190400.0
7 40 -5189140.0
7 42 -5190290.0
7 43 -5187900.0
7 44 -5191200.0
7 45 -5189330.0
7 46 -5186810.0
7 47 -5186750.0
7 48 -5191420.0
7 49 -5186440.0
7 50 -5187240.0
7 51 -5186040.0
8 52 -4160.0
8 2 1180.0
8 3 -5190630.0
8 4 -5185120.0
8 5 -5187200.0
8 6 -5189310.0
8 7 -5189820.0
8 9 -5188350.0
8 10 -5190010.0
8 11 -1530.0
8 12 -5185690.0
8 13 -5188030.0
8 14 -5189010.0
8 15 -5190570.0
8 16 -5186520.0
8 17 -5189220.0
8 19 -5187070.0
8 20 620.0
8 21 130.0
8 22 -5185750.0
8 23 -5186230.0
8 24 -1040.0
8 25 -5188370.0
8 26 -5187140.0
8 28 -5184890.0
8 29 -5180610.0
8 30 -5190320.0
8 31 -5184670.0
8 32 -5188960.0
8 33 -5185820.0
8 34 -5188960.0
8 35 -5167830.0
8 36 -5189110.0
8 37 -5186940.0
8 38 -5187150.0
8 39 -5191030.0
8 40 -5184380.0
8 42 -5192110.0
8 43 -5191050.0
8 44 -5191410.0
8 45 -5189120.0
8 46 -5186180.0
8 47 -5191510.0
8 48 -5187640.0
8 49 -5188820.0
8 50 -5185350.0
8 51 -5186040.0
9 52 -5270.0
9 2 -5189820.0
9 3 -5187690.0
9 4 -5189110.0
9 5 -5192660.0
9 6 -5194350.0
9 7 694.507
9 8 -5191000.0
9 10 -5191410.0
9 11 -5189600.0
9 12 -5181910.0
9 13 -5191110.0
9 14 110.697
9 15 -5193370.0
9 16 -5189040.0
9 17 -1427.64
9 19 2195.62
9 20 -5187380.0
9 21 -5189480.0
9 22 -5191420.0
9 23 -5187770.0
9 24 -5190440.0
9 25 -5185220.0
9 26 -5186650.0
9 28 -5191050.0
9 29 -5185650.0
9 30 -5184790.0
9 31 -5188730.0
9 32 -5186510.0
9 33 -5189740.0
9 34 441.494
9 35 -5170490.0
9 36 -5192540.0
9 37 -5189950.0
9 38 -5183580.0
9 39 -5189980.0
9 40 -5189070.0
9 42 -5189870.0
9 43 -5187480.0
9 44 -5190850.0
9 45 -5188910.0
9 46 -5186950.0
9 47 -5186260.0
9 48 -5191350.0
9 49 -5186090.0
9 50 -5187660.0
9 51 -5186390.0
10 52 -3190.0
10 2 -5187930.0
10 3 -5186360.0
10 4 -5190300.0
10 5 -5187620.0
10 6 -5188260.0
10 7 -5190310.0
10 8 -5189670.0
10 9 -5188420.0
10 11 -5190440.0
10 12 -5182190.0
10 13 -1708.95
10 14 -5188030.0
10 15 -2220.0
10 16 -5188270.0
10 17 -5190690.0
10 19 -5185250.0
10 20 -5187240.0
10 21 -5189620.0
10 22 -5186730.0
10 23 -5189730.0
10 24 -5188480.0
10 25 -5185290.0
10 26 -5189450.0
10 28 -5186500.0
10 29 -5180750.0
10 30 -5188220.0
10 31 -5182150.0
10 32 -5190290.0
10 33 -5190650.0
10 34 -5187490.0
10 35 -5169370.0
10 36 -5185610.0
10 37 -5191840.0
10 38 -5183650.0
10 39 -5185290.0
10 40 -5184240.0
10 42 -5187490.0
10 43 -5187270.0
10 44 -2080.0
10 45 -5183240.0
10 46 -5188070.0
10 47 -5189130.0
10 48 -2290.0
10 49 -5185810.0
10 50 -5190040.0
10 51 -5189330.0
11 52 -4440.0
11 2 -5184710.0
11 3 -5190630.0
11 4 490.0
11 5 -5188950.0
11 6 -5191060.0
11 7 -5188490.0
11 8 -5185610.0
11 9 -5187090.0
11 10 -5190920.0
11 12 -5185480.0
11 13 -5189150.0
11 14 -5188240.0
11 15 -5191900.0
11 16 -5186590.0
11 17 -5187820.0
11 19 -5186440.0
11 20 900.0
11 21 480.0
11 22 -5187500.0
11 23 -5184760.0
11 24 -5186240.0
11 25 -5188160.0
11 26 -5185880.0
11 28 -5186710.0
11 29 -5182220.0
11 30 -5189620.0
11 31 -5186280.0
11 32 -5187770.0
11 33 -70.0
11 34 -5188190.0
11 35 -5168040.0
11 36 -5190580.0
11 37 -1180.0
11 38 -5186940.0
11 39 -5191590.0
11 40 -5185920.0
11 42 -5192250.0
11 43 -5190840.0
11 44 -5191970.0
11 45 -5189890.0
11 46 -5185410.0
11 47 -5190880.0
11 48 -5188900.0
11 49 -5188680.0
11 50 -5183530.0
11 51 -5184360.0
12 52 -4650.0
12 2 -5190520.0
12 3 651.441
12 4 -5191350.0
12 5 -5191750.0
12 6 -5192810.0
12 7 -5187720.0
12 8 -5191980.0
12 9 -5185550.0
12 10 -5188820.0
12 11 -5191630.0
12 13 -5189570.0
12 14 -5185090.0
12 15 -5190780.0
12 16 -5189670.0
12 17 -5189080.0
12 19 -5181470.0
12 20 -5188710.0
12 21 -5191370.0
12 22 -5190720.0
12 23 -5190080.0
12 24 -5190860.0
12 25 1522.5
12 26 -5189030.0
12 28 -5190490.0
12 29 -5184740.0
12 30 -5184160.0
12 31 -5186770.0
12 32 -5189170.0
12 33 -5191700.0
12 34 -5183990.0
12 35 -5170910.0
12 36 -5190300.0
12 37 -5192540.0
12 38 4552.88
12 39 -5185850.0
12 40 -5188160.0
12 42 -5185740.0
12 43 999.692
12 44 -5187280.0
12 45 -5184990.0
12 46 -5188420.0
12 47 -5184930.0
12 48 -5190090.0
12 49 440.43
12 50 -5190460.0
12 51 -5189190.0
13 52 -2560.0
13 2 -5186180.0
13 3 -5187690.0
13 4 -5188830.0
13 5 -5186010.0
13 6 -5187140.0
13 7 -5190170.0
13 8 -5187990.0
13 9 -5188420.0
13 10 -2010.0
13 11 -5188970.0
13 12 -5183240.0
13 14 -5188240.0
13 15 -5186580.0
13 16 -5187080.0
13 17 -5190270.0
13 19 -5185810.0
13 20 -5185840.0
13 21 -5188010.0
13 22 -5185050.0
13 23 -5188540.0
13 24 -5186800.0
13 25 -5186130.0
13 26 -5188610.0
13 28 -5184820.0
13 29 4941.21
13 30 -5188850.0
13 31 -5181450.0
13 32 -5189730.0
13 33 -5189180.0
13 34 -5187910.0
13 35 -5168180.0
13 36 -5185400.0
13 37 -5190440.0
13 38 -5184700.0
13 39 -5187110.0
13 40 1521.17
13 42 -5188960.0
13 43 -5188460.0
13 44 -5187700.0
13 45 -5185060.0
13 46 -5187160.0
13 47 -5189900.0
13 48 -350.0
13 49 -5186580.0
13 50 -5188780.0
13 51 -5188280.0
14 52 -4090.0
14 2 -5189330.0
14 3 -5186080.0
14 4 -5189250.0
14 5 -5191680.0
14 6 -5193160.0
14 7 -5184850.0
14 8 -5190580.0
14 9 1193.15
14 10 -5189940.0
14 11 -5189670.0
14 12 -5180370.0
14 13 -5189850.0
14 15 -5191970.0
14 16 -5188340.0
14 17 -5186210.0
14 19 3575.62
14 20 -5187030.0
14 21 -5189480.0
14 22 -5190440.0
14 23 -5187910.0
14 24 -5189810.0
14 25 -5183540.0
14 26 -5186720.0
14 28 -5190140.0
14 29 -5184600.0
14 30 268.989
14 31 -5187470.0
14 32 -5186650.0
14 33 -5189740.0
14 34 1831.49
14 35 -5169720.0
14 36 -5191210.0
14 37 -5190300.0
14 38 -5181970.0
14 39 -5188370.0
14 40 -5188020.0
14 42 -5188260.0
14 43 -5185870.0
14 44 -5189240.0
14 45 -5187300.0
14 46 -5186600.0
14 47 -1062.41
14 48 -5190230.0
14 49 -5184410.0
14 50 -5188080.0
14 51 -5186740.0
15 18 973.578
16 52 -1730.0
16 2 -5184990.0
16 3 -5188110.0
16 4 -5186100.0
16 5 -5187690.0
16 6 -5189590.0
16 7 -5187790.0
16 8 -5186310.0
16 9 -5186180.0
16 10 -5188400.0
16 11 -5186240.0
16 12 -5183170.0
16 13 -5186910.0
16 14 -5186560.0
16 15 -5189660.0
16 17 -5187470.0
16 19 -5184620.0
16 20 830.0
16 21 -5185770.0
16 22 -5186380.0
16 23 -5185460.0
16 24 -5185400.0
16 25 -5185850.0
16 26 -5185600.0
16 28 -5186010.0
16 29 -5180750.0
16 30 -5187800.0
16 31 -5184390.0
16 32 -5187000.0
16 33 -5186380.0
16 34 -5186440.0
16 35 18553.2
16 36 -5188480.0
16 37 -5187570.0
16 38 -5184630.0
16 39 -5188930.0
16 40 -5184310.0
16 42 -5189730.0
16 43 -5188460.0
16 44 -5189310.0
16 45 -5187230.0
16 46 -210.0
16 47 -5188920.0
16 48 -5186870.0
16 49 -5186300.0
16 50 -5185770.0
16 51 -5185200.0
17 52 -4720.0
17 2 -5188420.0
17 3 -5188600.0
17 4 -5187290.0
17 5 -5191680.0
17 6 -5193510.0
17 7 -275.493
17 8 -5189460.0
17 9 983.148
17 10 -5191270.0
17 11 -5187920.0
17 12 -5183030.0
17 13 -5190550.0
17 14 -5184880.0
17 15 -5193090.0
17 16 -5187920.0
17 19 -5183080.0
17 20 -5185910.0
17 21 -5187730.0
17 22 -5190370.0
17 23 -5186090.0
17 24 -5189180.0
17 25 -5185990.0
17 26 -1098.99
17 28 -5189930.0
17 29 -5184740.0
17 30 -5186260.0
17 31 -5188170.0
17 32 -1180.0
17 33 -5188060.0
17 34 -5184830.0
17 35 -5169440.0
17 36 -5192120.0
17 37 -5188130.0
17 38 -5184560.0
17 39 -5190610.0
17 40 -5188230.0
17 42 -5190640.0
17 43 -5188530.0
17 44 -5191200.0
17 45 -5189400.0
17 46 -5185690.0
17 47 -5187660.0
17 48 -5190650.0
17 49 -5186720.0
17 50 -5185840.0
17 51 -631.011
18 52 -3610.0
19 52 -4720.0
19 2 -5190240.0
19 3 -5185450.0
19 4 -5190370.0
19 5 -5192240.0
19 6 -5193650.0
19 7 -5185620.0
19 8 -5191490.0
19 9 -5183450.0
19 10 -5190010.0
19 11 -5190720.0
19 12 -5179600.0
19 13 -5190270.0
19 14 730.697
19 15 -5192110.0
19 16 -5189250.0
19 17 -5187260.0
19 20 -5188010.0
19 21 -5190530.0
19 22 -5191070.0
19 23 -5188960.0
19 24 -5190650.0
19 25 682.502
19 26 -5187770.0
19 28 -5190840.0
19 29 -5185230.0
19 30 1448.99
19 31 -5187820.0
19 32 -5187700.0
19 33 -5190790.0
19 34 2041.49
19 35 -5170560.0
19 36 -5191420.0
19 37 -5191420.0
19 38 -5181270.0
19 39 -5187880.0
19 40 -5188650.0
19 42 -5187770.0
19 43 -5185170.0
19 44 -5188960.0
19 45 -5186950.0
19 46 -5187580.0
19 47 47.5895
19 48 -5190720.0
19 49 -5184270.0
19 50 -5189200.0
19 51 -5187860.0
20 52 -3120.0
20 2 -5184220.0
20 3 -5189440.0
20 4 -5184770.0
20 5 -5187970.0
20 6 -5190010.0
20 7 -5188210.0
20 8 -5185330.0
20 9 -5186740.0
20 10 -5189590.0
20 11 -970.0
20 12 -5184430.0
20 13 -5187890.0
20 14 -5187470.0
20 15 -5190640.0
20 16 -1390.0
20 17 -5187680.0
20 19 -5185600.0
20 21 -5184440.0
20 22 -5186590.0
20 23 -5184830.0
20 24 -1250.0
20 25 -5187110.0
20 26 -5185600.0
20 28 -5186010.0
20 29 -5181170.0
20 30 -5188780.0
20 31 -5185090.0
20 32 -5187350.0
20 33 -1180.0
20 34 -5187420.0
20 35 17163.2
20 36 -5189390.0
20 37 -5186380.0
20 38 -5185890.0
20 39 -5190260.0
20 40 -5184800.0
20 42 -5191060.0
20 43 -5189790.0
20 44 -5190640.0
20 45 -5188560.0
20 46 -5184570.0
20 47 -5190040.0
20 48 -5187710.0
20 49 -5187560.0
20 50 -5184650.0
20 51 -5184640.0
21 52 -5620.0
21 2 -5184500.0
21 3 -5191890.0
21 4 10.0
21 5 -5188880.0
21 6 -5190990.0
21 7 -5189960.0
21 8 -1600.0
21 9 -5188560.0
21 10 -5191690.0
21 11 -1110.0
21 12 -5186810.0
21 13 -5189780.0
21 14 -5189640.0
21 15 -5192390.0
21 16 -5187710.0
21 17 -5189220.0
21 19 -5187840.0
21 20 -5184160.0
21 22 -5187500.0
21 23 -5186160.0
21 24 -5186660.0
21 25 -5189490.0
21 26 -5187350.0
21 28 -5186430.0
21 29 -5182360.0
21 30 -5191020.0
21 31 -5186490.0
21 32 -5189240.0
21 33 -1600.0
21 34 -5189660.0
21 35 -5169090.0
21 36 -5190930.0
21 37 -1880.0
21 38 -5188270.0
21 39 -5192570.0
21 40 -5186200.0
21 42 -5193440.0
21 43 -5192170.0
21 44 -5192950.0
21 45 -5190800.0
21 46 -5186810.0
21 47 -5192280.0
21 48 -5189390.0
21 49 -5189940.0
21 50 -5184300.0
21 51 -5185760.0
22 52 -4370.0
22 2 -5184920.0
22 3 -5190140.0
22 4 -5188270.0
22 5 22.4105
22 6 -5186090.0
22 7 -5191570.0
22 8 -5186940.0
22 9 -5189960.0
22 10 -5188260.0
22 11 -5188550.0
22 12 -5185620.0
22 13 -5186280.0
22 14 -5190060.0
22 15 -5187910.0
22 16 -5187780.0
22 17 -5191320.0
22 19 -5187840.0
22 20 -5185770.0
22 21 -5186960.0
22 23 -5188820.0
22 24 -5186310.0
22 25 -5188370.0
22 26 -5189310.0
22 28 1626.94
22 29 6121.21
22 30 -5190950.0
22 31 -5181660.0
22 32 -5190850.0
22 33 -5188830.0
22 34 -5189800.0
22 35 -5168950.0
22 36 -5186310.0
22 37 -5190090.0
22 38 -5187080.0
22 39 -5189490.0
22 40 2001.17
22 42 -5191410.0
22 43 -5190840.0
22 44 -5190150.0
22 45 -5187300.0
22 46 -5187930.0
22 47 -5192000.0
22 48 -1810.0
22 49 -5188820.0
22 50 -5188500.0
22 51 -5188700.0
23 52 -3810.0
23 2 -5185690.0
23 3 -5189510.0
23 4 -5184630.0
23 5 -5189510.0
23 6 -5191550.0
23 7 -5187020.0
23 8 -5186730.0
23 9 -5185620.0
23 10 -5190570.0
23 11 -1180.0
23 12 -5184290.0
23 13 -5189080.0
23 14 -5186840.0
23 15 -5191900.0
23 16 -5186170.0
23 17 -5186350.0
23 19 -5185040.0
23 20 -5183320.0
23 21 -5184930.0
23 22 -5188130.0
23 24 -5186730.0
23 25 -5186970.0
23 26 -468.989
23 28 -5187550.0
23 29 -5182640.0
23 30 -5188220.0
23 31 -5186490.0
23 32 -5186300.0
23 33 -1250.0
23 34 -5186790.0
23 35 -5167690.0
23 36 -5190650.0
23 37 -5185750.0
23 38 -5185750.0
23 39 -5190820.0
23 40 -5186270.0
23 42 -5191340.0
23 43 -5189720.0
23 44 -5191270.0
23 45 -5189260.0
23 46 -420.0
23 47 -5189550.0
23 48 -5189040.0
23 49 -5187560.0
23 50 -5183740.0
23 51 898.989
24 52 -2980.0
24 2 490.0
24 3 -5189440.0
24 4 -5185890.0
24 5 -5186570.0
24 6 -5188610.0
24 7 -5189330.0
24 8 -1040.0
24 9 -5187790.0
24 10 -5188820.0
24 11 -5186100.0
24 12 -5184570.0
24 13 -5186840.0
24 14 -5188240.0
24 15 -5189520.0
24 16 -5185610.0
24 17 -5188940.0
24 19 -5186230.0
24 20 760.0
24 21 -5184930.0
24 22 -5185120.0
24 23 -5186230.0
24 25 -5187250.0
24 26 -5186860.0
24 28 -5184610.0
24 29 -5179770.0
24 30 -5189410.0
24 31 -5183760.0
24 32 -5188470.0
24 33 -5186380.0
24 34 -5188120.0
24 35 17093.2
24 36 -5188130.0
24 37 -5187640.0
24 38 -5186030.0
24 39 -5189770.0
24 40 -5183470.0
24 42 -5190920.0
24 43 -5189930.0
24 44 -5190150.0
24 45 -5187860.0
24 46 -5185550.0
24 47 -5190530.0
24 48 -5186520.0
24 49 -5187700.0
24 50 -5185980.0
24 51 -5186110.0
25 52 -3470.0
25 2 -5189400.0
25 3 31.4407
25 4 -5190300.0
25 5 -5190840.0
25 6 -5191970.0
25 7 -5187090.0
25 8 -5190860.0
25 9 -5185060.0
25 10 -5188120.0
25 11 -5190510.0
25 12 5324.62
25 13 -5188660.0
25 14 -5184460.0
25 15 -5190220.0
25 16 -5188550.0
25 17 -5188240.0
25 19 -5181330.0
25 20 -5187590.0
25 21 -5190250.0
25 22 -5189670.0
25 23 -5188960.0
25 24 -5189740.0
25 26 -5188050.0
25 28 -5189510.0
25 29 -5183760.0
25 30 -5184230.0
25 31 -5186070.0
25 32 -5188260.0
25 33 -5190580.0
25 34 -5183640.0
25 35 -5169790.0
25 36 -5189600.0
25 37 -5191490.0
25 38 3922.88
25 39 -5186060.0
25 40 -5187180.0
25 42 -5185950.0
25 43 -40.3076
25 44 -5187000.0
25 45 -5185060.0
25 46 -5187300.0
25 47 -5185070.0
25 48 -5189180.0
25 49 1550.43
25 50 -5189410.0
25 51 -5188140.0
26 52 -3400.0
26 2 -5186600.0
26 3 -5188670.0
26 4 -5185820.0
26 5 -5190000.0
26 6 -5191900.0
26 7 -5185900.0
26 8 -5187640.0
26 9 -5184500.0
26 10 -5190290.0
26 11 -5186240.0
26 12 -5183240.0
26 13 -5189150.0
26 14 -5185650.0
26 15 -5191830.0
26 16 -5186310.0
26 17 -1357.64
26 19 -5183850.0
26 20 -5184090.0
26 21 -5186120.0
26 22 -5188620.0
26 23 -468.989
26 24 -5187360.0
26 25 -5186060.0
26 28 -5188180.0
26 29 -5183060.0
26 30 -5187100.0
26 31 -5186700.0
26 32 -1110.0
26 33 -5186380.0
26 34 -5185600.0
26 35 -5167760.0
26 36 -5190790.0
26 37 -5186870.0
26 38 -5184770.0
26 39 -5190190.0
26 40 -5186620.0
26 42 -5190500.0
26 43 -5188740.0
26 44 -5190640.0
26 45 -5188770.0
26 46 -140.0
26 47 -5188430.0
26 48 -5189180.0
26 49 -5186650.0
26 50 -5184720.0
26 51 618.989
27 52 -1450.0
27 2 -5185130.0
27 3 -5187900.0
27 4 -5186380.0
27 5 -5187690.0
27 6 -5189520.0
27 7 -5187790.0
27 8 -5186520.0
27 9 -5186180.0
27 10 -5188120.0
27 11 -5186520.0
27 12 -5182960.0
27 13 -5186700.0
27 14 -5186490.0
27 15 -5189450.0
27 16 -210.0
27 17 -5187540.0
27 19 -5184480.0
27 20 550.0
27 21 -5186050.0
27 22 -5186380.0
27 23 -5185670.0
27 24 -5185540.0
27 25 -5185570.0
27 26 -5185740.0
27 28 -5186010.0
27 29 -5180680.0
27 30 -5187660.0
27 31 -5184250.0
27 32 -5187070.0
27 33 -5186660.0
27 34 -5186370.0
27 35 18553.2
27 36 -5188340.0
27 37 -5187850.0
27 38 -5184420.0
27 39 -5188650.0
27 40 -5184170.0
27 42 -5189450.0
27 43 -5188250.0
27 44 -5189030.0
27 45 -5187020.0
27 46 -280.0
27 47 -5188780.0
27 48 -5186730.0
27 49 -5186090.0
27 50 -5186050.0
27 51 -5185410.0
28 52 -5270.0
28 2 -5185130.0
28 3 -5191050.0
28 4 -5188550.0
28 5 -467.589
28 6 -2220.0
28 7 -5192410.0
28 8 -5187220.0
28 9 -5190730.0
28 10 -5189170.0
28 11 -5188900.0
28 12 -5186530.0
28 13 -5187190.0
28 14 -5190900.0
28 15 -5188540.0
28 16 -5188550.0
28 17 -5192020.0
28 19 -5188750.0
28 20 -5186330.0
28 21 -5187030.0
28 22 486.139
28 23 -5189380.0
28 24 -5186940.0
28 25 -5189350.0
28 26 -5190010.0
28 29 5151.21
28 30 -5191860.0
28 31 -5182150.0
28 32 -5191550.0
28 33 -5189250.0
28 34 -5190710.0
28 35 -5169720.0
28 36 -5186870.0
28 37 -5190370.0
28 38 -5187990.0
28 39 -5190330.0
28 40 1031.17
28 42 -5192320.0
28 43 -5191750.0
28 44 -5191060.0
28 45 -5188070.0
28 46 -5188630.0
28 47 -5192910.0
28 48 -5186660.0
28 49 -5189730.0
28 50 -5188850.0
28 51 -5189190.0
29 52 -3880.0
29 2 -5185130.0
29 3 -5189510.0
29 4 -5188340.0
29 5 -257.589
29 6 -5186090.0
29 7 -5191220.0
29 8 -5187150.0
29 9 -5189540.0
29 10 -5187630.0
29 11 -5188620.0
29 12 -5184990.0
29 13 -5185580.0
29 14 -5189570.0
29 15 -5187350.0
29 16 -5187500.0
29 17 -5191040.0
29 19 -5187350.0
29 20 -5185700.0
29 21 -5187170.0
29 22 766.139
29 23 -5188680.0
29 24 -5186310.0
29 25 -5187810.0
29 26 -5189100.0
29 28 936.943
29 30 -5190460.0
29 31 -5181310.0
29 32 -5190500.0
29 33 -5188900.0
29 34 -5189310.0
29 35 -5168670.0
29 36 -5185820.0
29 37 -5190160.0
29 38 -5186450.0
29 39 -5188860.0
29 40 2631.17
29 42 -5190780.0
29 43 -5190210.0
29 44 -5189520.0
29 45 -5186670.0
29 46 -5187720.0
29 47 -5191440.0
29 48 -1180.0
29 49 -5188260.0
29 50 -5188500.0
29 51 -5188560.0
30 52 -5060.0
30 2 -5190590.0
30 3 -5185310.0
30 4 -5190720.0
30 5 -5192520.0
30 6 -5193860.0
30 7 -5185900.0
30 8 -5191910.0
30 9 -5183730.0
30 10 -5190150.0
30 11 -5191070.0
30 12 4484.62
30 13 -5190480.0
30 14 250.697
30 15 -5192250.0
30 16 -5189600.0
30 17 -5187610.0
30 19 4275.62
30 20 -5188360.0
30 21 -5190880.0
30 22 -5191350.0
30 23 -5189310.0
30 24 -5191000.0
30 25 -5183330.0
30 26 -5188190.0
30 28 -5191120.0
30 29 -5185510.0
30 31 -5187960.0
30 32 -5188120.0
30 33 -5191140.0
30 34 1691.49
30 35 -5170910.0
30 36 -5191630.0
30 37 -5191770.0
30 38 2742.88
30 39 -5187810.0
30 40 -5188860.0
30 42 -5187700.0
30 43 -5185030.0
30 44 -5189030.0
30 45 -5186950.0
30 46 -5187930.0
30 47 327.589
30 48 -5190930.0
30 49 -5184410.0
30 50 -5189550.0
30 51 -5188210.0
31 52 -5060.0
31 2 -5187370.0
31 3 -5189370.0
31 4 -5190510.0
31 5 -1787.59
31 6 -1450.0
31 7 -5192550.0
31 8 -5189320.0
31 9 -5190730.0
31 10 -5187140.0
31 11 -5190790.0
31 12 -5185130.0
31 13 -5186140.0
31 14 -5190550.0
31 15 -1660.0
31 16 -5189250.0
31 17 -5192580.0
31 19 -5188050.0
31 20 -5187730.0
31 21 -5189410.0
31 22 -5185120.0
31 23 -5190640.0
31 24 -5188410.0
31 25 -5188230.0
31 26 -5190850.0
31 28 -5184470.0
31 29 4521.21
31 30 -5191020.0
31 32 -5192040.0
31 33 -5191000.0
31 34 -5190150.0
31 35 -5170350.0
31 36 138.374
31 37 -5192330.0
31 38 -5186660.0
31 39 -5187880.0
31 40 751.168
31 42 -5190500.0
31 43 -5190280.0
31 44 -5188960.0
31 45 -5185480.0
31 46 -5189400.0
31 47 -5192000.0
31 48 -5186100.0
31 49 -5188680.0
31 50 -5190670.0
31 51 -5190450.0
32 52 -3540.0
32 2 -5187510.0
32 3 -5188040.0
32 4 -5186800.0
32 5 -5190630.0
32 6 -5192460.0
32 7 -1045.49
32 8 -5188620.0
32 9 -5183520.0
32 10 -5190290.0
32 11 -5187290.0
32 12 -5182540.0
32 13 -5189430.0
32 14 -5184740.0
32 15 -5192040.0
32 16 -5186870.0
32 17 -597.643
32 19 -5182940.0
32 20 -5185000.0
32 21 -5187170.0
32 22 -5189320.0
32 23 -1518.99
32 24 -5188130.0
32 25 -5185430.0
32 26 -268.989
32 28 -5188880.0
32 29 -5183620.0
32 30 -5186190.0
32 31 -5187050.0
32 33 -5187360.0
32 34 -5184690.0
32 35 -5168320.0
32 36 -5191070.0
32 37 -5187780.0
32 38 -5184070.0
32 39 -5189840.0
32 40 -5187180.0
32 42 -5190010.0
32 43 -5188040.0
32 44 -5190360.0
32 45 -5188490.0
32 46 -700.0
32 47 -5187520.0
32 48 -5189600.0
32 49 -5186020.0
32 50 -5185560.0
32 51 -281.011
33 52 -4300.0
33 2 -5184780.0
33 3 -5190420.0
33 4 420.0
33 5 -5188950.0
33 6 -5191060.0
33 7 -5188350.0
33 8 -5185680.0
33 9 -5186950.0
33 10 -5190850.0
33 11 210.0
33 12 -5185270.0
33 13 -5189080.0
33 14 -5188030.0
33 15 -5191830.0
33 16 -5186450.0
33 17 -5187680.0
33 19 -5186230.0
33 20 970.0
33 21 -5183670.0
33 22 -5187500.0
33 23 -608.989
33 24 -5186240.0
33 25 -5187950.0
33 26 -5185740.0
33 28 -5186780.0
33 29 -5182220.0
33 30 -5189410.0
33 31 -5186210.0
33 32 -5187560.0
33 34 -5187980.0
33 35 -5167900.0
33 36 -5190510.0
33 37 -1250.0
33 38 -5186800.0
33 39 -5191450.0
33 40 -5185920.0
33 42 -5192110.0
33 43 -5190700.0
33 44 -5191830.0
33 45 -5189750.0
33 46 -5185270.0
33 47 -5190740.0
33 48 -5188900.0
33 49 -5188470.0
33 50 -5183530.0
33 51 -5184220.0
34 52 -4510.0
34 2 -5189960.0
34 3 -5185730.0
34 4 -5189950.0
34 5 -5192100.0
34 6 -5193510.0
34 7 -5185200.0
34 8 -5191210.0
34 9 843.148
34 10 -5190080.0
34 11 -5190300.0
34 12 -5179950.0
34 13 -5190200.0
34 14 1150.7
34 15 -5192110.0
34 16 -5188900.0
34 17 -5186840.0
34 19 4205.62
34 20 -5187660.0
34 21 -5190180.0
34 22 -5190860.0
34 23 -5188540.0
34 24 -5190370.0
34 25 -5183400.0
34 26 -5187350.0
34 28 -5190630.0
34 29 -5185020.0
34 30 1028.99
34 31 -5187750.0
34 32 -5187280.0
34 33 -5190370.0
34 35 -5170280.0
34 36 -5191420.0
34 37 -5190930.0
34 38 -5181620.0
34 39 -5188160.0
34 40 -5188440.0
34 42 -5187980.0
34 43 -5185520.0
34 44 -5189170.0
34 45 -5187160.0
34 46 -5187230.0
34 47 -372.411
34 48 -5190580.0
34 49 -5184340.0
34 50 -5188780.0
34 51 -5187440.0
35 52 -1590.0
36 52 -4860.0
36 2 -5187790.0
36 3 -5188810.0
36 4 -5190860.0
36 5 -5186360.0
36 6 -2220.0
36 7 -5192410.0
36 8 -5189740.0
36 9 -5190520.0
36 10 -5186580.0
36 11 -5191070.0
36 12 -5184640.0
36 13 -2128.95
36 14 -5190270.0
36 15 -830.0
36 16 -5189320.0
36 17 -5192510.0
36 19 -5187630.0
36 20 -5188010.0
36 21 -5189830.0
36 22 -5185750.0
36 23 -5190780.0
36 24 -5188760.0
36 25 -5187740.0
36 26 -5190920.0
36 28 -5185170.0
36 29 -5179910.0
36 30 -5190670.0
36 31 4161.63
36 32 -5192040.0
36 33 -5191280.0
36 34 -5189800.0
36 35 -5170490.0
36 37 -5192610.0
36 38 -5186170.0
36 39 -5187180.0
36 40 -5183610.0
36 42 -5189940.0
36 43 -5189790.0
36 44 -5188330.0
36 45 -5184780.0
36 46 -5189470.0
36 47 -5191580.0
36 48 -5186170.0
36 49 -5188260.0
36 50 -5190880.0
36 51 -5190590.0
37 52 -5480.0
37 2 -5185760.0
37 3 -5191330.0
37 4 630.0
37 5 -5190070.0
37 6 -5192180.0
37 7 -5188420.0
37 8 -5186730.0
37 9 -5187090.0
37 10 -5191970.0
37 11 -830.0
37 12 -5186040.0
37 13 -5190270.0
37 14 -5188520.0
37 15 -5193090.0
37 16 -5187570.0
37 17 -5187680.0
37 19 -5186790.0
37 20 -5184160.0
37 21 -5183880.0
37 22 -5188690.0
37 23 -1098.99
37 24 -5187430.0
37 25 -5188790.0
37 26 -5186160.0
37 28 -5187830.0
37 29 -5183410.0
37 30 -5189970.0
37 31 -5187470.0
37 32 -5187910.0
37 33 -1180.0
37 34 -5188470.0
37 35 -5169090.0
37 36 -5191770.0
37 38 -5187570.0
37 39 -5192500.0
37 40 -5187110.0
37 42 -5193090.0
37 43 -5191470.0
37 44 -5192880.0
37 45 -5190870.0
37 46 -5186110.0
37 47 -5191300.0
37 48 -5190090.0
37 49 -5189310.0
37 50 1590.0
37 51 -5184220.0
38 52 -4370.0
38 2 -5190240.0
38 3 651.441
38 4 -5191140.0
38 5 -5191470.0
38 6 -5192530.0
38 7 -5187580.0
38 8 -5191700.0
38 9 -5185480.0
38 10 -5188540.0
38 11 -5191350.0
38 12 6294.62
38 13 -5189290.0
38 14 -5184950.0
38 15 -5190570.0
38 16 -5189390.0
38 17 -5188870.0
38 19 -5181400.0
38 20 -5188430.0
38 21 -5191090.0
38 22 -5190440.0
38 23 -5189800.0
38 24 -5190580.0
38 25 1862.5
38 26 -5188820.0
38 28 -5190210.0
38 29 -5184460.0
38 30 -5184160.0
38 31 -5186560.0
38 32 -5188960.0
38 33 -5191490.0
38 34 -5183920.0
38 35 -5170630.0
38 36 -5190090.0
38 37 -5192330.0
38 39 -5185780.0
38 40 -5187880.0
38 42 -5185670.0
38 43 859.692
38 44 -5187140.0
38 45 -5184920.0
38 46 -5188210.0
38 47 -5184930.0
38 48 -5189810.0
38 49 650.43
38 50 -5190250.0
38 51 -5188980.0
39 52 -5690.0
39 2 -5191010.0
39 3 -1218.56
39 4 -5193030.0
39 5 -5190840.0
39 6 -5191200.0
39 7 -5191150.0
39 8 -5192750.0
39 9 -5189050.0
39 10 -3470.0
39 11 -5193170.0
39 12 -5181280.0
39 13 -5188870.0
39 14 -5188520.0
39 15 -5188540.0
39 16 -5190860.0
39 17 -5192090.0
39 19 -5185180.0
39 20 -5189970.0
39 21 -5192560.0
39 22 -5190020.0
39 23 -5192040.0
39 24 -5191490.0
39 25 -5185290.0
39 26 -5191410.0
39 28 -5189720.0
39 29 -5184040.0
39 30 -5187940.0
39 31 -5184950.0
39 32 -5191900.0
39 33 -5193310.0
39 34 -5187630.0
39 35 -5172030.0
39 36 -5188270.0
39 37 -5194430.0
39 38 -5182950.0
39 40 -5187460.0
39 42 -2360.0
39 43 -5186290.0
39 44 -1800.0
39 45 2511.83
39 46 -5190310.0
39 47 -5188710.0
39 48 -5189460.0
39 49 -5186020.0
39 50 -5192560.0
39 51 -5191500.0
40 52 -3470.0
40 2 -5185200.0
40 3 -5189090.0
40 4 -5188340.0
40 5 -607.589
40 6 -5186300.0
40 7 -5190940.0
40 8 -5187150.0
40 9 -5189190.0
40 10 -5187350.0
40 11 -5188550.0
40 12 -5184640.0
40 13 -1288.95
40 14 -5189220.0
40 15 -5187210.0
40 16 -5187290.0
40 17 -5190760.0
40 19 -5187000.0
40 20 -5185560.0
40 21 -5187240.0
40 22 416.139
40 23 -5188540.0
40 24 -5186240.0
40 25 -5187460.0
40 26 -5188890.0
40 28 -5183350.0
40 29 6401.21
40 30 -5190040.0
40 31 -5181310.0
40 32 -5190290.0
40 33 -5188830.0
40 34 -5188960.0
40 35 -5168390.0
40 36 -5185750.0
40 37 -5190090.0
40 38 -5186100.0
40 39 -5188510.0
40 42 -5190360.0
40 43 -5189860.0
40 44 -5189170.0
40 45 -5186390.0
40 46 -5187440.0
40 47 -5191090.0
40 48 -700.0
40 49 -5187910.0
40 50 -5188430.0
40 51 -5188350.0
41 2 -5184290.0
41 3 -5188740.0
41 4 -5187010.0
41 5 -5185870.0
41 6 -5187770.0
41 7 -5189610.0
41 8 -5186100.0
41 9 -5187930.0
41 10 -5187700.0
41 11 -5187150.0
41 12 -5184010.0
41 13 -5185720.0
41 14 -5188100.0
41 15 -5188330.0
41 16 -5185820.0
41 17 -5189360.0
41 19 -5186020.0
41 20 -5184090.0
41 21 -5186120.0
41 22 -5184560.0
41 23 -5187070.0
41 24 -970.0
41 25 -5186760.0
41 26 -5187420.0
41 28 -5184260.0
41 29 5011.21
41 30 -5189130.0
41 31 -5182710.0
41 32 -5188820.0
41 33 -5187430.0
41 34 -5187910.0
41 35 16953.2
41 36 -5187010.0
41 37 -5188690.0
41 38 -5185470.0
41 39 -5188790.0
41 40 1451.17
41 42 -5190150.0
41 43 -5189300.0
41 44 -5189240.0
41 45 -5186810.0
41 46 -5185970.0
41 47 -5190250.0
41 48 -1460.0
41 49 -5187210.0
41 50 -5187030.0
41 51 -5186880.0
42 52 -4370.0
42 2 -5190240.0
42 3 931.441
42 4 -5191630.0
42 5 -5190840.0
42 6 -5191620.0
42 7 -5188980.0
42 8 -5191770.0
42 9 -5186880.0
42 10 -5187490.0
42 11 -5191770.0
42 12 4834.62
42 13 -5188660.0
42 14 -5186350.0
42 15 -5189380.0
42 16 -5189600.0
42 17 -5190060.0
42 19 -5183010.0
42 20 -5188710.0
42 21 -5191370.0
42 22 -5189880.0
42 23 -5190500.0
42 24 -5190580.0
42 25 -5183120.0
42 26 -5189660.0
42 28 -5189650.0
42 29 -5183900.0
42 30 -5185770.0
42 31 -5185510.0
42 32 -5190010.0
42 33 -5191910.0
42 34 -5185390.0
42 35 -5170840.0
42 36 -5188970.0
42 37 -5192960.0
42 38 3162.88
42 39 -5184240.0
42 40 -5187250.0
42 43 -250.308
42 44 -1800.0
42 45 -5183380.0
42 46 -5188700.0
42 47 -5186540.0
42 48 -5189180.0
42 49 -5183990.0
42 50 -5190950.0
42 51 -5189750.0
43 52 -4650.0
43 2 -5190590.0
43 3 931.441
43 4 -5191490.0
43 5 -5191680.0
43 6 -5192670.0
43 7 -5187930.0
43 8 -5192050.0
43 9 -5185830.0
43 10 -5188610.0
43 11 -5191700.0
43 12 6294.62
43 13 -5189500.0
43 14 -5185300.0
43 15 -5190640.0
43 16 -5189670.0
43 17 -5189290.0
43 19 -5181750.0
43 20 -5188780.0
43 21 -5191440.0
43 22 -5190650.0
43 23 -5190220.0
43 24 -5190930.0
43 25 1452.5
43 26 -5189240.0
43 28 -5190420.0
43 29 -5184670.0
43 30 -5184440.0
43 31 -5186630.0
43 32 -5189380.0
43 33 -5191840.0
43 34 -5184270.0
43 35 -5170980.0
43 36 -5190160.0
43 37 -5192680.0
43 38 4412.88
43 39 -5185570.0
43 40 -5188090.0
43 42 -1590.0
43 44 -5187070.0
43 45 -5184780.0
43 46 -5188560.0
43 47 -5185210.0
43 48 -5190020.0
43 49 -5183570.0
43 50 -5190670.0
43 51 -5189330.0
44 52 -3950.0
44 2 -5189400.0
44 3 -798.559
44 4 -5191350.0
44 5 -5189510.0
44 6 -5190150.0
44 7 -5189890.0
44 8 -5191070.0
44 9 -5187860.0
44 10 -2080.0
44 11 -5191490.0
44 12 -5180650.0
44 13 -5187400.0
44 14 -5187330.0
44 15 -5187770.0
44 16 -5189180.0
44 17 -5190620.0
44 19 -5184200.0
44 20 -5188290.0
44 21 -5190880.0
44 22 -5188620.0
44 23 -5190430.0
44 24 -5189810.0
44 25 -5184170.0
44 26 -5189800.0
44 28 -5188390.0
44 29 -5182640.0
44 30 -5187100.0
44 31 -5183970.0
44 32 -5190360.0
44 33 -5191630.0
44 34 -5186580.0
44 35 -5170350.0
44 36 -5187360.0
44 37 -5192750.0
44 38 -5182250.0
44 39 257.589
44 40 -5186060.0
44 42 -1800.0
44 43 -5185730.0
44 45 1681.83
44 46 -5188630.0
44 47 -5187940.0
44 48 -5187990.0
44 49 -5184830.0
44 50 -5190880.0
44 51 -5189890.0
45 52 -5620.0
45 2 -5190660.0
45 3 -2048.56
45 4 -5192890.0
45 5 -5190210.0
45 6 -5190360.0
45 7 -5191640.0
45 8 -5192400.0
45 9 -5189540.0
45 10 -2980.0
45 11 -5193030.0
45 12 -5181980.0
45 13 -5188380.0
45 14 -5189010.0
45 15 -3810.0
45 16 -5190720.0
45 17 -5192440.0
45 19 -5185810.0
45 20 -5189830.0
45 21 -5192350.0
45 22 -5189390.0
45 23 -5192040.0
45 24 -5191140.0
45 25 -5185850.0
45 26 -5191550.0
45 28 -5189020.0
45 29 -5183410.0
45 30 -5188640.0
45 31 -5184110.0
45 32 -5192110.0
45 33 -5193170.0
45 34 -5188190.0
45 35 -5171890.0
45 36 -5187430.0
45 37 -5194360.0
45 38 -5183650.0
45 39 947.589
45 40 -5186900.0
45 42 -3120.0
45 43 -5187060.0
45 44 -1940.0
45 46 -5190310.0
45 47 -5189410.0
45 48 -5188900.0
45 49 -5186510.0
45 50 -5192490.0
45 51 -5191570.0
46 2 -5185830.0
46 3 -5188180.0
46 4 -5185890.0
46 5 -5188950.0
46 6 -5190780.0
46 7 -5186670.0
46 8 -5187010.0
46 9 -5185130.0
46 10 -5189240.0
46 11 -5186100.0
46 12 -5182960.0
46 13 -5188030.0
46 14 -5185860.0
46 15 -5190710.0
46 16 -1250.0
46 17 -5186280.0
46 19 -5183990.0
46 20 -5183390.0
46 21 -5185910.0
46 22 -5187570.0
46 23 -748.989
46 24 -5186380.0
46 25 -5185640.0
46 26 -468.989
46 28 -5187130.0
46 29 -5182010.0
46 30 -5187170.0
46 31 -5185580.0
46 32 -5185810.0
46 33 -5186240.0
46 34 -5185810.0
46 35 17303.2
46 36 -5189670.0
46 37 -5187150.0
46 38 -5184490.0
46 39 -5189420.0
46 40 -5185500.0
46 42 -5189870.0
46 43 -5188390.0
46 44 -5189800.0
46 45 -5187860.0
46 47 -5188430.0
46 48 -5188060.0
46 49 -5186160.0
46 50 -5185140.0
46 51 -5184220.0
47 52 -5060.0
47 2 -5190660.0
47 3 -5184960.0
47 4 -5190860.0
47 5 -5192450.0
47 6 -5193720.0
47 7 -5186250.0
47 8 -5191980.0
47 9 -5184080.0
47 10 -5189940.0
47 11 -5191210.0
47 12 4834.62
47 13 -5190410.0
47 14 -5183900.0
47 15 -5192040.0
47 16 -5189600.0
47 17 -5187890.0
47 19 3995.62
47 20 -5188500.0
47 21 -5191020.0
47 22 -5191280.0
47 23 -5189520.0
47 24 -5191000.0
47 25 -5183050.0
47 26 -5188400.0
47 28 -5191050.0
47 29 -5185370.0
47 30 1448.99
47 31 -5187820.0
47 32 -5188330.0
47 33 -5191350.0
47 34 1411.49
47 35 -5170980.0
47 36 -5191420.0
47 37 -5191980.0
47 38 3092.88
47 39 -5187460.0
47 40 -5188790.0
47 42 -5187350.0
47 43 -5184680.0
47 44 -5188750.0
47 45 -5186600.0
47 46 -5188070.0
47 48 -5190860.0
47 49 -5184200.0
47 50 -5189830.0
47 51 -5188420.0
48 52 -2770.0
48 2 -5185690.0
48 3 -5188250.0
48 4 -5188550.0
48 5 -5185520.0
48 6 -5186790.0
48 7 -5190380.0
48 8 -5187570.0
48 9 -5188630.0
48 10 -5186440.0
48 11 -5188690.0
48 12 -5183730.0
48 13 -318.949
48 14 -5188590.0
48 15 -5186790.0
48 16 -5187010.0
48 17 -5190340.0
48 19 -5186230.0
48 20 -5185630.0
48 21 -5187590.0
48 22 -5184490.0
48 23 -5188470.0
48 24 -5186450.0
48 25 -5186620.0
48 26 -5188610.0
48 28 -5184260.0
48 29 5431.21
48 30 -5189270.0
48 31 -5181380.0
48 32 -5189870.0
48 33 -5188970.0
48 34 -5188260.0
48 35 -5168110.0
48 36 -5185470.0
48 37 -5190230.0
48 38 -5185190.0
48 39 -5187670.0
48 40 2141.17
48 42 -5189450.0
48 43 -5188950.0
48 44 -5188260.0
48 45 -5185550.0
48 46 -5187160.0
48 47 -5190320.0
48 49 -5187070.0
48 50 -5188570.0
48 51 -5188210.0
49 2 -5189050.0
49 3 -108.559
49 4 -5190020.0
49 5 -5190420.0
49 6 -5191620.0
49 7 -5187160.0
49 8 -5190510.0
49 9 -5185130.0
49 10 -5187840.0
49 11 -5190230.0
49 12 5044.62
49 13 -5188310.0
49 14 -5184530.0
49 15 -5189940.0
49 16 -5188200.0
49 17 -5188170.0
49 19 -5181540.0
49 20 -5187240.0
49 21 -5189900.0
49 22 -5189320.0
49 23 -5188750.0
49 24 -5189390.0
49 25 2352.5
49 26 -5187840.0
49 28 -5189090.0
49 29 -5183410.0
49 30 -5184510.0
49 31 -5185720.0
49 32 -5188050.0
49 33 -5190300.0
49 34 -5183780.0
49 35 -5169440.0
49 36 -5189320.0
49 37 -5191210.0
49 38 3512.88
49 39 -5185990.0
49 40 -5186830.0
49 42 -5186020.0
49 43 -320.308
49 44 -5186860.0
49 45 -5184920.0
49 46 -5187020.0
49 47 -5185420.0
49 48 -5188830.0
49 50 -5189200.0
49 51 -5187930.0
50 52 -5690.0
50 2 -5186320.0
50 3 -5191400.0
50 4 80.0
50 5 -5190560.0
50 6 -5192670.0
50 7 -5188140.0
50 8 -5187220.0
50 9 -5186880.0
50 10 -5192250.0
50 11 -1320.0
50 12 -5186040.0
50 13 -5190690.0
50 14 -5188380.0
50 15 -5193440.0
50 16 -5187850.0
50 17 -5187470.0
50 19 -5186650.0
50 20 -5184510.0
50 21 -5184440.0
50 22 -5189180.0
50 23 -5185110.0
50 24 -5187850.0
50 25 -5188790.0
50 26 -5186090.0
50 28 -5188390.0
50 29 -5183830.0
50 30 -5189830.0
50 31 -5187890.0
50 32 -5187770.0
50 33 -1600.0
50 34 -5188400.0
50 35 -5169370.0
50 36 -5192120.0
50 37 -490.0
50 38 -5187570.0
50 39 -5192710.0
50 40 -5187530.0
50 42 -5193160.0
50 43 -5191540.0
50 44 -5193090.0
50 45 -5191080.0
50 46 -5186180.0
50 47 -5191230.0
50 48 -5190510.0
50 49 -5189380.0
50 51 -141.011
51 52 -4370.0
51 2 -5186460.0
51 3 -5189720.0
51 4 -5184980.0
51 5 -5190350.0
51 6 -5192320.0
51 7 -5186530.0
51 8 -5187500.0
51 9 -5185200.0
51 10 -5191130.0
51 11 -5185680.0
51 12 -5184360.0
51 13 -5189780.0
51 14 -5186630.0
51 15 -5192600.0
51 16 -5186870.0
51 17 -5185790.0
51 19 -5184900.0
51 20 -5184090.0
51 21 -5185490.0
51 22 -5188970.0
51 23 -58.9893
51 24 -5187570.0
51 25 -5187110.0
51 26 -338.989
51 28 -5188320.0
51 29 -5183480.0
51 30 -5188080.0
51 31 -5187260.0
51 32 -2080.0
51 33 -1880.0
51 34 -5186650.0
51 35 -5168390.0
51 36 -5191420.0
51 37 -1950.0
51 38 -5185890.0
51 39 -5191240.0
51 40 -5187040.0
51 42 -5191550.0
51 43 -5189790.0
51 44 -5191690.0
51 45 -5189750.0
51 46 -910.0
51 47 -5189410.0
51 48 -5189740.0
51 49 -5187700.0
51 50 270.0
52 2 0
52 3 0
52 4 0
52 5 0
52 6 0
52 7 0
52 8 0
52 9 0
52 10 0
52 11 0
52 12 0
52 13 0
52 14 0
52 15 0
52 16 0
52 17 0
52 18 0
52 19 0
52 20 0
52 21 0
52 22 0
52 23 0
52 24 0
52 25 0
52 26 0
52 27 0
52 28 0
52 29 0
52 30 0
52 31 0
52 32 0
52 33 0
52 34 0
52 35 0
52 36 0
52 37 0
52 38 0
52 39 0
52 40 0
52 41 0
52 42 0
52 43 0
52 44 0
52 45 0
52 46 0
52 47 0
52 48 0
52 49 0
52 50 0
52 51 0
2 1 0
3 1 0
4 1 0
5 1 0
6 1 0
7 1 0
8 1 0
9 1 0
10 1 0
11 1 0
12 1 0
13 1 0
14 1 0
15 1 0
16 1 0
17 1 0
18 1 0
19 1 0
20 1 0
21 1 0
22 1 0
23 1 0
24 1 0
25 1 0
26 1 0
27 1 0
28 1 0
29 1 0
30 1 0
31 1 0
32 1 0
33 1 0
34 1 0
35 1 0
36 1 0
37 1 0
38 1 0
39 1 0
40 1 0
41 1 0
42 1 0
43 1 0
44 1 0
45 1 0
46 1 0
47 1 0
48 1 0
49 1 0
50 1 0
51 1 0
52 1 0
