27 702
1
2
3
4
5
6
7
8
9
10
11
12
13
14
15
16
17
18
19
20
21
22
23
24
25
26
27
1 27 -0.0
1 2 -22160.0
1 3 -24140.0
1 4 -21740.0
1 5 -23440.0
1 6 -23060.0
1 7 -22230.0
1 8 -23690.0
1 9 -23580.0
1 10 -21890.0
1 11 -19050.0
1 12 -20990.0
1 13 -860.0
1 14 -20770.0
1 15 -23610.0
1 16 -19460.0
1 17 -22860.0
1 18 -21410.0
1 19 -21880.0
1 20 -24100.0
1 21 -21900.0
1 22 -23760.0
1 23 -23220.0
1 24 -23140.0
1 25 -19830.0
1 26 -21840.0
2 27 -2980.0
2 3 -4060.0
2 4 -4440.0
2 5 -2660.0
2 6 -5830.0
2 7 -3400.0
2 8 -5280.0
2 9 -5440.0
2 10 480.0
2 11 400.0
2 12 -3890.0
2 13 17900.0
2 14 -70.0
2 15 -6030.0
2 16 -1670.0
2 17 -1040.0
2 18 -1750.0
2 19 -4440.0
2 20 -6870.0
2 21 -3900.0
2 22 -5630.0
2 23 -4870.0
2 24 -1880.0
2 25 2890.0
2 26 -580.0
3 27 -4230.0
3 2 -3330.0
3 4 -3120.0
3 5 530.0
3 6 -5200.0
3 7 -6380.0
3 8 -2500.0
3 9 -2670.0
3 10 -1950.0
3 11 -2650.0
3 12 -3820.0
3 13 21090.0
3 14 -560.0
3 15 -7630.0
3 16 -3680.0
3 17 -1110.0
3 18 -5220.0
3 19 -2980.0
3 20 -7770.0
3 21 -6190.0
3 22 -7920.0
3 23 -1750.0
3 24 -210.0
3 25 -650.0
3 26 -4540.0
4 27 -5200.0
4 2 -7080.0
4 3 -6490.0
4 5 -5720.0
4 6 -2010.0
4 7 -6100.0
4 8 -3050.0
4 9 -2460.0
4 10 -6530.0
4 11 -4040.0
4 12 -1880.0
4 13 18870.0
4 14 -4860.0
4 15 -4440.0
4 16 -1180.0
4 17 -6810.0
4 18 -5770.0
4 19 -690.0
4 20 -4020.0
4 21 -4810.0
4 22 -5840.0
4 23 -2300.0
4 24 -6460.0
4 25 -4890.0
4 26 -6900.0
5 27 -5900.0
5 2 -4300.0
5 3 -1840.0
5 4 -4720.0
5 6 -6940.0
5 7 -7840.0
5 8 -3890.0
5 9 -4120.0
5 10 -2710.0
5 11 -4040.0
5 12 -5560.0
5 13 19570.0
5 14 -1810.0
5 15 -9370.0
5 16 -5350.0
5 17 -1250.0
5 18 -6540.0
5 19 -4650.0
5 20 -9510.0
5 21 -7790.0
5 22 -9590.0
5 23 -3070.0
5 24 -140.0
5 25 -1210.0
5 26 -5580.0
6 27 -3190.0
6 2 -5140.0
6 3 -5240.0
6 4 1320.0
6 5 -4610.0
6 7 -4300.0
6 8 -2570.0
6 9 -2250.0
6 10 -4660.0
6 11 -2030.0
6 12 130.0
6 13 19570.0
6 14 -3190.0
6 15 -3400.0
6 16 140.0
6 17 -5210.0
6 18 -3830.0
6 19 280.0
6 20 -3050.0
6 21 -3140.0
6 22 -4450.0
6 23 -2030.0
6 24 -5000.0
6 25 -3010.0
6 26 -4890.0
7 27 -3610.0
7 2 -3960.0
7 3 -7670.0
7 4 -4020.0
7 5 -6760.0
7 6 -5550.0
7 8 -7150.0
7 9 -7040.0
7 10 -4170.0
7 11 470.0
7 12 -3480.0
7 13 15540.0
7 14 -3820.0
7 15 -2010.0
7 16 2430.0
7 17 -5560.0
7 18 1520.0
7 19 -4920.0
7 20 -4160.0
7 21 -150.0
7 22 -1120.0
7 23 -6750.0
7 24 -6250.0
7 25 -930.0
7 26 -1070.0
8 27 -4440.0
8 2 -5210.0
8 3 -3160.0
8 4 -340.0
8 5 -2180.0
8 6 -3190.0
8 7 -6520.0
8 9 390.0
8 10 -4240.0
8 11 -3480.0
8 12 -2440.0
8 13 22480.0
8 14 -2570.0
8 15 -6520.0
8 16 -2850.0
8 17 -3960.0
8 18 -5910.0
8 19 -690.0
8 20 -6240.0
8 21 -5780.0
8 22 -7430.0
8 23 1030.0
8 24 -3270.0
8 25 -3010.0
8 26 -5930.0
9 27 -4510.0
9 2 -5550.0
9 3 -3510.0
9 4 70.0
9 5 -2590.0
9 6 -3050.0
9 7 -6590.0
9 8 210.0
9 10 -4520.0
9 11 -3620.0
9 12 -2370.0
9 13 22070.0
9 14 -2850.0
9 15 -6450.0
9 16 -2780.0
9 17 -4310.0
9 18 -5980.0
9 19 -480.0
9 20 -6040.0
9 21 -5710.0
9 22 -7300.0
9 23 960.0
9 24 -3680.0
9 25 -3290.0
9 26 -6140.0
10 27 -3400.0
10 2 -210.0
10 3 -3370.0
10 4 -4580.0
10 5 -1760.0
10 6 -6040.0
10 7 -4300.0
10 8 -5000.0
10 9 -5100.0
10 11 -500.0
10 12 -4170.0
10 13 18250.0
10 14 350.0
10 15 -6660.0
10 16 -2500.0
10 17 -70.0
10 18 -2650.0
10 19 -4440.0
10 20 -7420.0
10 21 -4670.0
10 22 -6460.0
10 23 -4460.0
10 24 -1040.0
10 25 2680.0
10 26 -1420.0
11 27 -1940.0
11 2 -1670.0
11 3 -5450.0
11 4 -3470.0
11 5 -4470.0
11 6 -4790.0
11 7 -1040.0
11 8 -5620.0
11 9 -5580.0
11 10 -1880.0
11 12 -2710.0
11 13 17340.0
11 14 -1530.0
11 15 -3670.0
11 16 690.0
11 17 -3200.0
11 18 130.0
11 19 -3880.0
11 20 -4860.0
11 21 -1540.0
11 22 -3200.0
11 23 -5150.0
11 24 -3890.0
11 25 1080.0
11 26 -30.0
12 27 -2220.0
12 2 -4300.0
12 3 -4960.0
12 4 350.0
12 5 -4330.0
12 6 -970.0
12 7 -3330.0
12 8 -2920.0
12 9 -2670.0
12 10 -3890.0
12 11 -1050.0
12 13 19430.0
12 14 -2430.0
12 15 -2980.0
12 16 690.0
12 17 -4520.0
12 18 -2860.0
12 19 -340.0
12 20 -2840.0
12 21 -2310.0
12 22 -3890.0
12 23 -2510.0
12 24 -4520.0
12 25 -2040.0
12 26 -3850.0
13 27 -4300.0
13 2 -4720.0
13 3 -2260.0
13 4 -1110.0
13 5 -1410.0
13 6 -3740.0
13 7 -6520.0
13 8 -210.0
13 9 -440.0
13 10 -3680.0
13 11 -3210.0
13 12 -2780.0
13 14 -1940.0
13 15 -6870.0
13 16 -3060.0
13 17 -3130.0
13 18 -5770.0
13 19 -1240.0
13 20 -6660.0
13 21 -5850.0
13 22 -7570.0
13 23 470.0
13 24 -2430.0
13 25 -2320.0
13 26 -5580.0
14 27 -2630.0
14 2 -1110.0
14 3 -2330.0
14 4 -3260.0
14 5 -1210.0
14 6 -4920.0
14 7 -4300.0
14 8 -3680.0
14 9 -3780.0
14 10 9.32232e-12
14 11 -500.0
14 12 -3060.0
14 13 19640.0
14 15 -6170.0
14 16 -2020.0
14 17 -420.0
14 18 -3000.0
14 19 -3120.0
14 20 -6590.0
14 21 -4320.0
14 22 -6180.0
14 23 -3140.0
14 24 -700.0
14 25 1290.0
14 26 -2250.0
15 27 -5130.0
15 2 -6730.0
15 3 -9060.0
15 4 -2500.0
15 5 -8430.0
15 6 -4790.0
15 7 -2150.0
15 8 -7290.0
15 9 -7040.0
15 10 -6670.0
15 11 -2300.0
15 12 -3270.0
15 13 15050.0
15 14 -5830.0
15 16 4300.0
15 17 -7920.0
15 18 -1680.0
15 19 -4510.0
15 20 -1940.0
15 21 -1060.0
15 22 -420.0
15 23 -6820.0
15 24 -8200.0
15 25 -4050.0
15 26 -4470.0
16 27 -4720.0
16 2 -6110.0
16 3 -8850.0
16 4 -2980.0
16 5 -8150.0
16 6 -4990.0
16 7 -1450.0
16 8 -7360.0
16 9 -7110.0
16 10 -6250.0
16 11 -1680.0
16 12 -3340.0
16 13 15120.0
16 14 -5420.0
16 15 560.0
16 17 -7500.0
16 18 -910.0
16 19 -4650.0
16 20 -2360.0
16 21 -500.0
16 22 340.0
16 23 -6890.0
16 24 -7850.0
16 25 -3360.0
16 26 -3710.0
17 27 -4510.0
17 2 -1870.0
17 3 -2670.0
17 4 -5000.0
17 5 -440.0
17 6 -6730.0
17 7 -5830.0
17 8 -4860.0
17 9 -5030.0
17 10 -210.0
17 11 -1960.0
17 12 -4940.0
17 13 18660.0
17 14 -210.0
17 15 -8050.0
17 16 -3890.0
17 18 -4310.0
17 19 -4850.0
17 20 -8540.0
17 21 -6120.0
17 22 -7920.0
17 23 -4250.0
17 24 410.0
17 25 1570.0
17 26 -3010.0
18 27 -4580.0
18 2 -4100.0
18 3 -8300.0
18 4 -5480.0
18 5 -7250.0
18 6 -6870.0
18 7 -270.0
18 8 -8330.0
18 9 -8220.0
18 10 -4310.0
18 11 -150.0
18 12 -4800.0
18 13 14500.0
18 14 -4310.0
18 15 -3330.0
18 16 1180.0
18 17 -5830.0
18 19 -6240.0
18 20 -5620.0
18 21 -1610.0
18 22 -2160.0
18 23 -7860.0
18 24 -6600.0
18 25 -580.0
18 26 -510.0
19 27 -3400.0
19 2 -5140.0
19 3 -4410.0
19 4 1250.0
19 5 -3710.0
19 6 -1110.0
19 7 -5060.0
19 8 -1460.0
19 9 -1070.0
19 10 -4450.0
19 11 -2510.0
19 12 -630.0
19 13 20680.0
19 14 -2780.0
19 15 -4510.0
19 16 -910.0
19 17 -4720.0
19 18 -4590.0
19 20 -4230.0
19 21 -4110.0
19 22 -5560.0
19 23 -980.0
19 24 -4310.0
19 25 -2940.0
19 26 -5300.0
20 27 -4160.0
20 2 -6110.0
20 3 -7740.0
20 4 -620.0
20 5 -7110.0
20 6 -2980.0
20 7 -2840.0
20 8 -5550.0
20 9 -5170.0
20 10 -5970.0
20 11 -2030.0
20 12 -1670.0
20 13 16720.0
20 14 -4790.0
20 15 -480.0
20 16 2840.0
20 17 -6950.0
20 18 -2510.0
20 19 -2770.0
20 21 -1470.0
20 22 -1950.0
20 23 -5080.0
20 24 -7150.0
20 25 -3640.0
20 26 -4680.0
21 27 -3260.0
21 2 -4440.0
21 3 -7460.0
21 4 -2710.0
21 5 -6690.0
21 6 -4370.0
21 7 -130.0
21 8 -6390.0
21 9 -6140.0
21 10 -4520.0
21 11 -10.0
21 12 -2440.0
21 13 16230.0
21 14 -3820.0
21 15 -900.0
21 16 3400.0
21 17 -5830.0
21 18 200.0
21 19 -3950.0
21 20 -2770.0
21 22 -630.0
21 23 -5980.0
21 24 -6320.0
21 25 -1690.0
21 26 -2180.0
22 27 -5060.0
22 2 -6110.0
22 3 -9130.0
22 4 -3680.0
22 5 -8430.0
22 6 -5620.0
22 7 -1040.0
22 8 -7980.0
22 9 -7670.0
22 10 -6250.0
22 11 -1610.0
22 12 -3960.0
22 13 14570.0
22 14 -5620.0
22 15 -200.0
22 16 4300.0
22 17 -7570.0
22 18 -290.0
22 19 -5340.0
22 20 -3190.0
22 21 -570.0
22 23 -7510.0
22 24 -8060.0
22 25 -3220.0
22 26 -3430.0
23 27 -4860.0
23 2 -5690.0
23 3 -3300.0
23 4 -480.0
23 5 -2250.0
23 6 -3540.0
23 7 -7010.0
23 8 140.0
23 9 250.0
23 10 -4590.0
23 11 -3900.0
23 12 -2920.0
23 13 22270.0
23 14 -2920.0
23 15 -6940.0
23 16 -3270.0
23 17 -4240.0
23 18 -6330.0
23 19 -1100.0
23 20 -6660.0
23 21 -6260.0
23 22 -7850.0
23 24 -3540.0
23 25 -3360.0
23 26 -6480.0
24 27 -4790.0
24 2 -2710.0
24 3 -1770.0
24 4 -4650.0
24 5 670.0
24 6 -6520.0
24 7 -6520.0
24 8 -4170.0
24 9 -4400.0
24 10 -1180.0
24 11 -2650.0
24 12 -4940.0
24 13 19360.0
24 14 -490.0
24 15 -8330.0
24 16 -4240.0
24 17 410.0
24 18 -5080.0
24 19 -4440.0
24 20 -8740.0
24 21 -6610.0
24 22 -8410.0
24 23 -3550.0
24 25 460.0
24 26 -3920.0
25 27 -4510.0
25 2 -970.0
25 3 -5240.0
25 4 -6110.0
25 5 -3430.0
25 6 -7560.0
25 7 -4230.0
25 8 -6940.0
25 9 -7040.0
25 10 -490.0
25 11 -710.0
25 12 -5490.0
25 13 16440.0
25 14 -1530.0
25 15 -7210.0
25 16 -2780.0
25 17 -1460.0
25 18 -2090.0
25 19 -6100.0
25 20 -8260.0
25 21 -5010.0
25 22 -6600.0
25 23 -6400.0
25 24 -2570.0
25 26 -510.0
26 27 -4090.0
26 2 -2010.0
26 3 -6700.0
26 4 -5690.0
26 5 -5370.0
26 6 -7010.0
26 7 -1940.0
26 8 -7430.0
26 9 -7460.0
26 10 -2160.0
26 11 610.0
26 12 -4870.0
26 13 15610.0
26 14 -2640.0
26 15 -5200.0
26 16 -700.0
26 17 -3610.0
26 18 410.0
26 19 -6030.0
26 20 -6870.0
26 21 -3070.0
26 22 -4380.0
26 23 -7090.0
26 24 -4520.0
26 25 1920.0
27 2 0
27 3 0
27 4 0
27 5 0
27 6 0
27 7 0
27 8 0
27 9 0
27 10 0
27 11 0
27 12 0
27 13 0
27 14 0
27 15 0
27 16 0
27 17 0
27 18 0
27 19 0
27 20 0
27 21 0
27 22 0
27 23 0
27 24 0
27 25 0
27 26 0
2 1 0
3 1 0
4 1 0
5 1 0
6 1 0
7 1 0
8 1 0
9 1 0
10 1 0
11 1 0
12 1 0
13 1 0
14 1 0
15 1 0
16 1 0
17 1 0
18 1 0
19 1 0
20 1 0
21 1 0
22 1 0
23 1 0
24 1 0
25 1 0
26 1 0
27 1 0
