52 2359
1
2
3
4
5
6
7
8
9
10
11
12
13
14
15
16
17
18
19
20
21
22
23
24
25
26
27
28
29
30
31
32
33
34
35
36
37
38
39
40
41
42
43
44
45
46
47
48
49
50
51
52
1 52 -0.0
1 2 -21477.3
1 3 -20620.7
1 4 -16720.6
1 5 -17872.8
1 6 -21209.3
1 7 -22696.2
1 8 -21410.2
1 9 -24240.0
1 11 -20750.7
1 12 -20179.2
1 13 -21579.6
1 14 -22014.4
1 15 -20267.0
1 16 -20780.2
1 17 -22310.0
1 18 -21899.3
1 19 -22013.2
1 20 -22576.4
1 21 -23313.6
1 22 -24590.0
1 24 -21501.9
1 25 -23302.4
1 26 -23372.6
1 27 -22090.0
1 28 -21651.6
1 29 -22860.0
1 30 -22835.5
1 31 -21411.9
1 32 -22792.8
1 33 -21226.1
1 34 -23820.0
1 35 -20790.2
1 36 -21588.7
1 37 -24562.3
1 38 -21390.7
1 39 -22990.0
1 40 -22675.8
1 41 -21063.0
1 42 -22116.4
1 43 -22656.4
1 44 -24590.0
1 46 -21230.8
1 47 -20433.8
1 48 -23887.2
1 49 -22162.3
1 50 -24692.1
1 51 -21325.1
2 52 13416.3
2 3 -3320.71
2 4 1759.43
2 5 57.2199
2 6 -1059.34
2 7 -6086.17
2 8 -4450.19
2 9 -3190.0
2 11 -3870.66
2 12 -3499.21
2 13 -4909.6
2 14 -3534.42
2 15 -1236.97
2 16 1379.81
2 17 -5770.0
2 18 -5019.29
2 19 -1863.22
2 20 -1386.43
2 21 -4763.57
2 22 -1180.0
2 24 -3081.91
2 25 -3502.44
2 26 -5102.57
2 27 -4300.0
2 28 -4971.61
2 29 -5280.0
2 30 -2895.49
2 31 -4321.91
2 32 -2092.8
2 33 -4206.07
2 34 -5760.0
2 35 -3910.19
2 36 231.342
2 37 -6632.34
2 38 -4710.71
2 39 -1590.0
2 40 -2875.82
2 41 -2443.03
2 42 -716.364
2 43 -5776.42
2 44 -2010.0
2 46 -4620.79
2 47 -1813.83
2 48 -3737.2
2 49 -2082.27
2 50 -4682.15
2 51 -2005.11
3 52 15296.3
3 2 -2297.29
3 4 4679.43
3 5 747.22
3 6 -2519.34
3 7 -3106.17
3 8 -2370.19
3 9 -3880.0
3 11 -1920.66
3 12 450.793
3 13 -2059.6
3 14 -684.419
3 15 -1306.97
3 16 -1540.19
3 17 -2510.0
3 18 -919.292
3 19 -3463.22
3 20 -2566.43
3 21 -1923.57
3 22 -5410.0
3 24 -581.913
3 25 -4952.44
3 26 -4822.57
3 27 -3470.0
3 28 -2131.61
3 29 -1390.0
3 30 -4355.49
3 31 -221.913
3 32 -4312.8
3 33 -2396.07
3 34 -2420.0
3 35 -1480.19
3 36 -2758.66
3 37 -3162.34
3 38 -550.708
3 39 -4230.0
3 40 -4195.82
3 41 -2443.03
3 42 -2176.36
3 43 -1676.42
3 44 -4790.0
3 46 -870.793
3 47 -1953.83
3 48 -5467.2
3 49 -3612.27
3 50 -6282.15
3 51 -2775.11
4 52 10436.3
4 2 -5977.29
4 3 -4080.71
4 5 -4112.78
4 6 -7029.34
4 7 -6926.17
4 8 -7090.19
4 9 -5270.0
4 11 -6650.66
4 12 -3849.21
4 13 -6429.6
4 15 -5746.97
4 16 -5350.19
4 17 -6400.0
4 18 -3629.29
4 19 -8183.22
4 20 -5066.43
4 21 -2473.57
4 22 -8740.0
4 24 -3711.91
4 25 -9812.44
4 26 -9682.57
4 27 -8400.0
4 28 -6361.61
4 29 -3480.0
4 30 -9075.49
4 31 -4941.91
4 32 -9032.8
4 33 -7256.07
4 34 -2220.0
4 35 -5780.19
4 36 -6928.66
4 37 37.6638
4 38 -3460.71
4 39 -8540.0
4 40 -9055.82
4 41 -7033.03
4 42 -4746.36
4 43 -3486.42
4 44 -7150.0
4 46 -5040.79
4 47 -6743.83
4 48 -10257.2
4 49 -8332.27
4 50 -11072.1
4 51 -7495.11
5 52 13556.3
5 2 -3407.29
5 3 -3740.71
5 4 159.429
5 6 -2729.34
5 7 -1926.17
5 8 -840.19
5 9 -7290.0
5 11 -1580.66
5 12 -2739.21
5 13 -1849.6
5 14 -5334.42
5 15 -2966.97
5 16 -2920.19
5 17 -2580.0
5 18 -4179.29
5 19 -1863.22
5 20 -5546.43
5 21 -6573.57
5 22 -6240.0
5 24 -4891.91
5 25 -862.442
5 26 -242.569
5 27 -1380.0
5 28 -1431.61
5 29 -5840.0
5 30 -2195.49
5 31 -4461.91
5 32 -1402.8
5 33 -1216.07
5 34 -6870.0
5 35 609.81
5 36 -2758.66
5 37 -7532.34
5 38 -3460.71
5 39 -4020.0
5 40 -1285.82
5 41 -3213.03
5 42 -5016.36
5 43 -4596.42
5 44 -7080.0
5 46 -3440.79
5 47 -1953.83
5 48 -2137.2
5 49 -2432.27
5 50 -2532.15
5 51 -2355.11
6 52 14806.3
6 2 62.7061
6 3 -2420.71
6 4 1829.43
6 5 1857.22
6 7 -4286.17
6 8 -2650.19
6 9 -4160.0
6 11 -2200.66
6 12 -2249.21
6 13 -3239.6
6 14 -3394.42
6 15 -126.966
6 16 619.81
6 17 -4100.0
6 18 -3969.29
6 19 -543.224
6 20 -2286.43
6 21 -4553.57
6 22 -2910.0
6 24 -2671.91
6 25 -2382.44
6 26 -3432.57
6 27 -2560.0
6 28 -3241.61
6 29 -4590.0
6 30 -1575.49
6 31 -3351.91
6 32 -1262.8
6 33 -2466.07
6 34 -5410.0
6 35 -2100.19
6 36 431.342
6 37 -6282.34
6 38 -3530.71
6 39 -970.0
6 40 -1555.82
6 41 -783.034
6 42 -1686.36
6 43 -4666.42
6 44 -3540.0
6 46 -3300.79
6 47 56.1734
6 48 -2627.2
6 49 -632.273
6 50 -3572.15
6 51 -205.106
7 52 12586.3
7 2 -5697.29
7 3 -3740.71
7 4 1199.43
7 5 1927.22
7 6 -5019.34
7 8 -1330.19
7 9 -8330.0
7 11 -2480.66
7 12 -2179.21
7 13 -809.598
7 14 -4784.42
7 15 -4496.97
7 16 -4940.19
7 17 -490.0
7 18 -2789.29
7 19 -4853.22
7 20 -6866.43
7 21 -6293.57
7 22 -8740.0
7 24 -5101.91
7 25 -4192.44
7 26 -3642.57
7 27 -3610.0
7 28 98.3932
7 29 -5140.0
7 30 -5325.49
7 31 -4321.91
7 32 -4802.8
7 33 -2326.07
7 34 -6100.0
7 35 2199.81
7 36 -5328.66
7 37 -6142.34
7 38 -1800.71
7 39 -6660.0
7 40 -4685.82
7 41 -5013.03
7 42 -6406.36
7 43 -2646.42
7 44 -8880.0
7 46 -2610.79
7 47 -4033.83
7 48 -5607.2
7 49 -5212.27
7 50 -6002.15
7 51 -4785.11
8 52 14456.3
8 2 -3477.29
8 3 -2420.71
8 4 1619.43
8 5 3597.22
8 6 -2799.34
8 7 -746.173
8 9 -6660.0
8 11 -400.655
8 12 -1209.21
8 13 -49.5983
8 14 -3884.42
8 15 -2416.97
8 16 -2790.19
8 17 -910.0
8 18 -2449.29
8 19 -2633.22
8 20 -4996.43
8 21 -5253.57
8 22 -6520.0
8 24 -3711.91
8 25 -2662.44
8 26 -1982.57
8 27 -1450.0
8 28 228.393
8 29 -4310.0
8 30 -3105.49
8 31 -3071.91
8 32 -2852.8
8 33 -106.068
8 34 -5410.0
8 35 1439.81
8 36 -3108.66
8 37 -5872.34
8 38 -1730.71
8 39 -4370.0
8 40 -2605.82
8 41 -2933.03
8 42 -4536.36
8 43 -2856.42
8 44 -6870.0
8 46 -1780.79
8 47 -1813.83
8 48 -3667.2
8 49 -2992.27
8 50 -4262.15
8 51 -2495.11
9 10 2438.28
10 52 14526.3
10 2 -1397.29
10 3 -750.708
10 4 4949.43
10 5 -292.78
10 6 -2379.34
10 7 -4696.17
10 8 -3690.19
10 9 -2220.0
10 11 -3100.66
10 12 -1139.21
10 13 -3519.6
10 14 -274.419
10 15 -1166.97
10 16 -770.19
10 17 -4100.0
10 18 -2309.29
10 19 -3603.22
10 20 -1106.43
10 21 -1503.57
10 22 -4370.0
10 24 108.087
10 25 -5372.44
10 26 -5662.57
10 27 -4370.0
10 28 -3651.61
10 29 -2090.0
10 30 -4625.49
10 31 -1821.91
10 32 -4452.8
10 33 -3576.07
10 34 -2490.0
10 35 -3000.19
10 36 -2338.66
10 37 -3302.34
10 38 -2070.71
10 39 -3950.0
10 40 -4545.82
10 41 -2583.03
10 42 -716.364
10 43 -2996.42
10 44 -3400.0
10 46 -2400.79
10 47 -2233.83
10 48 -5747.2
10 49 -3752.27
10 50 -6692.15
10 51 -2985.11
11 52 15436.3
11 2 -2577.29
11 3 -1650.71
11 4 2379.43
11 5 3177.22
11 6 -2029.34
11 7 -1576.17
11 8 -80.1903
11 9 -5690.0
11 12 -519.207
11 13 -529.598
11 14 -3184.42
11 15 -1446.97
11 16 -1950.19
11 17 -1330.0
11 18 -2099.29
11 19 -2143.22
11 20 -3956.43
11 21 -4353.57
11 22 -5620.0
11 24 -2811.91
11 25 -2802.44
11 26 -2392.57
11 27 -1310.0
11 28 -461.607
11 29 -3680.0
11 30 -2755.49
11 31 -2241.91
11 32 -2652.8
11 33 33.9323
11 34 -4780.0
11 35 469.81
11 36 -2338.66
11 37 -5382.34
11 38 -1450.71
11 39 -3610.0
11 40 -2395.82
11 41 -1963.03
11 42 -3496.36
11 43 -2646.42
11 44 -5900.0
11 46 -1290.79
11 47 -983.827
11 48 -3597.2
11 49 -2432.27
11 50 -4332.15
11 51 -1735.11
12 52 15086.3
12 2 -3127.29
12 3 -200.708
12 4 4259.43
12 5 1097.22
12 6 -2999.34
12 7 -2196.17
12 8 -1810.19
12 9 -4860.0
12 11 -1440.66
12 13 -1159.6
12 14 -1314.42
12 15 -1926.97
12 16 -2370.19
12 17 -1540.0
12 18 -289.292
12 19 -3743.22
12 20 -3536.43
12 21 -2683.57
12 22 -6240.0
12 24 -1561.91
12 25 -4812.44
12 26 -4412.57
12 27 -3260.0
12 28 -1291.61
12 29 -1670.0
12 30 -4555.49
12 31 -711.913
12 32 -4452.8
12 33 -1976.07
12 34 -2770.0
12 35 -710.19
12 36 -3318.66
12 37 -3302.34
12 38 219.292
12 39 -4720.0
12 40 -4265.82
12 41 -2793.03
12 42 -3146.36
12 43 -916.416
12 44 -5760.0
12 46 169.207
12 47 -2233.83
12 48 -5537.2
12 49 -3892.27
12 50 -6212.15
12 51 -3055.11
13 52 14256.3
13 2 -3967.29
13 3 -2140.71
13 4 2249.43
13 5 2557.22
13 6 -3419.34
13 7 -256.173
13 8 -80.1903
13 9 -6660.0
13 11 -880.655
13 12 -589.207
13 14 -3464.42
13 15 -2826.97
13 16 -3270.19
13 17 60.0
13 18 -1679.29
13 19 -3463.22
13 20 -5136.43
13 21 -4833.57
13 22 -7010.0
13 24 -3501.91
13 25 -3632.44
13 26 -2952.57
13 27 -2360.0
13 28 788.393
13 29 -3820.0
13 30 -4075.49
13 31 -2721.91
13 32 -3762.8
13 33 -866.068
13 34 -4850.0
13 35 1439.81
13 36 -3728.66
13 37 -5172.34
13 38 -890.708
13 39 -5130.0
13 40 -3575.82
13 41 -3353.03
13 42 -4676.36
13 43 -1956.42
13 44 -7150.0
13 46 -1150.79
13 47 -2373.83
13 48 -4637.2
13 49 -3822.27
13 50 -5172.15
13 51 -3255.11
14 52 12656.3
14 2 -3757.29
14 3 -1930.71
14 4 7379.43
14 5 -2092.78
14 6 -4739.34
14 7 -5396.17
14 8 -5080.19
14 9 -3470.0
14 11 -4700.66
14 12 -1909.21
14 13 -4629.6
14 15 -3526.97
14 16 -3200.19
14 17 -4800.0
14 18 -2169.29
14 19 -5963.22
14 20 -3046.43
14 21 -183.573
14 22 -6590.0
14 24 -1421.91
14 25 -7592.44
14 26 -7602.57
14 27 -6310.0
14 28 -4631.61
14 29 -1670.0
14 30 -6855.49
14 31 -2861.91
14 32 -6742.8
14 33 -5176.07
14 34 -690.0
14 35 -4050.19
14 36 -4768.66
14 37 -1012.34
14 38 -1940.71
14 39 -6380.0
14 40 -6765.82
14 41 -4873.03
14 42 -2726.36
14 43 -2506.42
14 44 -5270.0
14 46 -3230.79
14 47 -4453.83
14 48 -8037.2
14 49 -6042.27
14 50 -8852.15
14 51 -5275.11
15 52 15576.3
15 2 -287.294
15 3 -1380.71
15 4 2939.43
15 5 1447.22
15 6 -299.345
15 7 -3936.17
15 8 -2440.19
15 9 -3470.0
15 11 -1790.66
15 12 -1349.21
15 13 -2819.6
15 14 -2354.42
15 16 409.81
15 17 -3550.0
15 18 -2999.29
15 19 -1583.22
15 20 -1666.43
15 21 -3513.57
15 22 -3400.0
15 24 -1631.91
15 25 -3222.44
15 26 -3852.57
15 27 -2700.0
15 28 -2891.61
15 29 -3480.0
15 30 -2475.49
15 31 -2311.91
15 32 -2302.8
15 33 -2256.07
15 34 -4300.0
15 35 -1960.19
15 36 -538.658
15 37 -5172.34
15 38 -2560.71
15 39 -2010.0
15 40 -2395.82
15 41 -503.034
15 42 -1266.36
15 43 -3756.42
15 44 -3470.0
15 46 -2470.79
15 47 -153.827
15 48 -3597.2
15 49 -1602.27
15 50 -4542.15
15 51 -895.106
16 52 13976.3
16 2 1242.71
16 3 -2700.71
16 4 2249.43
16 5 407.22
16 6 -639.345
16 7 -5466.17
16 8 -3900.19
16 9 -3050.0
16 11 -3380.66
16 12 -2879.21
16 13 -4349.6
16 14 -3114.42
16 15 -676.966
16 17 -5150.0
16 18 -4459.29
16 19 -1723.22
16 20 -1176.43
16 21 -4213.57
16 22 -1800.0
16 24 -2531.91
16 25 -3432.44
16 26 -4752.57
16 27 -3880.0
16 28 -4421.61
16 29 -4730.0
16 30 -2755.49
16 31 -3761.91
16 32 -2162.8
16 33 -3716.07
16 34 -5270.0
16 35 -3420.19
16 36 231.342
16 37 -6142.34
16 38 -4090.71
16 39 -1520.0
16 40 -2805.82
16 41 -1823.03
16 42 -506.364
16 43 -5216.42
16 44 -2220.0
16 46 -4000.79
16 47 -1263.83
16 48 -3737.2
16 49 -1812.27
16 50 -4682.15
16 51 -1595.11
17 52 13626.3
17 2 -4727.29
17 3 -2490.71
17 4 2379.43
17 5 1927.22
17 6 -4179.34
17 7 163.827
17 8 -840.19
17 9 -7150.0
17 11 -1580.66
17 12 -869.207
17 13 160.402
17 14 -3534.42
17 15 -3456.97
17 16 -3970.19
17 18 -1609.29
17 19 -4293.22
17 20 -5686.43
17 21 -4973.57
17 22 -7770.0
17 24 -3921.91
17 25 -4262.44
17 26 -3642.57
17 27 -3120.0
17 28 718.393
17 29 -3890.0
17 30 -4835.49
17 31 -3071.91
17 32 -4592.8
17 33 -1636.07
17 34 -4920.0
17 35 1439.81
17 36 -4498.66
17 37 -5032.34
17 38 -620.708
17 39 -5830.0
17 40 -4335.82
17 41 -4113.03
17 42 -5296.36
17 43 -1606.42
17 44 -7840.0
17 46 -1360.79
17 47 -3203.83
17 48 -5397.2
17 49 -4652.27
17 50 -5932.15
17 51 -3955.11
18 52 13836.3
18 2 -4177.29
18 3 -1100.71
18 4 4949.43
18 5 127.22
18 6 -4249.34
18 7 -2336.17
18 8 -2580.19
18 9 -5550.0
18 11 -2550.66
18 12 180.793
18 13 -1779.6
18 14 -1104.42
18 15 -3106.97
18 16 -3480.19
18 17 -1810.0
18 19 -4993.22
18 20 -4436.43
18 21 -2683.57
18 22 -7290.0
18 24 -2181.91
18 25 -5932.44
18 26 -5452.57
18 27 -4370.0
18 28 -1711.61
18 29 -1530.0
18 30 -5805.49
18 31 -1681.91
18 32 -5702.8
18 33 -2956.07
18 34 -2350.0
18 35 -1060.19
18 36 -4498.66
18 37 -2462.34
18 38 1189.29
18 39 -5970.0
18 40 -5445.82
18 41 -4043.03
18 42 -4046.36
18 43 333.584
18 44 -6730.0
18 46 -730.793
18 47 -3483.83
18 48 -6717.2
18 49 -5142.27
18 50 -7392.15
18 51 -4305.11
19 52 13836.3
19 2 -907.294
19 3 -3530.71
19 4 509.429
19 5 2557.22
19 6 -709.345
19 7 -4286.17
19 8 -2650.19
19 9 -5550.0
19 11 -2480.66
19 12 -3159.21
19 13 -3449.6
19 14 -4784.42
19 15 -1576.97
19 16 -630.19
19 17 -4380.0
19 18 -4879.29
19 20 -3676.43
19 21 -5943.57
19 22 -3540.0
19 24 -4061.91
19 25 -932.442
19 26 -2462.57
19 27 -2220.0
19 28 -3381.61
19 29 -5770.0
19 30 -115.486
19 31 -4461.91
19 32 127.199
19 33 -2536.07
19 34 -6660.0
19 35 -1890.19
19 36 -118.658
19 37 -7532.34
19 38 -4300.71
19 39 -1380.0
19 40 -105.825
19 41 -1963.03
19 42 -3076.36
19 43 -5566.42
19 44 -4720.0
19 46 -4070.79
19 47 -703.827
19 48 -1237.2
19 49 137.727
19 50 -2182.15
19 51 -625.106
20 52 13486.3
20 2 -217.294
20 3 -2420.71
20 4 3839.43
20 5 -912.78
20 6 -2239.34
20 7 -6086.17
20 8 -4800.19
20 9 -1180.0
20 11 -4080.66
20 12 -2739.21
20 13 -4909.6
20 14 -1654.42
20 15 -1446.97
20 16 129.81
20 17 -5560.0
20 18 -4109.29
20 19 -3463.22
20 21 -2893.57
20 22 -2910.0
20 24 -1631.91
20 25 -5302.44
20 26 -6212.57
20 27 -5130.0
20 28 -5041.61
20 29 -3890.0
20 30 -4425.49
20 31 -3421.91
20 32 -4032.8
20 33 -4616.07
20 34 -4090.0
20 35 -4250.19
20 36 -1648.66
20 37 -4822.34
20 38 -3810.71
20 39 -3330.0
20 40 -4475.82
20 41 -2933.03
20 42 1023.64
20 43 -4736.42
20 44 -1660.0
20 46 -4000.79
20 47 -2513.83
20 48 -5537.2
20 49 -3542.27
20 50 -6422.15
20 51 -3055.11
21 52 13076.3
21 2 -3267.29
21 3 -1450.71
21 4 6759.43
21 5 -1612.78
21 6 -4179.34
21 7 -5186.17
21 8 -4730.19
21 9 -3120.0
21 11 -4150.66
21 12 -1559.21
21 13 -4279.6
21 14 1535.58
21 15 -2966.97
21 16 -2580.19
21 17 -4520.0
21 18 -2029.29
21 19 -5403.22
21 20 -2566.43
21 22 -6040.0
21 24 -931.913
21 25 -7042.44
21 26 -7112.57
21 27 -5760.0
21 28 -4281.61
21 29 -1460.0
21 30 -6365.49
21 31 -2441.91
21 32 -6192.8
21 33 -4756.07
21 34 -900.0
21 35 -3700.19
21 36 -4148.66
21 37 -1562.34
21 38 -1800.71
21 39 -5760.0
21 40 -6215.82
21 41 -4253.03
21 42 -2176.36
21 43 -2506.42
21 44 -4790.0
21 46 -2820.79
21 47 -3903.83
21 48 -7487.2
21 49 -5492.27
21 50 -8362.15
21 51 -4715.11
22 52 12236.3
22 2 752.706
22 3 -4500.71
22 4 929.429
22 5 -842.78
22 6 -2099.34
22 7 -7196.17
22 8 -5560.19
22 9 -3740.0
22 11 -4980.66
22 12 -4679.21
22 13 -6019.6
22 14 -4434.42
22 15 -2416.97
22 16 269.81
22 17 -6880.0
22 18 -6199.29
22 19 -2563.22
22 20 -2146.43
22 21 -5603.57
22 24 -4131.91
22 25 -3912.44
22 26 -5932.57
22 27 -5340.0
22 28 -6081.61
22 29 -6390.0
22 30 -3585.49
22 31 -5501.91
22 32 -2372.8
22 33 -5316.07
22 34 -6730.0
22 35 -4950.19
22 36 -468.658
22 37 -7602.34
22 38 -5890.71
22 39 -2290.0
22 40 -3505.82
22 41 -3493.03
22 42 -1406.36
22 43 -6956.42
22 44 -1940.0
22 46 -5800.79
22 47 -2853.83
22 48 -4147.2
22 49 -2782.27
22 50 -5032.15
22 51 -2985.11
23 52 16126.3
23 2 -1537.29
23 3 -1310.71
23 4 2589.43
23 5 2697.22
23 6 -1059.34
23 7 -2616.17
23 8 -1050.19
23 9 -4790.0
23 11 -400.655
23 12 -729.207
23 13 -1439.6
23 14 -2834.42
23 15 -536.966
23 16 -910.19
23 17 -2300.0
23 18 -2379.29
23 19 -1583.22
23 20 -3116.43
23 21 -4003.57
23 22 -4650.0
23 24 -2251.91
23 25 -2732.44
23 26 -2742.57
23 27 -1450.0
23 28 -1501.61
23 29 -3480.0
23 30 -2335.49
23 31 -2101.91
23 32 -2232.8
23 33 -866.068
23 34 -4510.0
23 35 -570.19
23 36 -1438.66
23 37 -5312.34
23 38 -1870.71
23 39 -2770.0
23 40 -2045.82
23 41 -923.034
23 42 -2586.36
23 43 -3066.42
23 44 -4860.0
23 46 -1640.79
23 47 -83.8266
23 48 -3317.2
23 49 -1742.27
23 50 -4062.15
23 51 -965.106
24 52 14596.3
24 2 -1877.29
24 3 -400.708
24 4 5229.43
24 5 -222.78
24 6 -2589.34
24 7 -4286.17
24 8 -3480.19
24 9 -2700.0
24 11 -2900.66
24 12 -729.207
24 13 -3239.6
24 14 5.5814
24 15 -1376.97
24 16 -1190.19
24 17 -3760.0
24 18 -1819.29
24 19 -3813.22
24 20 -1596.43
24 21 -1223.57
24 22 -4860.0
24 25 -5512.44
24 26 -5662.57
24 27 -4370.0
24 28 -3311.61
24 29 -1600.0
24 30 -4765.49
24 31 -1401.91
24 32 -4662.8
24 33 -3436.07
24 34 -2080.0
24 35 -2660.19
24 36 -2688.66
24 37 -2952.34
24 38 -1590.71
24 39 -4230.0
24 40 -4685.82
24 41 -2723.03
24 42 -1266.36
24 43 -2506.42
24 44 -3950.0
24 46 -2050.79
24 47 -2373.83
24 48 -5887.2
24 49 -3892.27
24 50 -6832.15
24 51 -3185.11
25 52 10916.3
25 2 -4177.29
25 3 -6650.71
25 4 -2750.57
25 5 1927.22
25 6 -4179.34
25 7 -5256.17
25 8 -4310.19
25 9 -9020.0
25 11 -4770.66
25 12 -5859.21
25 13 -5249.6
25 14 -8044.42
25 15 -4846.97
25 16 -3970.19
25 17 -5980.0
25 18 -7449.29
25 19 -2563.22
25 20 -7146.43
25 21 -9213.57
25 22 -6520.0
25 24 -7391.91
25 26 -2602.57
25 27 -4230.0
25 28 -4831.61
25 29 -8820.0
25 30 -2615.49
25 31 -7441.91
25 32 197.199
25 33 -4546.07
25 34 -9850.0
25 35 -2590.19
25 36 -3318.66
25 37 -10592.3
25 38 -6730.71
25 39 -4650.0
25 40 -1555.82
25 41 -5223.03
25 42 -6546.36
25 43 -7926.42
25 44 -8050.0
25 46 -6570.79
25 47 -3833.83
25 48 -607.199
25 49 -3332.27
25 50 37.8541
25 51 -3955.11
26 52 13076.3
26 2 -3547.29
26 3 -4290.71
26 4 -390.571
26 5 4777.22
26 6 -2999.34
26 7 -2476.17
26 8 -1400.19
26 9 -7630.0
26 11 -2130.66
26 12 -3229.21
26 13 -2339.6
26 14 -5824.42
26 15 -3246.97
26 16 -3060.19
26 17 -3130.0
26 18 -4739.29
26 19 -1863.22
26 20 -5826.43
26 21 -7053.57
26 22 -6310.0
26 24 -5311.91
26 25 -372.442
26 27 -1730.0
26 28 -1921.61
26 29 -6390.0
26 30 -1995.49
26 31 -5011.91
26 32 -1052.8
26 33 -1776.07
26 34 -7420.0
26 35 189.81
26 36 -2758.66
26 37 -8092.34
26 38 -4020.71
26 39 -4020.0
26 40 -1075.82
26 41 -3493.03
26 42 -5296.36
26 43 -5216.42
26 44 -7220.0
26 46 -3930.79
26 47 -2163.83
26 48 -1787.2
26 49 -2432.27
26 50 -2042.15
26 51 -2495.11
27 23 439.345
28 52 13766.3
28 2 -4447.29
28 3 -2630.71
28 4 1899.43
28 5 2557.22
28 6 -3839.34
28 7 233.827
28 8 -220.19
28 9 -7150.0
28 11 -1230.66
28 12 -1139.21
28 13 370.402
28 14 -3884.42
28 15 -3316.97
28 16 -3760.19
28 17 200.0
28 18 -2029.29
28 19 -3813.22
28 20 -5686.43
28 21 -5253.57
28 22 -7490.0
28 24 -3991.91
28 25 -3632.44
28 26 -2952.57
28 27 -2630.0
28 29 -4170.0
28 30 -4285.49
28 31 -3211.91
28 32 -4032.8
28 33 -1146.07
28 34 -5270.0
28 35 1859.81
28 36 -4148.66
28 37 -5522.34
28 38 -1170.71
28 39 -5480.0
28 40 -3715.82
28 41 -3833.03
28 42 -5226.36
28 43 -2166.42
28 44 -7700.0
28 46 -1570.79
28 47 -2853.83
28 48 -4777.2
28 49 -4172.27
28 50 -5242.15
28 51 -3605.11
29 52 13836.3
29 2 -3477.29
29 4 6059.43
29 5 -572.78
29 6 -3909.34
29 7 -3726.17
29 8 -3480.19
29 9 -4160.0
29 11 -3170.66
29 12 -239.207
29 13 -2959.6
29 14 355.581
29 15 -2626.97
29 16 -2790.19
29 17 -3130.0
29 19 -4923.22
29 20 -3256.43
29 21 -1153.57
29 22 -6520.0
29 24 -1001.91
29 25 -6342.44
29 26 -6142.57
29 27 -4860.0
29 28 -2891.61
29 30 -5875.49
29 31 -1401.91
29 32 -5772.8
29 33 -3646.07
29 34 -970.0
29 35 -2380.19
29 36 -4148.66
29 37 -1702.34
29 38 -340.708
29 39 -5620.0
29 40 -5655.82
29 41 -3833.03
29 42 -2936.36
29 43 -986.416
29 44 -5550.0
29 46 -1500.79
29 47 -3413.83
29 48 -6927.2
29 49 -5072.27
29 50 -7672.15
29 51 -4235.11
30 52 13556.3
30 2 -1397.29
30 3 -3880.71
30 4 159.429
30 5 2767.22
30 6 -1199.34
30 7 -4216.17
30 8 -2580.19
30 9 -5970.0
30 11 -2550.66
30 12 -3429.21
30 13 -3519.6
30 14 -5134.42
30 15 -1926.97
30 16 -1120.19
30 17 -4380.0
30 18 -5149.29
30 19 426.776
30 20 -4096.43
30 21 -6363.57
30 22 -4020.0
30 24 -4471.91
30 25 -442.442
30 26 -2052.57
30 27 -2220.0
30 28 -3311.61
30 29 -6180.0
30 31 -4741.91
30 32 407.199
30 33 -2536.07
30 34 -7010.0
30 35 -1750.19
30 36 -538.658
30 37 -7882.34
30 38 -4440.71
30 39 -1800.0
30 40 384.175
30 41 -2313.03
30 42 -3496.36
30 43 -5706.42
30 44 -5270.0
30 46 -4210.79
30 47 -983.827
30 48 -817.199
30 49 -352.273
30 50 -1632.15
30 51 -1035.11
31 52 15296.3
31 2 -2507.29
31 3 569.292
31 4 4609.43
31 5 817.22
31 6 -2659.34
31 7 -2896.17
31 8 -2230.19
31 9 -4160.0
31 11 -1720.66
31 12 730.793
31 13 -1849.6
31 14 -824.419
31 15 -1446.97
31 16 -1810.19
31 17 -2300.0
31 18 -709.292
31 19 -3603.22
31 20 -2776.43
31 21 -2123.57
31 22 -5620.0
31 24 -791.913
31 25 -4952.44
31 26 -4752.57
31 27 -3470.0
31 28 -1921.61
31 29 -1390.0
31 30 -4425.49
31 32 -4382.8
31 33 -2326.07
31 34 -2420.0
31 35 -1340.19
31 36 -2898.66
31 37 -3092.34
31 38 -340.708
31 39 -4440.0
31 40 -4265.82
31 41 -2583.03
31 42 -2446.36
31 43 -1466.42
31 44 -5130.0
31 46 -530.793
31 47 -2023.83
31 48 -5537.2
31 49 -3752.27
31 50 -6282.15
31 51 -2915.11
32 52 11826.3
32 2 -2367.29
32 3 -5610.71
32 4 -1570.57
32 5 1787.22
32 6 -2659.34
32 7 -5466.17
32 8 -4100.19
32 9 -7290.0
32 11 -4220.66
32 12 -5099.21
32 13 -4979.6
32 14 -6794.42
32 15 -3526.97
32 16 -2300.19
32 17 -5910.0
32 18 -6819.29
32 19 -1103.22
32 20 -5476.43
32 21 -7963.57
32 22 -4580.0
32 24 -6141.91
32 25 597.558
32 26 -2882.57
32 27 -3740.0
32 28 -4831.61
32 29 -7850.0
32 30 -1365.49
32 31 -6471.91
32 33 -4066.07
32 34 -8740.0
32 35 -2870.19
32 36 -1578.66
32 37 -9552.34
32 38 -6170.71
32 39 -2980.0
32 40 -515.825
32 41 -3973.03
32 42 -4816.36
32 43 -7436.42
32 44 -6240.0
32 46 -5940.79
32 47 -2783.83
32 48 152.801
32 49 -1882.27
32 50 -582.146
32 51 -2635.11
33 52 15016.3
33 2 -2857.29
33 3 -2070.71
33 4 1829.43
33 5 3597.22
33 6 -2239.34
33 7 -1366.17
33 8 269.81
33 9 -6110.0
33 11 89.3446
33 12 -999.207
33 13 -459.598
33 14 -3604.42
33 15 -1856.97
33 16 -2230.19
33 17 -1330.0
33 18 -2449.29
33 19 -2143.22
33 20 -4436.43
33 21 -4903.57
33 22 -5900.0
33 24 -3291.91
33 25 -2522.44
33 26 -1982.57
33 27 -1040.0
33 28 -321.607
33 29 -4100.0
33 30 -2685.49
33 31 -2791.91
33 32 -2442.8
33 34 -5200.0
33 35 879.81
33 36 -2548.66
33 37 -5732.34
33 38 -1730.71
33 39 -3810.0
33 40 -2255.82
33 41 -2243.03
33 42 -3976.36
33 43 -2926.42
33 44 -6310.0
33 46 -1640.79
33 47 -1193.83
33 48 -3387.2
33 49 -2502.27
33 50 -3992.15
33 51 -1875.11
34 52 12796.3
34 2 -4037.29
34 3 -1720.71
34 4 7239.43
34 5 -1682.78
34 6 -4809.34
34 7 -4766.17
34 8 -4660.19
34 9 -4160.0
34 11 -4350.66
34 12 -1419.21
34 13 -4069.6
34 14 1255.58
34 15 -3526.97
34 16 -3410.19
34 17 -4240.0
34 18 -1469.29
34 19 -5893.22
34 20 -3536.43
34 21 -673.573
34 22 -6940.0
34 24 -1561.91
34 25 -7452.44
34 26 -7252.57
34 27 -5970.0
34 28 -4071.61
34 29 -1050.0
34 30 -6785.49
34 31 -2511.91
34 32 -6742.8
34 33 -4826.07
34 35 -3490.19
34 36 -4908.66
34 37 -732.336
34 38 -1310.71
34 39 -6450.0
34 40 -6695.82
34 41 -4743.03
34 42 -3146.36
34 43 -1676.42
34 44 -5760.0
34 46 -2610.79
34 47 -4383.83
34 48 -7967.2
34 49 -6042.27
34 50 -8712.15
34 51 -5205.11
35 52 12796.3
35 2 -5217.29
35 3 -3810.71
35 4 649.429
35 5 2767.22
35 6 -4529.34
35 7 503.827
35 9 -8260.0
35 11 -2130.66
35 12 -2389.21
35 13 -809.598
35 14 -5134.42
35 15 -4216.97
35 16 -4590.19
35 17 -910.0
35 18 -3209.29
35 19 -4153.22
35 20 -6726.43
35 21 -6503.57
35 22 -8190.0
35 24 -5171.91
35 25 -3222.44
35 26 -2672.57
35 27 -2980.0
35 28 28.3932
35 29 -5490.0
35 30 -4555.49
35 31 -4461.91
35 32 -3902.8
35 33 -1776.07
35 34 -6520.0
35 36 -4768.66
35 37 -6702.34
35 38 -2350.71
35 39 -6040.0
35 40 -3785.82
35 41 -4603.03
35 42 -6266.36
35 43 -3276.42
35 44 -8540.0
35 46 -2820.79
35 47 -3483.83
35 48 -4707.2
35 49 -4582.27
35 50 -5032.15
35 51 -4165.11
36 52 13696.3
36 2 622.706
36 3 -3390.71
36 4 1199.43
36 5 1097.22
36 6 -299.345
36 7 -5326.17
36 8 -3690.19
36 9 -4300.0
36 11 -3240.66
36 12 -3299.21
36 13 -4279.6
36 14 -4154.42
36 15 -1096.97
36 16 759.81
36 17 -5150.0
36 18 -4949.29
36 19 -683.224
36 20 -2426.43
36 21 -5253.57
36 22 -2010.0
36 24 -3501.91
36 25 -2252.44
36 26 -3922.57
36 27 -3400.0
36 28 -4281.61
36 29 -5560.0
36 30 -1645.49
36 31 -4321.91
36 32 -912.801
36 33 -3506.07
36 34 -6240.0
36 35 -3070.19
36 37 -7052.34
36 38 -4570.71
36 39 -410.0
36 40 -1695.82
36 41 -1893.03
36 42 -1756.36
36 43 -5706.42
36 44 -3260.0
36 46 -4410.79
36 47 -1053.83
36 48 -2487.2
36 49 -902.273
36 50 -3432.15
36 51 -1105.11
37 52 10846.3
37 2 -6117.29
37 3 -3670.71
37 4 8289.43
37 5 -3552.78
37 6 -6889.34
37 7 -6016.17
37 8 -6330.19
37 9 -5830.0
37 11 -6160.66
37 12 -3159.21
37 13 -5599.6
37 14 -274.419
37 15 -5606.97
37 16 -5490.19
37 17 -5560.0
37 18 -2789.29
37 19 -7973.22
37 20 -5476.43
37 21 -2543.57
37 22 -9020.0
37 24 -3641.91
37 25 -9402.44
37 26 -9132.57
37 27 -7910.0
37 28 -5531.61
37 29 -2990.0
37 30 -8865.49
37 31 -4391.91
37 32 -8762.8
37 33 -6566.07
37 34 -1940.0
37 35 -4880.19
37 36 -6928.66
37 38 -2490.71
37 39 -8540.0
37 40 -8715.82
37 41 -6823.03
37 42 -5156.36
37 43 -2506.42
37 44 -7630.0
37 46 -4340.79
37 47 -6463.83
37 48 -9917.2
37 49 -8122.27
37 50 -10792.1
37 51 -7285.11
38 52 13766.3
38 2 -4447.29
38 3 -1310.71
38 4 4539.43
38 5 267.22
38 6 -4389.34
38 7 -1926.17
38 8 -2440.19
38 9 -5900.0
38 11 -2480.66
38 12 110.793
38 13 -1569.6
38 14 -1454.42
38 15 -3246.97
38 16 -3690.19
38 17 -1400.0
38 18 610.708
38 19 -4993.22
38 20 -4716.43
38 21 -3033.57
38 22 -7560.0
38 24 -2531.91
38 25 -5792.44
38 26 -5312.57
38 27 -4300.0
38 28 -1431.61
38 29 -1880.0
38 30 -5675.49
38 31 -1891.91
38 32 -5632.8
38 33 -2816.07
38 34 -2770.0
38 35 -780.19
38 36 -4698.66
38 37 -2742.34
38 39 -6040.0
38 40 -5445.82
38 41 -4183.03
38 42 -4326.36
38 43 403.584
38 44 -7010.0
38 46 -730.793
38 47 -3483.83
38 48 -6647.2
38 49 -5212.27
38 50 -7322.15
38 51 -4435.11
39 52 13836.3
39 2 342.706
39 3 -3320.71
39 4 1129.43
39 5 1377.22
39 6 -159.345
39 7 -5116.17
39 8 -3410.19
39 9 -4440.0
39 11 -2970.66
39 12 -3159.21
39 13 -4139.6
39 14 -4224.42
39 15 -1026.97
39 16 549.81
39 17 -4940.0
39 18 -4879.29
39 19 -403.224
39 20 -2566.43
39 21 -5323.57
39 22 -2290.0
39 24 -3501.91
39 25 -2042.44
39 26 -3642.57
39 27 -3120.0
39 28 -4071.61
39 29 -5490.0
39 30 -1365.49
39 31 -4321.91
39 32 -772.801
39 33 -3226.07
39 34 -6240.0
39 35 -2800.19
39 36 1131.34
39 37 -7122.34
39 38 -4370.71
39 40 -1355.82
39 41 -1753.03
39 42 -1966.36
39 43 -5636.42
39 44 -3470.0
39 46 -4210.79
39 47 -843.827
39 48 -2277.2
39 49 -562.273
39 50 -3222.15
39 51 -895.106
40 52 13146.3
40 2 -1947.29
40 3 -4290.71
40 4 -390.571
40 5 3107.22
40 6 -1749.34
40 7 -4146.17
40 8 -2650.19
40 9 -6590.0
40 11 -2760.66
40 12 -3709.21
40 13 -3589.6
40 14 -5614.42
40 15 -2416.97
40 16 -1740.19
40 17 -4450.0
40 18 -5359.29
40 19 -133.224
40 20 -4716.43
40 21 -6783.57
40 22 -4510.0
40 24 -4961.91
40 25 47.5581
40 26 -1702.57
40 27 -2290.0
40 28 -3311.61
40 29 -6530.0
40 30 -185.486
40 31 -5151.91
40 32 687.199
40 33 -2676.07
40 34 -7490.0
40 35 -1550.19
40 36 -1158.66
40 37 -8302.34
40 38 -4780.71
40 39 -2360.0
40 41 -2793.03
40 42 -4116.36
40 43 -5986.42
40 44 -5830.0
40 46 -4550.79
40 47 -1473.83
40 48 -267.199
40 49 -902.273
40 50 -1142.15
40 51 -1525.11
41 52 15706.3
41 2 -627.294
41 3 -1650.71
41 4 2519.43
41 5 2067.22
41 6 -89.3446
41 7 -3586.17
41 8 -2090.19
41 9 -4090.0
41 11 -1440.66
41 12 -1349.21
41 13 -2479.6
41 14 -2834.42
41 15 363.034
41 16 129.81
41 17 -3340.0
41 18 -3069.29
41 19 -1103.22
41 20 -2286.43
41 21 -3933.57
41 22 -3610.0
41 24 -2111.91
41 25 -2732.44
41 26 -3232.57
41 27 -2080.0
41 28 -2541.61
41 29 -3820.0
41 30 -1995.49
41 31 -2581.91
41 32 -1882.8
41 33 -1776.07
41 34 -4650.0
41 35 -1480.19
41 36 -468.658
41 37 -5522.34
41 38 -2630.71
41 39 -1870.0
41 40 -1905.82
41 42 -1756.36
41 43 -3826.42
41 44 -3950.0
41 46 -2400.79
41 47 336.173
41 48 -3177.2
41 49 -1182.27
41 50 -3992.15
41 51 -345.106
42 52 13416.3
42 2 -77.2939
42 3 -2560.71
42 4 3629.43
42 5 -912.78
42 6 -2169.34
42 7 -6156.17
42 8 -4870.19
42 9 -1310.0
42 11 -4150.66
42 12 -2879.21
42 13 -4979.6
42 14 -1864.42
42 15 -1576.97
42 16 269.81
42 17 -5700.0
42 18 -4249.29
42 19 -3393.22
42 20 493.573
42 21 -3033.57
42 22 -2700.0
42 24 -1831.91
42 25 -5232.44
42 26 -6212.57
42 27 -5130.0
42 28 -5111.61
42 29 -4100.0
42 30 -4355.49
42 31 -3621.91
42 32 -3902.8
42 33 -4686.07
42 34 -4230.0
42 35 -4320.19
42 36 -1508.66
42 37 -5032.34
42 38 -3950.71
42 39 -3260.0
42 40 -4405.82
42 41 -2933.03
42 43 -5006.42
42 44 -1450.0
42 46 -4140.79
42 47 -2513.83
42 48 -5467.2
42 49 -3472.27
42 50 -6352.15
42 51 -3055.11
43 45 -1730.0
44 52 12236.3
44 2 -77.2939
44 3 -3880.71
44 4 2519.43
44 5 -1682.78
44 6 -2729.34
44 7 -7336.17
44 8 -5910.19
44 9 -1940.0
44 11 -5260.66
44 12 -4199.21
44 13 -6159.6
44 14 -3114.42
44 15 -2486.97
44 16 -150.19
44 17 -6950.0
44 18 -5639.29
44 19 -3743.22
44 20 -896.427
44 21 -4353.57
44 22 -1940.0
44 24 -3221.91
44 25 -5442.44
44 26 -6842.57
44 27 -5970.0
44 28 -6291.61
44 29 -5420.0
44 30 -4835.49
44 31 -5011.91
44 32 -4032.8
44 33 -5726.07
44 34 -5550.0
44 35 -5300.19
44 36 -1718.66
44 37 -6212.34
44 38 -5340.71
44 39 -3470.0
44 40 -4825.82
44 41 -3833.03
44 42 -156.364
44 43 -6326.42
44 46 -5460.79
44 47 -3343.83
44 48 -5677.2
44 49 -3892.27
44 50 -6622.15
44 51 -3745.11
45 52 12866.3
45 2 -5487.29
45 3 -2630.71
45 4 3219.43
45 5 407.22
45 6 -5159.34
45 7 -746.173
45 8 -2230.19
45 9 -7290.0
45 11 -2760.66
45 12 -1069.21
45 13 -1229.6
45 14 -3044.42
45 15 -4286.97
45 16 -4730.19
45 17 -700.0
45 18 -919.292
45 19 -5543.22
45 20 -6036.43
45 21 -4623.57
45 22 -8540.0
45 24 -3921.91
45 25 -5722.44
45 26 -5102.57
45 27 -4510.0
45 28 -811.607
45 29 -3410.0
45 30 -6155.49
45 31 -3211.91
45 32 -5912.8
45 33 -2886.07
45 34 -4230.0
45 35 119.81
45 36 -5538.66
45 37 -3922.34
45 38 9.29175
45 39 -6870.0
45 40 -5725.82
45 41 -5013.03
45 42 -5646.36
45 43 -496.416
45 44 -8260.0
45 46 -1570.79
45 47 -4243.83
45 48 -6857.2
45 49 -5832.27
45 50 -7392.15
45 51 -5065.11
46 2 -3337.29
46 3 -610.708
46 4 3979.43
46 5 1307.22
46 6 -3139.34
46 7 -1716.17
46 8 -1470.19
46 9 -5270.0
46 11 -1300.66
46 12 1080.79
46 13 -809.598
46 14 -1724.42
46 15 -2136.97
46 16 -2580.19
46 17 -1120.0
46 18 -289.292
46 19 -3743.22
46 20 -3886.43
46 21 -3033.57
46 22 -6450.0
46 24 -1971.91
46 25 -4612.44
46 26 -4202.57
46 27 -3120.0
46 28 -811.607
46 29 -2020.0
46 30 -4425.49
46 31 -1061.91
46 32 -4382.8
46 33 -1706.07
46 34 -3050.0
46 35 -230.19
46 36 -3518.66
46 37 -3572.34
46 38 289.292
46 39 -4860.0
46 40 -4195.82
46 41 -2933.03
46 42 -3496.36
46 43 -846.416
46 44 -6110.0
46 47 -2233.83
46 48 -5467.2
46 49 -3962.27
46 50 -6142.15
46 51 -3185.11
47 52 15436.3
47 2 -837.294
47 3 -2000.71
47 4 1969.43
47 5 2487.22
47 6 -89.3446
47 7 -3446.17
47 8 -1810.19
47 9 -4580.0
47 11 -1300.66
47 12 -1629.21
47 13 -2339.6
47 14 -3254.42
47 15 -126.966
47 16 -150.19
47 17 -3270.0
47 18 -3349.29
47 19 -683.224
47 20 -2706.43
47 21 -4423.57
47 22 -3810.0
47 24 -2601.91
47 25 -2182.44
47 26 -2742.57
47 27 -1730.0
47 28 -2401.61
47 29 -4240.0
47 30 -1505.49
47 31 -2861.91
47 32 -1532.8
47 33 -1566.07
47 34 -5130.0
47 35 -1200.19
47 36 -468.658
47 37 -6002.34
47 38 -2770.71
47 39 -1800.0
47 40 -1425.82
47 41 -503.034
47 42 -2176.36
47 43 -4036.42
47 44 -4300.0
47 46 -2540.79
47 48 -2627.2
47 49 -832.273
47 50 -3502.15
47 51 4.89429
48 52 12026.3
48 2 -2717.29
48 3 -5470.71
48 4 -1500.57
48 5 2347.22
48 6 -2729.34
48 7 -4976.17
48 8 -3620.19
48 9 -7560.0
48 11 -3870.66
48 12 -4889.21
48 13 -4559.6
48 14 -6794.42
48 15 -3526.97
48 16 -2580.19
48 17 -5420.0
48 18 -6539.29
48 19 -1173.22
48 20 -5686.43
48 21 -7963.57
48 22 -5060.0
48 24 -6071.91
48 25 1087.56
48 26 -2322.57
48 27 -3330.0
48 28 -4281.61
48 29 -7710.0
48 30 -1295.49
48 31 -6331.91
48 32 1447.2
48 33 -3716.07
48 34 -8670.0
48 35 -2380.19
48 36 -1858.66
48 37 -9412.34
48 38 -5890.71
48 39 -3190.0
48 40 -175.825
48 41 -3973.03
48 42 -5086.36
48 43 -7096.42
48 44 -6590.0
48 46 -5730.79
48 47 -2583.83
48 49 -1882.27
48 50 -102.146
48 51 -2635.11
49 52 14116.3
49 2 -697.294
49 3 -3250.71
49 4 789.429
49 5 2417.22
49 6 -369.345
49 7 -4216.17
49 8 -2580.19
49 9 -5200.0
49 11 -2340.66
49 12 -2879.21
49 13 -3379.6
49 14 -4434.42
49 15 -1166.97
49 16 -290.19
49 17 -4310.0
49 18 -4599.29
49 19 566.776
49 20 -3326.43
49 21 -5603.57
49 22 -3330.0
49 24 -3711.91
49 25 -1272.44
49 26 -2602.57
49 27 -2220.0
49 28 -3311.61
49 29 -5490.0
49 30 -465.486
49 31 -4181.91
49 32 -222.801
49 33 -2466.07
49 34 -6380.0
49 35 -1890.19
49 36 91.3425
49 37 -7252.34
49 38 -4090.71
49 39 -1110.0
49 40 -445.825
49 41 -1613.03
49 42 -2726.36
49 43 -5286.42
49 44 -4440.0
49 46 -3860.79
49 47 -423.827
49 48 -1517.2
49 50 -2462.15
49 51 -345.106
50 52 11336.3
50 2 -3547.29
50 3 -6170.71
50 4 -2200.57
50 5 2067.22
50 6 -3559.34
50 7 -5256.17
50 8 -4100.19
50 9 -8400.0
50 11 -4490.66
50 12 -5449.21
50 13 -4979.6
50 14 -7494.42
50 15 -4356.97
50 16 -3410.19
50 17 -5840.0
50 18 -7099.29
50 19 -2003.22
50 20 -6456.43
50 21 -8723.57
50 22 -5830.0
50 24 -6901.91
50 25 1847.56
50 26 -2462.57
50 27 -3880.0
50 28 -4631.61
50 29 -8340.0
50 30 -1995.49
50 31 -6961.91
50 32 827.199
50 33 -4206.07
50 34 -9300.0
50 35 -2590.19
50 36 -2688.66
50 37 -10172.3
50 38 -6450.71
50 39 -4020.0
50 40 -935.825
50 41 -4673.03
50 42 -5856.36
50 43 -7646.42
50 44 -7420.0
50 46 -6290.79
50 47 -3343.83
50 48 12.8013
50 49 -2712.27
50 51 -3395.11
51 52 14946.3
51 2 -627.294
51 3 -2420.71
51 4 1619.43
51 5 2487.22
51 6 50.6554
51 7 -3796.17
51 8 -2090.19
51 9 -4720.0
51 11 -1650.66
51 12 -2049.21
51 13 -2819.6
51 14 -3674.42
51 15 -466.966
51 16 -80.1903
51 17 -3620.0
51 18 -3769.29
51 19 -203.224
51 20 -2846.43
51 21 -4833.57
51 22 -3540.0
51 24 -3011.91
51 25 -1902.44
51 26 -2672.57
51 27 -1870.0
51 28 -2751.61
51 29 -4660.0
51 30 -1155.49
51 31 -3351.91
51 32 -982.801
51 33 -1846.07
51 34 -5550.0
51 35 -1480.19
51 36 -118.658
51 37 -6422.34
51 38 -3320.71
51 39 -1450.0
51 40 -1075.82
51 41 -783.034
51 42 -2316.36
51 43 -4526.42
51 44 -4300.0
51 46 -3090.79
51 47 406.173
51 48 -2277.2
51 49 -352.273
51 50 -3152.15
52 2 0
52 3 0
52 4 0
52 5 0
52 6 0
52 7 0
52 8 0
52 9 0
52 10 0
52 11 0
52 12 0
52 13 0
52 14 0
52 15 0
52 16 0
52 17 0
52 18 0
52 19 0
52 20 0
52 21 0
52 22 0
52 23 0
52 24 0
52 25 0
52 26 0
52 27 0
52 28 0
52 29 0
52 30 0
52 31 0
52 32 0
52 33 0
52 34 0
52 35 0
52 36 0
52 37 0
52 38 0
52 39 0
52 40 0
52 41 0
52 42 0
52 43 0
52 44 0
52 45 0
52 46 0
52 47 0
52 48 0
52 49 0
52 50 0
52 51 0
2 1 0
3 1 0
4 1 0
5 1 0
6 1 0
7 1 0
8 1 0
9 1 0
10 1 0
11 1 0
12 1 0
13 1 0
14 1 0
15 1 0
16 1 0
17 1 0
18 1 0
19 1 0
20 1 0
21 1 0
22 1 0
23 1 0
24 1 0
25 1 0
26 1 0
27 1 0
28 1 0
29 1 0
30 1 0
31 1 0
32 1 0
33 1 0
34 1 0
35 1 0
36 1 0
37 1 0
38 1 0
39 1 0
40 1 0
41 1 0
42 1 0
43 1 0
44 1 0
45 1 0
46 1 0
47 1 0
48 1 0
49 1 0
50 1 0
51 1 0
52 1 0
