52 2504
1
2
3
4
5
6
7
8
9
10
11
12
13
14
15
16
17
18
19
20
21
22
23
24
25
26
27
28
29
30
31
32
33
34
35
36
37
38
39
40
41
42
43
44
45
46
47
48
49
50
51
52
1 52 -0.0
1 2 -21600.0
1 3 -18472.3
1 4 -24450.0
1 5 -24141.2
1 6 -24240.0
1 7 -23620.0
1 8 -21177.5
1 9 -17995.5
1 10 -23225.7
1 11 -23270.0
1 12 -22160.0
1 13 -24307.5
1 14 -21626.2
1 15 -20777.1
1 16 -18332.5
1 17 -22656.2
1 18 -24040.0
1 19 -24450.0
1 20 -23604.7
1 21 -23060.0
1 22 -20868.7
1 23 -21177.5
1 24 -22640.0
1 25 -21787.4
1 26 -20920.5
1 27 -20990.0
1 28 -23270.0
1 29 -18843.4
1 30 -22960.8
1 31 -22211.2
1 32 -22590.8
1 33 -21431.2
1 34 -24660.0
1 35 -19748.8
1 36 -20770.0
1 37 -21455.4
1 39 -21950.0
1 40 -24590.0
1 41 -20150.0
1 42 -23996.9
1 43 -22640.0
1 44 -22020.0
1 45 -19548.8
1 46 -20538.8
1 47 -21470.5
1 48 -22664.5
1 49 -23213.8
1 50 -22418.8
1 51 -22014.5
2 52 13659.2
2 3 -5183880.0
2 4 -5189660.0
2 5 -5187110.0
2 6 -5189170.0
2 7 -5187230.0
2 8 -5183860.0
2 9 -5181330.0
2 10 -5188360.0
2 11 -5188470.0
2 12 -5187490.0
2 13 -5189470.0
2 14 -5184380.0
2 15 -5185580.0
2 16 -5183200.0
2 17 -5185350.0
2 18 -5186870.0
2 19 -5187000.0
2 20 -5186920.0
2 21 -5187210.0
2 22 -5185030.0
2 23 -5186160.0
2 24 -5187910.0
2 25 -737.385
2 26 -5183960.0
2 27 -5186110.0
2 28 -5187980.0
2 30 -5185720.0
2 31 -5187200.0
2 32 -5185420.0
2 33 -5185570.0
2 34 -5188540.0
2 35 -998.769
2 36 -5185680.0
2 37 -5184210.0
2 39 -1310.0
2 40 -5188540.0
2 41 -5184800.0
2 42 -5186830.0
2 43 -5186860.0
2 44 -5186650.0
2 45 -308.769
2 46 -5185870.0
2 47 -5185910.0
2 48 -5185140.0
2 49 -5187440.0
2 50 -5187490.0
2 51 -5187020.0
3 38 -2080.0
4 52 10809.2
4 2 -5189660.0
4 3 -5181990.0
4 5 -5192150.0
4 6 -1800.0
4 7 -5190800.0
4 8 -5188550.0
4 9 -5185600.0
4 10 -5188080.0
4 11 -1450.0
4 12 -5186300.0
4 13 -5186950.0
4 14 -5189770.0
4 15 -5181730.0
4 16 4517.54
4 17 -5189690.0
4 18 -5190790.0
4 19 -5191830.0
4 20 -5189580.0
4 21 -5190360.0
4 22 -5185030.0
4 23 -5187630.0
4 24 -1870.0
4 25 -5189990.0
4 26 -5188860.0
4 27 -5188000.0
4 28 -5189520.0
4 30 -5191040.0
4 31 -5188110.0
4 32 -5189410.0
4 33 -5188230.0
4 34 -5191900.0
4 35 -5187950.0
4 36 -5187780.0
4 37 -5188760.0
4 39 -5189380.0
4 40 -5188960.0
4 41 -5185920.0
4 42 -5192080.0
4 43 -5188120.0
4 44 -5187630.0
4 45 -5186560.0
4 46 -5185940.0
4 47 -5185140.0
4 48 -5190670.0
4 49 -5187160.0
4 50 1061.23
4 51 -5185830.0
5 52 10669.2
5 2 -5187560.0
5 3 -5186330.0
5 4 -5192600.0
5 6 -5192460.0
5 7 -5184990.0
5 8 -5186310.0
5 9 5624.54
5 10 -5189620.0
5 11 -5191550.0
5 12 -5190570.0
5 13 -5190730.0
5 14 -86.2308
5 15 -5188940.0
5 16 -5186560.0
5 17 -5187310.0
5 18 -5189320.0
5 19 -5188540.0
5 20 -5189860.0
5 21 -5187000.0
5 22 -5188460.0
5 23 -5187350.0
5 24 -5190990.0
5 25 -5186420.0
5 26 3399.54
5 27 -5187930.0
5 28 -5188470.0
5 30 659.231
5 31 -5188390.0
5 32 -5187940.0
5 33 -5189000.0
5 34 -5186790.0
5 35 -5187740.0
5 36 -5188970.0
5 37 -5186730.0
5 39 -5188610.0
5 40 -5191900.0
5 41 -5184940.0
5 42 -26.9231
5 43 -5190290.0
5 44 -5190080.0
5 45 -5187610.0
5 46 -5187620.0
5 47 -5189340.0
5 48 -5184860.0
5 49 -5190870.0
5 50 -5190640.0
5 51 -5188070.0
6 52 11019.2
6 2 -5189170.0
6 3 -5182900.0
6 4 -1800.0
6 5 -5192010.0
6 7 -5191220.0
6 8 -5187640.0
6 9 -5185810.0
6 10 -5189060.0
6 11 -1380.0
6 12 -5186160.0
6 13 -5188490.0
6 14 -5189420.0
6 15 3462.92
6 16 5837.54
6 17 -5188570.0
6 18 -5189670.0
6 19 -5190920.0
6 20 -5188180.0
6 21 -5190710.0
6 22 -5183420.0
6 23 -5188190.0
6 24 -5185810.0
6 25 -5189710.0
6 26 -5188860.0
6 27 -5188350.0
6 28 -5190220.0
6 30 -5190830.0
6 31 -5188880.0
6 32 -5188360.0
6 33 -5187390.0
6 34 -5192320.0
6 35 -5187810.0
6 36 -5187360.0
6 37 -5187850.0
6 39 -5188540.0
6 40 -5187350.0
6 41 -5186830.0
6 42 -5191870.0
6 43 -5186930.0
6 44 -5186720.0
6 45 -5186000.0
6 46 -5186710.0
6 47 -5183600.0
6 48 -5190110.0
6 49 -5185550.0
6 50 1201.23
6 51 -5187090.0
7 52 9559.23
7 2 -5189310.0
7 3 -5186330.0
7 4 -5192880.0
7 5 -2741.23
7 6 -5193300.0
7 8 -5188760.0
7 9 6324.54
7 10 -5188710.0
7 11 -5192180.0
7 12 -5191270.0
7 13 -5189330.0
7 14 -5186550.0
7 15 -5189780.0
7 16 -5187330.0
7 17 -5189970.0
7 18 -5191840.0
7 19 -5191270.0
7 20 -5192100.0
7 21 -2770.0
7 22 -5190140.0
7 23 -5186930.0
7 24 -5191550.0
7 25 -5188240.0
7 26 1039.54
7 27 -5188140.0
7 28 -5187560.0
7 30 -5186280.0
7 31 -5187760.0
7 32 -5190390.0
7 33 -5190540.0
7 34 -1040.0
7 35 -5188790.0
7 36 -5190160.0
7 37 -5189110.0
7 39 -5190500.0
7 40 -5193720.0
7 41 -5183400.0
7 42 -5186970.0
7 43 -5191900.0
7 44 -5191410.0
7 45 -5188940.0
7 46 -5187340.0
7 47 -5190740.0
7 48 -5187730.0
7 49 -5192480.0
7 50 -5191200.0
7 51 -5186740.0
8 52 11989.2
8 2 -5185950.0
8 3 -5185420.0
8 4 -5190640.0
8 5 -5187950.0
8 6 -5189730.0
8 7 -5188770.0
8 9 -5182520.0
8 10 -5190180.0
8 11 -5189380.0
8 12 -5188540.0
8 13 -5191150.0
8 14 -5185080.0
8 15 -5186000.0
8 16 -5183690.0
8 17 -5183530.0
8 18 -1110.0
8 19 -1380.0
8 20 -5185520.0
8 21 -5188960.0
8 22 -5184680.0
8 23 -5188050.0
8 24 -5188960.0
8 25 -5186350.0
8 26 -5184870.0
8 27 -5187930.0
8 28 -5189870.0
8 30 -5186350.0
8 31 -5189090.0
8 32 329.231
8 33 -5186060.0
8 34 -5190080.0
8 35 -5186620.0
8 36 -5186870.0
8 37 1614.62
8 39 -1520.0
8 40 -5187910.0
8 41 -5186690.0
8 42 -5187530.0
8 43 -5186930.0
8 44 -5187140.0
8 45 -5185370.0
8 46 -5187620.0
8 47 -5185770.0
8 48 -5185000.0
8 49 -5187160.0
8 50 -5188260.0
8 51 -5188840.0
9 52 9489.23
9 2 -5189100.0
9 3 -5186890.0
9 4 -5193370.0
9 5 -1701.23
9 6 -5193580.0
9 7 630.0
9 8 -5188200.0
9 10 -5189550.0
9 11 -5192530.0
9 12 -5191550.0
9 13 -5190380.0
9 14 -5185920.0
9 15 -5190060.0
9 16 -5187610.0
9 17 -5189270.0
9 18 -5191210.0
9 19 -5190570.0
9 20 -5191680.0
9 21 -5187070.0
9 22 -5190000.0
9 23 -5187560.0
9 24 -5191900.0
9 25 -5187960.0
9 26 2079.54
9 27 -5188490.0
9 28 -5188330.0
9 30 -5185300.0
9 31 -5188460.0
9 32 -5189830.0
9 33 -5190470.0
9 34 -1870.0
9 35 -5188860.0
9 36 -5190230.0
9 37 -5188620.0
9 39 -5190220.0
9 40 -5193510.0
9 41 -5184380.0
9 42 -2176.92
9 43 -5191760.0
9 44 -5191410.0
9 45 -5188940.0
9 46 -5187970.0
9 47 -5190740.0
9 48 -5186890.0
9 49 -5192340.0
9 50 -5191550.0
9 51 -5187790.0
10 52 11709.2
10 2 -5188680.0
10 3 -5181990.0
10 4 -5188400.0
10 5 -5189490.0
10 6 -5189380.0
10 7 -5186950.0
10 8 -5188410.0
10 9 -5182100.0
10 11 -5188190.0
10 12 -5187700.0
10 13 -5184990.0
10 14 -5187880.0
10 15 -5185720.0
10 16 -5183340.0
10 17 -5189900.0
10 18 -5191280.0
10 19 -5191620.0
10 20 -5190770.0
10 21 -5187070.0
10 22 -5187480.0
10 23 -397.538
10 24 -5187770.0
10 25 -5188310.0
10 26 -5186060.0
10 27 -5185760.0
10 28 -1730.0
10 30 -5188730.0
10 31 -541.231
10 32 -5189830.0
10 33 -5188650.0
10 34 -5188190.0
10 35 -5186970.0
10 36 -5187850.0
10 37 -5188690.0
10 39 -5189380.0
10 40 -5191270.0
10 41 -5181720.0
10 42 -5189630.0
10 43 -5189520.0
10 44 -5188890.0
10 45 -5186700.0
10 46 521.231
10 47 -5187800.0
10 48 -5189200.0
10 49 -5189680.0
10 50 -5187000.0
10 51 1465.54
11 52 11989.2
11 2 -5188470.0
11 3 -5181710.0
11 4 -1450.0
11 5 -5191100.0
11 6 -1380.0
11 7 -5190100.0
11 8 -5187290.0
11 9 -5184760.0
11 10 -5187870.0
11 12 -1110.0
11 13 -5187510.0
11 14 -5188650.0
11 15 -5181730.0
11 16 -5179280.0
11 17 -5188430.0
11 18 -5189530.0
11 19 -5190570.0
11 20 -5188320.0
11 21 -5189590.0
11 22 -5183980.0
11 23 -5187000.0
11 24 -690.0
11 25 -5188870.0
11 26 -5187880.0
11 27 -5187160.0
11 28 -5189030.0
11 30 -5189990.0
11 31 -5187620.0
11 32 -5188150.0
11 33 -5186970.0
11 34 -5191200.0
11 35 -5186900.0
11 36 -5186590.0
11 37 -5187500.0
11 39 -5188120.0
11 40 -5187910.0
11 41 -5185570.0
11 42 -5191030.0
11 43 -5186860.0
11 44 -5186370.0
11 45 -5185370.0
11 46 -5185520.0
11 47 -5184160.0
11 48 -5189480.0
11 49 -5186180.0
11 50 791.231
11 51 -5185970.0
12 52 13099.2
12 2 -5187490.0
12 3 2507.69
12 4 -5186300.0
12 5 -5190120.0
12 6 -5186160.0
12 7 -5189190.0
12 8 -5186450.0
12 9 -5183780.0
12 10 -5187380.0
12 11 -1110.0
12 13 -5187510.0
12 14 -5187600.0
12 15 -5182640.0
12 16 -5180190.0
12 17 -5187660.0
12 18 -5188830.0
12 19 -5189730.0
12 20 -5187830.0
12 21 -5188680.0
12 22 -5183910.0
12 23 -5186230.0
12 24 -550.0
12 25 -5187820.0
12 26 -5186900.0
12 27 -5186250.0
12 28 -5188260.0
12 30 -5188940.0
12 31 -5186920.0
12 32 -5187450.0
12 33 -5186060.0
12 34 -5190290.0
12 35 -5185850.0
12 36 -1670.0
12 37 -5186660.0
12 39 -5187210.0
12 40 -5187840.0
12 41 -5184940.0
12 42 -5189980.0
12 43 -5186300.0
12 44 -1730.0
12 45 -5184390.0
12 46 -5184820.0
12 47 -5184230.0
12 48 -5188500.0
12 49 -5186180.0
12 50 -5184200.0
12 51 -5185690.0
13 52 9079.23
13 2 -5191340.0
13 3 357.692
13 4 -5188820.0
13 5 -5192150.0
13 6 -5190360.0
13 7 -5189120.0
13 8 -5190930.0
13 9 -5184480.0
13 10 -2655.69
13 11 -5189380.0
13 12 -5189380.0
13 14 -5190610.0
13 15 -5186490.0
13 16 -5184110.0
13 17 -5192420.0
13 18 -5193730.0
13 19 -5194210.0
13 20 -5193010.0
13 21 -5189660.0
13 22 -5189160.0
13 23 -5187070.0
13 24 -5189240.0
13 25 -5191040.0
13 26 -5188650.0
13 27 -5188420.0
13 28 -5188190.0
13 30 -5191460.0
13 31 -5187270.0
13 32 -5192280.0
13 33 -5190960.0
13 34 -5190500.0
13 35 -5189490.0
13 36 -5190160.0
13 37 -5191280.0
13 39 -5191830.0
13 40 -5193090.0
13 41 -5183750.0
13 42 -5192290.0
13 43 -5191550.0
13 44 -5190920.0
13 45 -5189010.0
13 46 -2048.77
13 47 -5189410.0
13 48 -5191930.0
13 49 -5191360.0
13 50 -5187630.0
13 51 1325.54
14 52 11919.2
14 2 -5186090.0
14 3 -5185490.0
14 4 -5191480.0
14 5 -1351.23
14 6 -5191130.0
14 7 -5186180.0
14 8 -5184700.0
14 9 -5179860.0
14 10 -5189270.0
14 11 -5190360.0
14 12 -5189310.0
14 13 -5190450.0
14 15 -5187540.0
14 16 -5185160.0
14 17 -5185770.0
14 18 -5187710.0
14 19 -5187070.0
14 20 -5188180.0
14 21 -5187070.0
14 22 -5186850.0
14 23 -5186930.0
14 24 -5189800.0
14 25 -1217.38
14 26 -5182210.0
14 27 -5187160.0
14 28 -5188400.0
14 30 179.231
14 31 -5188040.0
14 32 -5186330.0
14 33 -5187460.0
14 34 -5187700.0
14 35 -5186550.0
14 36 -5187640.0
14 37 -5185120.0
14 39 -5187000.0
14 40 -5190290.0
14 41 -5185080.0
14 42 -996.923
14 43 -5188750.0
14 44 -5188610.0
14 45 -5186210.0
14 46 -5187060.0
14 47 -5187800.0
14 48 195.538
14 49 -5189330.0
14 50 -5189450.0
14 51 -5187930.0
15 52 9909.23
15 2 -5190150.0
15 3 -5183810.0
15 4 -2360.0
15 5 -5193060.0
15 6 -1110.0
15 7 -5192270.0
15 8 -5188480.0
15 9 -5186860.0
15 10 -5189970.0
15 11 -2360.0
15 12 -5187210.0
15 13 -5189190.0
15 14 -5190400.0
15 16 6117.54
15 17 -5189200.0
15 18 -5190300.0
15 19 -5191620.0
15 20 -5188740.0
15 21 -5191760.0
15 22 -5183770.0
15 23 -5189240.0
15 24 -5186860.0
15 25 -5190690.0
15 26 -5189840.0
15 27 -5189330.0
15 28 -5191200.0
15 30 -5191810.0
15 31 -5189860.0
15 32 -5189060.0
15 33 -5188370.0
15 34 -5193370.0
15 35 -5188860.0
15 36 -5188340.0
15 37 -5188690.0
15 39 -5189450.0
15 40 -5187700.0
15 41 -5187810.0
15 42 -5192850.0
15 43 -5187770.0
15 44 -5187630.0
15 45 -5187050.0
15 46 -5187690.0
15 47 -5184090.0
15 48 -5191090.0
15 49 -5185970.0
15 50 651.231
15 51 -5187930.0
16 52 10329.2
16 2 -5189800.0
16 3 -5183460.0
16 4 -2080.0
16 5 -5192710.0
16 6 -760.0
16 7 -5191850.0
16 8 -5188200.0
16 9 -5186440.0
16 10 -5189620.0
16 11 -1940.0
16 12 -5186790.0
16 13 -5188840.0
16 14 -5190050.0
16 15 4092.92
16 17 -5188990.0
16 18 -5190090.0
16 19 -5191410.0
16 20 -5188530.0
16 21 -5191410.0
16 22 -5183630.0
16 23 -5188820.0
16 24 -5186510.0
16 25 -5190340.0
16 26 -5189490.0
16 27 -5188980.0
16 28 -5190850.0
16 30 -5191460.0
16 31 -5189440.0
16 32 -5188780.0
16 33 -5188020.0
16 34 -5192950.0
16 35 -5188440.0
16 36 -5187990.0
16 37 -5188410.0
16 39 -5189170.0
16 40 -5187560.0
16 41 -5187390.0
16 42 -5192500.0
16 43 -5187490.0
16 44 -5187350.0
16 45 -5186630.0
16 46 -5187340.0
16 47 -5183880.0
16 48 -5190740.0
16 49 -5185830.0
16 50 991.231
16 51 -5187580.0
17 52 10459.2
17 2 -5187490.0
17 3 -5186820.0
17 4 -5191830.0
17 5 -5189000.0
17 6 -5190710.0
17 7 -5190030.0
17 8 362.462
17 9 -5183640.0
17 10 -5191720.0
17 11 -5190570.0
17 12 -5189800.0
17 13 -5192690.0
17 14 -5186200.0
17 15 -5186770.0
17 16 -5184530.0
17 18 -700.0
17 19 -970.0
17 20 -5185380.0
17 21 -5190430.0
17 22 -5185100.0
17 23 -5189590.0
17 24 -5190220.0
17 25 -5187820.0
17 26 -5185920.0
17 27 -5189470.0
17 28 -5191410.0
17 30 -5187260.0
17 31 -5190630.0
17 32 259.231
17 33 -5187390.0
17 34 -5191480.0
17 35 -5188160.0
17 36 -5188270.0
17 37 154.615
17 39 -5186860.0
17 40 -5188120.0
17 41 -5188230.0
17 42 -5188510.0
17 43 -5187840.0
17 44 -5188260.0
17 45 -5186700.0
17 46 -5189160.0
17 47 -5186470.0
17 48 -5185700.0
17 49 -5187720.0
17 50 -5189310.0
17 51 -5190380.0
18 52 11019.2
18 2 -5187070.0
18 3 -5186120.0
18 4 -5190990.0
18 5 -5189070.0
18 6 -5189870.0
18 7 -5189960.0
18 8 782.462
18 9 -5183640.0
18 10 -5191160.0
18 11 -5189730.0
18 12 -5189030.0
18 13 -5192060.0
18 14 -5186200.0
18 15 -5185930.0
18 16 -5183690.0
18 17 1243.77
18 19 -1520.0
18 20 -744.692
18 21 -5190150.0
18 22 -5184260.0
18 23 -5189100.0
18 24 -5189450.0
18 25 -5187540.0
18 26 -5185990.0
18 27 -5188910.0
18 28 -5190920.0
18 30 -5187400.0
18 31 -5190070.0
18 32 959.231
18 33 -5186620.0
18 34 -5191270.0
18 35 -5187530.0
18 36 -5187570.0
18 37 634.615
18 39 -5186230.0
18 40 -5187350.0
18 41 -5187810.0
18 42 -5188650.0
18 43 -5187070.0
18 44 -5187490.0
18 45 -5186000.0
18 46 -5188530.0
18 47 -5185630.0
18 48 -5185910.0
18 49 -5186880.0
18 50 -5188470.0
18 51 -5189820.0
19 52 10809.2
19 2 -5187000.0
19 3 -5186610.0
19 4 -5191830.0
19 5 -5188090.0
19 6 -5190920.0
19 7 -5189190.0
19 8 712.462
19 9 -5182800.0
19 10 -5191300.0
19 11 -5190570.0
19 12 -5189730.0
19 13 -5192340.0
19 14 -5185360.0
19 15 -5187050.0
19 16 -5184810.0
19 17 1173.77
19 18 -1320.0
19 20 -5186010.0
19 21 -5189730.0
19 22 -5185520.0
19 23 -5189030.0
19 24 -5190150.0
19 25 -5187120.0
19 26 -5185080.0
19 27 -5188980.0
19 28 -5190780.0
19 30 -5186350.0
19 31 -5190140.0
19 32 -80.7692
19 33 -5187320.0
19 34 -5190710.0
19 35 -5187740.0
19 36 -5188060.0
19 37 364.615
19 39 -5186650.0
19 40 -5188680.0
19 41 -5187600.0
19 42 -5187600.0
19 43 -5188050.0
19 44 -5188330.0
19 45 -5186560.0
19 46 -5188740.0
19 47 -5186820.0
19 48 -5184790.0
19 49 -5188070.0
19 50 -5189450.0
19 51 -5189960.0
20 52 10879.2
20 2 -5187700.0
20 3 -5185840.0
20 4 -5190360.0
20 5 -5190190.0
20 6 -5188960.0
20 7 -5190800.0
20 8 -5184210.0
20 9 -5184690.0
20 10 -5191230.0
20 11 -5189100.0
20 12 -5188610.0
20 13 -5191920.0
20 14 -5187250.0
20 15 -5184950.0
20 16 -5182710.0
20 17 -76.2308
20 18 -1320.0
20 19 -5186790.0
20 21 -5190780.0
20 22 -5183140.0
20 23 -5189380.0
20 24 -5188890.0
20 25 -5188310.0
20 26 -5187110.0
20 27 -5189190.0
20 28 -5191340.0
20 30 -5188590.0
20 31 -5190350.0
20 32 -220.769
20 33 -5186550.0
20 34 -5192110.0
20 35 -5187810.0
20 36 -5187500.0
20 37 -405.385
20 39 -5186580.0
20 40 -2150.0
20 41 -5188160.0
20 42 -5189770.0
20 43 -5186440.0
20 44 -5187000.0
20 45 -5186000.0
20 46 -5188600.0
20 47 -5184580.0
20 48 -5187170.0
20 49 -5185760.0
20 50 -5187630.0
20 51 -5189820.0
21 52 12199.2
21 2 -5187210.0
21 3 -5183880.0
21 4 -5190360.0
21 5 -5186550.0
21 6 -5190710.0
21 7 -5184570.0
21 8 -5186870.0
21 9 -5179300.0
21 10 -5186750.0
21 11 -5189590.0
21 12 -5188680.0
21 13 -5187790.0
21 14 -5185360.0
21 15 -5187190.0
21 16 -5184810.0
21 17 -5188290.0
21 18 -5189950.0
21 19 -5189730.0
21 20 -5190000.0
21 22 -5187620.0
21 23 -607.538
21 24 -5189030.0
21 25 -5186280.0
21 26 -5183120.0
21 27 -1610.0
21 28 -1660.0
21 30 -5185930.0
21 31 -1581.23
21 32 -5188500.0
21 33 -5188160.0
21 34 -1730.0
21 35 -5186270.0
21 36 -5187640.0
21 37 -5187220.0
21 39 -5188330.0
21 40 -5191270.0
21 41 -5182140.0
21 42 -5186760.0
21 43 -5189450.0
21 44 -5188960.0
21 45 -5186420.0
21 46 -5184960.0
21 47 -5188220.0
21 48 -5186750.0
21 49 -5189960.0
21 50 -5188680.0
21 51 -5185200.0
22 52 11019.2
22 2 -5188400.0
22 3 -5184580.0
22 4 -5188400.0
22 5 -5191380.0
22 6 -5186790.0
22 7 -5191430.0
22 8 -5185960.0
22 9 -5185600.0
22 10 -5190530.0
22 11 -5187350.0
22 12 -5187280.0
22 13 -5190660.0
22 14 -5188510.0
22 15 -5182570.0
22 16 -5180400.0
22 17 -5186330.0
22 18 -5187430.0
22 19 -5188890.0
22 20 -5185730.0
22 21 -5190990.0
22 23 -5189030.0
22 24 -5187420.0
22 25 -5189080.0
22 26 -5188230.0
22 27 -5188910.0
22 28 -5191060.0
22 30 -5189920.0
22 31 -5189860.0
22 32 -5186260.0
22 33 -5186550.0
22 34 -5192530.0
22 35 -5187740.0
22 36 -5187220.0
22 37 -5186100.0
22 39 -5187350.0
22 40 -690.0
22 41 -5187880.0
22 42 -5191100.0
22 43 -1730.0
22 44 -2290.0
22 45 -5185720.0
22 46 -5187900.0
22 47 1659.54
22 48 -5188850.0
22 49 616.231
22 50 -5185530.0
22 51 -5188910.0
23 52 12889.2
23 2 -5187350.0
23 3 -5182340.0
23 4 -5188820.0
23 5 -5188090.0
23 6 -5189380.0
23 7 -5186040.0
23 8 -5187150.0
23 9 -5180980.0
23 10 -1265.69
23 11 -5188190.0
23 12 -5187420.0
23 13 -5186390.0
23 14 -5186410.0
23 15 -5185860.0
23 16 -5183410.0
23 17 -5188640.0
23 18 -5190090.0
23 19 -5190220.0
23 20 -5189790.0
23 21 -5185740.0
23 22 -5186850.0
23 24 -5187630.0
23 25 -5186910.0
23 26 -5184660.0
23 27 -570.0
23 28 -970.0
23 30 -5187330.0
23 31 18.7692
23 32 -5188640.0
23 33 -5187670.0
23 34 -5187210.0
23 35 -5185780.0
23 36 -5186940.0
23 37 -5187430.0
23 39 -5188190.0
23 40 -5190640.0
23 41 -5181720.0
23 42 -5188160.0
23 43 -5188750.0
23 44 -5188120.0
23 45 -5185790.0
23 46 651.231
23 47 -5187310.0
23 48 -5187730.0
23 49 -5189120.0
23 50 -5187210.0
23 51 -5183870.0
24 52 12619.2
24 2 -5187910.0
24 3 2577.69
24 4 -1870.0
24 5 -5190540.0
24 6 -1870.0
24 7 -5189470.0
24 8 -5186870.0
24 9 -5184130.0
24 10 -5187450.0
24 11 -690.0
24 12 -550.0
24 13 -5187370.0
24 14 -5188090.0
24 15 -5182290.0
24 16 -5179910.0
24 17 -5188080.0
24 18 -5189250.0
24 19 -5190150.0
24 20 -5188110.0
24 21 -5189030.0
24 22 -5184050.0
24 23 -5186440.0
24 25 -5188310.0
24 26 -5187320.0
24 27 -5186600.0
24 28 -5188470.0
24 30 -5189360.0
24 31 -5187130.0
24 32 -5187800.0
24 33 -5186480.0
24 34 -5190640.0
24 35 -5186270.0
24 36 -5186100.0
24 37 -5187080.0
24 39 -5187630.0
24 40 -5187980.0
24 41 -5185080.0
24 42 -5190400.0
24 43 -5186580.0
24 44 -5186020.0
24 45 -5184810.0
24 46 -5184960.0
24 47 -5184300.0
24 48 -5188990.0
24 49 -5186250.0
24 50 -5183780.0
24 51 -5185620.0
25 52 13239.2
25 2 -970.0
25 3 -5184230.0
25 4 -5190220.0
25 5 -5186200.0
25 6 -5189940.0
25 7 -5186390.0
25 8 -5184490.0
25 9 -5180420.0
25 10 -5188220.0
25 11 -5189100.0
25 12 -5188050.0
25 13 -5189400.0
25 14 263.769
25 15 -5186350.0
25 16 -5183970.0
25 17 -5185910.0
25 18 -5187570.0
25 19 -5187350.0
25 20 -5187760.0
25 21 -5186510.0
25 22 -5185940.0
25 23 -5185950.0
25 24 -5188540.0
25 26 -5183050.0
25 27 -5186040.0
25 28 -5187560.0
25 30 -5184950.0
25 31 -5186990.0
25 32 -5186120.0
25 33 -5186410.0
25 34 -5187700.0
25 35 -1348.77
25 36 -5186450.0
25 37 -5184840.0
25 39 -2220.0
25 40 -5189450.0
25 41 -5184380.0
25 42 -5186060.0
25 43 -5187770.0
25 44 -5187490.0
25 45 -5185020.0
25 46 -5185870.0
25 47 -5186750.0
25 48 -5184790.0
25 49 -5188350.0
25 50 -5188190.0
25 51 -5186880.0
26 52 10459.2
26 2 -5187840.0
26 3 -5186470.0
26 4 -5192740.0
26 5 -31.2308
26 6 -5192740.0
26 7 -5184640.0
26 8 -5186660.0
26 9 5974.54
26 10 -5189620.0
26 11 -5191760.0
26 12 -5190780.0
26 13 -5190660.0
26 14 -436.231
26 15 -5189150.0
26 16 -5186770.0
26 17 -5187660.0
26 18 -5189670.0
26 19 -5188960.0
26 20 -5190210.0
26 21 -5187000.0
26 22 -5188740.0
26 23 -5187350.0
26 24 -5191200.0
26 25 -5186700.0
26 27 -5188000.0
26 28 -5188470.0
26 30 309.231
26 31 -5188390.0
26 32 -5188290.0
26 33 -5189280.0
26 34 -5186580.0
26 35 -5187950.0
26 36 -5189250.0
26 37 -5187080.0
26 39 -5188890.0
26 40 -5192250.0
26 41 -5184870.0
26 42 -376.923
26 43 -5190640.0
26 44 -5190360.0
26 45 -5187890.0
26 46 -5187690.0
26 47 -5189620.0
26 48 -5185210.0
26 49 -5191150.0
26 50 -5190850.0
26 51 -5188070.0
27 52 13799.2
27 2 -5186580.0
27 3 -5182060.0
27 4 -5188470.0
27 5 -5187950.0
27 6 -5188820.0
27 7 -5186530.0
27 8 -5186310.0
27 9 -5181190.0
27 10 -5185910.0
27 11 -5187630.0
27 12 -5186720.0
27 13 -5187020.0
27 14 -5185920.0
27 15 -5185230.0
27 16 -5182850.0
27 17 -5187800.0
27 18 -5189180.0
27 19 -5189450.0
27 20 -5188880.0
27 21 -5186020.0
27 22 -5186010.0
27 23 152.462
27 24 -5187070.0
27 25 -5186280.0
27 26 -5184590.0
27 28 -5185810.0
27 30 -5186980.0
27 31 -881.231
27 32 -5187730.0
27 33 -5186760.0
27 34 -5187630.0
27 35 -928.769
27 36 -5186100.0
27 37 -5186590.0
27 39 -5187280.0
27 40 -5189730.0
27 41 -5182630.0
27 42 -5187950.0
27 43 -5187840.0
27 44 -5187280.0
27 45 -5184880.0
27 46 451.231
27 47 -5186540.0
27 48 -5187170.0
27 49 -5188280.0
27 50 -5186720.0
27 51 -5184570.0
28 52 11989.2
28 2 -5187980.0
28 3 -5183040.0
28 4 -5189520.0
28 5 -5188020.0
28 6 -5190220.0
28 7 -5185480.0
28 8 -5187780.0
28 9 -5180560.0
28 10 -1405.69
28 11 -5189030.0
28 12 -5188260.0
28 13 -5186320.0
28 14 -5186690.0
28 15 -5186630.0
28 16 -5184250.0
28 17 -5189270.0
28 18 -5190720.0
28 19 -5190780.0
28 20 -5190560.0
28 21 -1660.0
28 22 -5187690.0
28 23 222.462
28 24 -5188470.0
28 25 -5187330.0
28 26 -5184590.0
28 27 -5185340.0
28 30 -5187400.0
28 31 -331.231
28 32 -5189270.0
28 33 -5188510.0
28 34 -5186650.0
28 35 -5186550.0
28 36 -5187780.0
28 37 -5188130.0
28 39 -5188890.0
28 40 -5191480.0
28 41 3050.0
28 42 -5188230.0
28 43 -5189590.0
28 44 -5189030.0
28 45 -5186630.0
28 46 -5183980.0
28 47 -5188220.0
28 48 -5188080.0
28 49 -5190030.0
28 50 -5187980.0
28 51 -5183730.0
29 52 13379.2
29 2 -5187210.0
29 3 2717.69
29 4 -5186580.0
29 5 -5189770.0
29 6 -5186510.0
29 7 -5188770.0
29 8 -5186310.0
29 9 -5183360.0
29 10 -5187030.0
29 11 -1520.0
29 12 -480.0
29 13 -5187370.0
29 14 -5187320.0
29 15 -5182990.0
29 16 -5180610.0
29 17 -5187590.0
29 18 -5188830.0
29 19 -5189660.0
29 20 -5187900.0
29 21 -5188260.0
29 22 -5184190.0
29 23 -5185810.0
29 24 -900.0
29 25 -5187540.0
29 26 -5186550.0
29 27 -5185900.0
29 28 -5187910.0
29 30 -5188590.0
29 31 -5186570.0
29 32 -5187380.0
29 33 -5185990.0
29 34 -5189870.0
29 35 -5185500.0
29 36 -1460.0
29 37 -5186590.0
29 39 -5187070.0
29 40 -5188050.0
29 41 -5184520.0
29 42 -5189630.0
29 43 -5186440.0
29 44 -5185740.0
29 45 -5184180.0
29 46 -5184470.0
29 47 -5184510.0
29 48 -5188220.0
29 49 -5186390.0
29 50 -5184550.0
29 51 -5185410.0
30 52 10809.2
30 2 -5187210.0
30 3 -5186400.0
30 4 -5192530.0
30 5 -381.231
30 6 -5192320.0
30 7 -5185690.0
30 8 -5185750.0
30 9 -5179020.0
30 10 -5189900.0
30 11 -5191480.0
30 12 -5190430.0
30 13 -5191080.0
30 14 403.769
30 15 -5188730.0
30 16 -5186350.0
30 17 -5186610.0
30 18 -5188690.0
30 19 -5187840.0
30 20 -5189300.0
30 21 -5187420.0
30 22 -5188040.0
30 23 -5187630.0
30 24 -5190850.0
30 25 -5186210.0
30 26 2699.54
30 27 -5188000.0
30 28 -5188890.0
30 31 -5188670.0
30 32 -5187310.0
30 33 -5188650.0
30 34 -5187490.0
30 35 -5187670.0
30 36 -5188760.0
30 37 -5186170.0
30 39 -5188190.0
30 40 -5191410.0
30 41 -5185430.0
30 42 183.077
30 43 -5189940.0
30 44 -5189800.0
30 45 -5187400.0
30 46 -5187830.0
30 47 -5188990.0
30 48 -224.462
30 49 -5190520.0
30 50 -5190570.0
30 51 -5188490.0
31 52 12479.2
31 2 -5187770.0
31 3 -5182200.0
31 4 -5188680.0
31 5 -5188510.0
31 6 -5189450.0
31 7 -5186250.0
31 8 -5187570.0
31 9 -5181260.0
31 10 -785.692
31 11 -5188190.0
31 12 -5187490.0
31 13 -5185970.0
31 14 -5186900.0
31 15 -5185860.0
31 16 -5183410.0
31 17 -5189060.0
31 18 -5190440.0
31 19 -5190710.0
31 20 -5190140.0
31 21 -5186090.0
31 22 -5187060.0
31 23 642.462
31 24 -5187700.0
31 25 -5187330.0
31 26 -5185080.0
31 27 -980.0
31 28 -900.0
31 30 -5187750.0
31 32 -5188990.0
31 33 -5188020.0
31 34 -5187420.0
31 35 -5186130.0
31 36 -5187220.0
31 37 -5187850.0
31 39 -5188540.0
31 40 -5190850.0
31 41 -5181510.0
31 42 -5188580.0
31 43 -5189030.0
31 44 -5188400.0
31 45 -5186070.0
31 46 861.231
31 47 -5187520.0
31 48 -5188220.0
31 49 -5189330.0
31 50 -5187140.0
31 51 -5183450.0
32 52 11299.2
32 2 -5186790.0
32 3 -5185840.0
32 4 -5190780.0
32 5 -5188860.0
32 6 -5189730.0
32 7 -5189680.0
32 8 1052.46
32 9 -5183430.0
32 10 -5190880.0
32 11 -5189520.0
32 12 -5188820.0
32 13 -5191780.0
32 14 -5185990.0
32 15 -5185860.0
32 16 -5183550.0
32 17 1033.77
32 18 -210.0
32 19 -1450.0
32 20 -5184750.0
32 21 -5189870.0
32 22 -5184260.0
32 23 -5188820.0
32 24 -5189170.0
32 25 -5187260.0
32 26 -5185780.0
32 27 -5188630.0
32 28 -5190640.0
32 30 -5187190.0
32 31 -5189790.0
32 33 -5186340.0
32 34 -5191060.0
32 35 -5187250.0
32 36 -5187290.0
32 37 914.615
32 39 -5185950.0
32 40 -5187350.0
32 41 -5187460.0
32 42 -5188440.0
32 43 -5186860.0
32 44 -5187280.0
32 45 -5185790.0
32 46 -5188250.0
32 47 -5185490.0
32 48 -5185770.0
32 49 -5186810.0
32 50 -5188330.0
32 51 -5189540.0
33 52 13589.2
33 2 -5185810.0
33 3 -5183320.0
33 4 -5188470.0
33 5 -5188790.0
33 6 -5187630.0
33 7 -5188700.0
33 8 -5184210.0
33 9 -5182940.0
33 10 -5188570.0
33 11 -5187210.0
33 12 -5186300.0
33 13 -5189330.0
33 14 -5185990.0
33 15 -5184040.0
33 16 -5181660.0
33 17 -5185490.0
33 18 -5186660.0
33 19 -5187560.0
33 20 -5186010.0
33 21 -5188400.0
33 22 -5183420.0
33 23 -5186720.0
33 24 -5186720.0
33 25 -5186420.0
33 26 -5185640.0
33 27 -5186530.0
33 28 -5188750.0
33 30 -5187400.0
33 31 -5187690.0
33 32 -5185210.0
33 34 -5189940.0
33 35 -5185220.0
33 36 -840.0
33 37 -5184420.0
33 39 -1040.0
33 40 -5187000.0
33 41 -5185570.0
33 42 -5188510.0
33 43 -1180.0
33 44 -1040.0
33 45 731.231
33 46 -5185940.0
33 47 -5184160.0
33 48 -5186610.0
33 49 -5185760.0
33 50 -5186090.0
33 51 -5187160.0
34 52 10599.2
34 2 -5188540.0
34 3 -5185420.0
34 4 -5191900.0
34 5 -5186340.0
34 6 -5192320.0
34 7 1040.0
34 8 -5187990.0
34 9 5904.54
34 10 -5187870.0
34 11 -5191200.0
34 12 -5190290.0
34 13 -5188630.0
34 14 -5185990.0
34 15 -5188800.0
34 16 -5186350.0
34 17 -5189340.0
34 18 -5191070.0
34 19 -5190710.0
34 20 -5191330.0
34 21 -1730.0
34 22 -5189160.0
34 23 -5186020.0
34 24 -5190640.0
34 25 -5187470.0
34 26 1179.54
34 27 -5187160.0
34 28 -2770.0
34 30 -5186000.0
34 31 -5186850.0
34 32 -5189690.0
34 33 -5189700.0
34 35 -5187880.0
34 36 -5189250.0
34 37 -5188410.0
34 39 -5189660.0
34 40 -5192810.0
34 41 -5182630.0
34 42 -5186760.0
34 43 -5190990.0
34 44 -5190500.0
34 45 -5187960.0
34 46 -5186430.0
34 47 -5189830.0
34 48 -5187310.0
34 49 -5191500.0
34 50 -5190220.0
34 51 -5186040.0
35 52 15049.2
35 2 -1520.0
35 3 -5182550.0
35 4 -5188470.0
35 5 -5187810.0
35 6 -5188330.0
35 7 -5187230.0
35 8 -5185050.0
35 9 -5181610.0
35 10 -5187170.0
35 11 -5187420.0
35 12 -5186370.0
35 13 -5188140.0
35 14 -5185360.0
35 15 -5184810.0
35 16 -5182360.0
35 17 -5186540.0
35 18 -5187850.0
35 19 -5188260.0
35 20 -5187550.0
35 21 -5186790.0
35 22 -5184890.0
35 23 -5185110.0
35 24 -5186790.0
35 25 -5185580.0
35 26 -5184590.0
35 27 -980.0
35 28 -5187070.0
35 30 -5186700.0
35 31 -5186080.0
35 32 -5186400.0
35 33 -5185500.0
35 34 -5188400.0
35 36 -980.0
35 37 -5185330.0
35 39 -5185950.0
35 40 -5188610.0
35 41 -5183960.0
35 42 -5187670.0
35 43 -5186720.0
35 44 -5186230.0
35 45 311.231
35 46 -5184610.0
35 47 -5185560.0
35 48 -5186400.0
35 49 -5187230.0
35 50 -5186510.0
35 51 -5185830.0
36 52 14419.2
36 2 -5185810.0
36 3 -5182480.0
36 4 -5187910.0
36 5 -5188650.0
36 6 -5187490.0
36 7 -5188210.0
36 8 -5184910.0
36 9 -5182590.0
36 10 -5187660.0
36 11 -5186720.0
36 12 -5185740.0
36 13 -5188420.0
36 14 -5186060.0
36 15 -5183900.0
36 16 -5181520.0
36 17 -5186260.0
36 18 -5187500.0
36 19 -5188190.0
36 20 -5186850.0
36 21 -5187770.0
36 22 -5183980.0
36 23 -5185880.0
36 24 -5186230.0
36 25 -5186350.0
36 26 -5185500.0
36 27 -5185760.0
36 28 -5187910.0
36 30 -5187400.0
36 31 -5186780.0
36 32 -5186050.0
36 33 -731.231
36 34 -5189380.0
36 35 -588.769
36 37 -5185190.0
36 39 -5185670.0
36 40 -5187630.0
36 41 -5184730.0
36 42 -5188510.0
36 43 -5185740.0
36 44 -1310.0
36 45 1221.23
36 46 -5185030.0
36 47 -5184580.0
36 48 -5186890.0
36 49 -5186250.0
36 50 -5185740.0
36 51 -5186250.0
37 52 11989.2
37 2 -5186020.0
37 3 -5185350.0
37 4 -5190570.0
37 5 -5188090.0
37 6 -5189660.0
37 7 -5188840.0
37 8 1892.46
37 9 -5182660.0
37 10 -5190180.0
37 11 -5189310.0
37 12 -5188470.0
37 13 -5191220.0
37 14 -5185220.0
37 15 -5185930.0
37 16 -5183620.0
37 17 -5183460.0
37 18 -980.0
37 19 -1450.0
37 20 -5185380.0
37 21 -5189030.0
37 22 -5184540.0
37 23 -5188050.0
37 24 -5188890.0
37 25 -5186420.0
37 26 -5185010.0
37 27 -5187930.0
37 28 -5189940.0
37 30 -5186490.0
37 31 -5189090.0
37 32 469.231
37 33 -5185990.0
37 34 -5190220.0
37 35 -5186620.0
37 36 -5186870.0
37 39 -1450.0
37 40 -5187770.0
37 41 -5186760.0
37 42 -5187670.0
37 43 -5186790.0
37 44 -5187070.0
37 45 -5185300.0
37 46 -5187620.0
37 47 -5185700.0
37 48 -5185070.0
37 49 -5187020.0
37 50 -5188190.0
37 51 -5188910.0
38 52 10599.2
38 2 -5190010.0
38 3 2227.69
38 4 -5186930.0
38 5 -5191520.0
38 6 -5188470.0
38 7 -5189190.0
38 8 -5189530.0
38 9 -5184340.0
38 10 -2105.69
38 11 -5187420.0
38 12 -5187560.0
38 13 -207.538
38 14 -5189700.0
38 15 -5184600.0
38 16 -5182220.0
38 17 -5190880.0
38 18 -5192120.0
38 19 -5192810.0
38 20 -5191260.0
38 21 -5189170.0
38 22 -5187270.0
38 23 -5186370.0
38 24 -5187350.0
38 25 -5189920.0
38 26 -5188160.0
38 27 -5187370.0
38 28 -5187910.0
38 30 -5190690.0
38 31 -5186640.0
38 32 -5190670.0
38 33 -5189350.0
38 34 -5190430.0
38 35 -5188160.0
38 36 -5188620.0
38 37 -5189810.0
38 39 -5190290.0
38 40 -5191200.0
38 41 -5183890.0
38 42 -5191590.0
38 43 -5189800.0
38 44 -5189170.0
38 45 -5187400.0
38 46 -868.769
38 47 -5187520.0
38 48 -5190880.0
38 49 -5189470.0
38 50 -5185740.0
38 51 835.538
39 52 13309.2
39 2 -1310.0
39 3 -5184090.0
39 4 -5189380.0
39 5 -5188160.0
39 6 -5188540.0
39 7 -5188420.0
39 8 572.462
39 9 -5182450.0
39 10 -5189060.0
39 11 -5188120.0
39 12 -5187210.0
39 13 -5189960.0
39 14 -5185290.0
39 15 -5184880.0
39 16 -5182570.0
39 17 -5184720.0
39 18 -5186030.0
39 19 -5186650.0
39 20 -5185800.0
39 21 -5188330.0
39 22 -5183980.0
39 23 -5187000.0
39 24 -5187630.0
39 25 -5185930.0
39 26 -5185010.0
39 27 -5186810.0
39 28 -5188890.0
39 30 -5186700.0
39 31 -5187970.0
39 32 -5184580.0
39 33 -801.231
39 34 -5189660.0
39 35 -5185430.0
39 36 -5185540.0
39 37 364.615
39 40 -5187420.0
39 41 -5185780.0
39 42 -5187810.0
39 43 -5185880.0
39 44 -5185950.0
39 45 -28.7692
39 46 -5186430.0
39 47 -5184930.0
39 48 -5185700.0
39 49 -5186390.0
39 50 -5187000.0
39 51 -5187650.0
40 52 10669.2
40 2 -5188540.0
40 3 -5185140.0
40 4 -5188960.0
40 5 -5191450.0
40 6 -5187350.0
40 7 -5191640.0
40 8 -5185820.0
40 9 -5185740.0
40 10 -5190950.0
40 11 -5187910.0
40 12 -5187840.0
40 13 -5191220.0
40 14 -5188580.0
40 15 -5183130.0
40 16 -5180960.0
40 17 -5185980.0
40 18 -5187150.0
40 19 -5188680.0
40 20 -1374.69
40 21 -5191270.0
40 22 2681.31
40 23 -5189450.0
40 24 -5187980.0
40 25 -5189220.0
40 26 -5188370.0
40 27 -5189260.0
40 28 -5191480.0
40 30 -5189920.0
40 31 -5190280.0
40 32 -5185980.0
40 33 -5186760.0
40 34 -5192810.0
40 35 -5188090.0
40 36 -5187500.0
40 37 -5185960.0
40 39 -5187420.0
40 41 -5188230.0
40 42 -5191100.0
40 43 -2010.0
40 44 -5186580.0
40 45 -5186000.0
40 46 -5188390.0
40 47 1039.54
40 48 -5188710.0
40 49 56.2308
40 50 -5186090.0
40 51 -5189400.0
41 52 11019.2
41 2 -5188890.0
41 3 -5183530.0
41 4 -5190010.0
41 5 -5188580.0
41 6 -5190920.0
41 7 -5185410.0
41 8 -5188690.0
41 9 -5180700.0
41 10 -1545.69
41 11 -5189660.0
41 12 -5189030.0
41 13 -5185970.0
41 14 -5187460.0
41 15 -5187330.0
41 16 -5184880.0
41 17 -5190180.0
41 18 -5191700.0
41 19 -5191690.0
41 20 -5191470.0
41 22 -5188600.0
41 23 -677.538
41 24 -5189170.0
41 25 -5188240.0
41 26 -5185080.0
41 27 -5186250.0
41 28 -1040.0
41 30 -5188030.0
41 31 -1091.23
41 32 -5190180.0
41 33 -5189420.0
41 34 -5186720.0
41 35 -5187530.0
41 36 -5188690.0
41 37 -5189040.0
41 39 -5189870.0
41 40 -5192320.0
41 42 -5188790.0
41 43 -5190500.0
41 44 -5189870.0
41 45 -5187540.0
41 46 -5184610.0
41 47 -5188990.0
41 48 -5188850.0
41 49 -5190870.0
41 50 -5188540.0
41 51 -5183380.0
42 52 10739.2
42 2 -5187350.0
42 3 -5186400.0
42 4 -5192600.0
42 5 -101.231
42 6 -5192390.0
42 7 -5185410.0
42 8 -5185960.0
42 9 -5178810.0
42 10 -5189830.0
42 11 -5191550.0
42 12 -5190500.0
42 13 -5190940.0
42 14 193.769
42 15 -5188800.0
42 16 -5186420.0
42 17 -5186890.0
42 18 -5188970.0
42 19 -5188120.0
42 20 -5189510.0
42 21 -5187280.0
42 22 -5188250.0
42 23 -5187490.0
42 24 -5190920.0
42 25 -5186350.0
42 26 2979.54
42 27 -5188000.0
42 28 -5188750.0
42 30 1149.23
42 31 -5188530.0
42 32 -5187590.0
42 33 -5188790.0
42 34 -5187280.0
42 35 -5187670.0
42 36 -5188900.0
42 37 -5186380.0
42 39 -5188330.0
42 40 -5191620.0
42 41 -5185220.0
42 43 -5190080.0
42 44 -5189940.0
42 45 -5187470.0
42 46 -5187760.0
42 47 -5189130.0
42 48 -504.462
42 49 -5190660.0
42 50 -5190640.0
42 51 -5188350.0
43 52 12619.2
43 2 -5186860.0
43 3 -5183600.0
43 4 -5188120.0
43 5 -5189840.0
43 6 -5186930.0
43 7 -5189820.0
43 8 -5184840.0
43 9 -5183990.0
43 10 -5189200.0
43 11 -5186860.0
43 12 -5186300.0
43 13 -5189680.0
43 14 -5187040.0
43 15 -5183200.0
43 16 -5180890.0
43 17 -5185700.0
43 18 -5186870.0
43 19 -5188050.0
43 20 -5185660.0
43 21 -5189450.0
43 22 1641.31
43 23 -5187560.0
43 24 -5186580.0
43 25 -5187540.0
43 26 -5186760.0
43 27 -5187370.0
43 28 -5189590.0
43 30 -5188450.0
43 31 -5188460.0
43 32 -5185490.0
43 33 -941.231
43 34 -5190990.0
43 35 -5186200.0
43 36 -5185610.0
43 37 -5184980.0
43 39 -5185880.0
43 40 -5185950.0
43 41 -5186410.0
43 42 -5189560.0
43 44 -760.0
43 45 -168.769
43 46 -5186570.0
43 47 829.538
43 48 -5187520.0
43 49 -773.769
43 50 -5185530.0
43 51 -5187720.0
44 52 13239.2
44 2 -5186650.0
44 3 -5182900.0
44 4 -5187630.0
44 5 -5189630.0
44 6 -5186720.0
44 7 -5189330.0
44 8 -5185050.0
44 9 -5183640.0
44 10 -5188570.0
44 11 -5186370.0
44 12 -1730.0
44 13 -5189050.0
44 14 -5186900.0
44 15 -5183060.0
44 16 -5180750.0
44 17 -5186120.0
44 18 -5187290.0
44 19 -5188330.0
44 20 -5186220.0
44 21 -5188960.0
44 22 -5182860.0
44 23 -5186930.0
44 24 -5186020.0
44 25 -5187260.0
44 26 -5186480.0
44 27 -5186810.0
44 28 -5189030.0
44 30 -5188310.0
44 31 -5187830.0
44 32 -5185910.0
44 33 -801.231
44 34 -5190500.0
44 35 -5185710.0
44 36 -1180.0
44 37 -5185260.0
44 39 -5185950.0
44 40 -5186580.0
44 41 -5185780.0
44 42 -5189420.0
44 43 -760.0
44 45 381.231
44 46 -5185940.0
44 47 -5183390.0
44 48 -5187520.0
44 49 -5185130.0
44 50 -5185180.0
44 51 -5187020.0
45 52 14279.2
45 2 -5185740.0
45 3 -5182690.0
45 4 -5188050.0
45 5 -5188650.0
45 6 -5187490.0
45 7 -5188350.0
45 8 -5184770.0
45 9 -5182660.0
45 10 -5187870.0
45 11 -5186860.0
45 12 -5185880.0
45 13 -5188630.0
45 14 -5185990.0
45 15 -5183970.0
45 16 -5181520.0
45 17 -5186050.0
45 18 -5187290.0
45 19 -5188050.0
45 20 -5186710.0
45 21 -5187910.0
45 22 -5183840.0
45 23 -5186090.0
45 24 -5186300.0
45 25 -5186280.0
45 26 -5185500.0
45 27 -5185900.0
45 28 -5188120.0
45 30 -5187400.0
45 31 -5186990.0
45 32 -5185910.0
45 33 -521.231
45 34 -5189450.0
45 35 -658.769
45 36 -140.0
45 37 -5184980.0
45 39 -5185460.0
45 40 -5187490.0
45 41 -5184940.0
45 42 -5188440.0
45 43 -5185600.0
45 44 -1110.0
45 46 -5185240.0
45 47 -5184440.0
45 48 -5186750.0
45 49 -5186180.0
45 50 -5185810.0
45 51 -5186460.0
46 52 12889.2
46 2 -5187700.0
46 3 2647.69
46 4 -5187770.0
46 5 -5189000.0
46 6 -5188540.0
46 7 -5187090.0
46 8 -5187360.0
46 9 -5182030.0
46 10 -985.692
46 11 -5187350.0
46 12 -5186650.0
46 13 -5185830.0
46 14 -5187180.0
46 15 -5184950.0
46 16 -5182570.0
46 17 -5188850.0
46 18 -5190160.0
46 19 -5190570.0
46 20 -5189650.0
46 21 -5186790.0
46 22 -5186360.0
46 23 12.4615
46 24 -5186790.0
46 25 -5187470.0
46 26 -5185640.0
46 27 -910.0
46 28 -5185810.0
46 30 -5188170.0
46 31 -401.231
46 32 -5188710.0
46 33 -5187530.0
46 34 -5188260.0
46 35 -5185920.0
46 36 -5186730.0
46 37 -5187640.0
46 39 -5188260.0
46 40 -5190220.0
46 41 -5182350.0
46 42 -5189070.0
46 43 -5188400.0
46 44 -5187770.0
46 45 -5185580.0
46 47 -5186750.0
46 48 -5188430.0
46 49 -5188630.0
46 50 -5186230.0
46 51 -5183520.0
47 52 11299.2
47 2 -5188400.0
47 3 -5184020.0
47 4 -5187630.0
47 5 -5191380.0
47 6 -5186090.0
47 7 -5191150.0
47 8 -5186170.0
47 9 -5185460.0
47 10 -5189970.0
47 11 -5186650.0
47 12 -5186720.0
47 13 -5190030.0
47 14 -5188580.0
47 15 -5182010.0
47 16 -5179770.0
47 17 -5186820.0
47 18 -5187920.0
47 19 -5189310.0
47 20 -5186290.0
47 21 -5190710.0
47 22 2541.31
47 23 -5188610.0
47 24 -5186790.0
47 25 -5189010.0
47 26 -5188230.0
47 27 -5188560.0
47 28 -5190710.0
47 30 -5189990.0
47 31 -5189440.0
47 32 -5186610.0
47 33 -5186410.0
47 34 -5192320.0
47 35 -5187530.0
47 36 -5186940.0
47 37 -5186380.0
47 39 -5187420.0
47 40 -1450.0
47 41 -5187390.0
47 42 -5191100.0
47 43 -1660.0
47 44 -1940.0
47 45 -5185440.0
47 46 -5187410.0
47 48 -5188990.0
47 49 406.231
47 50 -5184830.0
47 51 -5188280.0
48 52 11089.2
48 2 -5186650.0
48 3 -5186400.0
48 4 -5192180.0
48 5 -5185920.0
48 6 -5191620.0
48 7 -5187160.0
48 8 -5184420.0
48 9 -5180630.0
48 10 -5190390.0
48 11 -5190990.0
48 12 -5190010.0
48 13 -5191570.0
48 14 403.769
48 15 -5188030.0
48 16 -5185650.0
48 17 -5185070.0
48 18 -5187220.0
48 19 -2360.0
48 20 -5187900.0
48 21 -5188260.0
48 22 -5186990.0
48 23 -5188050.0
48 24 -5190500.0
48 25 -2127.38
48 26 -5182840.0
48 27 -5188210.0
48 28 -5189590.0
48 30 -240.769
48 31 -5189160.0
48 32 -5185910.0
48 33 -5187880.0
48 34 -5188820.0
48 35 -5187390.0
48 36 -5188270.0
48 37 -5184770.0
48 39 -5187210.0
48 40 -5190220.0
48 41 -5186270.0
48 42 -1486.92
48 43 -5189030.0
48 44 -5189030.0
48 45 -5186770.0
48 46 -5188110.0
48 47 -5188010.0
48 49 -5189470.0
48 50 -5190010.0
48 51 -5189050.0
49 52 11089.2
49 2 -5188400.0
49 3 -5184370.0
49 4 -5188120.0
49 5 -5191380.0
49 6 -5186510.0
49 7 -5191360.0
49 8 -5186030.0
49 9 -5185530.0
49 10 -5190320.0
49 11 -5187140.0
49 12 -5187140.0
49 13 -5190450.0
49 14 -5188580.0
49 15 -5182360.0
49 16 -5180190.0
49 17 -5186540.0
49 18 -5187640.0
49 19 -5189030.0
49 20 -5185940.0
49 21 -5190920.0
49 22 3031.31
49 23 -5188890.0
49 24 -5187210.0
49 25 -5189080.0
49 26 -5188230.0
49 27 -5188770.0
49 28 -5190990.0
49 30 -5189990.0
49 31 -5189720.0
49 32 -5186400.0
49 33 -5186480.0
49 34 -5192460.0
49 35 -5187670.0
49 36 -5187080.0
49 37 -5186170.0
49 39 -5187350.0
49 40 -900.0
49 41 -5187740.0
49 42 -5191100.0
49 43 -1730.0
49 44 -2150.0
49 45 -5185650.0
49 46 -5187760.0
49 47 1939.54
49 48 -5188920.0
49 50 -5185250.0
49 51 -5188700.0
50 52 10739.2
50 2 -5189590.0
50 3 -5182620.0
50 4 -1040.0
50 5 -5192290.0
50 6 -900.0
50 7 -5191220.0
50 8 -5188270.0
50 9 -5185880.0
50 10 -5188780.0
50 11 -1310.0
50 12 -5186300.0
50 13 -5187860.0
50 14 -5189840.0
50 15 3122.92
50 16 5487.54
50 17 -5189270.0
50 18 -5190370.0
50 19 -5191550.0
50 20 -5188950.0
50 21 -5190780.0
50 22 -5184260.0
50 23 -5188120.0
50 24 -5185880.0
50 25 -5190060.0
50 26 -5189070.0
50 27 -5188350.0
50 28 -5190080.0
50 30 -5191180.0
50 31 -5188670.0
50 32 -5189060.0
50 33 -5187950.0
50 34 -5192320.0
50 35 -5188090.0
50 36 -5187710.0
50 37 -5188480.0
50 39 -5189100.0
50 40 -5188190.0
50 41 -5186550.0
50 42 -5192220.0
50 43 -5187630.0
50 44 -5187280.0
50 45 -5186420.0
50 46 -5186500.0
50 47 -5184440.0
50 48 -5190600.0
50 49 -5186390.0
50 51 -5186600.0
51 52 10259.2
51 2 -5190010.0
51 3 -5182760.0
51 4 -5188820.0
51 5 -5190610.0
51 6 -5190080.0
51 7 -5187650.0
51 8 -5189740.0
51 9 -5183010.0
51 10 -1195.69
51 11 -5188960.0
51 12 -5188680.0
51 13 212.462
51 14 -5189210.0
51 15 -5186350.0
51 16 -5183970.0
51 17 -5191230.0
51 18 -5192610.0
51 19 -5192950.0
51 20 -5192030.0
51 21 -5188190.0
51 22 -5188530.0
51 23 -5185670.0
51 24 -5188610.0
51 25 -5189640.0
51 26 -5187180.0
51 27 -5187090.0
51 28 -5186720.0
51 30 -5189990.0
51 31 -1991.23
51 32 -5191160.0
51 33 -5189910.0
51 34 -5189030.0
51 35 -5188300.0
51 36 -5189110.0
51 37 -5190090.0
51 39 -5190640.0
51 40 -5192390.0
51 42 -5190820.0
51 43 -5190710.0
51 44 -5190010.0
51 45 -5187960.0
51 46 -5184680.0
51 47 -5188780.0
51 48 -5190530.0
51 49 -5190730.0
51 50 -5187490.0
52 2 0
52 3 0
52 4 0
52 5 0
52 6 0
52 7 0
52 8 0
52 9 0
52 10 0
52 11 0
52 12 0
52 13 0
52 14 0
52 15 0
52 16 0
52 17 0
52 18 0
52 19 0
52 20 0
52 21 0
52 22 0
52 23 0
52 24 0
52 25 0
52 26 0
52 27 0
52 28 0
52 29 0
52 30 0
52 31 0
52 32 0
52 33 0
52 34 0
52 35 0
52 36 0
52 37 0
52 38 0
52 39 0
52 40 0
52 41 0
52 42 0
52 43 0
52 44 0
52 45 0
52 46 0
52 47 0
52 48 0
52 49 0
52 50 0
52 51 0
2 1 0
3 1 0
4 1 0
5 1 0
6 1 0
7 1 0
8 1 0
9 1 0
10 1 0
11 1 0
12 1 0
13 1 0
14 1 0
15 1 0
16 1 0
17 1 0
18 1 0
19 1 0
20 1 0
21 1 0
22 1 0
23 1 0
24 1 0
25 1 0
26 1 0
27 1 0
28 1 0
29 1 0
30 1 0
31 1 0
32 1 0
33 1 0
34 1 0
35 1 0
36 1 0
37 1 0
38 1 0
39 1 0
40 1 0
41 1 0
42 1 0
43 1 0
44 1 0
45 1 0
46 1 0
47 1 0
48 1 0
49 1 0
50 1 0
51 1 0
52 1 0
