52 2406
1
2
3
4
5
6
7
8
9
10
11
12
13
14
15
16
17
18
19
20
21
22
23
24
25
26
27
28
29
30
31
32
33
34
35
36
37
38
39
40
41
42
43
44
45
46
47
48
49
50
51
52
1 52 -0.0
1 2 -24110.0
1 3 -24590.0
1 4 -24240.0
1 5 -20844.6
1 6 -20192.7
1 8 -24380.0
1 9 -25000.0
1 10 -23568.1
1 11 -22850.0
1 12 -20621.9
1 13 -22461.1
1 14 -21390.0
1 15 -24800.0
1 16 -20783.8
1 17 -20658.2
1 18 -20715.0
1 19 -20879.7
1 20 -21810.0
1 21 -24460.8
1 22 -23328.6
1 23 -23890.0
1 24 -23640.0
1 25 -21251.6
1 26 -24125.5
1 27 -23326.2
1 28 -21533.0
1 29 -22925.7
1 30 -24188.4
1 31 -20992.8
1 32 -20006.3
1 35 -24800.0
1 36 -23383.7
1 37 -24079.3
1 38 -22274.5
1 39 -22650.0
1 40 -23485.4
1 41 -22990.0
1 42 -20796.3
1 43 -25000.0
1 44 -21851.1
1 45 -21914.6
1 47 -23826.7
1 48 -21340.0
1 49 -19659.1
1 50 -20785.7
1 51 -25630.0
2 52 14758.8
2 3 -1450.0
2 4 -2630.0
2 5 -5414.57
2 6 -4412.65
2 7 -4853.02
2 8 -9160.0
2 9 -7630.0
2 10 -8008.14
2 11 -5690.0
2 12 -2771.92
2 13 -1971.14
2 14 -5270.0
2 15 -6520.0
2 16 -913.814
2 17 -5298.15
2 18 -1604.97
2 19 -5529.73
2 20 -6730.0
2 21 -9110.78
2 22 -2208.63
2 23 -2700.0
2 24 -2720.0
2 25 -1521.62
2 26 -4115.48
2 27 -4986.19
2 28 -5203.05
2 29 1324.34
2 30 -8278.36
2 31 -3832.84
2 32 -3476.35
2 34 -3606.35
2 35 -9920.0
2 36 -8373.67
2 37 -7609.29
2 38 -2894.52
2 39 -3750.0
2 40 -7575.36
2 41 -4370.0
2 42 -5376.35
2 43 -8330.0
2 44 -4131.1
2 45 -6974.64
2 47 -7146.65
2 48 -6330.0
2 49 -4239.09
2 50 2764.33
2 51 -3120.0
3 52 15168.8
3 2 -560.0
3 4 -3540.0
3 5 -4584.57
3 6 -4482.65
3 7 -4293.02
3 8 -9020.0
3 9 -8120.0
3 10 -8008.14
3 11 -4650.0
3 12 -2351.92
3 13 -721.14
3 14 -4440.0
3 15 -5270.0
3 16 536.186
3 17 -5158.15
3 18 -984.965
3 19 -5389.73
3 20 -6390.0
3 21 -8970.78
3 22 -888.628
3 23 -1450.0
3 24 -1270.0
3 25 -901.616
3 26 -2795.48
3 27 -3806.19
3 28 -4163.05
3 29 424.337
3 30 -7238.36
3 31 -2992.84
3 32 -2916.35
3 34 -3746.35
3 35 -9440.0
3 36 -7683.67
3 37 -7889.29
3 38 -1644.52
3 39 -4510.0
3 40 -6735.36
3 41 -4790.0
3 42 -5236.35
3 43 -8740.0
3 44 -4621.1
3 45 -6554.64
3 47 -6036.65
3 48 -6050.0
3 49 -4029.09
3 50 2414.33
3 51 -4370.0
4 52 15518.8
4 2 -1740.0
4 3 -3540.0
4 5 -5134.57
4 6 -2402.65
4 7 -4363.02
4 8 -7630.0
4 9 -5200.0
4 10 -6128.14
4 11 -6110.0
4 12 -2421.92
4 13 -3431.14
4 14 -5200.0
4 15 -7630.0
4 16 -2583.81
4 17 -3768.15
4 18 -1814.97
4 19 -4349.73
4 20 -5550.0
4 21 -7370.78
4 22 -4078.63
4 23 -4300.0
4 24 -4530.0
4 25 -2011.62
4 26 -5575.48
4 27 -6026.19
4 28 -5413.05
4 29 -825.663
4 30 -8278.36
4 31 -4172.84
4 32 -3336.35
4 34 -1736.35
4 35 -8670.0
4 36 -7543.67
4 37 -5319.29
4 38 -4144.52
4 39 -1180.0
4 40 -7575.36
4 41 -2150.0
4 42 -3986.35
4 43 -6040.0
4 44 -1701.1
4 45 -5794.64
4 47 -7566.65
4 48 -5220.0
4 49 -3059.09
4 50 964.326
4 51 -1520.0
5 52 15098.8
5 2 -8340.0
5 3 -8400.0
5 4 -8950.0
5 6 -1842.65
5 7 -823.023
5 8 -4650.0
5 9 -8330.0
5 10 -4468.14
5 11 -3950.0
5 12 -5061.92
5 13 -5301.14
5 14 -3530.0
5 15 -4860.0
5 16 -1473.81
5 17 -3488.15
5 18 -4864.97
5 19 -4349.73
5 20 -2910.0
5 21 -4870.78
5 22 -5958.63
5 23 -7150.0
5 24 -6060.0
5 25 -5271.62
5 26 -6405.48
5 27 -4226.19
5 28 -3.04651
5 29 -7215.66
5 30 -148.36
5 31 -3412.84
5 32 -3616.35
5 34 -5066.35
5 35 -3540.0
5 36 -1223.67
5 37 -6499.29
5 38 -4284.52
5 39 -6940.0
5 40 -355.36
5 41 -7630.0
5 42 -4256.35
5 43 -7290.0
5 44 -5661.1
5 45 -584.64
5 47 -2636.65
5 48 -2990.0
5 49 -3749.09
5 50 -5015.67
5 51 -10410.0
6 52 15028.8
6 2 -8060.0
6 3 -9020.0
6 4 -6940.0
6 5 -2564.57
6 7 -2913.02
6 8 -1940.0
6 9 -2840.0
6 10 671.86
6 11 -7150.0
6 12 -5131.92
6 13 -7241.14
6 14 -5620.0
6 15 -9160.0
6 16 -5363.81
6 17 -1128.15
6 18 -5354.97
6 19 -3169.73
6 20 -2220.0
6 21 -980.779
6 22 -8178.63
6 23 -8540.0
6 24 -8420.0
6 25 -5831.62
6 26 -8905.48
6 27 -7766.19
6 28 -4863.05
6 29 -6935.66
6 30 -6398.36
6 31 -5632.84
6 32 -4726.35
6 34 -2566.35
6 35 -3400.0
6 36 -4143.67
6 37 -319.291
6 38 -6994.52
6 39 -2640.0
6 40 -6045.36
6 41 -4860.0
6 42 -2526.35
6 43 -970.0
6 44 -871.105
6 45 -794.64
6 47 -7496.65
6 48 -2580.0
6 49 -2779.09
6 50 -4875.67
6 51 -7980.0
7 52 17738.8
7 2 -5910.0
7 3 -6240.0
7 4 -6310.0
7 5 1045.43
7 6 -322.651
7 8 -3810.0
7 9 -6170.0
7 10 -3418.14
7 11 -2560.0
7 12 -2491.92
7 13 -3431.14
7 14 -1310.0
7 15 -4370.0
7 16 -713.814
7 17 -1198.15
7 18 -2434.97
7 19 -1779.73
7 20 -1110.0
7 21 -3970.78
7 22 -4288.63
7 23 -5200.0
7 24 -4530.0
7 25 -2911.62
7 26 -4815.48
7 27 -3246.19
7 28 -73.0465
7 29 -4785.66
7 30 -2308.36
7 31 -1402.84
7 32 -1186.35
7 34 -2496.35
7 35 -3540.0
7 36 -1573.67
7 37 -4699.29
7 38 -2754.52
7 39 -4370.0
7 40 -1605.36
7 41 -4990.0
7 42 -1696.35
7 43 -5620.0
7 44 -3301.1
7 45 -584.64
7 47 -2636.65
7 48 -840.0
7 49 -1049.09
7 50 -2585.67
7 51 -7770.0
8 52 15378.8
8 2 -8270.0
8 3 -9020.0
8 4 -7630.0
8 5 -834.57
8 6 2597.35
8 7 -1863.02
8 9 -4510.0
8 10 121.86
8 11 -6240.0
8 12 -4991.92
8 13 -6761.14
8 14 -4850.0
8 15 -8120.0
8 16 -4523.81
8 17 -928.151
8 18 -5214.97
8 19 -2959.73
8 20 -1110.0
8 21 -290.779
8 22 -7688.63
8 23 -8260.0
8 24 -7930.0
8 25 -5621.62
8 26 -8285.48
8 27 -6926.19
8 28 -3543.05
8 29 -7145.66
8 30 -4668.36
8 31 -4872.84
8 32 -4236.35
8 34 -3056.35
8 35 -1590.0
8 36 -2403.67
8 37 -2129.29
8 38 -6294.52
8 39 -3890.0
8 40 -4515.36
8 41 -5620.0
8 42 -2386.35
8 43 -2840.0
8 44 -2261.1
8 45 1015.36
8 47 -6176.65
8 48 -1680.0
8 49 -2569.09
8 50 -5015.67
8 51 -8880.0
9 52 14688.8
9 2 -6810.0
9 3 -8190.0
9 4 -5270.0
9 5 -4584.57
9 6 1627.35
9 7 -4293.02
9 8 -4580.0
9 10 -2168.14
9 11 -7910.0
9 12 -4851.92
9 13 -7041.14
9 14 -6450.0
9 15 -9920.0
9 16 -5773.81
9 17 -2108.15
9 18 -5004.97
9 19 -3859.73
9 20 -3960.0
9 21 -3830.78
9 22 -7968.63
9 23 -8190.0
9 24 -8280.0
9 25 -5411.62
9 26 -8975.48
9 27 -8456.19
9 28 -6313.05
9 29 -5755.66
9 30 -8278.36
9 31 -6052.84
9 32 -5006.35
9 34 -1806.35
9 35 -6040.0
9 36 -6293.67
9 37 -389.291
9 38 -7194.52
9 39 -140.0
9 40 -7715.36
9 41 -3400.0
9 42 -3216.35
9 43 -900.0
9 44 1558.9
9 45 -3364.64
9 47 -8746.65
9 48 -4040.0
9 49 -3129.09
9 50 -3895.67
9 51 -5900.0
10 52 14618.8
10 2 -8690.0
10 3 -9580.0
10 4 -7700.0
10 5 -2224.57
10 6 3637.35
10 7 -3043.02
10 8 -1450.0
10 9 -3670.0
10 11 -7290.0
10 12 -5611.92
10 13 -7591.14
10 14 -5830.0
10 15 -9300.0
10 16 -5573.81
10 17 -1478.15
10 18 -5774.97
10 19 -3649.73
10 20 -2220.0
10 21 -290.779
10 22 -8588.63
10 23 -9020.0
10 24 -8830.0
10 25 -6311.62
10 26 -9255.48
10 27 -8036.19
10 28 -4863.05
10 29 -7565.66
10 30 -6058.36
10 31 -5912.84
10 32 -5136.35
10 34 -3196.35
10 35 -2840.0
10 36 -3793.67
10 37 -949.291
10 38 -7334.52
10 39 -3470.0
10 40 -5905.36
10 41 -5620.0
10 42 -3006.35
10 43 -1520.0
10 44 -1701.1
10 45 -304.64
10 47 -7426.65
10 48 -2720.0
10 49 -3199.09
10 50 -5495.67
10 51 -8810.0
11 52 16908.8
11 2 -4800.0
11 3 -4650.0
11 4 -6110.0
11 5 -134.57
11 6 -2612.65
11 7 -613.023
11 8 -6240.0
11 9 -7840.0
11 10 -5718.14
11 12 -2141.92
11 13 -1411.14
11 14 -1030.0
11 15 -2080.0
11 16 1656.19
11 17 -3218.15
11 18 -1534.97
11 19 -3509.73
11 20 -3540.0
11 21 -6400.78
11 22 -2138.63
11 23 -3330.0
11 24 -2240.0
11 25 -1871.62
11 26 -2515.48
11 27 -746.186
11 28 486.953
11 29 -3675.66
11 30 -2718.36
11 31 -12.8372
11 32 -906.349
11 34 -3536.35
11 35 -5970.0
11 36 -3723.67
11 37 -6779.29
11 38 -464.523
11 39 -5410.0
11 40 -2085.36
11 41 -5620.0
11 42 -3426.35
11 43 -7700.0
11 44 -4691.1
11 45 -3014.64
11 47 -1526.65
11 48 -3200.0
11 49 -2369.09
11 50 -1535.67
11 51 -7560.0
12 52 18298.8
12 2 -2720.0
12 3 -3190.0
12 4 -3260.0
12 5 -2084.57
12 6 -1432.65
12 7 -1383.02
12 8 -5830.0
12 9 -5620.0
12 10 -4878.14
12 11 -2980.0
12 13 -1411.14
12 14 -1940.0
12 15 -4650.0
12 16 -223.814
12 17 -1968.15
12 18 545.035
12 19 -2259.73
12 20 -3260.0
12 21 -5840.78
12 22 -2278.63
12 23 -2700.0
12 24 -2720.0
12 25 138.384
12 26 -3285.48
12 27 -3106.19
12 28 -2223.05
12 29 -1525.66
12 30 -5148.36
12 31 -982.837
12 32 -76.3488
12 34 -1106.35
12 35 -6380.0
12 36 -4833.67
12 37 -5109.29
12 38 -1574.52
12 39 -2640.0
12 40 -4445.36
12 41 -2840.0
12 42 -2106.35
12 43 -5970.0
12 44 -2391.1
12 45 -3494.64
12 47 -4376.65
12 48 -2860.0
12 49 -839.093
12 50 544.326
12 51 -4650.0
13 52 15868.8
13 2 -2510.0
13 3 -2150.0
13 4 -4860.0
13 5 -2914.57
13 6 -4132.65
13 7 -2913.02
13 8 -8190.0
13 9 -8400.0
13 10 -7448.14
13 11 -2840.0
13 12 -2001.92
13 14 -3050.0
13 15 -3120.0
13 16 2276.19
13 17 -4538.15
13 18 -634.965
13 19 -4759.73
13 20 -5480.0
13 21 -8270.78
13 22 431.372
13 23 -760.0
13 24 120.0
13 25 -691.616
13 26 -785.477
13 27 -1726.19
13 28 -2223.05
13 29 -1455.66
13 30 -5428.36
13 31 -1402.84
13 32 -1806.35
13 34 -3816.35
13 35 -8330.0
13 36 -6293.67
13 37 -7819.29
13 38 435.477
13 39 -5270.0
13 40 -4865.36
13 41 -5410.0
13 42 -4676.35
13 43 -8740.0
13 44 -5031.1
13 45 -5374.64
13 47 -4096.65
13 48 -5080.0
13 49 -3409.09
13 50 684.326
13 51 -5970.0
14 52 18088.8
14 2 -4660.0
14 3 -4720.0
14 4 -5480.0
14 5 5.43023
14 6 -1362.65
14 7 356.977
14 8 -5130.0
14 9 -6660.0
14 10 -4538.14
14 11 -1310.0
14 12 -1381.92
14 13 -1901.14
14 15 -3330.0
14 16 536.186
14 17 -1968.15
14 18 -1184.97
14 19 -2259.73
14 20 -2430.0
14 21 -5290.78
14 22 -2758.63
14 23 -3610.0
14 24 -3000.0
14 25 -1591.62
14 26 -3285.48
14 27 -1996.19
14 28 -3.04651
14 29 -3535.66
14 30 -2928.36
14 31 127.163
14 32 -6.34884
14 34 -2356.35
14 35 -5130.0
14 36 -3033.67
14 37 -5529.29
14 38 -1294.52
14 39 -4370.0
14 40 -2225.36
14 41 -4580.0
14 42 -2246.35
14 43 -6450.0
14 44 -3511.1
14 45 -2114.64
14 47 -2356.65
14 48 -2020.0
14 49 -1119.09
14 50 -1265.67
14 51 -6870.0
15 52 14958.8
15 2 -5630.0
15 3 -5270.0
15 4 -7630.0
15 5 -1044.57
15 6 -4622.65
15 7 -2423.02
15 8 -8120.0
15 9 -9850.0
15 10 -7728.14
15 11 -2080.0
15 12 -3811.92
15 13 -1691.14
15 14 -3050.0
15 16 3386.19
15 17 -5228.15
15 18 -2924.97
15 19 -5459.73
15 20 -5480.0
15 21 -8340.78
15 22 -1998.63
15 23 -3880.0
15 24 -1960.0
15 25 -3191.62
15 26 -2385.48
15 27 -336.186
15 28 -273.047
15 29 -4575.66
15 30 -3138.36
15 31 -1882.84
15 32 -2776.35
15 34 -5416.35
15 35 -7700.0
15 36 -5253.67
15 37 -8859.29
15 38 -534.523
15 39 -7290.0
15 40 -2915.36
15 41 -7490.0
15 42 -5506.35
15 43 -9720.0
15 44 -6701.1
15 45 -4744.64
15 47 -1806.65
15 48 -5150.0
15 49 -4379.09
15 50 -2375.67
15 51 -8880.0
16 52 13578.8
16 2 -5420.0
16 3 -4860.0
16 4 -7980.0
16 5 -3054.57
16 6 -6222.65
16 7 -4163.02
16 8 -9920.0
16 9 -11100.0
16 10 -9398.14
16 11 -3740.0
16 12 -4781.92
16 13 -1691.14
16 14 -4580.0
16 15 -2010.0
16 17 -6758.15
16 18 -3614.97
16 19 -6919.73
16 20 -7150.0
16 21 -10010.8
16 22 -1438.63
16 23 -3810.0
16 25 -3741.62
16 26 -2315.48
16 27 -1726.19
16 28 -2223.05
16 29 -4375.66
16 30 -5078.36
16 31 -3202.84
16 32 -4026.35
16 34 -6526.35
16 35 -9580.0
16 36 -7193.67
16 37 -10249.3
16 39 -8190.0
16 40 -4865.36
16 41 -8330.0
16 42 -6966.35
16 43 -11170.0
16 44 -7811.1
16 45 -6554.64
16 47 -3816.65
16 48 -6810.0
16 49 -5769.09
16 50 -2305.67
16 51 -9090.0
17 52 17598.8
17 2 -5910.0
17 3 -6660.0
17 4 -5270.0
17 5 -1174.57
17 6 1907.35
17 7 -753.023
17 8 -2430.0
17 9 -3540.0
17 10 -1408.14
17 11 -4720.0
17 12 -2631.92
17 13 -4611.14
17 14 -3190.0
17 15 -6730.0
17 16 -2863.81
17 18 -2924.97
17 19 -669.733
17 20 -620.0
17 21 -2440.78
17 22 -5608.63
17 23 -6040.0
17 24 -5920.0
17 25 -3331.62
17 26 -6405.48
17 27 -5336.19
17 28 -2773.05
17 29 -4785.66
17 30 -4738.36
17 31 -3132.84
17 32 -2156.35
17 34 -696.349
17 35 -3470.0
17 36 -2963.67
17 37 -2129.29
17 38 -4424.52
17 39 -2150.0
17 40 -4235.36
17 41 -3260.0
17 42 -26.3488
17 43 -3050.0
17 44 -801.105
17 45 -654.64
17 47 -5276.65
17 48 -630.0
17 49 -279.093
17 50 -2715.67
17 51 -6520.0
18 52 17598.8
18 2 -2160.0
18 3 -2430.0
18 4 -3260.0
18 5 -2494.57
18 6 -2262.65
18 7 -1933.02
18 8 -6660.0
18 9 -6380.0
18 10 -5648.14
18 11 -2980.0
18 12 -61.9186
18 13 -651.14
18 14 -2350.0
18 15 -4370.0
18 16 336.186
18 17 -2868.15
18 19 -3029.73
18 20 -3960.0
18 21 -6610.78
18 22 -1578.63
18 23 -1870.0
18 24 -1960.0
18 25 908.384
18 26 -2725.48
18 27 -2766.19
18 28 -2363.05
18 29 -1035.66
18 30 -5428.36
18 31 -1052.84
18 32 -556.349
18 34 -1806.35
18 35 -7080.0
18 36 -5393.67
18 37 -5879.29
18 38 -1084.52
18 39 -3260.0
18 40 -4725.36
18 41 -3330.0
18 42 -2876.35
18 43 -6730.0
18 44 -3021.1
18 45 -4194.64
18 47 -4376.65
18 48 -3620.0
18 49 -1669.09
18 50 1234.33
18 51 -4650.0
19 52 18508.8
19 2 -5010.0
19 3 -5760.0
19 4 -4720.0
19 5 -904.57
19 6 997.349
19 7 -203.023
19 8 -3330.0
19 9 -4160.0
19 10 -2448.14
19 11 -3880.0
19 12 -1791.92
19 13 -3701.14
19 14 -2350.0
19 15 -5830.0
19 16 -1893.81
19 17 461.849
19 18 -1954.97
19 20 -900.0
19 21 -3340.78
19 22 -4638.63
19 23 -5130.0
19 24 -4950.0
19 25 -2361.62
19 26 -5365.48
19 27 -4426.19
19 28 -2153.05
19 29 -3885.66
19 30 -4388.36
19 31 -2162.84
19 32 -1186.35
19 34 -416.349
19 35 -4020.0
19 36 -2963.67
19 37 -3029.29
19 38 -3514.52
19 39 -2290.0
19 40 -3755.36
19 41 -2980.0
19 42 323.651
19 43 -3950.0
19 44 -1211.1
19 45 -1204.64
19 47 -4586.65
19 48 -630.0
19 49 690.907
19 50 -1815.67
19 51 -6040.0
20 52 17118.8
20 2 -6670.0
20 3 -7220.0
20 4 -6380.0
20 5 75.4302
20 6 1487.35
20 7 6.97674
20 8 -1940.0
20 9 -4720.0
20 10 -1478.14
20 11 -4370.0
20 12 -3251.92
20 13 -4881.14
20 14 -2980.0
20 15 -6310.0
20 16 -2583.81
20 17 51.8488
20 18 -3344.97
20 19 -1359.73
20 21 -2160.78
20 22 -5818.63
20 23 -6450.0
20 24 -6060.0
20 25 -3881.62
20 26 -6405.48
20 27 -5056.19
20 28 -1943.05
20 29 -5485.66
20 30 -3558.36
20 31 -3062.84
20 32 -2366.35
20 34 -1946.35
20 35 -2360.0
20 36 -1643.67
20 37 -2959.29
20 38 -4424.52
20 39 -3470.0
20 40 -3195.36
20 41 -4510.0
20 42 -996.349
20 43 -3880.0
20 44 -2051.1
20 45 525.36
20 47 -4516.65
20 48 200.0
20 49 -909.093
20 50 -3415.67
20 51 -7700.0
21 52 14758.8
21 2 -8760.0
21 3 -9510.0
21 4 -7910.0
21 5 -1594.57
21 6 3017.35
21 7 -2563.02
21 8 -830.0
21 9 -4300.0
21 10 741.86
21 11 -6940.0
21 12 -5541.92
21 13 -7381.14
21 14 -5550.0
21 15 -8880.0
21 16 -5153.81
21 17 -1478.15
21 18 -5704.97
21 19 -3509.73
21 20 -1870.0
21 22 -8318.63
21 23 -8880.0
21 24 -8560.0
21 25 -6241.62
21 26 -8975.48
21 27 -7626.19
21 28 -4303.05
21 29 -7635.66
21 30 -5428.36
21 31 -5562.84
21 32 -4866.35
21 34 -3336.35
21 35 -2080.0
21 36 -3163.67
21 37 -1709.29
21 38 -6994.52
21 39 -3890.0
21 40 -5215.36
21 41 -5830.0
21 42 -2876.35
21 43 -2290.0
21 44 -2191.1
21 45 455.36
21 47 -6876.65
21 48 -2370.0
21 49 -3059.09
21 50 -5565.67
21 51 -9090.0
22 52 15098.8
22 2 -2650.0
22 3 -2220.0
22 4 -5410.0
22 5 -3474.57
22 6 -4972.65
22 7 -3673.02
22 8 -9020.0
22 9 -9230.0
22 10 -8348.14
22 11 -3470.0
22 12 -2771.92
22 13 528.86
22 14 -3810.0
22 15 -3330.0
22 16 2626.19
22 17 -5438.15
22 18 -1464.97
22 19 -5599.73
22 20 -6320.0
22 21 -9110.78
22 23 -1180.0
22 24 820.0
22 25 -1451.62
22 26 -925.477
22 27 -2136.19
22 28 -2843.05
22 29 -1665.66
22 30 -5918.36
22 31 -2232.84
22 32 -2706.35
22 34 -4586.35
22 35 -9160.0
22 36 -7053.67
22 37 -8719.29
22 38 -44.5233
22 39 -5970.0
22 40 -5485.36
22 41 -6110.0
22 42 -5576.35
22 43 -9580.0
22 44 -5801.1
22 45 -6204.64
22 47 -4516.65
22 48 -5910.0
22 49 -4309.09
22 50 404.326
22 51 -6450.0
23 52 15868.8
23 2 -1810.0
23 3 -1450.0
23 4 -4300.0
23 5 -3334.57
23 6 -4002.65
23 7 -3253.02
23 8 -8260.0
23 9 -8120.0
23 10 -7448.14
23 11 -3330.0
23 12 -1861.92
23 13 668.86
23 14 -3330.0
23 15 -3880.0
23 16 1586.19
23 17 -4538.15
23 18 -424.965
23 19 -4759.73
23 20 -5620.0
23 21 -8340.78
23 22 151.372
23 24 -360.0
23 25 -411.616
23 26 -1545.48
23 27 -2416.19
23 28 -2843.05
23 29 -695.663
23 30 -5988.36
23 31 -1812.84
23 32 -1946.35
23 34 -3606.35
23 35 -8540.0
23 36 -6643.67
23 37 -7679.29
23 38 -324.523
23 39 -4790.0
23 40 -5415.36
23 41 -4990.0
23 42 -4676.35
23 43 -8540.0
23 44 -4691.1
23 45 -5654.64
23 47 -4716.65
23 48 -5220.0
23 49 -3409.09
23 50 1374.33
23 51 -5340.0
24 52 14958.8
24 2 -2990.0
24 3 -2430.0
24 4 -5690.0
24 5 -3404.57
24 6 -5042.65
24 7 -3743.02
24 8 -9090.0
24 9 -9370.0
24 10 -8418.14
24 11 -3400.0
24 12 -3041.92
24 13 388.86
24 14 -3880.0
24 15 -3120.0
24 16 2966.19
24 17 -5578.15
24 18 -1674.97
24 19 -5739.73
24 20 -6390.0
24 21 -9180.78
24 22 991.372
24 23 -1520.0
24 25 -1661.62
24 26 -855.477
24 27 -1996.19
24 28 -2703.05
24 29 -2005.66
24 30 -5848.36
24 31 -2232.84
24 32 -2776.35
24 34 -4856.35
24 35 -9230.0
24 36 -7053.67
24 37 -8859.29
24 38 25.4767
24 39 -6180.0
24 40 -5415.36
24 41 -6380.0
24 42 -5716.35
24 43 -9720.0
24 44 -6071.1
24 45 -6274.64
24 47 -4446.65
24 48 -5980.0
24 49 -4449.09
24 50 124.326
24 51 -6660.0
25 52 17258.8
25 2 -1880.0
25 3 -2150.0
25 4 -3260.0
25 5 -2704.57
25 6 -2542.65
25 7 -2213.02
25 8 -6870.0
25 9 -6590.0
25 10 -5988.14
25 11 -3120.0
25 12 -271.919
25 13 -511.14
25 14 -2560.0
25 15 -4440.0
25 16 406.186
25 17 -3078.15
25 18 1105.03
25 19 -3239.73
25 20 -4300.0
25 21 -6950.78
25 22 -1368.63
25 23 -1660.0
25 24 -1750.0
25 26 -2585.48
25 27 -2836.19
25 28 -2503.05
25 29 -695.663
25 30 -5638.36
25 31 -1192.84
25 32 -836.349
25 34 -2016.35
25 35 -7420.0
25 36 -5663.67
25 37 -6149.29
25 38 -1084.52
25 39 -3330.0
25 40 -4935.36
25 41 -3470.0
25 42 -3216.35
25 43 -7010.0
25 44 -3161.1
25 45 -4404.64
25 47 -4516.65
25 48 -3900.0
25 49 -1949.09
25 50 1444.33
25 51 -4510.0
26 52 15588.8
26 2 -3270.0
26 3 -2840.0
26 4 -5620.0
26 5 -2634.57
26 6 -4412.65
26 7 -2913.02
26 8 -8330.0
26 9 -8950.0
26 10 -7728.14
26 11 -2560.0
26 12 -2491.92
26 13 598.86
26 14 -3050.0
26 15 -2430.0
26 16 3036.19
26 17 -4948.15
26 18 -1324.97
26 19 -5039.73
26 20 -5620.0
26 21 -8480.78
26 22 361.372
26 23 -1590.0
26 24 260.0
26 25 -1381.62
26 27 -1166.19
26 28 -1873.05
26 29 -2285.66
26 30 -4948.36
26 31 -1402.84
26 32 -2086.35
26 34 -4306.35
26 35 -8330.0
26 36 -6223.67
26 37 -8239.29
26 38 925.477
26 39 -5900.0
26 40 -4515.36
26 41 -5970.0
26 42 -5026.35
26 43 -9160.0
26 44 -5591.1
26 45 -5374.64
26 47 -3606.65
26 48 -5220.0
26 49 -3819.09
26 50 -85.6744
26 51 -6800.0
27 52 15798.8
27 2 -4730.0
27 3 -4440.0
27 4 -6660.0
27 5 -1044.57
27 6 -3862.65
27 7 -1933.02
27 8 -7560.0
27 9 -9020.0
27 10 -7098.14
27 11 -1380.0
27 12 -2901.92
27 13 -931.14
27 14 -2350.0
27 15 -970.0
27 16 3036.19
27 17 -4468.15
27 18 -1954.97
27 19 -4689.73
27 20 -4860.0
27 21 -7720.78
27 22 -1438.63
27 23 -3050.0
27 24 -1470.0
27 25 -2221.62
27 26 -1755.48
27 28 -273.047
27 29 -3675.66
27 30 -3348.36
27 31 -982.837
27 32 -1876.35
27 34 -4516.35
27 35 -7290.0
27 36 -4903.67
27 37 -8029.29
27 38 235.477
27 39 -6320.0
27 40 -2915.36
27 41 -6520.0
27 42 -4676.35
27 43 -8950.0
27 44 -5801.1
27 45 -4264.64
27 47 -1876.65
27 48 -4520.0
27 49 -3549.09
27 50 -1535.67
27 51 -7910.0
28 52 15868.8
28 2 -6670.0
28 3 -6520.0
28 4 -7770.0
28 5 1455.43
28 6 -2682.65
28 7 -483.023
28 8 -5900.0
28 9 -8600.0
28 10 -5648.14
28 11 -1870.0
28 12 -3741.92
28 13 -3151.14
28 14 -2080.0
28 15 -2630.0
28 16 816.186
28 17 -3628.15
28 18 -3274.97
28 19 -4139.73
28 20 -3470.0
28 21 -6120.78
28 22 -3868.63
28 23 -5200.0
28 24 -3900.0
28 25 -3611.62
28 26 -4185.48
28 27 -1996.19
28 29 -5485.66
28 30 -848.36
28 31 -1742.84
28 32 -2296.35
28 34 -4516.35
28 35 -5270.0
28 36 -2753.67
28 37 -7129.29
28 38 -2064.52
28 39 -6590.0
28 40 -355.36
28 41 -6870.0
28 42 -4056.35
28 43 -8050.0
28 44 -5591.1
28 45 -2314.64
28 47 -346.651
28 48 -3270.0
28 49 -3199.09
28 50 -3275.67
28 51 -9160.0
29 52 15098.8
29 2 480.0
29 3 -1310.0
29 4 -2560.0
29 5 -5134.57
29 6 -4132.65
29 7 -4573.02
29 8 -8880.0
29 9 -7420.0
29 10 -7728.14
29 11 -5410.0
29 12 -2421.92
29 13 -1761.14
29 14 -4990.0
29 15 -6310.0
29 16 -713.814
29 17 -5018.15
29 18 -1324.97
29 19 -5249.73
29 20 -6390.0
29 21 -8830.78
29 22 -2068.63
29 23 -2430.0
29 24 -2580.0
29 25 -1181.62
29 26 -3975.48
29 27 -4776.19
29 28 -4863.05
29 30 -7998.36
29 31 -3552.84
29 32 -3196.35
29 34 -3266.35
29 35 -9580.0
29 36 -7963.67
29 37 -7329.29
29 38 -2754.52
29 39 -3540.0
29 40 -7295.36
29 41 -4160.0
29 42 -5096.35
29 43 -8120.0
29 44 -3921.1
29 45 -6694.64
29 47 -6806.65
29 48 -6050.0
29 49 -3959.09
29 50 3044.33
29 51 -3120.0
30 52 14408.8
30 2 -8550.0
30 3 -8400.0
30 4 -9440.0
30 5 2505.43
30 6 -3022.65
30 7 -1523.02
30 8 -5830.0
30 9 -9370.0
30 10 -5648.14
30 11 -3880.0
30 12 -5471.92
30 13 -5161.14
30 14 -3810.0
30 15 -4300.0
30 16 -843.814
30 17 -4398.15
30 18 -5144.97
30 19 -5179.73
30 20 -3890.0
30 21 -6050.78
30 22 -5748.63
30 23 -7150.0
30 24 -5850.0
30 25 -5551.62
30 26 -6065.48
30 27 -3876.19
30 28 346.953
30 29 -7425.66
30 31 -3552.84
30 32 -4026.35
30 34 -5836.35
30 35 -4790.0
30 36 -2403.67
30 37 -7609.29
30 38 -4074.52
30 39 -7840.0
30 40 -285.36
30 41 -8330.0
30 42 -5096.35
30 43 -8400.0
30 44 -6631.1
30 45 -1764.64
30 47 -2086.65
30 48 -3900.0
30 49 -4449.09
30 50 -5215.67
30 51 -10900.0
31 52 17738.8
31 2 -3970.0
31 3 -4020.0
31 4 -5200.0
31 5 -624.57
31 6 -2122.65
31 7 -483.023
31 8 -5900.0
31 9 -7010.0
31 10 -5368.14
31 11 -1040.0
31 12 -1171.92
31 13 -1001.14
31 14 -620.0
31 15 -2910.0
31 16 1166.19
31 17 -2658.15
31 18 -634.965
31 19 -2819.73
31 20 -3260.0
31 21 -6050.78
31 22 -1928.63
31 23 -2840.0
31 24 -2100.0
31 25 -971.616
31 26 -2385.48
31 27 -1376.19
31 28 -413.047
31 29 -2845.66
31 30 -3418.36
31 32 63.6512
31 34 -2636.35
31 35 -5970.0
31 36 -3933.67
31 37 -6149.29
31 38 -464.523
31 39 -4510.0
31 40 -2785.36
31 41 -4650.0
31 42 -2736.35
31 43 -7010.0
31 44 -3921.1
31 45 -3014.64
31 47 -2496.65
31 48 -2790.0
31 49 -1669.09
31 50 -705.674
31 51 -6590.0
32 52 18708.8
32 2 -3690.0
32 3 -4020.0
32 4 -4440.0
32 5 -904.57
32 6 -1292.65
32 7 -343.023
32 8 -5340.0
32 9 -6040.0
32 10 -4668.14
32 11 -2010.0
32 12 -341.919
32 13 -1481.14
32 14 -830.0
32 15 -3880.0
32 16 266.186
32 17 -1758.15
32 18 -214.965
32 19 -1919.73
32 20 -2640.0
32 21 -5430.78
32 22 -2478.63
32 23 -3050.0
32 24 -2720.0
32 25 -691.616
32 26 -3145.48
32 27 -2346.19
32 28 -1043.05
32 29 -2565.66
32 30 -3968.36
32 31 -12.8372
32 34 -1596.35
32 35 -5620.0
32 36 -3793.67
32 37 -5249.29
32 38 -1224.52
32 39 -3470.0
32 40 -3265.36
32 41 -3740.0
32 42 -1966.35
32 43 -6110.0
32 44 -2881.1
32 45 -2664.64
32 47 -3196.65
32 48 -2230.0
32 49 -699.093
32 50 -425.674
32 51 -5830.0
33 52 16078.8
33 2 -7510.0
33 3 -8190.0
33 4 -6870.0
33 5 -764.57
33 6 2667.35
33 7 -1313.02
33 8 -830.0
33 9 -4090.0
33 10 -158.14
33 11 -5620.0
33 12 -4291.92
33 13 -6061.14
33 14 -4230.0
33 15 -7630.0
33 16 -3903.81
33 17 -228.151
33 18 -4384.97
33 19 -2189.73
33 20 -550.0
33 21 -910.779
33 22 -6998.63
33 23 -7560.0
33 24 -7240.0
33 25 -4861.62
33 26 -7655.48
33 27 -6306.19
33 28 -3193.05
33 29 -6385.66
33 30 -4598.36
33 31 -4242.84
33 32 -3546.35
33 34 -2356.35
33 35 -2010.0
33 36 -2403.67
33 37 -1989.29
33 38 -5674.52
33 39 -3330.0
33 40 -4305.36
33 41 -4860.0
33 42 -1626.35
33 43 -2770.0
33 44 -1771.1
33 45 665.36
33 47 -5766.65
33 48 -1050.0
33 49 -1809.09
33 50 -4315.67
33 51 -8120.0
34 52 17668.8
35 33 -204.988
36 52 15798.8
36 2 -8060.0
36 3 -8260.0
36 4 -8120.0
36 5 2015.43
36 6 -182.651
36 7 -203.023
36 8 -2980.0
36 9 -6800.0
36 10 -2798.14
36 11 -4300.0
36 12 -4571.92
36 13 -5441.14
36 14 -3330.0
36 15 -5830.0
36 16 -2373.81
36 17 -2038.15
36 18 -4524.97
36 19 -3169.73
36 20 -1390.0
36 21 -3200.78
36 22 -6298.63
36 23 -7220.0
36 24 -6470.0
36 25 -4991.62
36 26 -6755.48
36 27 -4846.19
36 28 -973.047
36 29 -6805.66
36 30 -1818.36
36 31 -3482.84
36 32 -3266.35
36 34 -3956.35
36 35 -2010.0
36 37 -4899.29
36 38 -4694.52
36 39 -5620.0
36 40 -1735.36
36 41 -6520.0
36 42 -3006.35
36 43 -5620.0
36 44 -4271.1
36 45 1015.36
36 47 -3606.65
36 48 -1610.0
36 49 -2709.09
36 50 -4665.67
36 51 -9510.0
37 52 14338.8
37 2 -8060.0
37 3 -9230.0
37 4 -6660.0
37 5 -4024.57
37 6 2877.35
37 7 -4093.02
37 8 -3470.0
37 9 -1660.0
37 10 -718.14
37 11 -8120.0
37 12 -5611.92
37 13 -7731.14
37 14 -6590.0
37 15 -10200.0
37 16 -6193.81
37 17 -1968.15
37 18 -5774.97
37 19 -3999.73
37 20 -3470.0
37 21 -2510.78
37 22 -8728.63
37 23 -9020.0
37 24 -9040.0
37 25 -6241.62
37 26 -9535.48
37 27 -8736.19
37 28 -6113.05
37 29 -6935.66
37 30 -7788.36
37 31 -6462.84
37 32 -5486.35
37 34 -2636.35
37 35 -4990.0
37 36 -5663.67
37 38 -7754.52
37 39 -1730.0
37 40 -7365.36
37 41 -4580.0
37 42 -3286.35
37 43 350.0
37 44 -31.1047
37 45 -2384.64
37 47 -8676.65
37 48 -3760.0
37 49 -3409.09
37 50 -4945.67
37 51 -7490.0
38 52 15938.8
38 2 -3550.0
38 3 -3190.0
38 4 -5690.0
38 5 -2014.57
38 6 -4002.65
38 7 -2353.02
38 8 -7840.0
38 9 -8670.0
38 10 -7308.14
38 11 -2010.0
38 12 -2281.92
38 13 318.86
38 14 -2560.0
38 15 -2080.0
38 16 2836.19
38 17 -4468.15
38 18 -1184.97
38 19 -4689.73
38 20 -5140.0
38 21 -8000.78
38 22 -258.628
38 23 -1870.0
38 24 -360.0
38 25 -1381.62
38 26 -575.477
38 27 -676.186
38 28 -1253.05
38 29 -2565.66
38 30 -4458.36
38 31 -982.837
38 32 -1666.35
38 34 -4096.35
38 35 -7840.0
38 36 -5663.67
38 37 -7959.29
38 39 -5760.0
38 40 -3895.36
38 41 -5830.0
38 42 -4606.35
38 43 -8880.0
38 44 -5381.1
38 45 -4884.64
38 47 -3056.65
38 48 -4730.0
38 49 -3409.09
38 50 -355.674
38 51 -6940.0
39 52 14958.8
39 2 -5010.0
39 3 -6660.0
39 4 -3330.0
39 5 -5274.57
39 6 -252.651
39 7 -4573.02
39 8 -6040.0
39 9 -2220.0
39 10 -4048.14
39 11 -7560.0
39 12 -3951.92
39 13 -5991.14
39 14 -6240.0
39 15 -9440.0
39 16 -4943.81
39 17 -2798.15
39 18 -3964.97
39 19 -4069.73
39 20 -4790.0
39 21 -5500.78
39 22 -6788.63
39 23 -6940.0
39 24 -7170.0
39 25 -4231.62
39 26 -8005.48
39 27 -7836.19
39 28 -6383.05
39 29 -3955.66
39 30 -8828.36
39 31 -5632.84
39 32 -4516.35
39 35 -7490.0
39 36 -7193.67
39 37 -2539.29
39 38 -6364.52
39 40 -8125.36
39 41 -2080.0
39 42 -3496.35
39 43 -3120.0
39 44 1148.9
39 45 -4744.64
39 47 -8676.65
39 48 -4730.0
39 49 -3059.09
39 50 -2165.67
39 51 -3810.0
40 52 15448.8
40 2 -7510.0
40 3 -7560.0
40 4 -8400.0
40 5 2635.43
40 6 -2332.65
40 7 -483.023
40 8 -5340.0
40 9 -8470.0
40 10 -5158.14
40 11 -2910.0
40 12 -4431.92
40 13 -4261.14
40 14 -2770.0
40 15 -3740.0
40 16 -293.814
40 17 -3558.15
40 18 -4104.97
40 19 -4209.73
40 20 -3190.0
40 21 -5500.78
40 22 -4978.63
40 23 -6240.0
40 24 -5080.0
40 25 -4511.62
40 26 -5295.48
40 27 -3106.19
40 28 1176.95
40 29 -6385.66
40 30 51.6395
40 31 -2582.84
40 32 -2986.35
40 34 -4856.35
40 35 -4440.0
40 36 -1983.67
40 37 -6849.29
40 38 -3174.52
40 39 -6800.0
40 41 -7290.0
40 42 -4126.35
40 43 -7770.0
40 44 -5731.1
40 45 -1484.64
40 47 -1456.65
40 48 -3060.0
40 49 -3479.09
40 50 -4245.67
40 51 -9920.0
41 52 16768.8
41 2 -3480.0
41 3 -4790.0
41 4 -2150.0
41 5 -3814.57
41 6 -322.651
41 7 -3043.02
41 8 -5620.0
41 9 -3330.0
41 10 -4048.14
41 11 -5620.0
41 12 -2001.92
41 13 -3981.14
41 14 -4300.0
41 15 -7490.0
41 16 -2933.81
41 17 -1758.15
41 18 -1884.97
41 19 -2609.73
41 20 -3680.0
41 21 -5290.78
41 22 -4778.63
41 23 -4990.0
41 24 -5220.0
41 25 -2221.62
41 26 -5925.48
41 27 -5886.19
41 28 -4513.05
41 29 -2425.66
41 30 -7168.36
41 31 -3622.84
41 32 -2636.35
41 34 273.651
41 35 -6730.0
41 36 -5943.67
41 37 -3239.29
41 38 -4284.52
41 39 70.0
41 40 -6465.36
41 42 -2176.35
41 43 -4090.0
41 44 168.895
41 45 -3914.64
41 47 -6806.65
41 48 -3550.0
41 49 -1529.09
41 50 -495.674
41 51 -3330.0
42 52 18228.8
42 2 -5220.0
42 3 -5970.0
42 4 -4720.0
42 5 -1174.57
42 6 1277.35
42 7 -483.023
42 8 -3120.0
42 9 -3880.0
42 10 -2168.14
42 11 -4160.0
42 12 -2001.92
42 13 -3981.14
42 14 -2700.0
42 15 -6240.0
42 16 -2303.81
42 17 741.849
42 18 -2164.97
42 19 -39.7326
42 20 -900.0
42 21 -3070.78
42 22 -4978.63
42 23 -5410.0
42 24 -5290.0
42 25 -2701.62
42 26 -5715.48
42 27 -4776.19
42 28 -2433.05
42 29 -4095.66
42 30 -4668.36
42 31 -2442.84
42 32 -1596.35
42 34 -276.349
42 35 -3950.0
42 36 -3163.67
42 37 -2679.29
42 38 -3794.52
42 39 -2080.0
42 40 -4035.36
42 41 -2910.0
42 43 -3540.0
42 44 -871.105
42 45 -1134.64
42 47 -4926.65
42 48 -700.0
42 49 480.907
42 50 -2025.67
42 51 -6040.0
43 52 13578.8
43 2 -8620.0
43 3 -9920.0
43 4 -7220.0
43 5 -4654.57
43 6 2387.35
43 7 -4853.02
43 8 -4020.0
43 9 -2010.0
43 10 -1128.14
43 11 -8880.0
43 12 -6311.92
43 13 -8491.14
43 14 -7350.0
43 15 -10900.0
43 16 -6953.81
43 17 -2728.15
43 18 -6464.97
43 19 -4759.73
43 20 -4230.0
43 21 -2930.78
43 22 -9428.63
43 23 -9720.0
43 24 -9740.0
43 25 -6941.62
43 26 -10295.5
43 27 -9496.19
43 28 -6873.05
43 29 -7565.66
43 30 -8418.36
43 31 -7162.84
43 32 -6186.35
43 34 -3336.35
43 35 -5480.0
43 36 -6223.67
43 37 510.709
43 38 -8514.52
43 39 -2150.0
43 40 -8125.36
43 41 -5270.0
43 42 -3986.35
43 44 -451.105
43 45 -2874.64
43 47 -9376.65
43 48 -4520.0
43 49 -4169.09
43 50 -5635.67
43 51 -7910.0
44 52 15308.8
44 2 -5840.0
44 3 -7220.0
44 4 -4300.0
44 5 -4444.57
44 6 1067.35
44 7 -3953.02
44 8 -4860.0
44 9 -970.0
44 10 -2728.14
44 11 -7290.0
44 12 -4151.92
44 13 -6201.14
44 14 -5830.0
44 15 -9300.0
44 16 -5013.81
44 17 -1898.15
44 18 -4174.97
44 19 -3439.73
44 20 -3820.0
44 21 -4250.78
44 22 -7068.63
44 23 -7290.0
44 24 -7510.0
44 25 -4511.62
44 26 -8145.48
44 27 -7766.19
44 28 -5833.05
44 29 -4785.66
44 30 -8068.36
44 31 -5492.84
44 32 -4376.35
44 34 -1106.35
44 35 -6310.0
44 36 -6293.67
44 37 -1289.29
44 38 -6434.52
44 39 700.0
44 40 -7505.36
44 41 -2430.0
44 42 -2736.35
44 43 -1870.0
44 45 -3634.64
44 47 -8266.65
44 48 -3900.0
44 49 -2639.09
44 50 -2855.67
44 51 -4990.0
45 52 15098.8
45 2 -8830.0
45 3 -9300.0
45 4 -8540.0
45 5 485.43
45 6 997.349
45 7 -1383.02
45 8 -1730.0
45 9 -6040.0
45 10 -1478.14
45 11 -5760.0
45 12 -5401.92
45 13 -6691.14
45 14 -4580.0
45 15 -7490.0
45 16 -3903.81
45 17 -1898.15
45 18 -5494.97
45 19 -3579.73
45 20 -1390.0
45 21 -1750.78
45 22 -7618.63
45 23 -8400.0
45 24 -7860.0
45 25 -5901.62
45 26 -8075.48
45 27 -6376.19
45 28 -2703.05
45 29 -7705.66
45 30 -3348.36
45 31 -4732.84
45 32 -4306.35
45 34 -4026.35
45 35 -340.0
45 36 -1153.67
45 37 -3789.29
45 38 -6084.52
45 39 -5340.0
45 40 -3405.36
45 41 -6660.0
45 42 -3146.35
45 43 -4440.0
45 44 -3781.1
45 47 -5276.65
45 48 -1950.0
45 49 -3129.09
45 50 -5565.67
45 51 -9920.0
46 52 16978.8
46 2 -2370.0
46 3 -3740.0
46 4 -1520.0
46 5 -3744.57
46 6 -1292.65
46 7 -2913.02
46 8 -6310.0
46 9 -4510.0
46 10 -4948.14
46 11 -5060.0
46 12 -1241.92
46 13 -2941.14
46 14 -3950.0
46 15 -6660.0
46 16 -2023.81
46 17 -2378.15
46 18 -914.965
46 19 -2889.73
46 20 -4160.0
46 21 -6120.78
46 22 -3728.63
46 23 -3880.0
46 24 -4110.0
46 25 -1181.62
46 26 -5015.48
46 27 -5056.19
46 28 -4163.05
46 29 -1245.66
46 30 -6958.36
46 31 -3062.84
46 32 -2086.35
46 34 -416.349
46 35 -7220.0
46 36 -6153.67
46 37 -4349.29
46 38 -3444.52
46 39 -970.0
46 40 -6255.36
46 41 -1180.0
46 42 -2596.35
46 43 -5200.0
46 44 -1011.1
46 45 -4334.64
46 47 -6386.65
46 48 -3830.0
46 49 -1669.09
46 50 684.326
46 51 -2910.0
47 52 15658.8
47 2 -6530.0
47 3 -6310.0
47 4 -7840.0
47 5 905.43
47 6 -3232.65
47 7 -963.023
47 8 -6450.0
47 9 -8950.0
47 10 -6128.14
47 11 -1800.0
47 12 -3811.92
47 13 -2941.14
47 14 -2350.0
47 15 -2080.0
47 16 1306.19
47 17 -4048.15
47 18 -3204.97
47 19 -4489.73
47 20 -3960.0
47 21 -6610.78
47 22 -3458.63
47 23 -4990.0
47 24 -3560.0
47 25 -3541.62
47 26 -3835.48
47 27 -1516.19
47 28 1736.95
47 29 -5345.66
47 30 -1198.36
47 31 -1742.84
47 32 -2366.35
47 34 -4856.35
47 35 -5830.0
47 36 -3303.67
47 37 -7609.29
47 38 -1784.52
47 39 -6800.0
47 40 -905.36
47 41 -7080.0
47 42 -4466.35
47 43 -8470.0
47 44 -5941.1
47 45 -2804.64
47 48 -3690.0
47 49 -3549.09
47 50 -3205.67
47 51 -9230.0
48 52 17668.8
48 2 -6190.0
48 3 -6800.0
48 4 -5970.0
48 5 75.4302
48 6 1207.35
48 7 356.977
48 8 -2430.0
48 9 -4720.0
48 10 -1898.14
48 11 -3950.0
48 12 -2771.92
48 13 -4401.14
48 14 -2490.0
48 15 -5900.0
48 16 -2163.81
48 17 121.849
48 18 -2924.97
48 19 -1009.73
48 20 280.0
48 21 -2580.78
48 22 -5328.63
48 23 -5970.0
48 24 -5570.0
48 25 -3401.62
48 26 -5925.48
48 27 -4636.19
48 28 -1663.05
48 29 -5065.66
48 30 -3488.36
48 31 -2512.84
48 32 -1876.35
48 34 -1666.35
48 35 -2840.0
48 36 -1783.67
48 37 -3169.29
48 38 -3934.52
48 39 -3330.0
48 40 -2985.36
48 41 -4300.0
48 42 -716.349
48 43 -4090.0
48 44 -2051.1
48 45 45.3605
48 47 -4166.65
48 49 -559.093
48 50 -2995.67
48 51 -7420.0
49 52 18918.8
49 2 -4590.0
49 3 -5270.0
49 4 -4300.0
49 5 -1174.57
49 6 517.349
49 7 -343.023
49 8 -3810.0
49 9 -4300.0
49 10 -2868.14
49 11 -3610.0
49 12 -1241.92
49 13 -3221.14
49 14 -2080.0
49 15 -5620.0
49 16 -1613.81
49 17 -18.1512
49 18 -1464.97
49 19 -179.733
49 20 -1320.0
49 21 -3760.78
49 22 -4218.63
49 23 -4650.0
49 24 -4530.0
49 25 -1941.62
49 26 -5015.48
49 27 -4156.19
49 28 -2083.05
49 29 -3465.66
49 30 -4528.36
49 31 -1882.84
49 32 -836.349
49 34 -206.349
49 35 -4510.0
49 36 -3373.67
49 37 -3309.29
49 38 -3104.52
49 39 -2150.0
49 40 -3895.36
49 41 -2770.0
49 42 -26.3488
49 43 -4230.0
49 44 -1281.1
49 45 -1624.64
49 47 -4516.65
49 48 -1050.0
49 50 -1335.67
49 51 -5690.0
50 52 15448.8
50 2 130.0
50 3 -1110.0
50 4 -2560.0
50 5 -4724.57
50 6 -3862.65
50 7 -4163.02
50 8 -8540.0
50 9 -7350.0
50 10 -7448.14
50 11 -5060.0
50 12 -2141.92
50 13 -1411.14
50 14 -4510.0
50 15 -5900.0
50 16 -433.814
50 17 -4738.15
50 18 -844.965
50 19 -4969.73
50 20 -6110.0
50 21 -8550.78
50 22 -1788.63
50 23 -2150.0
50 24 -2240.0
50 25 -831.616
50 26 -3565.48
50 27 -4426.19
50 28 -4443.05
50 29 1254.34
50 30 -7578.36
50 31 -3202.84
50 32 -2846.35
50 34 -3056.35
50 35 -9230.0
50 36 -7613.67
50 37 -7129.29
50 38 -2334.52
50 39 -3540.0
50 40 -6945.36
50 41 -4020.0
50 42 -4816.35
50 43 -7980.0
50 44 -3781.1
50 45 -6344.64
50 47 -6456.65
50 48 -5770.0
50 49 -3619.09
50 51 -3330.0
51 46 3947.16
52 2 0
52 3 0
52 4 0
52 5 0
52 6 0
52 7 0
52 8 0
52 9 0
52 10 0
52 11 0
52 12 0
52 13 0
52 14 0
52 15 0
52 16 0
52 17 0
52 18 0
52 19 0
52 20 0
52 21 0
52 22 0
52 23 0
52 24 0
52 25 0
52 26 0
52 27 0
52 28 0
52 29 0
52 30 0
52 31 0
52 32 0
52 33 0
52 34 0
52 35 0
52 36 0
52 37 0
52 38 0
52 39 0
52 40 0
52 41 0
52 42 0
52 43 0
52 44 0
52 45 0
52 46 0
52 47 0
52 48 0
52 49 0
52 50 0
52 51 0
2 1 0
3 1 0
4 1 0
5 1 0
6 1 0
7 1 0
8 1 0
9 1 0
10 1 0
11 1 0
12 1 0
13 1 0
14 1 0
15 1 0
16 1 0
17 1 0
18 1 0
19 1 0
20 1 0
21 1 0
22 1 0
23 1 0
24 1 0
25 1 0
26 1 0
27 1 0
28 1 0
29 1 0
30 1 0
31 1 0
32 1 0
33 1 0
34 1 0
35 1 0
36 1 0
37 1 0
38 1 0
39 1 0
40 1 0
41 1 0
42 1 0
43 1 0
44 1 0
45 1 0
46 1 0
47 1 0
48 1 0
49 1 0
50 1 0
51 1 0
52 1 0
