52 2504
1
2
3
4
5
6
7
8
9
10
11
12
13
14
15
16
17
18
19
20
21
22
23
24
25
26
27
28
29
30
31
32
33
34
35
36
37
38
39
40
41
42
43
44
45
46
47
48
49
50
51
52
1 52 -0.0
1 2 -21600.0
1 3 -18472.3
1 4 -24450.0
1 5 -24141.2
1 6 -24240.0
1 7 -23620.0
1 8 -21177.5
1 9 -17995.5
1 10 -23225.7
1 11 -23270.0
1 12 -22160.0
1 13 -24307.5
1 14 -21626.2
1 15 -20777.1
1 16 -18332.5
1 17 -22656.2
1 18 -24040.0
1 19 -24450.0
1 20 -23604.7
1 21 -23060.0
1 22 -20868.7
1 23 -21177.5
1 24 -22640.0
1 25 -21787.4
1 26 -20920.5
1 27 -20990.0
1 28 -23270.0
1 29 -18843.4
1 30 -22960.8
1 31 -22211.2
1 32 -22590.8
1 33 -21431.2
1 34 -24660.0
1 35 -19748.8
1 36 -20770.0
1 37 -21455.4
1 39 -21950.0
1 40 -24590.0
1 41 -20150.0
1 42 -23996.9
1 43 -22640.0
1 44 -22020.0
1 45 -19548.8
1 46 -20538.8
1 47 -21470.5
1 48 -22664.5
1 49 -23213.8
1 50 -22418.8
1 51 -22014.5
2 52 13659.2
2 3 -62.3077
2 4 -5900.0
2 5 -3291.23
2 6 -5410.0
2 7 -3470.0
2 8 82.4615
2 9 2434.54
2 10 -4535.69
2 11 -4650.0
2 12 -3610.0
2 13 -5827.54
2 14 -436.231
2 15 -1877.08
2 16 557.538
2 17 -1466.23
2 18 -2990.0
2 19 -3120.0
2 20 -3104.69
2 21 -3330.0
2 22 -1208.69
2 23 -2277.54
2 24 -4090.0
2 25 -737.385
2 26 -140.462
2 27 -2230.0
2 28 -4160.0
2 30 -1840.77
2 31 -3381.23
2 32 -1540.77
2 33 -1631.23
2 34 -4720.0
2 35 -998.769
2 36 -1740.0
2 37 -265.385
2 39 -1310.0
2 40 -4720.0
2 41 -1040.0
2 42 -2946.92
2 43 -2980.0
2 44 -2770.0
2 45 -308.769
2 46 -2048.77
2 47 -2090.46
2 48 -1264.46
2 49 -3623.77
2 50 -3728.77
2 51 -3324.46
3 38 -2080.0
4 52 10809.2
4 2 -5900.0
4 3 1947.69
4 5 -8571.23
4 6 -1800.0
4 7 -7220.0
4 8 -4847.54
4 9 -2015.46
4 10 -4255.69
4 11 -1450.0
4 12 -2360.0
4 13 -3187.54
4 14 -6126.23
4 15 2212.92
4 16 4517.54
4 17 -6046.23
4 18 -7090.0
4 19 -8190.0
4 20 -5884.69
4 21 -6660.0
4 22 -1208.69
4 23 -3867.54
4 24 -1870.0
4 25 -6287.38
4 26 -5280.46
4 27 -4180.0
4 28 -5760.0
4 30 -7460.77
4 31 -4291.23
4 32 -5710.77
4 33 -4411.23
4 34 -8260.0
4 35 -4128.77
4 36 -3960.0
4 37 -5055.38
4 39 -5620.0
4 40 -5200.0
4 41 -2220.0
4 42 -8496.92
4 43 -4300.0
4 44 -3810.0
4 45 -2738.77
4 46 -2118.77
4 47 -1320.46
4 48 -7034.46
4 49 -3343.77
4 50 1061.23
4 51 -2074.46
5 52 10669.2
5 2 -3740.0
5 3 -2632.31
5 4 -9020.0
5 6 -8880.0
5 7 -1110.0
5 8 -2487.54
5 9 5624.54
5 10 -5915.69
5 11 -7910.0
5 12 -6870.0
5 13 -7147.54
5 14 -86.2308
5 15 -5417.08
5 16 -2982.46
5 17 -3546.23
5 18 -5560.0
5 19 -4720.0
5 20 -6164.69
5 21 -3120.0
5 22 -4818.69
5 23 -3527.54
5 24 -7290.0
5 25 -2537.38
5 26 3399.54
5 27 -4110.0
5 28 -4650.0
5 30 659.231
5 31 -4631.23
5 32 -4180.77
5 33 -5241.23
5 34 -2910.0
5 35 -3918.77
5 36 -5210.0
5 37 -2905.38
5 39 -4790.0
5 40 -8260.0
5 41 -1180.0
5 42 -26.9231
5 43 -6590.0
5 44 -6380.0
5 45 -3848.77
5 46 -3858.77
5 47 -5700.46
5 48 -924.462
5 49 -7233.77
5 50 -7058.77
5 51 -4434.46
6 52 11019.2
6 2 -5410.0
6 3 977.692
6 4 -1800.0
6 5 -8431.23
6 7 -7640.0
6 8 -3877.54
6 9 -2285.46
6 10 -5295.69
6 11 -1380.0
6 12 -2220.0
6 13 -4787.54
6 14 -5776.23
6 15 3462.92
6 16 5837.54
6 17 -4866.23
6 18 -5910.0
6 19 -7220.0
6 20 -4424.69
6 21 -7010.0
6 22 461.308
6 23 -4427.54
6 24 -1870.0
6 25 -6007.38
6 26 -5280.46
6 27 -4590.0
6 28 -6520.0
6 30 -7250.77
6 31 -5121.23
6 32 -4600.77
6 33 -3571.23
6 34 -8740.0
6 35 -3988.77
6 36 -3480.0
6 37 -4085.38
6 39 -4720.0
6 40 -3470.0
6 41 -3130.0
6 42 -8286.92
6 43 -3050.0
6 44 -2840.0
6 45 -2118.77
6 46 -2888.77
6 47 339.538
6 48 -6474.46
6 49 -1673.77
6 50 1201.23
6 51 -3394.46
7 52 9559.23
7 2 -5550.0
7 3 -2632.31
7 4 -9300.0
7 5 -2741.23
7 6 -9720.0
7 8 -5057.54
7 9 6324.54
7 10 -4945.69
7 11 -8540.0
7 12 -7630.0
7 13 -5687.54
7 14 -2726.23
7 15 -6257.08
7 16 -3812.46
7 17 -6326.23
7 18 -8200.0
7 19 -7630.0
7 20 -8524.69
7 21 -2770.0
7 22 -6618.69
7 23 -3107.54
7 24 -7910.0
7 25 -4417.38
7 26 1039.54
7 27 -4320.0
7 28 -3740.0
7 30 -2460.77
7 31 -3941.23
7 32 -6750.77
7 33 -6841.23
7 34 -1040.0
7 35 -5028.77
7 36 -6460.0
7 37 -5405.38
7 39 -6800.0
7 40 -10200.0
7 41 480.0
7 42 -3086.92
7 43 -8260.0
7 44 -7770.0
7 45 -5238.77
7 46 -3578.77
7 47 -7160.46
7 48 -3974.46
7 49 -8963.77
7 50 -7618.77
7 51 -2984.46
8 52 11989.2
8 2 -2010.0
8 3 -1662.31
8 4 -6940.0
8 5 -4131.23
8 6 -5970.0
8 7 -5070.0
8 9 1184.54
8 10 -6475.69
8 11 -5620.0
8 12 -4720.0
8 13 -7567.54
8 14 -1196.23
8 15 -2297.08
8 16 7.53846
8 17 413.769
8 18 -1110.0
8 19 -1380.0
8 20 -1584.69
8 21 -5200.0
8 22 -858.692
8 23 -4287.54
8 24 -5200.0
8 25 -2467.38
8 26 -1110.46
8 27 -4110.0
8 28 -6110.0
8 30 -2530.77
8 31 -5331.23
8 32 329.231
8 33 -2121.23
8 34 -6380.0
8 35 -2738.77
8 36 -2990.0
8 37 1614.62
8 39 -1520.0
8 40 -4090.0
8 41 -2990.0
8 42 -3706.92
8 43 -3050.0
8 44 -3260.0
8 45 -1488.77
8 46 -3858.77
8 47 -1950.46
8 48 -1124.46
8 49 -3343.77
8 50 -4558.77
8 51 -5204.46
9 52 9489.23
9 2 -5340.0
9 3 -3252.31
9 4 -9790.0
9 5 -1701.23
9 6 -10060.0
9 7 630.0
9 8 -4497.54
9 10 -5785.69
9 11 -8950.0
9 12 -7910.0
9 13 -6797.54
9 14 -2096.23
9 15 -6597.08
9 16 -4092.46
9 17 -5626.23
9 18 -7570.0
9 19 -6870.0
9 20 -8104.69
9 21 -3190.0
9 22 -6418.69
9 23 -3797.54
9 24 -8260.0
9 25 -4137.38
9 26 2079.54
9 27 -4730.0
9 28 -4510.0
9 30 -1420.77
9 31 -4701.23
9 32 -6190.77
9 33 -6771.23
9 34 -1870.0
9 35 -5098.77
9 36 -6530.0
9 37 -4915.38
9 39 -6520.0
9 40 -9990.0
9 41 -560.0
9 42 -2176.92
9 43 -8120.0
9 44 -7770.0
9 45 -5238.77
9 46 -4208.77
9 47 -7160.46
9 48 -3074.46
9 49 -8763.77
9 50 -8028.77
9 51 -4094.46
10 52 11709.2
10 2 -4860.0
10 3 1947.69
10 4 -4580.0
10 5 -5791.23
10 6 -5620.0
10 7 -3190.0
10 8 -4707.54
10 9 1664.54
10 11 -4370.0
10 12 -3880.0
10 13 -1107.54
10 14 -4116.23
10 15 -2017.08
10 16 357.538
10 17 -6256.23
10 18 -7640.0
10 19 -7980.0
10 20 -7134.69
10 21 -3190.0
10 22 -3778.69
10 23 -397.538
10 24 -3950.0
10 25 -4487.38
10 26 -2360.46
10 27 -1820.0
10 28 -1730.0
10 30 -5030.77
10 31 -541.231
10 32 -6190.77
10 33 -4891.23
10 34 -4370.0
10 35 -3088.77
10 36 -4030.0
10 37 -4985.38
10 39 -5620.0
10 40 -7630.0
10 41 2220.0
10 42 -5926.92
10 43 -5760.0
10 44 -5130.0
10 45 -2878.77
10 46 521.231
10 47 -4100.46
10 48 -5504.46
10 49 -5983.77
10 50 -3238.77
10 51 1465.54
11 52 11989.2
11 2 -4650.0
11 3 2227.69
11 4 -1450.0
11 5 -7461.23
11 6 -1380.0
11 7 -6460.0
11 8 -3527.54
11 9 -1175.46
11 10 -4045.69
11 12 -1110.0
11 13 -3747.54
11 14 -4946.23
11 15 2212.92
11 16 4657.54
11 17 -4726.23
11 18 -5770.0
11 19 -6870.0
11 20 -4564.69
11 21 -5830.0
11 22 -98.6923
11 23 -3177.54
11 24 -690.0
11 25 -5107.38
11 26 -4240.46
11 27 -3340.0
11 28 -5270.0
11 30 -6350.77
11 31 -3801.23
11 32 -4390.77
11 33 -3091.23
11 34 -7560.0
11 35 -3018.77
11 36 -2710.0
11 37 -3735.38
11 39 -4300.0
11 40 -4090.0
11 41 -1810.0
11 42 -7386.92
11 43 -2980.0
11 44 -2430.0
11 45 -1488.77
11 46 -1638.77
11 47 -280.462
11 48 -5784.46
11 49 -2303.77
11 50 791.231
11 51 -2214.46
12 52 13099.2
12 2 -3610.0
12 3 2507.69
12 4 -2360.0
12 5 -6421.23
12 6 -2220.0
12 7 -5550.0
12 8 -2627.54
12 9 -135.462
12 10 -3555.69
12 11 -1110.0
12 13 -3747.54
12 14 -3836.23
12 15 1242.92
12 16 3687.54
12 17 -3896.23
12 18 -5070.0
12 19 -5970.0
12 20 -4014.69
12 21 -4860.0
12 22 -28.6923
12 23 -2347.54
12 24 -550.0
12 25 -3997.38
12 26 -3200.46
12 27 -2370.0
12 28 -4440.0
12 30 -5240.77
12 31 -3041.23
12 32 -3690.77
12 33 -2121.23
12 34 -6590.0
12 35 -1908.77
12 36 -1670.0
12 37 -2835.38
12 39 -3330.0
12 40 -4020.0
12 41 -1180.0
12 42 -6276.92
12 43 -2360.0
12 44 -1730.0
12 45 -448.769
12 46 -938.769
12 47 -350.462
12 48 -4804.46
12 49 -2303.77
12 50 -258.769
12 51 -1874.46
13 52 9079.23
13 2 -7700.0
13 3 357.692
13 4 -5060.0
13 5 -8571.23
13 6 -6660.0
13 7 -5480.0
13 8 -7347.54
13 9 -895.462
13 10 -2655.69
13 11 -5620.0
13 12 -5620.0
13 14 -7026.23
13 15 -2847.08
13 16 -412.462
13 17 -8956.23
13 18 -10210.0
13 19 -10690.0
13 20 -9494.69
13 21 -5900.0
13 22 -5578.69
13 23 -3247.54
13 24 -5480.0
13 25 -7397.38
13 26 -5070.46
13 27 -4660.0
13 28 -4370.0
13 30 -7880.77
13 31 -3451.23
13 32 -8760.77
13 33 -7321.23
13 34 -6800.0
13 35 -5788.77
13 36 -6460.0
13 37 -7695.38
13 39 -8190.0
13 40 -9510.0
13 41 70.0
13 42 -8706.92
13 43 -7910.0
13 44 -7220.0
13 45 -5308.77
13 46 -2048.77
13 47 -5770.46
13 48 -8414.46
13 49 -7783.77
13 50 -3868.77
13 51 1325.54
14 52 11919.2
14 2 -2150.0
14 3 -1732.31
14 4 -7840.0
14 5 -1351.23
14 6 -7490.0
14 7 -2360.0
14 8 -817.538
14 9 3964.54
14 10 -5505.69
14 11 -6660.0
14 12 -5550.0
14 13 -6867.54
14 15 -3897.08
14 16 -1522.46
14 17 -1946.23
14 18 -3890.0
14 19 -3190.0
14 20 -4424.69
14 21 -3190.0
14 22 -3148.69
14 23 -3107.54
14 24 -6040.0
14 25 -1217.38
14 26 1729.54
14 27 -3340.0
14 28 -4580.0
14 30 179.231
14 31 -4221.23
14 32 -2510.77
14 33 -3641.23
14 34 -3880.0
14 35 -2668.77
14 36 -3820.0
14 37 -1235.38
14 39 -3120.0
14 40 -6590.0
14 41 -1320.0
14 42 -996.923
14 43 -4990.0
14 44 -4790.0
14 45 -2388.77
14 46 -3298.77
14 47 -4100.46
14 48 195.538
14 49 -5633.77
14 50 -5808.77
14 51 -4234.46
15 52 9909.23
15 2 -6450.0
15 3 7.69231
15 4 -2360.0
15 5 -9541.23
15 6 -1110.0
15 7 -8750.0
15 8 -4777.54
15 9 -3395.46
15 10 -6265.69
15 11 -2360.0
15 12 -3330.0
15 13 -5547.54
15 14 -6756.23
15 16 6117.54
15 17 -5556.23
15 18 -6600.0
15 19 -7980.0
15 20 -4984.69
15 21 -8120.0
15 22 111.308
15 23 -5537.54
15 24 -2980.0
15 25 -6987.38
15 26 -6320.46
15 27 -5570.0
15 28 -7560.0
15 30 -8230.77
15 31 -6161.23
15 32 -5360.77
15 33 -4551.23
15 34 -9790.0
15 35 -5098.77
15 36 -4520.0
15 37 -4985.38
15 39 -5690.0
15 40 -3880.0
15 41 -4170.0
15 42 -9266.92
15 43 -3950.0
15 44 -3810.0
15 45 -3228.77
15 46 -3928.77
15 47 -210.462
15 48 -7514.46
15 49 -2093.77
15 50 651.231
15 51 -4234.46
16 52 10329.2
16 2 -6040.0
16 3 357.692
16 4 -2080.0
16 5 -9131.23
16 6 -760.0
16 7 -8330.0
16 8 -4497.54
16 9 -2915.46
16 10 -5915.69
16 11 -1940.0
16 12 -2910.0
16 13 -5137.54
16 14 -6406.23
16 15 4092.92
16 17 -5346.23
16 18 -6390.0
16 19 -7770.0
16 20 -4774.69
16 21 -7770.0
16 22 251.308
16 23 -5117.54
16 24 -2630.0
16 25 -6637.38
16 26 -5910.46
16 27 -5220.0
16 28 -7150.0
16 30 -7880.77
16 31 -5741.23
16 32 -5080.77
16 33 -4201.23
16 34 -9370.0
16 35 -4678.77
16 36 -4170.0
16 37 -4705.38
16 39 -5410.0
16 40 -3740.0
16 41 -3750.0
16 42 -8916.92
16 43 -3610.0
16 44 -3470.0
16 45 -2808.77
16 46 -3578.77
16 47 59.5385
16 48 -7164.46
16 49 -1953.77
16 50 991.231
16 51 -3884.46
17 52 10459.2
17 2 -3610.0
17 3 -3182.31
17 4 -8190.0
17 5 -5241.23
17 6 -7010.0
17 7 -6390.0
17 8 362.462
17 9 4.53846
17 10 -8075.69
17 11 -6870.0
17 12 -6040.0
17 13 -9227.54
17 14 -2376.23
17 15 -3127.08
17 16 -892.462
17 18 -700.0
17 19 -970.0
17 20 -1444.69
17 21 -6730.0
17 22 -1278.69
17 23 -5887.54
17 24 -6520.0
17 25 -3997.38
17 26 -2160.46
17 27 -5770.0
17 28 -7770.0
17 30 -3500.77
17 31 -6991.23
17 32 259.231
17 33 -3571.23
17 34 -7840.0
17 35 -4338.77
17 36 -4450.0
17 37 154.615
17 39 -2980.0
17 40 -4300.0
17 41 -4650.0
17 42 -4746.92
17 43 -4020.0
17 44 -4440.0
17 45 -2878.77
17 46 -5458.77
17 47 -2710.46
17 48 -1824.46
17 49 -3903.77
17 50 -5668.77
17 51 -6804.46
18 52 11019.2
18 2 -3190.0
18 3 -2422.31
18 4 -7290.0
18 5 -5311.23
18 6 -6110.0
18 7 -6320.0
18 8 782.462
18 9 4.53846
18 10 -7515.69
18 11 -5970.0
18 12 -5270.0
18 13 -8537.54
18 14 -2376.23
18 15 -2227.08
18 16 7.53846
18 17 1243.77
18 19 -1520.0
18 20 -744.692
18 21 -6450.0
18 22 -438.692
18 23 -5397.54
18 24 -5690.0
18 25 -3717.38
18 26 -2230.46
18 27 -5150.0
18 28 -7220.0
18 30 -3640.77
18 31 -6371.23
18 32 959.231
18 33 -2741.23
18 34 -7630.0
18 35 -3708.77
18 36 -3750.0
18 37 634.615
18 39 -2290.0
18 40 -3470.0
18 41 -4170.0
18 42 -4886.92
18 43 -3190.0
18 44 -3610.0
18 45 -2118.77
18 46 -4828.77
18 47 -1810.46
18 48 -2034.46
18 49 -3063.77
18 50 -4768.77
18 51 -6244.46
19 52 10809.2
19 2 -3120.0
19 3 -2912.31
19 4 -8190.0
19 5 -4271.23
19 6 -7220.0
19 7 -5550.0
19 8 712.462
19 9 904.538
19 10 -7655.69
19 11 -6870.0
19 12 -5970.0
19 13 -8817.54
19 14 -1476.23
19 15 -3407.08
19 16 -1172.46
19 17 1173.77
19 18 -1320.0
19 20 -2134.69
19 21 -5970.0
19 22 -1758.69
19 23 -5327.54
19 24 -6450.0
19 25 -3237.38
19 26 -1320.46
19 27 -5220.0
19 28 -7080.0
19 30 -2530.77
19 31 -6441.23
19 32 -80.7692
19 33 -3501.23
19 34 -7010.0
19 35 -3918.77
19 36 -4240.0
19 37 364.615
19 39 -2770.0
19 40 -4860.0
19 41 -3960.0
19 42 -3776.92
19 43 -4230.0
19 44 -4510.0
19 45 -2738.77
19 46 -5038.77
19 47 -3060.46
19 48 -854.462
19 49 -4313.77
19 50 -5808.77
19 51 -6384.46
20 52 10879.2
20 2 -3880.0
20 3 -2142.31
20 4 -6660.0
20 5 -6491.23
20 6 -5200.0
20 7 -7220.0
20 8 -267.538
20 9 -1105.46
20 10 -7585.69
20 11 -5340.0
20 12 -4790.0
20 13 -8397.54
20 14 -3486.23
20 15 -1187.08
20 16 1047.54
20 17 -76.2308
20 18 -1320.0
20 19 -2910.0
20 21 -7080.0
20 22 741.308
20 23 -5677.54
20 24 -5130.0
20 25 -4487.38
20 26 -3410.46
20 27 -5430.0
20 28 -7700.0
20 30 -4890.77
20 31 -6651.23
20 32 -220.769
20 33 -2671.23
20 34 -8470.0
20 35 -3988.77
20 36 -3680.0
20 37 -405.385
20 39 -2700.0
20 40 -2150.0
20 41 -4580.0
20 42 -6066.92
20 43 -2560.0
20 44 -3120.0
20 45 -2118.77
20 46 -4898.77
20 47 -700.462
20 48 -3354.46
20 49 -1883.77
20 50 -3868.77
20 51 -6244.46
21 52 12199.2
21 2 -3330.0
21 3 -62.3077
21 4 -6660.0
21 5 -2671.23
21 6 -7010.0
21 7 -690.0
21 8 -3107.54
21 9 4584.54
21 10 -2865.69
21 11 -5830.0
21 12 -4860.0
21 13 -4027.54
21 14 -1476.23
21 15 -3547.08
21 16 -1172.46
21 17 -4586.23
21 18 -6250.0
21 19 -5970.0
21 20 -6304.69
21 22 -3918.69
21 23 -607.538
21 24 -5270.0
21 25 -2397.38
21 26 759.538
21 27 -1610.0
21 28 -1660.0
21 30 -2050.77
21 31 -1581.23
21 32 -4740.77
21 33 -4341.23
21 34 -1730.0
21 35 -2388.77
21 36 -3820.0
21 37 -3455.38
21 39 -4510.0
21 40 -7630.0
21 41 1800.0
21 42 -2876.92
21 43 -5690.0
21 44 -5200.0
21 45 -2598.77
21 46 -1078.77
21 47 -4520.46
21 48 -2934.46
21 49 -6263.77
21 50 -4978.77
21 51 -1384.46
22 52 11019.2
22 2 -4580.0
22 3 -822.308
22 4 -4580.0
22 5 -7741.23
22 6 -2910.0
22 7 -7910.0
22 8 -2137.54
22 9 -2015.46
22 10 -6825.69
22 11 -3470.0
22 12 -3400.0
22 13 -7077.54
22 14 -4806.23
22 15 1312.92
22 16 3477.54
22 17 -2506.23
22 18 -3610.0
22 19 -5130.0
22 20 -1854.69
22 21 -7290.0
22 23 -5327.54
22 24 -3540.0
22 25 -5317.38
22 26 -4590.46
22 27 -5150.0
22 28 -7420.0
22 30 -6280.77
22 31 -6161.23
22 32 -2440.77
22 33 -2671.23
22 34 -8950.0
22 35 -3918.77
22 36 -3340.0
22 37 -2275.38
22 39 -3470.0
22 40 -690.0
22 41 -4240.0
22 42 -7456.92
22 43 -1730.0
22 44 -2290.0
22 45 -1838.77
22 46 -4138.77
22 47 1659.54
22 48 -5154.46
22 49 616.231
22 50 -1708.77
22 51 -5274.46
23 52 12889.2
23 2 -3470.0
23 3 1537.69
23 4 -5060.0
23 5 -4271.23
23 6 -5620.0
23 7 -2220.0
23 8 -3387.54
23 9 2784.54
23 10 -1265.69
23 11 -4370.0
23 12 -3540.0
23 13 -2567.54
23 14 -2586.23
23 15 -2157.08
23 16 287.538
23 17 -4936.23
23 18 -6390.0
23 19 -6520.0
23 20 -6094.69
23 21 -1800.0
23 22 -3148.69
23 24 -3810.0
23 25 -3027.38
23 26 -840.462
23 27 -570.0
23 28 -970.0
23 30 -3570.77
23 31 18.7692
23 32 -4940.77
23 33 -3851.23
23 34 -3330.0
23 35 -1838.77
23 36 -3060.0
23 37 -3665.38
23 39 -4370.0
23 40 -6940.0
23 41 2220.0
23 42 -4336.92
23 43 -4990.0
23 44 -4300.0
23 45 -1908.77
23 46 651.231
23 47 -3550.46
23 48 -3974.46
23 49 -5423.77
23 50 -3448.77
23 51 5.53846
24 52 12619.2
24 2 -4090.0
24 3 2577.69
24 4 -1870.0
24 5 -6841.23
24 6 -1870.0
24 7 -5830.0
24 8 -3107.54
24 9 -485.462
24 10 -3625.69
24 11 -690.0
24 12 -550.0
24 13 -3607.54
24 14 -4326.23
24 15 1592.92
24 16 3967.54
24 17 -4376.23
24 18 -5490.0
24 19 -6450.0
24 20 -4354.69
24 21 -5270.0
24 22 -168.692
24 23 -2617.54
24 25 -4487.38
24 26 -3680.46
24 27 -2720.0
24 28 -4650.0
24 30 -5660.77
24 31 -3311.23
24 32 -4040.77
24 33 -2601.23
24 34 -6940.0
24 35 -2388.77
24 36 -2160.0
24 37 -3315.38
24 39 -3810.0
24 40 -4160.0
24 41 -1320.0
24 42 -6696.92
24 43 -2700.0
24 44 -2080.0
24 45 -868.769
24 46 -1078.77
24 47 -420.462
24 48 -5294.46
24 49 -2373.77
24 50 161.231
24 51 -1804.46
25 52 13239.2
25 2 -970.0
25 3 -412.308
25 4 -6520.0
25 5 -2321.23
25 6 -6240.0
25 7 -2570.0
25 8 -607.538
25 9 3404.54
25 10 -4395.69
25 11 -5340.0
25 12 -4230.0
25 13 -5757.54
25 14 263.769
25 15 -2647.08
25 16 -272.462
25 17 -2086.23
25 18 -3750.0
25 19 -3470.0
25 20 -3944.69
25 21 -2630.0
25 22 -2178.69
25 23 -2067.54
25 24 -4720.0
25 26 829.538
25 27 -2160.0
25 28 -3740.0
25 30 -1070.77
25 31 -3171.23
25 32 -2240.77
25 33 -2531.23
25 34 -3880.0
25 35 -1348.77
25 36 -2570.0
25 37 -955.385
25 39 -2220.0
25 40 -5690.0
25 41 -560.0
25 42 -2176.92
25 43 -3950.0
25 44 -3610.0
25 45 -1138.77
25 46 -2048.77
25 47 -2990.46
25 48 -854.462
25 49 -4593.77
25 50 -4488.77
25 51 -3124.46
26 52 10459.2
26 2 -4020.0
26 3 -2772.31
26 4 -9160.0
26 5 -31.2308
26 6 -9160.0
26 7 -760.0
26 8 -2897.54
26 9 5974.54
26 10 -5915.69
26 11 -8120.0
26 12 -7080.0
26 13 -7077.54
26 14 -436.231
26 15 -5627.08
26 16 -3192.46
26 17 -3896.23
26 18 -5910.0
26 19 -5200.0
26 20 -6514.69
26 21 -3120.0
26 22 -5098.69
26 23 -3527.54
26 24 -7560.0
26 25 -2817.38
26 27 -4180.0
26 28 -4650.0
26 30 309.231
26 31 -4631.23
26 32 -4530.77
26 33 -5521.23
26 34 -2700.0
26 35 -4128.77
26 36 -5490.0
26 37 -3315.38
26 39 -5130.0
26 40 -8670.0
26 41 -1110.0
26 42 -376.923
26 43 -6940.0
26 44 -6660.0
26 45 -4128.77
26 46 -3928.77
26 47 -5980.46
26 48 -1334.46
26 49 -7513.77
26 50 -7268.77
26 51 -4434.46
27 52 13799.2
27 2 -2700.0
27 3 1877.69
27 4 -4650.0
27 5 -4131.23
27 6 -5060.0
27 7 -2710.0
27 8 -2487.54
27 9 2574.54
27 10 -1965.69
27 11 -3810.0
27 12 -2840.0
27 13 -3257.54
27 14 -2096.23
27 15 -1467.08
27 16 907.538
27 17 -4096.23
27 18 -5420.0
27 19 -5690.0
27 20 -5124.69
27 21 -2080.0
27 22 -2248.69
27 23 152.462
27 24 -3190.0
27 25 -2397.38
27 26 -770.462
27 28 -1870.0
27 30 -3160.77
27 31 -881.231
27 32 -3970.77
27 33 -2881.23
27 34 -3810.0
27 35 -928.769
27 36 -2160.0
27 37 -2765.38
27 39 -3400.0
27 40 -5970.0
27 41 1250.0
27 42 -4126.92
27 43 -4020.0
27 44 -3400.0
27 45 -938.769
27 46 451.231
27 47 -2780.46
27 48 -3354.46
27 49 -4523.77
27 50 -2958.77
27 51 -754.462
28 52 11989.2
28 2 -4160.0
28 3 837.692
28 4 -5760.0
28 5 -4201.23
28 6 -6520.0
28 7 -1660.0
28 8 -4017.54
28 9 3264.54
28 10 -1405.69
28 11 -5270.0
28 12 -4440.0
28 13 -2497.54
28 14 -2866.23
28 15 -2987.08
28 16 -552.462
28 17 -5626.23
28 18 -7020.0
28 19 -7080.0
28 20 -6924.69
28 21 -1660.0
28 22 -4048.69
28 23 222.462
28 24 -4650.0
28 25 -3507.38
28 26 -770.462
28 27 -1400.0
28 30 -3640.77
28 31 -331.231
28 32 -5570.77
28 33 -4751.23
28 34 -2770.0
28 35 -2668.77
28 36 -3960.0
28 37 -4425.38
28 39 -5130.0
28 40 -7840.0
28 41 3050.0
28 42 -4466.92
28 43 -5830.0
28 44 -5270.0
28 45 -2808.77
28 46 -38.7692
28 47 -4520.46
28 48 -4324.46
28 49 -6333.77
28 50 -4278.77
28 51 145.538
29 52 13379.2
29 2 -3330.0
29 3 2717.69
29 4 -2700.0
29 5 -6071.23
29 6 -2630.0
29 7 -5070.0
29 8 -2487.54
29 9 284.538
29 10 -3145.69
29 11 -1520.0
29 12 -480.0
29 13 -3607.54
29 14 -3556.23
29 15 832.923
29 16 3267.54
29 17 -3826.23
29 18 -5070.0
29 19 -5900.0
29 20 -4084.69
29 21 -4440.0
29 22 -368.692
29 23 -1927.54
29 24 -900.0
29 25 -3717.38
29 26 -2850.46
29 27 -1960.0
29 28 -4090.0
29 30 -4890.77
29 31 -2691.23
29 32 -3620.77
29 33 -2051.23
29 34 -6110.0
29 35 -1558.77
29 36 -1460.0
29 37 -2765.38
29 39 -3190.0
29 40 -4230.0
29 41 -700.0
29 42 -5926.92
29 43 -2560.0
29 44 -1800.0
29 45 -238.769
29 46 -528.769
29 47 -630.462
29 48 -4464.46
29 49 -2513.77
29 50 -668.769
29 51 -1594.46
30 52 10809.2
30 2 -3330.0
30 3 -2702.31
30 4 -8950.0
30 5 -381.231
30 6 -8740.0
30 7 -1870.0
30 8 -1927.54
30 9 4864.54
30 10 -6195.69
30 11 -7840.0
30 12 -6730.0
30 13 -7497.54
30 14 403.769
30 15 -5147.08
30 16 -2772.46
30 17 -2846.23
30 18 -4930.0
30 19 -4020.0
30 20 -5604.69
30 21 -3540.0
30 22 -4398.69
30 23 -3867.54
30 24 -7150.0
30 25 -2327.38
30 26 2699.54
30 27 -4180.0
30 28 -5130.0
30 31 -4911.23
30 32 -3490.77
30 33 -4891.23
30 34 -3610.0
30 35 -3848.77
30 36 -5000.0
30 37 -2345.38
30 39 -4370.0
30 40 -7770.0
30 41 -1670.0
30 42 183.077
30 43 -6240.0
30 44 -6040.0
30 45 -3638.77
30 46 -4068.77
30 47 -5350.46
30 48 -224.462
30 49 -6883.77
30 50 -6988.77
30 51 -4854.46
31 52 12479.2
31 2 -3950.0
31 3 1677.69
31 4 -4860.0
31 5 -4751.23
31 6 -5690.0
31 7 -2430.0
31 8 -3807.54
31 9 2504.54
31 10 -785.692
31 11 -4370.0
31 12 -3610.0
31 13 -2147.54
31 14 -3076.23
31 15 -2157.08
31 16 287.538
31 17 -5416.23
31 18 -6740.0
31 19 -7010.0
31 20 -6444.69
31 21 -2150.0
31 22 -3358.69
31 23 642.462
31 24 -3880.0
31 25 -3507.38
31 26 -1320.46
31 27 -980.0
31 28 -900.0
31 30 -3990.77
31 32 -5290.77
31 33 -4201.23
31 34 -3540.0
31 35 -2248.77
31 36 -3340.0
31 37 -4085.38
31 39 -4720.0
31 40 -7150.0
31 41 2430.0
31 42 -4816.92
31 43 -5270.0
31 44 -4580.0
31 45 -2248.77
31 46 861.231
31 47 -3820.46
31 48 -4464.46
31 49 -5633.77
31 50 -3378.77
31 51 425.538
32 52 11299.2
32 2 -2910.0
32 3 -2142.31
32 4 -7080.0
32 5 -5101.23
32 6 -5970.0
32 7 -6040.0
32 8 1052.46
32 9 214.538
32 10 -7235.69
32 11 -5760.0
32 12 -5060.0
32 13 -8257.54
32 14 -2166.23
32 15 -2157.08
32 16 147.538
32 17 1033.77
32 18 -210.0
32 19 -1450.0
32 20 -814.692
32 21 -6110.0
32 22 -438.692
32 23 -5117.54
32 24 -5410.0
32 25 -3377.38
32 26 -2020.46
32 27 -4870.0
32 28 -6940.0
32 30 -3370.77
32 31 -6091.23
32 33 -2461.23
32 34 -7420.0
32 35 -3428.77
32 36 -3410.0
32 37 914.615
32 39 -2010.0
32 40 -3470.0
32 41 -3820.0
32 42 -4676.92
32 43 -2980.0
32 44 -3400.0
32 45 -1908.77
32 46 -4548.77
32 47 -1670.46
32 48 -1894.46
32 49 -2993.77
32 50 -4628.77
32 51 -5964.46
33 52 13589.2
33 2 -1870.0
33 3 497.692
33 4 -4650.0
33 5 -5031.23
33 6 -3810.0
33 7 -5000.0
33 8 -267.538
33 9 764.538
33 10 -4805.69
33 11 -3330.0
33 12 -2360.0
33 13 -5687.54
33 14 -2166.23
33 15 -217.077
33 16 2157.54
33 17 -1666.23
33 18 -2780.0
33 19 -3740.0
33 20 -2134.69
33 21 -4580.0
33 22 461.308
33 23 -2897.54
33 24 -2840.0
33 25 -2537.38
33 26 -1880.46
33 27 -2650.0
33 28 -4990.0
33 30 -3640.77
33 31 -3871.23
33 32 -1330.77
33 34 -6240.0
33 35 -1278.77
33 36 -840.0
33 37 -475.385
33 39 -1040.0
33 40 -3120.0
33 41 -1810.0
33 42 -4746.92
33 43 -1180.0
33 44 -1040.0
33 45 731.231
33 46 -2118.77
33 47 -280.462
33 48 -2794.46
33 49 -1883.77
33 50 -2268.77
33 51 -3464.46
34 52 10599.2
34 2 -4720.0
34 3 -1662.31
34 4 -8260.0
34 5 -2461.23
34 6 -8740.0
34 7 1040.0
34 8 -4287.54
34 9 5904.54
34 10 -4045.69
34 11 -7560.0
34 12 -6590.0
34 13 -4927.54
34 14 -2166.23
34 15 -5217.08
34 16 -2772.46
34 17 -5696.23
34 18 -7430.0
34 19 -7010.0
34 20 -7694.69
34 21 -1730.0
34 22 -5578.69
34 23 -2137.54
34 24 -6940.0
34 25 -3647.38
34 26 1179.54
34 27 -3340.0
34 28 -2770.0
34 30 -2120.77
34 31 -2971.23
34 32 -6050.77
34 33 -6001.23
34 35 -4058.77
34 36 -5490.0
34 37 -4705.38
34 39 -5900.0
34 40 -9230.0
34 41 1250.0
34 42 -2876.92
34 43 -7290.0
34 44 -6800.0
34 45 -4198.77
34 46 -2608.77
34 47 -6250.46
34 48 -3554.46
34 49 -7923.77
34 50 -6638.77
34 51 -2284.46
35 52 15049.2
35 2 -1520.0
35 3 1327.69
35 4 -4650.0
35 5 -3991.23
35 6 -4510.0
35 7 -3470.0
35 8 -1167.54
35 9 2154.54
35 10 -3285.69
35 11 -3540.0
35 12 -2430.0
35 13 -4437.54
35 14 -1476.23
35 15 -1047.08
35 16 1397.54
35 17 -2716.23
35 18 -4030.0
35 19 -4440.0
35 20 -3734.69
35 21 -2910.0
35 22 -1068.69
35 23 -1167.54
35 24 -2910.0
35 25 -1637.38
35 26 -770.462
35 27 -980.0
35 28 -3190.0
35 30 -2880.77
35 31 -2201.23
35 32 -2580.77
35 33 -1561.23
35 34 -4580.0
35 36 -980.0
35 37 -1445.38
35 39 -2010.0
35 40 -4790.0
35 41 -140.0
35 42 -3846.92
35 43 -2840.0
35 44 -2290.0
35 45 311.231
35 46 -728.769
35 47 -1740.46
35 48 -2584.46
35 49 -3413.77
35 50 -2688.77
35 51 -2074.46
36 52 14419.2
36 2 -1870.0
36 3 1397.69
36 4 -4090.0
36 5 -4891.23
36 6 -3610.0
36 7 -4510.0
36 8 -1027.54
36 9 1114.54
36 10 -3835.69
36 11 -2840.0
36 12 -1800.0
36 13 -4717.54
36 14 -2236.23
36 15 -77.0769
36 16 2297.54
36 17 -2436.23
36 18 -3680.0
36 19 -4370.0
36 20 -3034.69
36 21 -3950.0
36 22 -98.6923
36 23 -1997.54
36 24 -2290.0
36 25 -2467.38
36 26 -1740.46
36 27 -1820.0
36 28 -4090.0
36 30 -3640.77
36 31 -2901.23
36 32 -2170.77
36 33 -731.231
36 34 -5620.0
36 35 -588.769
36 37 -1305.38
36 39 -1730.0
36 40 -3810.0
36 41 -970.0
36 42 -4746.92
36 43 -1800.0
36 44 -1310.0
36 45 1221.23
36 46 -1148.77
36 47 -700.462
36 48 -3074.46
36 49 -2373.77
36 50 -1918.77
36 51 -2494.46
37 52 11989.2
37 2 -2080.0
37 3 -1592.31
37 4 -6870.0
37 5 -4271.23
37 6 -5900.0
37 7 -5140.0
37 8 1892.46
37 9 1044.54
37 10 -6475.69
37 11 -5550.0
37 12 -4650.0
37 13 -7637.54
37 14 -1336.23
37 15 -2227.08
37 16 77.5385
37 17 483.769
37 18 -980.0
37 19 -1450.0
37 20 -1444.69
37 21 -5270.0
37 22 -718.692
37 23 -4287.54
37 24 -5130.0
37 25 -2537.38
37 26 -1250.46
37 27 -4110.0
37 28 -6240.0
37 30 -2670.77
37 31 -5331.23
37 32 469.231
37 33 -2051.23
37 34 -6520.0
37 35 -2738.77
37 36 -2990.0
37 39 -1450.0
37 40 -3950.0
37 41 -3060.0
37 42 -3846.92
37 43 -2910.0
37 44 -3190.0
37 45 -1418.77
37 46 -3858.77
37 47 -1880.46
37 48 -1194.46
37 49 -3203.77
37 50 -4488.77
37 51 -5274.46
38 52 10599.2
38 2 -6310.0
38 3 2227.69
38 4 -3050.0
38 5 -7881.23
38 6 -4650.0
38 7 -5550.0
38 8 -5887.54
38 9 -695.462
38 10 -2105.69
38 11 -3540.0
38 12 -3740.0
38 13 -207.538
38 14 -6056.23
38 15 -837.077
38 16 1537.54
38 17 -7296.23
38 18 -8540.0
38 19 -9230.0
38 20 -7624.69
38 21 -5410.0
38 22 -3568.69
38 23 -2547.54
38 24 -3470.0
38 25 -6217.38
38 26 -4520.46
38 27 -3550.0
38 28 -4090.0
38 30 -7050.77
38 31 -2761.23
38 32 -7030.77
38 33 -5591.23
38 34 -6730.0
38 35 -4338.77
38 36 -4860.0
38 37 -6165.38
38 39 -6590.0
38 40 -7560.0
38 41 -70.0
38 42 -7946.92
38 43 -6040.0
38 44 -5410.0
38 45 -3638.77
38 46 -868.769
38 47 -3820.46
38 48 -7304.46
38 49 -5773.77
38 50 -1918.77
38 51 835.538
39 52 13309.2
39 2 -1310.0
39 3 -272.308
39 4 -5620.0
39 5 -4341.23
39 6 -4720.0
39 7 -4720.0
39 8 572.462
39 9 1254.54
39 10 -5295.69
39 11 -4300.0
39 12 -3330.0
39 13 -6317.54
39 14 -1406.23
39 15 -1117.08
39 16 1187.54
39 17 -836.231
39 18 -2090.0
39 19 -2770.0
39 20 -1924.69
39 21 -4510.0
39 22 -98.6923
39 23 -3177.54
39 24 -3810.0
39 25 -1987.38
39 26 -1250.46
39 27 -2930.0
39 28 -5130.0
39 30 -2880.77
39 31 -4151.23
39 32 -640.769
39 33 -801.231
39 34 -5900.0
39 35 -1488.77
39 36 -1600.0
39 37 364.615
39 40 -3540.0
39 41 -2020.0
39 42 -3986.92
39 43 -1940.0
39 44 -2010.0
39 45 -28.7692
39 46 -2608.77
39 47 -1050.46
39 48 -1824.46
39 49 -2513.77
39 50 -3238.77
39 51 -3954.46
40 52 10669.2
40 2 -4720.0
40 3 -1382.31
40 4 -5200.0
40 5 -7811.23
40 6 -3470.0
40 7 -8120.0
40 8 -1997.54
40 9 -2215.46
40 10 -7305.69
40 11 -4090.0
40 12 -4020.0
40 13 -7637.54
40 14 -4876.23
40 15 692.923
40 16 2857.54
40 17 -2156.23
40 18 -3270.0
40 19 -4860.0
40 20 -1374.69
40 21 -7630.0
40 22 2681.31
40 23 -5747.54
40 24 -4160.0
40 25 -5457.38
40 26 -4790.46
40 27 -5500.0
40 28 -7840.0
40 30 -6280.77
40 31 -6581.23
40 32 -2100.77
40 33 -2881.23
40 34 -9230.0
40 35 -4268.77
40 36 -3680.0
40 37 -2135.38
40 39 -3540.0
40 41 -4650.0
40 42 -7456.92
40 43 -2010.0
40 44 -2700.0
40 45 -2118.77
40 46 -4688.77
40 47 1039.54
40 48 -5014.46
40 49 56.2308
40 50 -2268.77
40 51 -5824.46
41 52 11019.2
41 2 -5130.0
41 3 287.692
41 4 -6310.0
41 5 -4821.23
41 6 -7220.0
41 7 -1530.0
41 8 -4987.54
41 9 3124.54
41 10 -1545.69
41 11 -5900.0
41 12 -5270.0
41 13 -2147.54
41 14 -3696.23
41 15 -3687.08
41 16 -1242.46
41 17 -6596.23
41 18 -8060.0
41 19 -8050.0
41 20 -7894.69
41 22 -4958.69
41 23 -677.538
41 24 -5410.0
41 25 -4417.38
41 26 -1320.46
41 27 -2370.0
41 28 -1040.0
41 30 -4270.77
41 31 -1091.23
41 32 -6540.77
41 33 -5661.23
41 34 -2840.0
41 35 -3708.77
41 36 -4930.0
41 37 -5335.38
41 39 -6110.0
41 40 -8740.0
41 42 -5026.92
41 43 -6800.0
41 44 -6110.0
41 45 -3778.77
41 46 -728.769
41 47 -5350.46
41 48 -5154.46
41 49 -7233.77
41 50 -4838.77
41 51 555.538
42 52 10739.2
42 2 -3470.0
42 3 -2702.31
42 4 -9020.0
42 5 -101.231
42 6 -8810.0
42 7 -1530.0
42 8 -2137.54
42 9 5074.54
42 10 -6125.69
42 11 -7910.0
42 12 -6800.0
42 13 -7357.54
42 14 193.769
42 15 -5217.08
42 16 -2842.46
42 17 -3126.23
42 18 -5210.0
42 19 -4300.0
42 20 -5814.69
42 21 -3400.0
42 22 -4608.69
42 23 -3667.54
42 24 -7220.0
42 25 -2467.38
42 26 2979.54
42 27 -4180.0
42 28 -4990.0
42 30 1149.23
42 31 -4771.23
42 32 -3830.77
42 33 -5031.23
42 34 -3400.0
42 35 -3848.77
42 36 -5140.0
42 37 -2555.38
42 39 -4510.0
42 40 -7980.0
42 41 -1460.0
42 43 -6380.0
42 44 -6240.0
42 45 -3708.77
42 46 -3998.77
42 47 -5490.46
42 48 -504.462
42 49 -7023.77
42 50 -7058.77
42 51 -4714.46
43 52 12619.2
43 2 -2980.0
43 3 217.692
43 4 -4300.0
43 5 -6141.23
43 6 -3050.0
43 7 -6180.0
43 8 -957.538
43 9 -345.462
43 10 -5435.69
43 11 -2980.0
43 12 -2360.0
43 13 -6037.54
43 14 -3276.23
43 15 622.923
43 16 2987.54
43 17 -1876.23
43 18 -2990.0
43 19 -4230.0
43 20 -1784.69
43 21 -5690.0
43 22 1641.31
43 23 -3797.54
43 24 -2700.0
43 25 -3717.38
43 26 -3060.46
43 27 -3550.0
43 28 -5830.0
43 30 -4750.77
43 31 -4701.23
43 32 -1610.77
43 33 -941.231
43 34 -7290.0
43 35 -2318.77
43 36 -1670.0
43 37 -1095.38
43 39 -1940.0
43 40 -2010.0
43 41 -2710.0
43 42 -5856.92
43 44 -760.0
43 45 -168.769
43 46 -2748.77
43 47 829.538
43 48 -3764.46
43 49 -773.769
43 50 -1708.77
43 51 -4024.46
44 52 13239.2
44 2 -2770.0
44 3 977.692
44 4 -3810.0
44 5 -5931.23
44 6 -2840.0
44 7 -5690.0
44 8 -1167.54
44 9 4.53846
44 10 -4805.69
44 11 -2430.0
44 12 -1730.0
44 13 -5347.54
44 14 -3076.23
44 15 762.923
44 16 3127.54
44 17 -2296.23
44 18 -3410.0
44 19 -4510.0
44 20 -2344.69
44 21 -5200.0
44 22 1081.31
44 23 -3107.54
44 24 -2080.0
44 25 -3377.38
44 26 -2780.46
44 27 -2930.0
44 28 -5270.0
44 30 -4550.77
44 31 -4011.23
44 32 -2030.77
44 33 -801.231
44 34 -6800.0
44 35 -1768.77
44 36 -1180.0
44 37 -1375.38
44 39 -2010.0
44 40 -2700.0
44 41 -2020.0
44 42 -5716.92
44 43 -760.0
44 45 381.231
44 46 -2118.77
44 47 549.538
44 48 -3764.46
44 49 -1193.77
44 50 -1298.77
44 51 -3324.46
45 52 14279.2
45 2 -1800.0
45 3 1187.69
45 4 -4230.0
45 5 -4891.23
45 6 -3610.0
45 7 -4650.0
45 8 -887.538
45 9 1044.54
45 10 -4045.69
45 11 -2980.0
45 12 -1940.0
45 13 -4927.54
45 14 -2166.23
45 15 -147.077
45 16 2297.54
45 17 -2226.23
45 18 -3410.0
45 19 -4230.0
45 20 -2834.69
45 21 -4090.0
45 22 41.3077
45 23 -2207.54
45 24 -2360.0
45 25 -2397.38
45 26 -1740.46
45 27 -1960.0
45 28 -4300.0
45 30 -3640.77
45 31 -3171.23
45 32 -2030.77
45 33 -521.231
45 34 -5690.0
45 35 -658.769
45 36 -140.0
45 37 -1095.38
45 39 -1520.0
45 40 -3610.0
45 41 -1180.0
45 42 -4676.92
45 43 -1660.0
45 44 -1110.0
45 46 -1358.77
45 47 -560.462
45 48 -2934.46
45 49 -2303.77
45 50 -1988.77
45 51 -2704.46
46 52 12889.2
46 2 -3880.0
46 3 2647.69
46 4 -3950.0
46 5 -5241.23
46 6 -4720.0
46 7 -3330.0
46 8 -3597.54
46 9 1734.54
46 10 -985.692
46 11 -3470.0
46 12 -2770.0
46 13 -2007.54
46 14 -3416.23
46 15 -1187.08
46 16 1187.54
46 17 -5146.23
46 18 -6460.0
46 19 -6870.0
46 20 -5954.69
46 21 -2910.0
46 22 -2598.69
46 23 12.4615
46 24 -2910.0
46 25 -3647.38
46 26 -1880.46
46 27 -910.0
46 28 -1870.0
46 30 -4410.77
46 31 -401.231
46 32 -5010.77
46 33 -3711.23
46 34 -4440.0
46 35 -2038.77
46 36 -2850.0
46 37 -3875.38
46 39 -4440.0
46 40 -6520.0
46 41 1530.0
46 42 -5306.92
46 43 -4580.0
46 44 -3950.0
46 45 -1698.77
46 47 -2990.46
46 48 -4734.46
46 49 -4873.77
46 50 -2408.77
46 51 355.538
47 52 11299.2
47 2 -4580.0
47 3 -202.308
47 4 -3810.0
47 5 -7741.23
47 6 -2150.0
47 7 -7570.0
47 8 -2347.54
47 9 -1875.46
47 10 -6265.69
47 11 -2770.0
47 12 -2840.0
47 13 -6387.54
47 14 -4876.23
47 15 1872.92
47 16 4167.54
47 17 -3056.23
47 18 -4100.0
47 19 -5550.0
47 20 -2414.69
47 21 -7010.0
47 22 2541.31
47 23 -4847.54
47 24 -2910.0
47 25 -5247.38
47 26 -4590.46
47 27 -4800.0
47 28 -7010.0
47 30 -6350.77
47 31 -5741.23
47 32 -2790.77
47 33 -2531.23
47 34 -8740.0
47 35 -3708.77
47 36 -3060.0
47 37 -2555.38
47 39 -3540.0
47 40 -1450.0
47 41 -3750.0
47 42 -7456.92
47 43 -1660.0
47 44 -1940.0
47 45 -1558.77
47 46 -3648.77
47 48 -5294.46
47 49 406.231
47 50 -948.769
47 51 -4644.46
48 52 11089.2
48 2 -2770.0
48 3 -2702.31
48 4 -8540.0
48 5 -1981.23
48 6 -7980.0
48 7 -3400.0
48 8 -537.538
48 9 3194.54
48 10 -6685.69
48 11 -7290.0
48 12 -6310.0
48 13 -8047.54
48 14 403.769
48 15 -4447.08
48 16 -2072.46
48 17 -1186.23
48 18 -3340.0
48 19 -2360.0
48 20 -4084.69
48 21 -4440.0
48 22 -3288.69
48 23 -4287.54
48 24 -6800.0
48 25 -2127.38
48 26 1039.54
48 27 -4390.0
48 28 -5830.0
48 30 -240.769
48 31 -5401.23
48 32 -2030.77
48 33 -4061.23
48 34 -5060.0
48 35 -3568.77
48 36 -4450.0
48 37 -885.385
48 39 -3330.0
48 40 -6520.0
48 41 -2570.0
48 42 -1486.92
48 43 -5270.0
48 44 -5270.0
48 45 -2948.77
48 46 -4408.77
48 47 -4310.46
48 49 -5773.77
48 50 -6368.77
48 51 -5414.46
49 52 11089.2
49 2 -4580.0
49 3 -552.308
49 4 -4300.0
49 5 -7741.23
49 6 -2630.0
49 7 -7840.0
49 8 -2207.54
49 9 -1945.46
49 10 -6615.69
49 11 -3260.0
49 12 -3260.0
49 13 -6867.54
49 14 -4876.23
49 15 1522.92
49 16 3687.54
49 17 -2716.23
49 18 -3820.0
49 19 -5270.0
49 20 -2064.69
49 21 -7220.0
49 22 3031.31
49 23 -5187.54
49 24 -3330.0
49 25 -5317.38
49 26 -4590.46
49 27 -5010.0
49 28 -7290.0
49 30 -6350.77
49 31 -6021.23
49 32 -2580.77
49 33 -2601.23
49 34 -8880.0
49 35 -3848.77
49 36 -3200.0
49 37 -2345.38
49 39 -3470.0
49 40 -900.0
49 41 -4100.0
49 42 -7456.92
49 43 -1730.0
49 44 -2150.0
49 45 -1768.77
49 46 -3998.77
49 47 1939.54
49 48 -5224.46
49 50 -1368.77
49 51 -5064.46
50 52 10739.2
50 2 -5830.0
50 3 1257.69
50 4 -1040.0
50 5 -8711.23
50 6 -900.0
50 7 -7640.0
50 8 -4567.54
50 9 -2355.46
50 10 -5015.69
50 11 -1310.0
50 12 -2360.0
50 13 -4097.54
50 14 -6196.23
50 15 3122.92
50 16 5487.54
50 17 -5626.23
50 18 -6670.0
50 19 -7910.0
50 20 -5194.69
50 21 -7080.0
50 22 -438.692
50 23 -4357.54
50 24 -1940.0
50 25 -6357.38
50 26 -5490.46
50 27 -4590.0
50 28 -6380.0
50 30 -7600.77
50 31 -4911.23
50 32 -5360.77
50 33 -4131.23
50 34 -8740.0
50 35 -4268.77
50 36 -3890.0
50 37 -4775.38
50 39 -5340.0
50 40 -4370.0
50 41 -2850.0
50 42 -8636.92
50 43 -3810.0
50 44 -3400.0
50 45 -2598.77
50 46 -2678.77
50 47 -560.462
50 48 -6964.46
50 49 -2513.77
50 51 -2844.46
51 52 10259.2
51 2 -6310.0
51 3 1117.69
51 4 -5060.0
51 5 -6971.23
51 6 -6380.0
51 7 -3890.0
51 8 -6097.54
51 9 694.538
51 10 -1195.69
51 11 -5200.0
51 12 -4860.0
51 13 212.462
51 14 -5506.23
51 15 -2647.08
51 16 -272.462
51 17 -7646.23
51 18 -9030.0
51 19 -9370.0
51 20 -8454.69
51 21 -4370.0
51 22 -4888.69
51 23 -1787.54
51 24 -4790.0
51 25 -5877.38
51 26 -3540.46
51 27 -3270.0
51 28 -2840.0
51 30 -6350.77
51 31 -1991.23
51 32 -7580.77
51 33 -6211.23
51 34 -5270.0
51 35 -4538.77
51 36 -5350.0
51 37 -6445.38
51 39 -6940.0
51 40 -8810.0
51 42 -7176.92
51 43 -7010.0
51 44 -6310.0
51 45 -4198.77
51 46 -798.769
51 47 -5140.46
51 48 -6894.46
51 49 -7093.77
51 50 -3728.77
52 2 0
52 3 0
52 4 0
52 5 0
52 6 0
52 7 0
52 8 0
52 9 0
52 10 0
52 11 0
52 12 0
52 13 0
52 14 0
52 15 0
52 16 0
52 17 0
52 18 0
52 19 0
52 20 0
52 21 0
52 22 0
52 23 0
52 24 0
52 25 0
52 26 0
52 27 0
52 28 0
52 29 0
52 30 0
52 31 0
52 32 0
52 33 0
52 34 0
52 35 0
52 36 0
52 37 0
52 38 0
52 39 0
52 40 0
52 41 0
52 42 0
52 43 0
52 44 0
52 45 0
52 46 0
52 47 0
52 48 0
52 49 0
52 50 0
52 51 0
2 1 0
3 1 0
4 1 0
5 1 0
6 1 0
7 1 0
8 1 0
9 1 0
10 1 0
11 1 0
12 1 0
13 1 0
14 1 0
15 1 0
16 1 0
17 1 0
18 1 0
19 1 0
20 1 0
21 1 0
22 1 0
23 1 0
24 1 0
25 1 0
26 1 0
27 1 0
28 1 0
29 1 0
30 1 0
31 1 0
32 1 0
33 1 0
34 1 0
35 1 0
36 1 0
37 1 0
38 1 0
39 1 0
40 1 0
41 1 0
42 1 0
43 1 0
44 1 0
45 1 0
46 1 0
47 1 0
48 1 0
49 1 0
50 1 0
51 1 0
52 1 0
