52 2407
1
2
3
4
5
6
7
8
9
10
11
12
13
14
15
16
17
18
19
20
21
22
23
24
25
26
27
28
29
30
31
32
33
34
35
36
37
38
39
40
41
42
43
44
45
46
47
48
49
50
51
52
1 52 -0.0
1 2 -21110.0
1 3 -25010.0
1 4 -21140.3
1 5 -22240.0
1 6 -22376.0
1 7 -20051.7
1 8 -20970.0
1 9 -18660.3
1 10 -20224.0
1 11 -21302.7
1 12 -21739.0
1 13 -23770.0
1 14 -22024.0
1 15 -22914.0
1 16 -22456.3
1 17 -13576.3
1 18 -22850.0
1 19 -22020.0
1 20 -14773.3
1 21 -23060.0
1 22 -23857.3
1 23 -23112.0
1 24 -24982.7
1 25 -24320.0
1 26 -24110.0
1 27 -20700.0
1 28 -24040.0
1 29 -22930.0
1 30 -24789.0
1 31 -23639.0
1 32 -18138.7
1 33 -22559.0
1 35 -24450.0
1 36 -21553.7
1 37 -22010.0
1 38 -20840.0
1 40 -24313.3
1 41 -23323.7
1 42 -25140.0
1 43 -21391.0
1 44 -20679.0
1 45 -23496.3
1 46 -20690.0
1 47 -23421.3
1 48 -21890.0
1 49 -24310.0
1 50 -21189.0
1 51 -22072.0
2 52 14518.0
2 3 -4030.0
2 4 -710.333
2 5 -1600.0
2 6 -3336.0
2 7 998.333
2 8 -1310.0
2 9 1209.67
2 10 -294.0
2 11 -1992.67
2 12 -2839.0
2 13 -4250.0
2 14 -3194.0
2 15 -4014.0
2 16 -2306.33
2 17 7473.67
2 18 -2910.0
2 19 -2430.0
2 20 5096.67
2 21 -2080.0
2 22 -2877.33
2 23 -4282.0
2 24 -6082.67
2 25 -5420.0
2 26 -3890.0
2 27 -830.0
2 28 -5070.0
2 29 -3130.0
2 30 -3739.0
2 31 -4739.0
2 32 831.333
2 33 -1719.0
2 35 -4300.0
2 36 -913.667
2 37 -1240.0
2 38 -420.0
2 40 -5413.33
2 41 -2343.67
2 42 -5130.0
2 43 -2421.0
2 44 -1499.0
2 45 -3276.33
2 46 10.0
2 47 -4181.33
2 48 -2990.0
2 49 -4020.0
2 50 -2359.0
2 51 -3112.0
3 52 10428.0
3 2 -4160.0
3 4 -2930.33
3 5 -4310.0
3 6 -6116.0
3 7 1548.33
3 8 -4720.0
3 9 -2750.33
3 10 -4384.0
3 11 -6082.67
3 12 -6929.0
3 13 -5780.0
3 14 -6874.0
3 15 -8044.0
3 16 -5296.33
3 17 9633.67
3 18 -4300.0
3 19 -4990.0
3 20 1976.67
3 21 -2980.0
3 22 -2877.33
3 23 -7962.0
3 24 -9492.67
3 25 -9450.0
3 26 -3270.0
3 27 -960.0
3 28 -9230.0
3 29 -6530.0
3 30 -479.0
3 31 -8489.0
3 32 -3268.67
3 33 -1929.0
3 35 -6940.0
3 36 -4043.67
3 37 -3810.0
3 38 -4310.0
3 40 -9573.33
3 41 -2763.67
3 42 -4990.0
3 43 -6581.0
3 44 -3859.0
3 45 -5916.33
3 46 -4090.0
3 47 -8271.33
3 48 -7010.0
3 49 -3470.0
3 50 -6319.0
3 51 -6582.0
4 39 -2360.0
5 52 13268.0
5 2 -1660.0
5 3 -4240.0
5 4 749.667
5 6 -4726.0
5 7 1548.33
5 8 -2910.0
5 9 999.667
5 10 -774.0
5 11 -2262.67
5 12 -3599.0
5 13 -5780.0
5 14 -4244.0
5 15 -4784.0
5 16 -1056.33
5 17 8173.67
5 18 -4370.0
5 19 -4020.0
5 20 6206.67
5 21 -1520.0
5 22 -1767.33
5 23 -5252.0
5 24 -7332.67
5 25 -5970.0
5 26 -5140.0
5 27 -2350.0
5 28 -5620.0
5 29 -2230.0
5 30 -3599.0
5 31 -5779.0
5 32 481.333
5 33 -329.0
5 35 -2910.0
5 36 -83.6667
5 37 290.0
5 38 -840.0
5 40 -5823.33
5 41 -1233.67
5 42 -6520.0
5 43 -3181.0
5 44 -3029.0
5 45 -1826.33
5 46 -1310.0
5 47 -4181.33
5 48 -3890.0
5 49 -5270.0
5 50 -3059.0
5 51 -4362.0
6 52 10838.0
6 2 -5690.0
6 3 -8340.0
6 4 -5780.33
6 5 -7020.0
6 7 -4421.67
6 8 -4440.0
6 9 -3310.33
6 10 -4874.0
6 11 -5182.67
6 12 -3599.0
6 13 -1540.0
6 14 -2154.0
6 15 -2624.0
6 16 -7026.33
6 17 2133.67
6 18 -4300.0
6 19 -3740.0
6 20 1416.67
6 21 -7630.0
6 22 -8497.33
6 23 -672.0
6 24 -1642.67
6 25 -4450.0
6 26 -5350.0
6 27 290.0
6 28 -4300.0
6 29 -6810.0
6 30 -8599.0
6 31 -1059.0
6 32 831.333
6 33 -7279.0
6 35 -8880.0
6 36 -6333.67
6 37 -6730.0
6 38 -5560.0
6 40 -4993.33
6 41 -7903.67
6 42 -5130.0
6 43 -3321.0
6 44 2461.0
6 45 -8006.33
6 46 -5340.0
6 47 -5711.33
6 48 -3400.0
6 49 -5760.0
6 50 -2079.0
6 51 18.0
7 52 11608.0
8 52 14658.0
8 2 -1310.0
8 3 -4590.0
8 4 -1890.33
8 5 -2850.0
8 6 -2086.0
8 7 -41.6667
8 9 579.667
8 10 -1054.0
8 11 -2262.67
8 12 -2419.0
8 13 -3070.0
8 14 -2224.0
8 15 -3394.0
8 16 -3346.33
8 17 6433.67
8 18 -2010.0
8 19 -1310.0
8 20 4266.67
8 21 -3190.0
8 22 -4057.33
8 23 -3382.0
8 24 -5042.67
8 25 -5000.0
8 26 -3270.0
8 27 80.0
8 28 -4720.0
8 29 -3890.0
8 30 -4569.0
8 31 -3899.0
8 32 1111.33
8 33 -2899.0
8 35 -5340.0
8 36 -2163.67
8 37 -2490.0
8 38 -1460.0
8 40 -5063.33
8 41 -3523.67
8 42 -4230.0
8 43 -2071.0
8 44 -249.0
8 45 -4256.33
8 46 -1100.0
8 47 -4251.33
8 48 -2430.0
8 49 -3470.0
8 50 -1739.0
8 51 -2132.0
9 52 14448.0
9 2 -1310.0
9 3 -5140.0
9 4 -20.3333
9 5 -1460.0
9 6 -3476.0
9 7 368.333
9 8 -1940.0
9 10 616.0
9 11 -942.667
9 12 -2139.0
9 13 -4880.0
9 14 -2854.0
9 15 -3324.0
9 16 -1406.33
9 17 6783.67
9 18 -3880.0
9 19 -3190.0
9 20 6206.67
9 21 -2700.0
9 22 -3217.33
9 23 -3792.0
9 24 -5812.67
9 25 -4650.0
9 26 -5000.0
9 27 -1800.0
9 28 -4300.0
9 29 -1950.0
9 30 -4709.0
9 31 -4319.0
9 32 1801.33
9 33 -1789.0
9 35 -3400.0
9 36 -713.667
9 37 -1170.0
9 38 -280.0
9 40 -4443.33
9 41 -2693.67
9 42 -6110.0
9 43 -1721.0
9 44 -1849.0
9 45 -2446.33
9 46 -760.0
9 47 -3071.33
9 48 -2430.0
9 49 -5200.0
9 50 -1669.0
9 51 -2972.0
10 52 14588.0
10 2 -1110.0
10 3 -5070.0
10 4 -220.333
10 5 -1530.0
10 6 -3336.0
10 7 368.333
10 8 -1870.0
10 9 2319.67
10 11 -1012.67
10 12 -2139.0
10 13 -4740.0
10 14 -2784.0
10 15 -3324.0
10 16 -1546.33
10 17 6853.67
10 18 -3740.0
10 19 -3050.0
10 20 6066.67
10 21 -2700.0
10 22 -3287.33
10 23 -3792.0
10 24 -5742.67
10 25 -4650.0
10 26 -4860.0
10 27 -1660.0
10 28 -4300.0
10 29 -2090.0
10 30 -4639.0
10 31 -4319.0
10 32 1731.33
10 33 -1789.0
10 35 -3540.0
10 36 -783.667
10 37 -1240.0
10 38 -280.0
10 40 -4573.33
10 41 -2693.67
10 42 -5970.0
10 43 -1721.0
10 44 -1779.0
10 45 -2586.33
10 46 -620.0
10 47 -3141.33
10 48 -2430.0
10 49 -5060.0
10 50 -1599.0
10 51 -2902.0
11 52 13898.0
11 2 -2360.0
11 3 -6320.0
11 4 -430.333
11 5 -2570.0
11 6 -3196.0
11 7 -881.667
11 8 -2630.0
11 9 1209.67
11 10 -564.0
11 12 -1239.0
11 13 -5150.0
11 14 -2364.0
11 15 -2284.0
11 16 -1616.33
11 17 5673.67
11 18 -4580.0
11 19 -3740.0
11 20 6626.67
11 21 -3880.0
11 22 -4267.33
11 23 -2962.0
11 24 -5182.67
11 25 -3470.0
11 26 -5900.0
11 27 -2420.0
11 28 -3120.0
11 29 -1460.0
11 30 -5889.0
11 31 -3489.0
11 32 2981.33
11 33 -2689.0
11 35 -3400.0
11 36 -1823.67
11 37 -2210.0
11 38 -1530.0
11 40 -3323.33
11 41 -3803.67
11 42 -6800.0
11 43 -751.0
11 44 -1849.0
11 45 -2656.33
11 46 -1870.0
11 47 -1891.33
11 48 -1600.0
11 49 -6040.0
11 50 -759.0
11 51 -2482.0
12 52 13268.0
12 2 -3400.0
12 3 -7360.0
12 4 -2100.33
12 5 -4100.0
12 6 -1806.0
12 7 -2331.67
12 8 -2980.0
12 9 -180.333
12 10 -1884.0
12 11 -1432.67
12 13 -4320.0
12 14 -904.0
12 15 -684.0
12 16 -3346.33
12 17 4213.67
12 18 -4580.0
12 19 -3540.0
12 20 5446.67
12 21 -5270.0
12 22 -5857.33
12 23 -1222.0
12 24 -3512.67
12 25 -2090.0
12 26 -6110.0
12 27 -2010.0
12 28 -1740.0
12 29 -2780.0
12 30 -7139.0
12 31 -1749.0
12 32 4021.33
12 33 -4359.0
12 35 -5060.0
12 36 -3413.67
12 37 -3810.0
12 38 -2850.0
12 40 -2213.33
12 41 -5333.67
12 42 -6660.0
12 43 779.0
12 44 -739.0
12 45 -4326.33
12 46 -2980.0
12 47 -1821.33
12 48 3.41061e-13
12 49 -6310.0
12 50 971.0
12 51 -1022.0
13 52 10638.0
13 2 -5410.0
13 3 -6810.0
13 4 -5990.33
13 5 -6880.0
13 6 -346.0
13 7 -3581.67
13 8 -4230.0
13 9 -3520.33
13 10 -5084.0
13 11 -5942.67
13 12 -4919.0
13 14 -3614.0
13 15 -4714.0
13 16 -7376.33
13 17 3243.67
13 18 -2980.0
13 19 -3050.0
13 20 446.667
13 21 -6940.0
13 22 -7877.33
13 23 -3242.0
13 24 -4282.67
13 25 -6600.0
13 26 -3270.0
13 28 -6390.0
13 29 -7710.0
13 30 -7209.0
13 31 -3629.0
13 32 -1048.67
13 33 -6789.0
13 35 -9370.0
13 36 -6263.67
13 37 -6520.0
13 38 -5560.0
13 40 -7073.33
13 41 -7343.67
13 43 -4641.0
13 44 2391.0
13 45 -8486.33
13 46 -5200.0
13 47 -7301.33
13 48 -4790.0
13 49 -3740.0
13 50 -3749.0
13 51 -2062.0
14 52 12928.0
14 2 -3810.0
14 3 -7360.0
14 4 -3280.33
14 5 -4800.0
14 6 -416.0
14 7 -2681.67
14 8 -2840.0
14 9 -950.333
14 10 -2584.0
14 11 -2612.67
14 12 -959.0
14 13 -3070.0
14 15 -824.0
14 16 -4526.33
14 17 3793.67
14 18 -3950.0
14 19 -2910.0
14 20 4056.67
14 21 -5760.0
14 22 -6487.33
14 23 -602.0
14 24 -2472.67
14 25 -2640.0
14 26 -5420.0
14 27 -960.0
14 28 -2360.0
14 29 -4100.0
14 30 -7279.0
14 31 -1059.0
14 32 3051.33
14 33 -5189.0
14 35 -6310.0
14 36 -4113.67
14 37 -4570.0
14 38 -3470.0
14 40 -2913.33
14 41 -5953.67
14 42 -5760.0
14 43 -611.0
14 44 581.0
14 45 -5506.33
14 46 -3330.0
14 47 -3141.33
14 48 -700.0
14 49 -5690.0
14 50 351.0
14 51 368.0
15 52 11398.0
15 2 -5270.0
15 3 -9170.0
15 4 -3700.33
15 5 -5980.0
15 6 -1526.0
15 7 -4141.67
15 8 -4650.0
15 9 -2060.33
15 10 -3764.0
15 11 -3172.67
15 12 -1379.0
15 13 -4810.0
15 14 -1464.0
15 16 -5016.33
15 17 2273.67
15 18 -5900.0
15 19 -4860.0
15 20 4406.67
15 21 -7150.0
15 22 -7737.33
15 23 508.0
15 24 -2402.67
15 25 -700.0
15 26 -7430.0
15 27 -2840.0
15 28 -490.0
15 29 -4030.0
15 30 -8949.0
15 31 -19.0
15 32 4511.33
15 33 -6169.0
15 35 -6590.0
15 36 -5293.67
15 37 -5750.0
15 38 -4790.0
15 40 -1173.33
15 41 -7203.67
15 42 -7770.0
15 43 -961.0
15 44 -949.0
15 45 -5986.33
15 46 -4850.0
15 47 -2441.33
15 48 -1530.0
15 49 -7700.0
15 50 621.0
15 51 -682.0
16 52 12368.0
16 2 -3050.0
16 3 -5910.0
16 4 1929.67
16 5 -1740.0
16 6 -5416.0
16 7 28.3333
16 8 -4090.0
16 9 369.667
16 10 -1474.0
16 11 -1992.67
16 12 -3529.0
16 13 -6960.0
16 14 -4654.0
16 15 -4504.0
16 17 6923.67
16 18 -5830.0
16 19 -5270.0
16 20 7946.67
16 21 -3190.0
16 22 -2807.33
16 23 -5182.0
16 24 -7542.67
16 25 -5420.0
16 26 -6810.0
16 27 -3880.0
16 28 -5000.0
16 29 -560.0
16 30 -5129.0
16 31 -5709.0
16 32 1111.33
16 33 -889.0
16 35 -1310.0
16 36 -1543.67
16 37 -1380.0
16 38 -2020.0
16 40 -5133.33
16 41 -2483.67
16 42 -8050.0
16 43 -3041.0
16 44 -3999.0
16 45 -366.333
16 46 -2630.0
16 47 -3141.33
16 48 -3890.0
16 49 -6940.0
16 50 -2919.0
16 51 -4842.0
17 52 9728.0
17 2 -4790.0
17 3 -2500.0
17 4 -1540.33
17 5 -4030.0
17 6 -7776.0
17 7 1968.33
17 8 -5830.0
17 9 -2960.33
17 10 -4594.0
17 11 -6222.67
17 12 -7489.0
17 13 -7860.0
17 14 -7854.0
17 15 -8734.0
17 16 -4596.33
17 18 -6110.0
17 19 -6520.0
17 20 3016.67
17 21 -2840.0
17 22 -1487.33
17 23 -9002.0
17 24 -10802.7
17 25 -10000.0
17 26 -5630.0
17 27 -3260.0
17 28 -9650.0
17 29 -5770.0
17 30 -1099.0
17 31 -9529.0
17 32 -3548.67
17 35 -5830.0
17 36 -3973.67
17 37 -3530.0
17 38 -4650.0
17 40 -9853.33
17 41 -1793.67
17 42 -7290.0
17 43 -7071.0
17 44 -5599.0
17 45 -4806.33
17 46 -4710.0
17 47 -8141.33
17 48 -7710.0
17 49 -5830.0
17 50 -7009.0
17 51 -7832.0
18 52 12718.0
18 2 -2910.0
18 3 -4170.0
18 4 -3490.33
18 5 -4310.0
18 6 -1946.0
18 7 -671.667
18 8 -2010.0
18 9 -1360.33
18 10 -2924.0
18 11 -4212.67
18 12 -4019.0
18 13 -1820.0
18 14 -3334.0
18 15 -4644.0
18 16 -5086.33
18 17 6153.67
18 19 -1110.0
18 20 2386.67
18 21 -4160.0
18 22 -5027.33
18 23 -4142.0
18 24 -5462.67
18 25 -6460.0
18 26 -1530.0
18 27 1950.0
18 28 -6180.0
18 29 -5770.0
18 30 -4429.0
18 31 -4669.0
18 32 -488.667
18 33 -4009.0
18 35 -7080.0
18 36 -3693.67
18 37 -3950.0
18 38 -3200.0
18 40 -6593.33
18 41 -4563.67
18 42 -2290.0
18 43 -3741.0
18 44 441.0
18 45 -6056.33
18 46 -2700.0
18 47 -6121.33
18 48 -3960.0
18 49 -1800.0
18 50 -3259.0
18 51 -2692.0
19 52 13548.0
19 2 -2430.0
19 3 -4860.0
19 4 -3070.33
19 5 -3960.0
19 6 -1386.0
19 7 -811.667
19 8 -1310.0
19 9 -670.333
19 10 -2234.0
19 11 -3372.67
19 12 -2979.0
19 13 -1890.0
19 14 -2294.0
19 15 -3604.0
19 16 -4526.33
19 17 5743.67
19 18 -1110.0
19 20 3086.67
19 21 -4090.0
19 22 -5027.33
19 23 -3242.0
19 24 -4692.67
19 25 -5350.0
19 26 -2570.0
19 27 1190.0
19 28 -5140.0
19 29 -5000.0
19 30 -4919.0
19 31 -3699.0
19 32 551.333
19 33 -3939.0
19 35 -6520.0
19 36 -3213.67
19 37 -3600.0
19 38 -2640.0
19 40 -5553.33
19 41 -4493.67
19 42 -3260.0
19 43 -2631.0
19 44 721.0
19 45 -5506.33
19 46 -2150.0
19 47 -5151.33
19 48 -2920.0
19 49 -2840.0
19 50 -2219.0
19 51 -1722.0
20 52 10008.0
20 2 -5690.0
20 3 -8680.0
20 4 749.667
20 5 -4520.0
20 6 -7016.0
20 7 -2681.67
20 8 -6520.0
20 9 -2060.33
20 10 -3904.0
20 11 -3792.67
20 12 -4779.0
20 13 -9180.0
20 14 -6114.0
20 15 -5124.0
20 16 -2096.33
20 17 4493.67
20 18 -8400.0
20 19 -7700.0
20 21 -5900.0
20 22 -5307.33
20 23 -5812.0
20 24 -8582.67
20 25 -5560.0
20 26 -9450.0
20 27 -6380.0
20 28 -5140.0
20 29 -280.0
20 30 -7769.0
20 31 -6329.0
20 32 1041.33
20 33 -3039.0
20 35 -1940.0
20 36 -4253.67
20 37 -4160.0
20 38 -4720.0
20 40 -5063.33
20 41 -5053.67
20 42 -10620.0
20 43 -4221.0
20 44 -5879.0
20 45 -2166.33
20 46 -5270.0
20 47 -3211.33
20 48 -5280.0
20 49 -9650.0
20 50 -3959.0
20 51 -6232.0
21 52 12508.0
21 2 -2080.0
21 3 -2850.0
21 4 -90.3333
21 5 -1460.0
21 6 -5276.0
21 7 2938.33
21 8 -3190.0
21 9 -180.333
21 10 -1884.0
21 11 -3512.67
21 12 -4709.0
21 13 -5780.0
21 14 -5144.0
21 15 -5894.0
21 16 -2446.33
21 17 9423.67
21 18 -4160.0
21 19 -4090.0
21 20 4886.67
21 22 -997.333
21 23 -6292.0
21 24 -8102.67
21 25 -7220.0
21 26 -4380.0
21 27 -1870.0
21 28 -6940.0
21 29 -3620.0
21 30 -2139.0
21 31 -6819.0
21 32 -838.667
21 33 81.0
21 35 -4090.0
21 36 -1333.67
21 37 -960.0
21 38 -1810.0
21 40 -7143.33
21 41 -473.667
21 42 -5900.0
21 43 -4361.0
21 44 -3239.0
21 45 -3006.33
21 46 -1870.0
21 47 -5571.33
21 48 -4930.0
21 49 -4510.0
21 50 -4169.0
21 51 -5122.0
22 52 11188.0
22 2 -3400.0
22 3 -3270.0
22 4 329.667
22 5 -2230.0
22 6 -6666.0
22 7 2728.33
22 8 -4580.0
22 9 -1220.33
22 10 -2994.0
22 11 -4422.67
22 12 -5819.0
22 13 -7240.0
22 14 -6394.0
22 15 -7004.0
22 16 -2586.33
22 17 10253.7
22 18 -5550.0
22 19 -5550.0
22 20 4956.67
22 21 -1520.0
22 23 -7472.0
22 24 -9352.67
22 25 -8130.0
22 26 -5630.0
22 27 -3190.0
22 28 -7850.0
22 29 -3820.0
22 30 -2209.0
22 31 -7999.0
22 32 -1738.67
22 33 1401.0
22 35 -3950.0
22 36 -2303.67
22 37 -1660.0
22 38 -2990.0
22 40 -7983.33
22 41 -53.6667
22 42 -7220.0
22 43 -5401.0
22 44 -4699.0
22 45 -2866.33
22 46 -3190.0
22 47 -6261.33
22 48 -6110.0
22 49 -5760.0
22 50 -5349.0
22 51 -6442.0
23 52 9798.0
23 2 -6940.0
23 3 -10490.0
23 4 -5780.33
23 5 -7850.0
23 6 -976.0
23 7 -5811.67
23 8 -6040.0
23 9 -3930.33
23 10 -5634.0
23 11 -5252.67
23 12 -3319.0
23 13 -4740.0
23 14 -2644.0
23 15 -894.0
23 16 -7096.33
23 17 603.667
23 18 -6800.0
23 19 -5900.0
23 20 2316.67
23 21 -8950.0
23 22 -9607.33
23 24 -1152.67
23 25 -2360.0
23 26 -8130.0
23 27 -2910.0
23 28 -2150.0
23 29 -6180.0
23 30 -10539.0
23 31 2071.0
23 32 2561.33
23 33 -8179.0
23 35 -8740.0
23 36 -7163.67
23 37 -7560.0
23 38 -6530.0
23 40 -2843.33
23 41 -9013.67
23 42 -8120.0
23 43 -2971.0
23 44 -739.0
23 45 -8076.33
23 46 -6520.0
23 47 -4591.33
23 48 -3330.0
23 49 -8470.0
23 50 -1389.0
23 51 -882.0
24 52 10288.0
24 2 -6380.0
24 3 -9660.0
24 4 -5780.33
24 5 -7570.0
24 6 414.0
24 7 -5321.67
24 8 -5340.0
24 9 -3590.33
24 10 -5224.0
24 11 -5112.67
24 12 -3249.0
24 13 -3420.0
24 14 -2154.0
24 15 -1444.0
24 16 -7096.33
24 17 1163.67
24 18 -5760.0
24 19 -4990.0
24 20 1906.67
24 21 -8400.0
24 22 -9127.33
24 23 1208.0
24 25 -3130.0
24 26 -7080.0
24 27 -1590.0
24 28 -2920.0
24 29 -6390.0
24 30 -9779.0
24 31 821.0
24 32 1941.33
24 33 -7829.0
24 35 -8810.0
24 36 -6753.67
24 37 -7210.0
24 38 -6110.0
24 40 -3673.33
24 41 -8593.67
24 42 -6940.0
24 43 -2971.0
24 44 651.0
24 45 -8076.33
24 46 -6030.0
24 47 -5011.33
24 48 -3130.0
24 49 -7420.0
24 50 -1389.0
24 51 18.0
25 52 10908.0
25 2 -5760.0
25 3 -9660.0
25 4 -3560.33
25 5 -6250.0
25 6 -2436.0
25 7 -4491.67
25 8 -5340.0
25 9 -2470.33
25 10 -4174.0
25 11 -3442.67
25 12 -1869.0
25 13 -5780.0
25 14 -2364.0
25 15 216.0
25 16 -5016.33
25 17 1923.67
25 18 -6800.0
25 19 -5690.0
25 20 4886.67
25 21 -7560.0
25 22 -7947.33
25 23 -42.0
25 24 -3172.67
25 26 -8200.0
25 27 -3810.0
25 28 490.0
25 29 -3750.0
25 30 -9429.0
25 31 -569.0
25 32 5201.33
25 33 -6369.0
25 35 -6380.0
25 36 -5573.67
25 37 -5960.0
25 38 -5140.0
25 40 -203.333
25 41 -7483.67
25 42 -8670.0
25 43 -1381.0
25 44 -1919.0
25 45 -5916.33
25 46 -5340.0
25 47 -2031.33
25 48 -2150.0
25 49 -8470.0
25 50 1.0
25 51 -1652.0
26 52 11118.0
26 2 -4230.0
26 3 -3480.0
26 4 -4600.33
26 5 -5420.0
26 6 -3336.0
26 7 -881.667
26 8 -3610.0
26 9 -2820.33
26 10 -4384.0
26 11 -5872.67
26 12 -5889.0
26 13 -2450.0
26 14 -5144.0
26 15 -6514.0
26 16 -6406.33
26 17 6293.67
26 18 -1870.0
26 19 -2910.0
26 20 996.667
26 21 -4720.0
26 22 -5447.33
26 23 -5812.0
26 24 -7122.67
26 25 -8200.0
26 27 2580.0
26 28 -8050.0
26 29 -7230.0
26 30 -4019.0
26 31 -6329.0
26 32 -2298.67
26 33 -4499.0
26 35 -8330.0
26 36 -4873.67
26 37 -4990.0
26 38 -4520.0
26 40 -8463.33
26 41 -5053.67
26 42 -1450.0
26 43 -5541.0
26 44 -739.0
26 45 -7236.33
26 46 -4090.0
26 47 -7861.33
26 48 -5830.0
26 49 -270.0
26 50 -5069.0
26 51 -4292.0
27 52 9588.0
27 2 -6110.0
27 3 -6110.0
27 4 -6820.33
27 5 -7570.0
27 6 -2636.0
27 7 -3511.67
27 8 -5200.0
27 9 -4560.33
27 10 -6124.0
27 11 -7332.67
27 12 -6729.0
27 13 -1200.0
27 14 -5624.0
27 15 -6864.0
27 16 -8416.33
27 17 3723.67
27 18 -3330.0
27 19 -4090.0
27 20 -873.333
27 21 -7150.0
27 22 -7947.33
27 23 -5532.0
27 24 -6572.67
27 25 -8750.0
27 26 -2360.0
27 28 -8470.0
27 29 -8960.0
27 30 -6589.0
27 31 -5919.0
27 32 -3058.67
27 33 -6999.0
27 35 -10340.0
27 36 -7023.67
27 37 -7210.0
27 38 -6460.0
27 40 -9023.33
27 41 -7483.67
27 42 -1380.0
27 43 -6441.0
27 44 101.0
27 45 -9326.33
27 46 -6030.0
27 47 -8971.33
27 48 -6600.0
27 49 -2840.0
27 50 -5759.0
27 51 -4222.0
28 52 10838.0
28 2 -5760.0
28 3 -9790.0
28 4 -3560.33
28 5 -6250.0
28 6 -2636.0
28 7 -4561.67
28 8 -5410.0
28 9 -2470.33
28 10 -4174.0
28 11 -3442.67
28 12 -1869.0
28 13 -5920.0
28 14 -2434.0
28 15 76.0
28 16 -4946.33
28 17 1923.67
28 18 -6870.0
28 19 -5830.0
28 20 4956.67
28 21 -7630.0
28 22 -8017.33
28 23 -182.0
28 24 -3312.67
28 25 140.0
28 26 -8400.0
28 27 -3880.0
28 29 -3620.0
28 30 -9499.0
28 31 -639.0
28 32 5201.33
28 33 -6369.0
28 35 -6380.0
28 36 -5573.67
28 37 -5960.0
28 38 -5140.0
28 40 -63.3333
28 41 -7483.67
28 42 -8810.0
28 43 -1451.0
28 44 -2059.0
28 45 -5846.33
28 46 -5340.0
28 47 -1961.33
28 48 -2220.0
28 49 -8540.0
28 50 -69.0
28 51 -1792.0
29 52 11398.0
29 2 -4370.0
29 3 -7640.0
29 4 959.667
29 5 -3410.0
29 6 -5696.0
29 7 -1711.67
29 8 -5130.0
29 9 -670.333
29 10 -2514.0
29 11 -2332.67
29 12 -3459.0
29 13 -7790.0
29 14 -4724.0
29 15 -4014.0
29 16 -1056.33
29 17 5253.67
29 18 -7010.0
29 19 -6240.0
29 20 9266.67
29 21 -4860.0
29 22 -4537.33
29 23 -4762.0
29 24 -7332.67
29 25 -4650.0
29 26 -8130.0
29 27 -4920.0
29 28 -4170.0
29 30 -6929.0
29 31 -5289.0
29 32 2011.33
29 33 -2419.0
29 35 -1660.0
29 36 -3073.67
29 37 -3050.0
29 38 -3270.0
29 40 -4163.33
29 41 -4223.67
29 42 -9230.0
29 43 -2901.0
29 44 -4489.0
29 45 -1476.33
29 46 -3880.0
29 47 -2231.33
29 48 -3890.0
29 49 -8260.0
29 50 -2709.0
29 51 -4912.0
30 52 10218.0
30 2 -4300.0
30 3 -910.0
30 4 -2310.33
30 5 -4100.0
30 6 -6806.0
30 7 2038.33
30 8 -5130.0
30 9 -2750.33
30 10 -4384.0
30 11 -6082.67
30 12 -7139.0
30 13 -6610.0
30 14 -7224.0
30 15 -8254.0
30 16 -4946.33
30 17 10603.7
30 18 -4990.0
30 19 -5480.0
30 20 2456.67
30 21 -2700.0
30 22 -2247.33
30 23 -8442.0
30 24 -10042.7
30 25 -9650.0
30 26 -4240.0
30 27 -1870.0
30 28 -9370.0
30 29 -6250.0
30 31 -8899.0
30 32 -3338.67
30 33 -1099.0
30 35 -6450.0
30 36 -3903.67
30 37 -3530.0
30 38 -4310.0
30 40 -9643.33
30 41 -2203.67
30 42 -5900.0
30 43 -6721.0
30 44 -4489.0
30 45 -5366.33
30 46 -4160.0
30 47 -8141.33
30 48 -7290.0
30 49 -4370.0
30 50 -6529.0
30 51 -7062.0
31 52 9588.0
31 2 -7080.0
31 3 -10700.0
31 4 -5990.33
31 5 -8060.0
31 6 -1046.0
31 7 -6081.67
31 8 -6240.0
31 9 -4140.33
31 10 -5844.0
31 11 -5462.67
31 12 -3529.0
31 13 -4810.0
31 14 -2784.0
31 15 -1104.0
31 16 -7306.33
31 17 393.667
31 18 -7010.0
31 19 -6040.0
31 20 2116.67
31 21 -9160.0
31 22 -9817.33
31 23 2388.0
31 24 -1222.67
31 25 -2570.0
31 26 -8330.0
31 27 -2980.0
31 28 -2290.0
31 29 -6390.0
31 30 -10679.0
31 32 2361.33
31 33 -8319.0
31 35 -8880.0
31 36 -7373.67
31 37 -7770.0
31 38 -6740.0
31 40 -2983.33
31 41 -9223.67
31 42 -8260.0
31 43 -3181.0
31 44 -809.0
31 45 -8346.33
31 46 -6730.0
31 47 -4731.33
31 48 -3540.0
31 49 -8670.0
31 50 -1529.0
31 51 -1092.0
32 52 11328.0
32 2 -5270.0
32 3 -9240.0
32 4 -2790.33
32 5 -5560.0
32 6 -2916.0
32 7 -3931.67
32 8 -4990.0
32 9 -1780.33
32 10 -3554.0
32 11 -2752.67
32 12 -1519.0
32 13 -5990.0
32 14 -2434.0
32 15 -334.0
32 16 -4246.33
32 17 2613.67
32 18 -6590.0
32 19 -5550.0
32 20 5726.67
32 21 -6940.0
32 22 -7317.33
32 23 -882.0
32 24 -3862.67
32 25 -560.0
32 26 -8060.0
32 27 -3880.0
32 28 -210.0
32 29 -2850.0
32 30 -8879.0
32 31 -1399.0
32 33 -5609.0
32 35 -5480.0
32 36 -4943.67
32 37 -5270.0
32 38 -4520.0
32 40 -273.333
32 41 -6853.67
32 42 -8670.0
32 43 -1031.0
32 44 -2199.0
32 45 -5086.33
32 46 -4780.0
32 47 -1191.33
32 48 -1880.0
32 49 -8260.0
32 50 71.0
32 51 -2062.0
33 52 10638.0
33 2 -4090.0
33 3 -4170.0
33 4 819.667
33 5 -2640.0
33 6 -7296.0
33 7 1758.33
33 8 -5270.0
33 9 -1640.33
33 10 -3344.0
33 11 -4692.67
33 12 -6169.0
33 13 -8000.0
33 14 -6944.0
33 15 -7284.0
33 16 -2516.33
33 17 9833.67
33 18 -6380.0
33 19 -6310.0
33 20 5376.67
33 21 -2290.0
33 22 -447.333
33 23 -7892.0
33 24 -9902.67
33 25 -8400.0
33 26 -6530.0
33 27 -4090.0
33 28 -8050.0
33 29 -3550.0
33 30 -2909.0
33 31 -8349.0
33 32 -1878.67
33 35 -3470.0
33 36 -2653.67
33 37 -2070.0
33 38 -3470.0
33 40 -8123.33
33 41 -813.667
33 42 -8120.0
33 43 -5751.0
33 44 -5459.0
33 45 -2516.33
33 46 -3810.0
33 47 -6331.33
33 48 -6460.0
33 49 -6660.0
33 50 -5689.0
33 51 -7062.0
34 52 12018.0
34 2 -2700.0
34 3 -1460.0
34 4 -2100.33
34 5 -3130.0
34 6 -4726.0
34 7 1968.33
34 8 -3190.0
34 9 -1290.33
34 10 -2924.0
34 11 -4622.67
34 12 -5339.0
34 13 -4670.0
34 14 -5354.0
34 15 -6514.0
34 16 -4246.33
34 17 9003.67
34 18 -2980.0
34 19 -3470.0
34 20 3016.67
34 21 -2010.0
34 22 -2597.33
34 23 -6502.0
34 24 -8032.67
34 25 -7990.0
34 26 -2640.0
34 27 -270.0
34 28 -7640.0
34 29 -5350.0
34 30 -1519.0
34 31 -6959.0
34 32 -1738.67
34 33 -1649.0
34 35 -5970.0
34 36 -2793.67
34 37 -2700.0
34 38 -2850.0
34 40 -7983.33
34 41 -2273.67
34 42 -4300.0
34 43 -4991.0
34 44 -2539.0
34 45 -4946.33
34 46 -2630.0
34 47 -6751.33
34 48 -5490.0
34 49 -2770.0
34 50 -4789.0
34 51 -5122.0
35 52 11118.0
35 2 -4300.0
35 3 -6810.0
35 4 2549.67
35 5 -2850.0
35 6 -6526.0
35 7 -741.667
35 8 -5340.0
35 9 -880.333
35 10 -2724.0
35 11 -3032.67
35 12 -4499.0
35 13 -8210.0
35 14 -5694.0
35 15 -5334.0
35 16 -566.333
35 17 6433.67
35 18 -7080.0
35 19 -6520.0
35 20 8846.67
35 21 -4090.0
35 22 -3427.33
35 23 -6082.0
35 24 -8512.67
35 25 -6040.0
35 26 -7990.0
35 27 -5060.0
35 28 -5690.0
35 29 -420.0
35 30 -5889.0
35 31 -6539.0
35 32 621.333
35 33 -1099.0
35 36 -2723.67
35 37 -2490.0
35 38 -3270.0
35 40 -5623.33
35 41 -3243.67
35 42 -9300.0
35 43 -4011.0
35 44 -5179.0
35 45 -226.333
35 46 -3880.0
35 47 -3691.33
35 48 -4930.0
35 49 -8120.0
35 50 -3819.0
35 51 -5882.0
36 52 13618.0
36 2 -1310.0
36 3 -4310.0
36 4 469.667
36 5 -420.0
36 6 -4376.0
36 7 1278.33
36 8 -2560.0
36 9 1409.67
36 10 -364.0
36 11 -1852.67
36 12 -3249.0
36 13 -5500.0
36 14 -3894.0
36 15 -4434.0
36 16 -1196.33
36 17 7893.67
36 18 -4090.0
36 19 -3610.0
36 20 6136.67
36 21 -1730.0
36 22 -2177.33
36 23 -4902.0
36 24 -6852.67
36 25 -5630.0
36 26 -4930.0
36 27 -2140.0
36 28 -5280.0
36 29 -2230.0
36 30 -3739.0
36 31 -5429.0
36 32 761.333
36 33 -679.0
36 35 -3120.0
36 37 -130.0
36 38 -490.0
36 40 -5483.33
36 41 -1583.67
36 42 -6310.0
36 43 -2831.0
36 44 -2679.0
36 45 -2096.33
36 46 -1030.0
36 47 -3901.33
36 48 -3540.0
36 49 -5130.0
36 50 -2709.0
36 51 -4012.0
37 52 13068.0
37 2 -1730.0
37 3 -4170.0
37 4 749.667
37 5 -140.0
37 6 -4866.0
37 7 1688.33
37 8 -2980.0
37 9 859.667
37 10 -914.0
37 11 -2332.67
37 12 -3739.0
37 13 -5850.0
37 14 -4444.0
37 15 -4984.0
37 16 -1126.33
37 17 8243.67
37 18 -4440.0
37 19 -4090.0
37 20 6136.67
37 21 -1450.0
37 22 -1627.33
37 23 -5392.0
37 24 -7402.67
37 25 -6110.0
37 26 -5140.0
37 27 -2420.0
37 28 -5760.0
37 29 -2300.0
37 30 -3459.0
37 31 -5919.0
37 32 341.333
37 33 -189.0
37 35 -2980.0
37 36 -223.667
37 38 -1040.0
37 40 -5963.33
37 41 -1163.67
37 42 -6520.0
37 43 -3321.0
37 44 -3099.0
37 45 -1826.33
37 46 -1450.0
37 47 -4251.33
37 48 -4030.0
37 49 -5270.0
37 50 -3259.0
37 51 -4562.0
38 52 14448.0
38 2 -760.0
38 3 -4520.0
38 4 -220.333
38 5 -1120.0
38 6 -3546.0
38 7 858.333
38 8 -1800.0
38 9 1899.67
38 10 196.0
38 11 -1502.67
38 12 -2629.0
38 13 -4740.0
38 14 -3194.0
38 15 -3874.0
38 16 -1616.33
38 17 7273.67
38 18 -3540.0
38 19 -2980.0
38 20 5726.67
38 21 -2150.0
38 22 -2807.33
38 23 -4212.0
38 24 -6152.67
38 25 -5140.0
38 26 -4520.0
38 27 -1520.0
38 28 -4790.0
38 29 -2370.0
38 30 -4089.0
38 31 -4739.0
38 32 1241.33
38 33 -1439.0
38 35 -3610.0
38 36 -433.667
38 37 -890.0
38 40 -5063.33
38 41 -2273.67
38 42 -5760.0
38 43 -2211.0
38 44 -1919.0
38 45 -2586.33
38 46 -340.0
38 47 -3691.33
38 48 -2850.0
38 49 -4720.0
38 50 -2149.0
38 51 -3312.0
39 52 11398.0
39 2 -3330.0
39 3 -4030.0
39 4 1159.67
39 5 -1880.0
39 6 -6596.0
39 7 2038.33
39 8 -4580.0
39 9 -880.333
39 10 -2584.0
39 11 -4002.67
39 12 -5409.0
39 13 -7380.0
39 14 -6184.0
39 15 -6654.0
39 16 -1956.33
39 17 9493.67
39 18 -5760.0
39 19 -5620.0
39 20 5726.67
39 21 -1730.0
39 22 -307.333
39 23 -7132.0
39 24 -9142.67
39 25 -7710.0
39 26 -6110.0
39 27 -3600.0
39 28 -7360.0
39 29 -3130.0
39 30 -2909.0
39 31 -7719.0
39 32 -1188.67
39 33 1611.0
39 35 -3120.0
39 36 -1893.67
39 37 -1310.0
39 38 -2780.0
39 40 -7493.33
39 41 -333.667
39 42 -7630.0
39 43 -4991.0
39 44 -4699.0
39 45 -2166.33
39 46 -3050.0
39 47 -5641.33
39 48 -5700.0
39 49 -6240.0
39 50 -4929.0
39 51 -6302.0
40 52 10838.0
40 2 -5830.0
40 3 -9860.0
40 4 -3350.33
40 5 -6180.0
40 6 -3056.0
40 7 -4491.67
40 8 -5480.0
40 9 -2340.33
40 10 -4174.0
40 11 -3372.67
40 12 -2069.0
40 13 -6330.0
40 14 -2714.0
40 15 -334.0
40 16 -4806.33
40 17 1993.67
40 18 -7010.0
40 19 -5970.0
40 20 5306.67
40 21 -7560.0
40 22 -7877.33
40 23 -602.0
40 24 -3792.67
40 25 -280.0
40 26 -8540.0
40 27 -4160.0
40 28 210.0
40 29 -3340.0
40 30 -9499.0
40 31 -1059.0
40 32 5411.33
40 33 -6169.0
40 35 -6040.0
40 36 -5503.67
40 37 -5890.0
40 38 -5140.0
40 41 -7413.67
40 42 -9020.0
40 43 -1581.0
40 44 -2469.0
40 45 -5576.33
40 46 -5340.0
40 47 -1681.33
40 48 -2360.0
40 49 -8810.0
40 50 -279.0
40 51 -2202.0
41 2 -2910.0
41 3 -3200.0
41 4 399.667
41 5 -1740.0
41 6 -6116.0
41 7 2868.33
41 8 -4090.0
41 9 -740.333
41 10 -2444.0
41 11 -4002.67
41 12 -5339.0
41 13 -6750.0
41 14 -5904.0
41 15 -6514.0
41 16 -2306.33
41 17 9903.67
41 18 -5130.0
41 19 -5060.0
41 20 5166.67
41 21 -1040.0
41 22 -97.3333
41 23 -6922.0
41 24 -8862.67
41 25 -7710.0
41 26 -5280.0
41 27 -2770.0
41 28 -7360.0
41 29 -3550.0
41 30 -2209.0
41 31 -7449.0
41 32 -1318.67
41 33 991.0
41 35 -3810.0
41 36 -1753.67
41 37 -1240.0
41 38 -2500.0
41 40 -7563.33
41 42 -6870.0
41 43 -4921.0
41 44 -4209.0
41 45 -2656.33
41 46 -2700.0
41 47 -5911.33
41 48 -5560.0
41 49 -5410.0
41 50 -4859.0
41 51 -5952.0
42 52 10428.0
42 2 -5130.0
42 3 -4860.0
42 4 -5640.33
42 5 -6460.0
42 6 -2776.0
42 7 -2201.67
42 8 -4230.0
42 9 -3590.33
42 10 -5154.0
42 11 -6432.67
42 12 -6099.0
42 13 -1540.0
42 14 -5144.0
42 15 -6514.0
42 16 -7306.33
42 17 4973.67
42 18 -2290.0
42 19 -3260.0
42 20 166.667
42 21 -5900.0
42 22 -6697.33
42 23 -5462.0
42 24 -6642.67
42 25 -8330.0
42 26 -1110.0
42 27 3900.0
42 28 -8120.0
42 29 -7990.0
42 30 -5339.0
42 31 -5919.0
42 32 -2568.67
42 33 -5749.0
42 35 -9300.0
42 36 -5913.67
42 37 -6030.0
42 38 -5420.0
42 40 -8603.33
42 41 -6303.67
42 43 -5821.0
42 44 -39.0
42 45 -8276.33
42 46 -4920.0
42 47 -8341.33
42 48 -6040.0
42 49 -1590.0
42 50 -5209.0
42 51 -4082.0
43 52 13198.0
43 2 -3400.0
43 3 -7430.0
43 4 -2030.33
43 5 -4100.0
43 6 -1946.0
43 7 -2331.67
43 8 -3050.0
43 9 -180.333
43 10 -1884.0
43 11 -1362.67
43 12 361.0
43 13 -4460.0
43 14 -974.0
43 15 -684.0
43 16 -3276.33
43 17 4213.67
43 18 -4720.0
43 19 -3610.0
43 20 5586.67
43 21 -5340.0
43 22 -5857.33
43 23 -1292.0
43 24 -3652.67
43 25 -2020.0
43 26 -6180.0
43 27 -2140.0
43 28 -1740.0
43 29 -2640.0
43 30 -7139.0
43 31 -1819.0
43 32 4091.33
43 33 -4359.0
43 35 -4990.0
43 36 -3413.67
43 37 -3810.0
43 38 -2850.0
43 40 -2143.33
43 41 -5333.67
43 42 -6800.0
43 44 -879.0
43 45 -4256.33
43 46 -2980.0
43 47 -1681.33
43 48 -140.0
43 49 -6450.0
43 50 971.0
43 51 -1092.0
44 52 11048.0
44 2 -5340.0
44 3 -7570.0
44 4 -5710.33
44 5 -6810.0
44 6 974.0
44 7 -3861.67
44 8 -4090.0
44 9 -3170.33
44 10 -4804.0
44 11 -5322.67
44 12 -4019.0
44 13 -290.0
44 14 -2644.0
44 15 -3534.0
44 16 -7096.33
44 17 2823.67
44 18 -3400.0
44 19 -3120.0
44 20 1066.67
44 21 -7080.0
44 22 -8017.33
44 23 -1922.0
44 24 -2892.67
44 25 -5420.0
44 26 -4240.0
44 27 1540.0
44 28 -5210.0
44 29 -7090.0
44 30 -7769.0
44 31 -2309.0
44 32 61.3333
44 33 -6929.0
44 35 -9020.0
44 36 -6123.67
44 37 -6450.0
44 38 -5420.0
44 40 -5893.33
44 41 -7483.67
44 42 -3880.0
44 43 -3741.0
44 45 -8076.33
44 46 -5060.0
44 47 -6401.33
44 48 -3890.0
44 49 -4650.0
44 50 -2709.0
44 51 -882.0
45 52 11608.0
45 2 -3740.0
45 3 -6250.0
45 4 2689.67
45 5 -2230.0
45 6 -6116.0
45 7 -181.667
45 8 -4720.0
45 9 -390.333
45 10 -2234.0
45 11 -2752.67
45 12 -4229.0
45 13 -7790.0
45 14 -5354.0
45 15 -5194.0
45 16 -86.3333
45 17 6993.67
45 18 -6520.0
45 19 -5970.0
45 20 8156.67
45 21 -3470.0
45 22 -2807.33
45 23 -5882.0
45 24 -8242.67
45 25 -6040.0
45 26 -7360.0
45 27 -4510.0
45 28 -5620.0
45 29 -700.0
45 30 -5269.0
45 31 -6469.0
45 32 551.333
45 33 -609.0
45 35 -690.0
45 36 -2163.67
45 37 -1800.0
45 38 -2710.0
45 40 -5623.33
45 41 -2553.67
45 42 -8740.0
45 43 -3741.0
45 44 -4699.0
45 46 -3260.0
45 47 -3691.33
45 48 -4720.0
45 49 -7560.0
45 50 -3679.0
45 51 -5542.0
46 52 14658.0
46 2 -270.0
46 3 -4240.0
46 4 -640.333
46 5 -1530.0
46 6 -3266.0
46 7 858.333
46 8 -1380.0
46 9 1479.67
46 10 -84.0
46 11 -1782.67
46 12 -2699.0
46 13 -4320.0
46 14 -2994.0
46 15 -3874.0
46 16 -2166.33
46 17 7273.67
46 18 -2980.0
46 19 -2430.0
46 20 5236.67
46 21 -2150.0
46 22 -2947.33
46 23 -4142.0
46 24 -6012.67
46 25 -5280.0
46 26 -4030.0
46 27 -1030.0
46 28 -4930.0
46 29 -2920.0
46 30 -3879.0
46 31 -4669.0
46 32 1041.33
46 33 -1719.0
46 35 -4160.0
46 36 -913.667
46 37 -1240.0
46 38 -280.0
46 40 -5203.33
46 41 -2413.67
46 42 -5200.0
46 43 -2281.0
46 44 -1499.0
46 45 -3076.33
46 47 -3971.33
46 48 -2850.0
46 49 -4160.0
46 50 -2219.0
46 51 -3042.0
47 52 11748.0
47 2 -4580.0
47 3 -8540.0
47 4 -1270.33
47 5 -4520.0
47 6 -3756.0
47 7 -2961.67
47 8 -4650.0
47 9 -950.333
47 10 -2724.0
47 11 -1922.67
47 12 -1659.0
47 13 -6540.0
47 14 -2924.0
47 15 -1584.0
47 16 -2796.33
47 17 3723.67
47 18 -6520.0
47 19 -5550.0
47 20 7176.67
47 21 -5970.0
47 22 -6137.33
47 23 -2332.0
47 24 -5112.67
47 25 -2090.0
47 26 -7920.0
47 27 -4090.0
47 28 -1670.0
47 29 -1390.0
47 30 -7979.0
47 31 -2789.0
47 32 4511.33
47 33 -4359.0
47 35 -4090.0
47 36 -3903.67
47 37 -4160.0
47 38 -3750.0
47 40 -1663.33
47 41 -5743.67
47 42 -8740.0
47 43 -1101.0
47 44 -2959.0
47 45 -3626.33
47 46 -4090.0
47 48 -2220.0
47 49 -8120.0
47 50 -559.0
47 51 -2902.0
48 52 13268.0
48 2 -3400.0
48 3 -7290.0
48 4 -2310.33
48 5 -4240.0
48 6 -1456.0
48 7 -2331.67
48 8 -2840.0
48 9 -320.333
48 10 -2024.0
48 11 -1642.67
48 12 151.0
48 13 -4040.0
48 14 -494.0
48 15 -684.0
48 16 -3556.33
48 17 4143.67
48 18 -4370.0
48 19 -3330.0
48 20 5096.67
48 21 -5340.0
48 22 -5997.33
48 23 -1082.0
48 24 -3242.67
48 25 -2220.0
48 26 -5900.0
48 27 -1730.0
48 28 -1940.0
48 29 -3060.0
48 30 -7139.0
48 31 -1609.0
48 32 3811.33
48 33 -4499.0
48 35 -5340.0
48 36 -3553.67
48 37 -3950.0
48 38 -2920.0
48 40 -2353.33
48 41 -5403.67
48 42 -6450.0
48 43 429.0
48 44 -459.0
48 45 -4666.33
48 46 -2980.0
48 47 -2231.33
48 49 -6040.0
48 50 1041.0
48 51 -612.0
49 34 1089.0
50 52 12578.0
50 2 -4160.0
50 3 -7990.0
50 4 -2790.33
50 5 -4800.0
50 6 -1526.0
50 7 -3031.67
50 8 -3540.0
50 9 -950.333
50 10 -2584.0
50 11 -2192.67
50 12 -269.0
50 13 -4390.0
50 14 -834.0
50 15 76.0
50 16 -3976.33
50 17 3453.67
50 18 -5060.0
50 19 -4020.0
50 20 5026.67
50 21 -5970.0
50 22 -6627.33
50 23 -532.0
50 24 -2892.67
50 25 -1460.0
50 26 -6530.0
50 27 -2280.0
50 28 -1180.0
50 29 -3270.0
50 30 -7769.0
50 31 -989.0
50 32 4371.33
50 33 -5119.0
50 35 -5620.0
50 36 -4113.67
50 37 -4570.0
50 38 -3610.0
50 40 -1663.33
50 41 -6093.67
50 42 -7010.0
50 43 149.0
50 44 -669.0
50 45 -5016.33
50 46 -3740.0
50 47 -1961.33
50 48 -350.0
50 49 -6800.0
50 51 -612.0
51 52 11818.0
51 2 -4790.0
51 3 -8130.0
51 4 -4460.33
51 5 -5980.0
51 6 694.0
51 7 -3721.67
51 8 -3810.0
51 9 -2130.33
51 10 -3764.0
51 11 -3792.67
51 12 -2139.0
51 13 -2580.0
51 14 -694.0
51 15 -1104.0
51 16 -5776.33
51 17 2753.67
51 18 -4370.0
51 19 -3400.0
51 20 2876.67
51 21 -6800.0
51 22 -7597.33
51 23 98.0
51 24 -1362.67
51 25 -2990.0
51 26 -5630.0
51 27 -620.0
51 28 -2780.0
51 29 -5350.0
51 30 -8179.0
51 31 -429.0
51 32 2361.33
51 33 -6369.0
51 35 -7560.0
51 36 -5293.67
51 37 -5750.0
51 38 -4650.0
51 40 -3463.33
51 41 -7063.67
51 42 -5760.0
51 43 -1791.0
51 44 1281.0
51 45 -6756.33
51 46 -4440.0
51 47 -4181.33
51 48 -1880.0
51 49 -5970.0
51 50 -489.0
52 2 0
52 3 0
52 4 0
52 5 0
52 6 0
52 7 0
52 8 0
52 9 0
52 10 0
52 11 0
52 12 0
52 13 0
52 14 0
52 15 0
52 16 0
52 17 0
52 18 0
52 19 0
52 20 0
52 21 0
52 22 0
52 23 0
52 24 0
52 25 0
52 26 0
52 27 0
52 28 0
52 29 0
52 30 0
52 31 0
52 32 0
52 33 0
52 34 0
52 35 0
52 36 0
52 37 0
52 38 0
52 39 0
52 40 0
52 41 0
52 42 0
52 43 0
52 44 0
52 45 0
52 46 0
52 47 0
52 48 0
52 49 0
52 50 0
52 51 0
2 1 0
3 1 0
4 1 0
5 1 0
6 1 0
7 1 0
8 1 0
9 1 0
10 1 0
11 1 0
12 1 0
13 1 0
14 1 0
15 1 0
16 1 0
17 1 0
18 1 0
19 1 0
20 1 0
21 1 0
22 1 0
23 1 0
24 1 0
25 1 0
26 1 0
27 1 0
28 1 0
29 1 0
30 1 0
31 1 0
32 1 0
33 1 0
34 1 0
35 1 0
36 1 0
37 1 0
38 1 0
39 1 0
40 1 0
41 1 0
42 1 0
43 1 0
44 1 0
45 1 0
46 1 0
47 1 0
48 1 0
49 1 0
50 1 0
51 1 0
52 1 0
