52 2359
1
2
3
4
5
6
7
8
9
10
11
12
13
14
15
16
17
18
19
20
21
22
23
24
25
26
27
28
29
30
31
32
33
34
35
36
37
38
39
40
41
42
43
44
45
46
47
48
49
50
51
52
1 52 -0.0
1 2 -22370.0
1 3 -19753.2
1 5 -23043.2
1 6 -20756.8
1 7 -22009.1
1 9 -25420.0
1 10 -22143.8
1 11 -23083.7
1 12 -20674.5
1 13 -19740.0
1 14 -21530.0
1 15 -23632.3
1 16 -22990.0
1 17 -21746.4
1 18 -20464.5
1 20 -22895.5
1 21 -24561.3
1 22 -23798.2
1 23 -19799.1
1 24 -23508.2
1 25 -26390.0
1 26 -21625.5
1 27 -22122.0
1 28 -24450.0
1 29 -22695.6
1 30 -22740.9
1 31 -24282.0
1 32 -25070.0
1 33 -19965.5
1 34 -23218.7
1 35 -22954.1
1 36 -21703.3
1 37 -21190.0
1 38 -22777.7
1 39 -24194.0
1 40 -23604.0
1 41 -20744.5
1 42 -21953.4
1 43 -23026.4
1 44 -24800.0
1 45 -23206.7
1 46 -21702.2
1 48 -21381.0
1 49 -20850.9
1 50 -22710.0
1 51 -22834.5
2 52 16272.2
2 3 -2103.24
2 5 -603.153
2 6 -2276.76
2 7 -199.099
2 9 -3880.0
2 10 -5123.78
2 11 -303.694
2 12 -3724.5
2 13 -3070.0
2 14 -3470.0
2 15 -6472.34
2 16 -5550.0
2 17 -4446.4
2 18 -3654.5
2 20 -735.495
2 21 -7951.26
2 22 -6638.2
2 23 1320.9
2 24 -7178.2
2 25 -4510.0
2 26 -2035.5
2 27 -3851.98
2 28 -7420.0
2 29 -5805.59
2 30 -370.901
2 31 -6771.98
2 32 -4510.0
2 33 -3145.5
2 34 -6758.74
2 35 -5864.14
2 36 -5023.33
2 37 -2570.0
2 38 -5957.66
2 39 -7583.96
2 40 -6163.96
2 41 -3724.5
2 42 -3533.42
2 43 -5996.4
2 44 -8470.0
2 45 -6116.67
2 46 -722.162
2 47 -7234.14
2 48 -4710.99
2 49 1309.1
2 50 -1380.0
2 51 -1994.5
3 52 16962.2
3 2 -4030.0
3 5 -5393.15
3 6 1893.24
3 7 -2419.1
3 9 -4790.0
3 10 -4633.78
3 11 -5433.69
3 12 -3584.5
3 13 -1820.0
3 14 -4510.0
3 15 -6052.34
3 16 -480.0
3 17 -4376.4
3 18 -3444.5
3 20 -5455.5
3 21 -3091.26
3 22 -1428.2
3 23 1390.9
3 24 -4048.2
3 25 -9090.0
3 26 -4535.5
3 27 -5031.98
3 28 -2290.0
3 29 -5115.59
3 30 -3000.9
3 31 -6841.98
3 32 -8050.0
3 33 -2665.5
3 34 -2378.74
3 35 -5374.14
3 36 -3983.33
3 37 -2500.0
3 38 -5127.66
3 39 -2793.96
3 40 -6233.96
3 41 -3724.5
3 42 -4993.42
3 43 -5446.4
3 44 -4650.0
3 45 -976.667
3 46 -4402.16
3 47 -3624.14
3 48 -50.991
3 49 -1540.9
3 50 -3950.0
3 51 -5534.5
4 52 16062.2
4 2 -700.0
4 3 -3143.24
4 5 436.847
4 6 -3666.76
4 7 -2069.1
4 9 -5830.0
4 10 -4423.78
4 11 606.306
4 12 -3374.5
4 13 -3490.0
4 14 -2980.0
4 15 -5432.34
4 16 -6520.0
4 17 -3336.4
4 18 -3514.5
4 20 924.505
4 21 -8441.26
4 22 -7538.2
4 23 -619.099
4 24 -7038.2
4 25 -2840.0
4 26 -715.495
4 27 -2321.98
4 28 -8260.0
4 29 -4975.59
4 30 -2380.9
4 31 -5521.98
4 32 -2560.0
4 33 -2525.5
4 34 -7098.74
4 35 -4824.14
4 36 -4333.33
4 37 -3470.0
4 38 -5127.66
4 39 -8073.96
4 40 -5053.96
4 41 -3524.5
4 42 -2143.42
4 43 -5096.4
4 44 -8540.0
4 45 -6946.67
4 46 597.838
4 47 -7234.14
4 48 -5260.99
4 49 -570.901
4 50 -2910.0
4 51 -814.505
5 52 15782.2
5 2 -420.0
5 3 -3283.24
5 6 -3666.76
5 7 -1799.1
5 9 -5480.0
5 10 -4983.78
5 11 1016.31
5 12 -3864.5
5 13 -3770.0
5 14 -3400.0
5 15 -6052.34
5 16 -6730.0
5 17 -3896.4
5 18 -3864.5
5 20 924.505
5 21 -8781.26
5 22 -7748.2
5 23 -339.099
5 24 -7588.2
5 25 -2910.0
5 26 -1405.5
5 27 -2881.98
5 28 -8470.0
5 29 -5595.59
5 30 -2030.9
5 31 -6151.98
5 32 -3050.0
5 33 -3075.5
5 34 -7448.74
5 35 -5444.14
5 36 -4953.33
5 37 -3610.0
5 38 -5687.66
5 39 -8353.96
5 40 -5673.96
5 41 -4004.5
5 42 -2703.42
5 43 -5656.4
5 44 -9020.0
5 45 -7156.67
5 46 -22.1622
5 47 -7714.14
5 48 -5540.99
5 49 -290.901
5 50 -2770.0
5 51 -1364.5
6 19 -3050.0
7 52 16202.2
7 2 -630.0
7 3 -923.243
7 5 -2413.15
7 6 -816.757
7 9 -2150.0
7 10 -5743.78
7 11 -2173.69
7 12 -4074.5
7 13 -2800.0
7 14 -4230.0
7 15 -7162.34
7 16 -4510.0
7 17 -5146.4
7 18 -3934.5
7 20 -2545.5
7 21 -7051.26
7 22 -5458.2
7 23 3060.9
7 24 -7038.2
7 25 -6380.0
7 26 -3285.5
7 27 -5031.98
7 28 -6380.0
7 29 -6365.59
7 30 879.099
7 31 -7611.98
7 32 -6240.0
7 33 -3565.5
7 34 -6128.74
7 35 -6554.14
7 36 -5443.33
7 37 -2090.0
7 38 -6447.66
7 39 -6753.96
7 40 -7063.96
7 41 -4074.5
7 42 -4713.42
7 43 -6626.4
7 44 -8120.0
7 45 -5006.67
7 46 -2312.16
7 47 -6954.14
7 48 -4010.99
7 49 2349.1
7 50 -1040.0
7 51 -3454.5
8 52 15432.2
8 2 -420.0
8 3 -2033.24
8 5 -2063.15
8 6 -1856.76
8 7 560.901
8 9 -2360.0
8 10 -6443.78
8 11 -1613.69
8 12 -4904.5
8 13 -3770.0
8 14 -4790.0
8 15 -7792.34
8 16 -5620.0
8 17 -5766.4
8 18 -4764.5
8 20 -2195.5
8 21 -8161.26
8 22 -6638.2
8 23 2710.9
8 24 -8078.2
8 25 -5900.0
8 26 -3565.5
8 27 -5381.98
8 28 -7490.0
8 29 -7125.59
8 30 1159.1
8 31 -8231.98
8 32 -6040.0
8 33 -4325.5
8 34 -7238.74
8 35 -7184.14
8 36 -6203.33
8 37 -3060.0
8 38 -7137.66
8 39 -7863.96
8 40 -7623.96
8 41 -4774.5
8 42 -5063.42
8 43 -7316.4
8 44 -9160.0
8 45 -6116.67
8 46 -2382.16
8 47 -7994.14
8 48 -5120.99
8 49 1859.1
8 50 -1800.0
8 51 -3654.5
9 52 14532.2
9 2 -2570.0
9 3 -1553.24
9 5 -4353.15
9 6 -816.757
9 7 -409.099
9 10 -7623.78
9 11 -3843.69
9 12 -6014.5
9 13 -4530.0
9 14 -6310.0
9 15 -9042.34
9 16 -5200.0
9 17 -7156.4
9 18 -5744.5
9 20 -4485.5
9 21 -7741.26
9 22 -5798.2
9 23 5000.9
9 24 -8358.2
9 25 -8190.0
9 26 -5435.5
9 27 -7111.98
9 28 -6870.0
9 29 -8235.59
9 30 539.099
9 31 -9621.98
9 32 -8190.0
9 33 -5505.5
9 34 -7098.74
9 35 -8364.14
9 36 -7183.33
9 37 -3820.0
9 38 -8257.66
9 39 -7453.96
9 40 -8943.96
9 41 -5884.5
9 42 -6733.42
9 43 -8496.4
9 44 -9230.0
9 45 -5426.67
9 46 -4402.16
9 47 -8134.14
9 48 -4710.99
9 49 399.099
9 50 -3190.0
9 51 -5604.5
10 52 16962.2
10 2 -4660.0
10 3 -2243.24
10 5 -4703.15
10 6 -3386.76
10 7 -4849.1
10 9 -8470.0
10 11 -4533.69
10 12 -1644.5
10 13 -2520.0
10 14 -2630.0
10 15 -712.342
10 16 -5270.0
10 17 1033.6
10 18 -2134.5
10 20 -4005.5
10 21 -5101.26
10 22 -5108.2
10 23 -2839.1
10 24 -2388.2
10 25 -6870.0
10 26 -2245.5
10 27 38.018
10 28 -5900.0
10 29 164.414
10 30 -5710.9
10 31 -1361.98
10 32 -4990.0
10 33 804.505
10 34 -3278.74
10 35 35.8559
10 36 666.667
10 37 -4170.0
10 38 12.3423
10 39 -4603.96
10 40 -883.964
10 41 -2614.5
10 42 -693.423
10 43 -96.3964
10 44 -4370.0
10 45 -4586.67
10 46 -3012.16
10 47 -2924.14
10 48 -1860.99
10 49 -3620.9
10 50 -5480.0
10 51 -4214.5
11 52 14742.2
11 2 -1120.0
11 3 -4323.24
11 5 16.8468
11 6 -4636.76
11 7 -2559.1
11 9 -5970.0
11 10 -5813.78
11 12 -4834.5
11 13 -4810.0
11 14 -4370.0
11 15 -6752.34
11 16 -7700.0
11 17 -4726.4
11 18 -4904.5
11 20 1134.5
11 21 -9761.26
11 22 -8788.2
11 23 -899.099
11 24 -8498.2
11 25 -2290.0
11 26 -2175.5
11 27 -3501.98
11 28 -9510.0
11 29 -6365.59
11 30 -2520.9
11 31 -6841.98
11 32 -3120.0
11 33 -3985.5
11 34 -8488.74
11 35 -6214.14
11 36 -5793.33
11 37 -4590.0
11 38 -6587.66
11 39 -9393.96
11 40 -6373.96
11 41 -5044.5
11 42 -3393.42
11 43 -6556.4
11 44 -10060.0
11 45 -8196.67
11 46 -862.162
11 47 -8694.14
11 48 -6650.99
11 49 -1050.9
11 50 -3740.0
11 51 -2274.5
12 52 18902.2
12 2 -2850.0
12 3 -783.243
12 5 -3173.15
12 6 -1856.76
12 7 -2769.1
12 9 -6450.0
12 10 -1233.78
12 11 -3143.69
12 13 -710.0
12 14 -970.0
12 15 -2722.34
12 16 -3950.0
12 17 -836.396
12 18 -114.505
12 20 -2755.5
12 21 -4901.26
12 22 -4478.2
12 23 -829.099
12 24 -3288.2
12 25 -6040.0
12 26 -1135.5
12 27 -1211.98
12 28 -5200.0
12 29 -1915.59
12 30 -3630.9
12 31 -3301.98
12 32 -4510.0
12 33 944.505
12 34 -3418.74
12 35 -2044.14
12 36 -933.333
12 37 -2160.0
12 38 -1937.66
12 39 -4533.96
12 40 -2623.96
12 41 -534.505
12 42 -1103.42
12 43 -2116.4
12 44 -4860.0
12 45 -3826.67
12 46 -1622.16
12 47 -3484.14
12 48 -1720.99
12 49 -1610.9
12 50 -3470.0
12 51 -2754.5
13 52 19462.2
13 2 -2570.0
13 3 606.757
13 5 -3453.15
13 6 -396.757
13 7 -1869.1
13 9 -5340.0
13 10 -2483.78
13 11 -3493.69
13 12 -1084.5
13 14 -2010.0
13 15 -3972.34
13 16 -2630.0
13 17 -2156.4
13 18 -884.505
13 20 -3305.5
13 21 -4271.26
13 22 -3438.2
13 23 420.901
13 24 -3498.2
13 25 -6870.0
13 26 -2105.5
13 27 -2601.98
13 28 -4090.0
13 29 -3095.59
13 30 -2730.9
13 31 -4691.98
13 32 -5620.0
13 33 -375.495
13 34 -2938.74
13 35 -3294.14
13 36 -2043.33
13 37 -1110.0
13 38 -3117.66
13 39 -3903.96
13 40 -4013.96
13 41 -1164.5
13 42 -2493.42
13 43 -3426.4
13 44 -4720.0
13 45 -2786.67
13 46 -2112.16
13 47 -3414.14
13 48 -1030.99
13 49 -780.901
13 50 -2770.0
13 51 -3244.5
14 52 18422.2
14 2 -2160.0
14 3 -1273.24
14 5 -2273.15
14 6 -2276.76
14 7 -2489.1
14 9 -6310.0
14 10 -1783.78
14 11 -2243.69
14 12 -534.505
14 13 -1200.0
14 15 -3002.34
14 16 -4510.0
14 17 -1046.4
14 18 -674.505
14 20 -1915.5
14 21 -5801.26
14 22 -5248.2
14 23 -759.099
14 24 -4188.2
14 25 -5200.0
14 26 -295.495
14 27 -1001.98
14 28 -5900.0
14 29 -2335.59
14 30 -3280.9
14 31 -3441.98
14 32 -3740.0
14 34 -4258.74
14 35 -2394.14
14 36 -1623.33
14 37 -2160.0
14 38 -2487.66
14 39 -5433.96
14 40 -2833.96
14 41 -884.505
14 42 -623.423
14 43 -2526.4
14 44 -5760.0
14 45 -4656.67
14 46 -722.162
14 47 -4384.14
14 48 -2620.99
14 49 -1260.9
14 50 -3120.0
14 51 -1854.5
15 52 15852.2
15 2 -5630.0
15 3 -3283.24
15 5 -5393.15
15 6 -4496.76
15 7 -5889.1
15 9 -9510.0
15 10 -333.784
15 11 -5093.69
15 12 -2754.5
15 13 -3630.0
15 14 -3470.0
15 16 -6380.0
15 17 1383.6
15 18 -3174.5
15 20 -4555.5
15 21 -5731.26
15 22 -6008.2
15 23 -3949.1
15 24 -2798.2
15 25 -7080.0
15 26 -2935.5
15 27 588.018
15 28 -6870.0
15 29 -185.586
15 30 -6750.9
15 31 -381.982
15 32 -5130.0
15 33 -305.495
15 34 -3908.74
15 35 735.856
15 36 -163.333
15 37 -5280.0
15 38 -897.658
15 39 -5363.96
15 40 -53.964
15 41 -3594.5
15 42 -833.423
15 43 -516.396
15 44 -4860.0
15 45 -5426.67
15 46 -3772.16
15 47 -3414.14
15 48 -2550.99
15 49 -4660.9
15 50 -6520.0
15 51 -4974.5
16 52 16962.2
16 2 -4240.0
16 3 2756.76
16 5 -5603.15
16 6 1613.24
16 7 -2769.1
16 9 -5200.0
16 10 -4423.78
16 11 -5573.69
16 12 -3514.5
16 13 -1820.0
16 14 -4510.0
16 15 -5912.34
16 17 -4236.4
16 18 -3314.5
16 20 -5595.5
16 21 -2741.26
16 22 -1218.2
16 23 980.901
16 24 -3638.2
16 25 -9230.0
16 26 -4605.5
16 27 -4961.98
16 28 -1940.0
16 29 -4905.59
16 30 -3350.9
16 31 -6631.98
16 32 -8050.0
16 33 -2525.5
16 34 -2028.74
16 35 -5104.14
16 36 -3773.33
16 37 -2640.0
16 38 -4987.66
16 39 -2383.96
16 40 -6023.96
16 41 -3724.5
16 42 -4923.42
16 43 -5306.4
16 44 -4300.0
16 45 -566.667
16 46 -4472.16
16 47 -3274.14
16 48 359.009
16 49 -1890.9
16 50 -4160.0
16 51 -5604.5
17 52 16202.2
17 2 -5140.0
17 3 -3143.24
17 5 -4773.15
17 6 -4356.76
17 7 -5409.1
17 9 -9160.0
17 10 -123.784
17 11 -4603.69
17 12 -2404.5
17 13 -3350.0
17 14 -3050.0
17 15 -152.342
17 16 -6240.0
17 18 -2824.5
17 20 -3935.5
17 21 -5941.26
17 22 -6078.2
17 23 -3539.1
17 24 -3148.2
17 25 -6590.0
17 26 -2315.5
17 27 868.018
17 28 -6870.0
17 29 -255.586
17 30 -6200.9
17 31 -591.982
17 32 -4580.0
17 33 -25.4955
17 34 -4118.74
17 35 315.856
17 36 -163.333
17 37 -4930.0
17 38 -827.658
17 39 -5503.96
17 40 86.036
17 41 -3244.5
17 42 -343.423
17 43 -446.396
17 44 -5130.0
17 45 -5426.67
17 46 -3152.16
17 47 -3694.14
17 48 -2760.99
17 49 -4180.9
17 50 -6040.0
17 51 -4354.5
18 52 19252.2
18 2 -2640.0
18 3 -503.243
18 5 -3033.15
18 6 -1516.76
18 7 -2489.1
18 9 -6040.0
18 10 -1583.78
18 11 -3073.69
18 12 25.4955
18 13 -370.0
18 14 -970.0
18 15 -3002.34
18 16 -3610.0
18 17 -1116.4
18 20 -2755.5
18 21 -4831.26
18 22 -4278.2
18 23 -479.099
18 24 -3428.2
18 25 -6040.0
18 26 -1205.5
18 27 -1491.98
18 28 -4990.0
18 29 -2195.59
18 30 -3350.9
18 31 -3651.98
18 32 -4650.0
18 33 534.505
18 34 -3418.74
18 35 -2394.14
18 36 -1273.33
18 37 -1810.0
18 38 -2277.66
18 39 -4463.96
18 40 -2973.96
18 41 -254.505
18 42 -1313.42
18 43 -2456.4
18 44 -4860.0
18 45 -3686.67
18 46 -1552.16
18 47 -3554.14
18 48 -1650.99
18 49 -1330.9
18 50 -3190.0
18 51 -2684.5
19 52 18142.2
19 2 -1670.0
19 3 806.757
19 5 -3033.15
19 6 293.243
19 7 -409.099
19 9 -3740.0
19 10 -4013.78
19 11 -3073.69
19 12 -2474.5
19 13 -850.0
19 14 -2980.0
19 15 -5502.34
19 16 -2700.0
19 17 -3616.4
19 18 -2264.5
19 20 -3095.5
19 21 -5101.26
19 22 -3788.2
19 23 1950.9
19 24 -4958.2
19 25 -6800.0
19 26 -2655.5
19 27 -3851.98
19 28 -4510.0
19 29 -4625.59
19 30 -1200.9
19 31 -6081.98
19 32 -5970.0
19 33 -1895.5
19 34 -4048.74
19 35 -4824.14
19 36 -3573.33
19 37 -280.0
19 38 -4707.66
19 39 -4743.96
19 40 -5473.96
19 41 -2414.5
19 42 -3603.42
19 43 -4886.4
19 44 -5970.0
19 45 -3266.67
19 46 -2182.16
19 47 -4804.14
19 48 -1930.99
19 49 539.099
19 50 -1590.0
19 51 -3314.5
20 52 15022.2
20 2 -1460.0
20 3 -4253.24
20 5 16.8468
20 6 -4706.76
20 7 -2839.1
20 9 -6520.0
20 10 -5193.78
20 11 1226.31
20 12 -4354.5
20 13 -4530.0
20 14 -3950.0
20 15 -6122.34
20 16 -7630.0
20 17 -3966.4
20 18 -4494.5
20 21 -9551.26
20 22 -8648.2
20 23 -1319.1
20 24 -8008.2
20 25 -1800.0
20 26 -1545.5
20 27 -2671.98
20 28 -9300.0
20 29 -5805.59
20 30 -3000.9
20 31 -6081.98
20 32 -2290.0
20 33 -3425.5
20 34 -8138.74
20 35 -5584.14
20 36 -5233.33
20 37 -4520.0
20 38 -6027.66
20 39 -9113.96
20 40 -5673.96
20 41 -4564.5
20 42 -2633.42
20 43 -5926.4
20 44 -9580.0
20 45 -7996.67
20 46 -442.162
20 47 -8274.14
20 48 -6370.99
20 49 -1400.9
20 50 -3880.0
20 51 -1854.5
21 52 14252.2
21 2 -7780.0
21 3 -993.243
21 5 -8793.15
21 6 -1516.76
21 7 -6449.1
21 9 -8880.0
21 10 -5393.78
21 11 -8773.69
21 12 -5604.5
21 13 -4600.0
21 14 -6940.0
21 15 -6402.34
21 16 -3880.0
21 17 -5076.4
21 18 -5674.5
21 20 -8655.5
21 22 -38.1982
21 23 -2569.1
21 24 -2248.2
21 25 -12010.0
21 26 -7175.5
21 27 -6141.98
21 28 -2080.0
21 29 -5595.59
21 30 -7100.9
21 31 -6981.98
21 32 -10480.0
21 33 -4125.5
21 34 471.261
21 35 -5724.14
21 36 -4403.33
21 37 -6110.0
21 38 -5687.66
21 39 536.036
21 40 -6853.96
21 41 -6094.5
21 42 -6663.42
21 43 -6066.4
21 44 -2220.0
21 45 -146.667
21 46 -7452.16
21 47 -1674.14
21 48 3069.01
21 49 -5570.9
21 50 -7770.0
21 51 -8584.5
22 52 14322.2
22 2 -7160.0
22 3 -23.2432
22 5 -8453.15
22 6 -196.757
22 7 -5549.1
22 9 -7630.0
22 10 -6093.78
22 11 -8493.69
22 12 -5874.5
22 13 -4460.0
22 14 -7080.0
22 15 -7372.34
22 16 -3050.0
22 17 -5906.4
22 18 -5814.5
22 20 -8445.5
22 21 -731.261
22 23 -1179.1
22 24 -3638.2
22 25 -12010.0
22 26 -7245.5
22 27 -6841.98
22 28 -1180.0
22 29 -6435.59
22 30 -6060.9
22 31 -8091.98
22 32 -10690.0
22 33 -4605.5
22 34 -1058.74
22 35 -6694.14
22 36 -5233.33
22 37 -5560.0
22 38 -6587.66
22 39 -923.964
22 40 -7693.96
22 41 -6294.5
22 42 -7213.42
22 43 -6906.4
22 44 -3810.0
22 45 893.333
22 46 -7382.16
22 47 -3064.14
22 48 1749.01
22 49 -4800.9
22 50 -7080.0
22 51 -8514.5
23 8 -3260.0
24 52 15362.2
24 2 -6950.0
24 3 -1893.24
24 5 -7543.15
24 6 -2966.76
24 7 -6379.1
24 9 -9440.0
24 10 -2623.78
24 11 -7453.69
24 12 -3934.5
24 13 -3770.0
24 14 -5270.0
24 15 -3412.34
24 16 -4720.0
24 17 -2226.4
24 18 -4214.5
24 20 -7055.5
24 21 -2191.26
24 22 -2888.2
24 23 -3469.1
24 25 -10200.0
24 26 -5365.5
24 27 -3231.98
24 28 -4160.0
24 29 -2755.59
24 30 -7170.9
24 31 -3861.98
24 32 -8330.0
24 33 -1965.5
24 34 -298.739
24 35 -2734.14
24 36 -1693.33
24 37 -5560.0
24 38 -3047.66
24 39 -1893.96
24 40 -3873.96
24 41 -4704.5
24 42 -4163.42
24 43 -3226.4
24 44 -1110.0
24 45 -2576.67
24 46 -5992.16
24 47 265.856
24 48 849.009
24 49 -5360.9
24 50 -7350.0
24 51 -7064.5
25 52 13562.2
25 2 -3200.0
25 3 -5853.24
25 5 -1783.15
25 6 -6446.76
25 7 -4639.1
25 9 -8190.0
25 10 -6023.78
25 11 -163.694
25 12 -5604.5
25 13 -6060.0
25 14 -5200.0
25 15 -6612.34
25 16 -9230.0
25 17 -4586.4
25 18 -5744.5
25 20 234.505
25 21 -10871.3
25 22 -10178.2
25 23 -3119.1
25 24 -9118.2
25 26 -2655.5
25 27 -2741.98
25 28 -10830.0
25 29 -6505.59
25 30 -4740.9
25 31 -6291.98
25 32 -2080.0
25 33 -4465.5
25 34 -9458.74
25 35 -6144.14
25 36 -6133.33
25 37 -6180.0
25 38 -6797.66
25 39 -10504.0
25 40 -6093.96
25 41 -5954.5
25 42 -3123.42
25 43 -6626.4
25 44 -10760.0
25 45 -9586.67
25 46 -1902.16
25 47 -9384.14
25 48 -7690.99
25 49 -3140.9
25 50 -5620.0
25 51 -3314.5
26 2 -1880.0
26 3 -2453.24
26 5 -1433.15
26 6 -3316.76
26 7 -2699.1
26 9 -6590.0
26 10 -2553.78
26 11 -1203.69
26 12 -1854.5
26 13 -2450.0
26 14 -1450.0
26 15 -3622.34
26 16 -5760.0
26 17 -1466.4
26 18 -2064.5
26 20 -665.495
26 21 -7191.26
26 22 -6568.2
26 23 -1249.1
26 24 -5438.2
26 25 -3810.0
26 27 -661.982
26 28 -7220.0
26 29 -3165.59
26 30 -3350.9
26 31 -3721.98
26 32 -2360.0
26 33 -785.495
26 34 -5708.74
26 35 -3014.14
26 36 -2593.33
26 37 -3060.0
26 38 -3327.66
26 39 -6753.96
26 40 -3243.96
26 41 -2204.5
26 42 -343.423
26 43 -3296.4
26 44 -7010.0
26 45 -5976.67
26 46 247.838
26 47 -5704.14
26 48 -3940.99
26 49 -1330.9
26 50 -3330.0
26 51 -954.505
27 52 15022.2
27 2 -5350.0
27 3 -4603.24
27 5 -4563.15
27 6 -5746.76
27 7 -6099.1
27 9 -9920.0
27 10 -1923.78
27 11 -4183.69
27 12 -3584.5
27 13 -4600.0
27 14 -3810.0
27 15 -1752.34
27 16 -7770.0
27 17 63.6036
27 18 -4004.5
27 20 -3445.5
27 21 -7811.26
27 22 -7818.2
27 23 -4439.1
27 24 -4958.2
27 25 -5550.0
27 26 -2315.5
27 28 -8670.0
27 29 -2125.59
27 30 -6820.9
27 31 -941.982
27 32 -3470.0
27 33 -1415.5
27 34 -5988.74
27 35 -1354.14
27 36 -1973.33
27 37 -5840.0
27 38 -2697.66
27 39 -7313.96
27 40 -1163.96
27 41 -4354.5
27 42 -63.4234
27 43 -2316.4
27 44 -6940.0
27 45 -7226.67
27 46 -3152.16
27 47 -5564.14
27 48 -4570.99
27 49 -4730.9
27 50 -6660.0
27 51 -4354.5
28 52 15502.2
28 2 -6110.0
28 3 946.757
28 5 -7343.15
28 6 433.243
28 7 -4639.1
28 9 -6870.0
28 10 -5053.78
28 11 -7383.69
28 12 -4764.5
28 13 -3280.0
28 14 -5900.0
28 15 -6402.34
28 16 -1940.0
28 17 -4866.4
28 18 -4694.5
28 20 -7265.5
28 21 -941.261
28 22 651.802
28 23 -549.099
28 24 -3078.2
28 25 -10830.0
28 26 -6065.5
28 27 -5861.98
28 29 -5395.59
28 30 -5160.9
28 31 -7051.98
28 32 -9510.0
28 33 -3495.5
28 34 -778.739
28 35 -5654.14
28 36 -4263.33
28 37 -4450.0
28 38 -5547.66
28 39 -853.964
28 40 -6653.96
28 41 -5114.5
28 42 -6033.42
28 43 -5926.4
28 44 -3330.0
28 45 1243.33
28 46 -6202.16
28 47 -2444.14
28 48 1889.01
28 49 -3760.9
28 50 -6040.0
28 51 -7334.5
29 52 16612.2
29 2 -5140.0
29 3 -2523.24
29 5 -5113.15
29 6 -3736.76
29 7 -5269.1
29 9 -8880.0
29 10 366.216
29 11 -4883.69
29 12 -2124.5
29 13 -2930.0
29 14 -2980.0
29 15 -362.342
29 16 -5550.0
29 17 1103.6
29 18 -2544.5
29 20 -4415.5
29 21 -5101.26
29 22 -5248.2
29 23 -3259.1
29 24 -2318.2
29 25 -7150.0
29 26 -2655.5
29 27 38.018
29 28 -6040.0
29 30 -6060.9
29 31 -1081.98
29 32 -5200.0
29 33 324.505
29 34 -3278.74
29 36 666.667
29 37 -4590.0
29 38 -127.658
29 39 -4673.96
29 40 -613.964
29 41 -3034.5
29 42 -963.423
29 43 43.6036
29 44 -4300.0
29 45 -4726.67
29 46 -3432.16
29 47 -2854.14
29 48 -1860.99
29 49 -4040.9
29 50 -5900.0
29 51 -4634.5
30 52 15152.2
30 2 -1120.0
30 3 -1823.24
30 5 -2963.15
30 6 -1376.76
30 7 560.901
30 9 -1520.0
30 10 -6923.78
30 11 -2453.69
30 12 -5254.5
30 13 -3980.0
30 14 -5340.0
30 15 -8342.34
30 16 -5410.0
30 17 -6256.4
30 18 -5114.5
30 20 -3025.5
30 21 -8021.26
30 22 -6288.2
30 23 3540.9
30 24 -8148.2
30 25 -6800.0
30 26 -4255.5
30 27 -6071.98
30 28 -7220.0
30 29 -7475.59
30 31 -8721.98
30 32 -6870.0
30 33 -4745.5
30 34 -7168.74
30 35 -7664.14
30 36 -6553.33
30 37 -3200.0
30 38 -7557.66
30 39 -7793.96
30 40 -8173.96
30 41 -5254.5
30 42 -5623.42
30 43 -7736.4
30 44 -9230.0
30 45 -5906.67
30 46 -3152.16
30 47 -8064.14
30 48 -4980.99
30 49 1449.1
30 50 -2150.0
30 51 -4354.5
31 52 14742.2
31 2 -6390.0
31 3 -4533.24
31 5 -5953.15
31 6 -5676.76
31 7 -6799.1
31 9 -10550.0
31 10 -1443.78
31 11 -5643.69
31 12 -3794.5
31 13 -4810.0
31 14 -4370.0
31 15 -842.342
31 16 -7560.0
31 17 483.604
31 18 -4284.5
31 20 -4975.5
31 21 -6771.26
31 22 -7188.2
31 23 -4999.1
31 24 -3708.2
31 25 -7220.0
31 26 -3495.5
31 27 938.018
31 28 -7980.0
31 29 -1365.59
31 30 -7590.9
31 32 -5270.0
31 33 -1415.5
31 34 -4878.74
31 35 -444.144
31 36 -1343.33
31 37 -6320.0
31 38 -2077.66
31 39 -6403.96
31 40 -473.964
31 41 -4634.5
31 42 -1243.42
31 43 -1696.4
31 44 -5830.0
31 45 -6536.67
31 46 -4402.16
31 47 -4384.14
31 48 -3660.99
31 49 -5570.9
31 50 -7490.0
31 51 -5604.5
32 4 3726.85
33 52 18072.2
33 2 -3750.0
33 3 -1343.24
33 5 -3863.15
33 6 -2486.76
33 7 -3739.1
33 9 -7420.0
33 10 -263.784
33 11 -3773.69
33 12 -534.505
33 13 -1480.0
33 14 -1590.0
33 15 -1752.34
33 16 -4440.0
33 17 63.6036
33 18 -1084.5
33 20 -3305.5
33 21 -4901.26
33 22 -4688.2
33 23 -1799.1
33 24 -2798.2
33 25 -6380.0
33 26 -1545.5
33 27 -521.982
33 28 -5410.0
33 29 -945.586
33 30 -4600.9
33 31 -2401.98
33 32 -4580.0
33 34 -3278.74
33 35 -1074.14
33 36 -93.3333
33 37 -3130.0
33 38 -1027.66
33 39 -4463.96
33 40 -1723.96
33 41 -1504.5
33 42 -693.423
33 43 -1206.4
33 44 -4510.0
33 45 -4036.67
33 46 -2182.16
33 47 -3134.14
33 48 -1650.99
33 49 -2580.9
33 50 -4370.0
33 51 -3384.5
34 52 14952.2
34 2 -7230.0
34 3 -923.243
34 5 -8103.15
34 6 -1856.76
34 7 -6169.1
34 9 -8880.0
34 10 -4213.78
34 11 -8143.69
34 12 -4764.5
34 13 -3910.0
34 14 -6040.0
34 15 -5222.34
34 16 -3810.0
34 17 -3896.4
34 18 -4904.5
34 20 -7885.5
34 21 -171.261
34 22 -1008.2
34 23 -2699.1
34 24 -998.198
34 25 -11240.0
34 26 -6335.5
34 27 -4961.98
34 28 -2560.0
34 29 -4415.59
34 30 -6890.9
34 31 -5731.98
34 32 -9510.0
34 33 -3145.5
34 35 -4474.14
34 36 -3223.33
34 37 -5560.0
34 38 -4577.66
34 39 186.036
34 40 -5543.96
34 41 -5324.5
34 42 -5553.42
34 43 -4886.4
34 44 -1040.0
34 45 -836.667
34 46 -6692.16
34 47 -424.144
34 48 2859.01
34 49 -5220.9
34 50 -7350.0
34 51 -7824.5
35 52 15992.2
35 2 -5560.0
35 3 -3143.24
35 5 -5323.15
35 6 -4356.76
35 7 -5819.1
35 9 -9370.0
35 10 -123.784
35 11 -5093.69
35 12 -2614.5
35 13 -3490.0
35 14 -3400.0
35 15 197.658
35 16 -6110.0
35 17 1313.6
35 18 -3104.5
35 20 -4555.5
35 21 -5591.26
35 22 -5868.2
35 23 -3749.1
35 24 -2658.2
35 25 -7150.0
35 26 -2865.5
35 27 448.018
35 28 -6660.0
35 29 -45.5856
35 30 -6610.9
35 31 -521.982
35 32 -5200.0
35 33 -165.495
35 34 -3698.74
35 36 106.667
35 37 -5140.0
35 38 -687.658
35 39 -5153.96
35 40 -193.964
35 41 -3454.5
35 42 -963.423
35 43 -376.396
35 44 -4650.0
35 45 -5216.67
35 46 -3702.16
35 47 -3204.14
35 48 -2350.99
35 49 -4590.9
35 50 -6380.0
35 51 -4904.5
36 52 16962.2
36 2 -5000.0
36 3 -2033.24
36 5 -5113.15
36 6 -3176.76
36 7 -4989.1
36 9 -8470.0
36 10 226.216
36 11 -4953.69
36 12 -1784.5
36 13 -2520.0
36 14 -2910.0
36 15 -982.342
36 16 -5060.0
36 17 553.604
36 18 -2264.5
36 20 -4485.5
36 21 -4551.26
36 22 -4688.2
36 23 -2839.1
36 24 -1898.2
36 25 -7420.0
36 26 -2725.5
36 27 -451.982
36 28 -5550.0
36 29 24.4144
36 30 -5780.9
36 31 -1701.98
36 32 -5480.0
36 33 534.505
36 34 -2728.74
36 35 -174.144
36 37 -4240.0
36 38 -127.658
36 39 -4183.96
36 40 -1233.96
36 41 -2754.5
36 42 -1243.42
36 43 -446.396
36 44 -3810.0
36 45 -4106.67
36 46 -3432.16
36 47 -2374.14
36 48 -1370.99
36 49 -3760.9
36 50 -5620.0
36 51 -4564.5
37 52 18492.2
37 2 -1530.0
37 3 466.757
37 5 -2753.15
37 6 -126.757
37 7 -619.099
37 9 -4090.0
37 10 -3593.78
37 11 -2733.69
37 12 -1994.5
37 13 -570.0
37 14 -2430.0
37 15 -5082.34
37 16 -2910.0
37 17 -3196.4
37 18 -1784.5
37 20 -2755.5
37 21 -5241.26
37 22 -3998.2
37 23 1530.9
37 24 -4748.2
37 25 -6450.0
37 26 -2175.5
37 27 -3301.98
37 28 -4720.0
37 29 -4215.59
37 30 -1410.9
37 31 -5661.98
37 32 -5550.0
37 33 -1485.5
37 34 -4048.74
37 35 -4404.14
37 36 -3223.33
37 38 -4227.66
37 39 -4813.96
37 40 -5053.96
37 41 -1924.5
37 42 -3053.42
37 43 -4476.4
37 44 -5900.0
37 45 -3406.67
37 46 -1762.16
37 47 -4664.14
37 48 -2000.99
37 49 469.099
37 50 -1520.0
37 51 -2894.5
38 52 16892.2
38 2 -4930.0
38 3 -2173.24
38 5 -4843.15
38 6 -3386.76
38 7 -4989.1
38 9 -8540.0
38 10 576.216
38 11 -4743.69
38 12 -1784.5
38 13 -2590.0
38 14 -2770.0
38 15 -712.342
38 16 -5270.0
38 17 893.604
38 18 -2264.5
38 20 -4275.5
38 21 -4831.26
38 22 -5038.2
38 23 -2909.1
38 24 -2248.2
38 25 -7080.0
38 26 -2455.5
38 27 -171.982
38 28 -5830.0
38 29 234.414
38 30 -5780.9
38 31 -1431.98
38 32 -5200.0
38 33 604.505
38 34 -3078.74
38 35 35.8559
38 36 876.667
38 37 -4240.0
38 39 -4463.96
38 40 -953.964
38 41 -2684.5
38 42 -963.423
38 43 -166.396
38 44 -4160.0
38 45 -4386.67
38 46 -3222.16
38 47 -2714.14
38 48 -1650.99
38 49 -3760.9
38 50 -5620.0
38 51 -4424.5
39 52 14672.2
39 2 -7360.0
39 3 -643.243
39 5 -8313.15
39 6 -1376.76
39 7 -6099.1
39 9 -8540.0
39 10 -4843.78
39 11 -8353.69
39 12 -5184.5
39 13 -4180.0
39 14 -6520.0
39 15 -5982.34
39 16 -3470.0
39 17 -4586.4
39 18 -5254.5
39 20 -8165.5
39 21 588.739
39 22 -178.198
39 23 -2289.1
39 24 -1898.2
39 25 -11590.0
39 26 -6685.5
39 27 -5591.98
39 28 -1940.0
39 29 -5115.59
39 30 -6820.9
39 31 -6561.98
39 32 -10060.0
39 33 -3635.5
39 34 881.261
39 35 -5234.14
39 36 -3983.33
39 37 -5630.0
39 38 -5267.66
39 40 -6303.96
39 41 -5674.5
39 42 -6173.42
39 43 -5586.4
39 44 -1940.0
39 45 -76.6667
39 46 -6972.16
39 47 -1264.14
39 48 3559.01
39 49 -5220.9
39 50 -7350.0
39 51 -8104.5
40 52 15782.2
40 2 -5420.0
40 3 -3563.24
40 5 -5113.15
40 6 -4706.76
40 7 -5889.1
40 9 -9510.0
40 10 -603.784
40 11 -4813.69
40 12 -2754.5
40 13 -3770.0
40 14 -3400.0
40 15 -152.342
40 16 -6590.0
40 17 1523.6
40 18 -3244.5
40 20 -4205.5
40 21 -6281.26
40 22 -6428.2
40 23 -4019.1
40 24 -3358.2
40 25 -6660.0
40 26 -2655.5
40 27 1078.02
40 28 -7220.0
40 29 -535.586
40 30 -6680.9
40 31 -111.982
40 32 -4650.0
40 33 -375.495
40 34 -4328.74
40 35 245.856
40 36 -513.333
40 37 -5350.0
40 38 -1237.66
40 39 -5783.96
40 41 -3724.5
40 42 -483.423
40 43 -796.396
40 44 -5410.0
40 45 -5836.67
40 46 -3432.16
40 47 -3964.14
40 48 -3040.99
40 49 -4590.9
40 50 -6450.0
40 51 -4634.5
41 52 19252.2
41 2 -2430.0
41 3 -503.243
41 5 -2893.15
41 6 -1516.76
41 7 -2349.1
41 9 -5900.0
41 10 -1783.78
41 11 -2933.69
41 12 -114.505
41 13 -370.0
41 14 -900.0
41 15 -3142.34
41 16 -3740.0
41 17 -1256.4
41 18 25.4955
41 20 -2545.5
41 21 -4971.26
41 22 -4478.2
41 23 -409.099
41 24 -3638.2
41 25 -5970.0
41 26 -1065.5
41 27 -1561.98
41 28 -5130.0
41 29 -2405.59
41 30 -3210.9
41 31 -3721.98
41 32 -4510.0
41 33 394.505
41 34 -3558.74
41 35 -2464.14
41 36 -1483.33
41 37 -1670.0
41 38 -2417.66
41 39 -4603.96
41 40 -3173.96
41 42 -1383.42
41 43 -2596.4
41 44 -5130.0
41 45 -3756.67
41 46 -1412.16
41 47 -3764.14
41 48 -1790.99
41 49 -1120.9
41 50 -2980.0
41 51 -2544.5
42 2 -3820.0
42 3 -3353.24
42 5 -3173.15
42 6 -4426.76
42 7 -4569.1
42 9 -8330.0
42 10 -1443.78
42 11 -2863.69
42 12 -2264.5
42 13 -3280.0
42 14 -2220.0
42 15 -1962.34
42 16 -6520.0
42 17 63.6036
42 18 -2614.5
42 20 -2195.5
42 21 -7121.26
42 22 -6978.2
42 23 -2909.1
42 24 -4678.2
42 25 -4720.0
42 26 -785.495
42 27 1148.02
42 28 -7630.0
42 29 -1915.59
42 30 -5160.9
42 31 -1911.98
42 32 -2770.0
42 33 -375.495
42 34 -5368.74
42 35 -1554.14
42 36 -1553.33
42 37 -4380.0
42 38 -2277.66
42 39 -6683.96
42 40 -1513.96
42 41 -2964.5
42 43 -1976.4
42 44 -6590.0
42 45 -6256.67
42 46 -1622.16
42 47 -5084.14
42 48 -3870.99
42 49 -3140.9
42 50 -5130.0
42 51 -2894.5
43 52 16612.2
43 2 -5000.0
43 3 -2523.24
43 5 -4843.15
43 6 -3736.76
43 7 -5199.1
43 9 -8810.0
43 10 436.216
43 11 -4743.69
43 12 -1994.5
43 13 -2930.0
43 14 -2840.0
43 15 -362.342
43 16 -5620.0
43 17 1243.6
43 18 -2474.5
43 20 -4205.5
43 21 -5241.26
43 22 -5388.2
43 23 -3189.1
43 24 -2458.2
43 25 -6940.0
43 26 -2455.5
43 27 178.018
43 28 -6240.0
43 29 374.414
43 30 -5990.9
43 31 -1081.98
43 32 -4990.0
43 33 394.505
43 34 -3418.74
43 35 315.856
43 36 526.667
43 37 -4520.0
43 38 -197.658
43 39 -4813.96
43 40 -543.964
43 41 -2894.5
43 42 -693.423
43 44 -4440.0
43 45 -4796.67
43 46 -3222.16
43 47 -3064.14
43 48 -2000.99
43 49 -3970.9
43 50 -5760.0
43 51 -4424.5
44 52 15152.2
44 2 -7160.0
44 3 -1413.24
44 5 -7893.15
44 6 -2416.76
44 7 -6379.1
44 9 -9230.0
44 10 -3523.78
44 11 -7933.69
44 12 -4424.5
44 13 -3910.0
44 14 -5760.0
44 15 -4392.34
44 16 -4300.0
44 17 -3126.4
44 18 -4564.5
44 20 -7545.5
44 21 -1081.26
44 22 -1978.2
44 23 -3189.1
44 24 -28.1982
44 25 -10760.0
44 26 -5855.5
44 27 -4131.98
44 28 -3330.0
44 29 -3655.59
44 30 -7170.9
44 31 -4901.98
44 32 -9090.0
44 33 -2595.5
44 34 741.261
44 35 -3644.14
44 36 -2523.33
44 37 -5630.0
44 38 -3877.66
44 39 -853.964
44 40 -4843.96
44 41 -5114.5
44 42 -4993.42
44 43 -4126.4
44 45 -1676.67
44 46 -6412.16
44 47 545.856
44 48 1889.01
44 49 -5360.9
44 50 -7420.0
44 51 -7544.5
45 52 15022.2
45 2 -6530.0
45 3 536.757
45 5 -7753.15
45 6 223.243
45 7 -4989.1
45 9 -7150.0
45 10 -5463.78
45 11 -7793.69
45 12 -5114.5
45 13 -3700.0
45 14 -6380.0
45 15 -6682.34
45 16 -2290.0
45 17 -5146.4
45 18 -5114.5
45 20 -7685.5
45 21 -731.261
45 22 1001.8
45 23 -829.099
45 24 -3218.2
45 25 -11310.0
45 26 -6545.5
45 27 -6141.98
45 28 -480.0
45 29 -5805.59
45 30 -5570.9
45 31 -7331.98
45 32 -9990.0
45 33 -3845.5
45 34 -778.739
45 35 -5934.14
45 36 -4543.33
45 37 -4860.0
45 38 -5827.66
45 39 -713.964
45 40 -6993.96
45 41 -5464.5
45 42 -6383.42
45 43 -6206.4
45 44 -3400.0
45 46 -6552.16
45 47 -2584.14
45 48 1959.01
45 49 -4110.9
45 50 -6450.0
45 51 -7684.5
46 52 16822.2
46 2 -840.0
46 3 -2593.24
46 5 -323.153
46 6 -3246.76
46 7 -1999.1
46 9 -5830.0
46 10 -3593.78
46 11 -163.694
46 12 -2614.5
46 13 -2730.0
46 14 -2150.0
46 15 -4732.34
46 16 -5900.0
46 17 -2576.4
46 18 -2684.5
46 20 164.505
46 21 -7741.26
46 22 -6978.2
46 23 -549.099
46 24 -6338.2
46 25 -3330.0
46 26 -25.4955
46 27 -1771.98
46 28 -7630.0
46 29 -4215.59
46 30 -2520.9
46 31 -4901.98
46 32 -2560.0
46 33 -1695.5
46 34 -6338.74
46 35 -4124.14
46 36 -3573.33
46 37 -2920.0
46 38 -4367.66
46 39 -7313.96
46 40 -4293.96
46 41 -2824.5
46 42 -1453.42
46 43 -4336.4
46 44 -7840.0
46 45 -6256.67
46 47 -6464.14
46 48 -4500.99
46 49 -570.901
46 50 -2700.0
46 51 -44.5045
47 52 15432.2
47 2 -6950.0
47 3 -1413.24
47 5 -7613.15
47 6 -2486.76
47 7 -6239.1
47 9 -9160.0
47 10 -3103.78
47 11 -7593.69
47 12 -4074.5
47 13 -3630.0
47 14 -5410.0
47 15 -3972.34
47 16 -4300.0
47 17 -2716.4
47 18 -4284.5
47 20 -7265.5
47 21 -1561.26
47 22 -2258.2
47 23 -3119.1
47 24 321.802
47 25 -10410.0
47 26 -5575.5
47 27 -3781.98
47 28 -3470.0
47 29 -3235.59
47 30 -7030.9
47 31 -4481.98
47 32 -8670.0
47 33 -2245.5
47 34 331.261
47 35 -3224.14
47 36 -2113.33
47 37 -5420.0
47 38 -3457.66
47 39 -1203.96
47 40 -4423.96
47 41 -4774.5
47 42 -4513.42
47 43 -3776.4
47 44 -480.0
47 45 -1886.67
47 46 -6062.16
47 48 1609.01
47 49 -5220.9
47 50 -7150.0
47 51 -7264.5
48 52 14812.2
48 2 -7160.0
48 3 -573.243
48 5 -8173.15
48 6 -1306.76
48 7 -6029.1
48 9 -8470.0
48 10 -4773.78
48 11 -8283.69
48 12 -5044.5
48 13 -3980.0
48 14 -6380.0
48 15 -5842.34
48 16 -3400.0
48 17 -4516.4
48 18 -5114.5
48 20 -8095.5
48 21 448.739
48 22 -178.198
48 23 -2219.1
48 24 -1828.2
48 25 -11450.0
48 26 -6545.5
48 27 -5521.98
48 28 -1870.0
48 29 -4975.59
48 30 -6680.9
48 31 -6491.98
48 32 -9920.0
48 33 -3495.5
48 34 881.261
48 35 -5104.14
48 36 -3843.33
48 37 -5490.0
48 38 -5127.66
48 39 886.036
48 40 -6233.96
48 41 -5534.5
48 42 -6033.42
48 43 -5446.4
48 44 -1870.0
48 45 -76.6667
48 46 -6832.16
48 47 -1124.14
48 49 -5080.9
48 50 -7220.0
48 51 -7964.5
49 52 16272.2
49 2 -210.0
49 3 -1133.24
49 5 -1993.15
49 6 -1096.76
49 7 1260.9
49 9 -2430.0
49 10 -5603.78
49 11 -1753.69
49 12 -4004.5
49 13 -2800.0
49 14 -4090.0
49 15 -7022.34
49 16 -4720.0
49 17 -5006.4
49 18 -3864.5
49 20 -2195.5
49 21 -7261.26
49 22 -5798.2
49 23 2710.9
49 24 -7108.2
49 25 -5970.0
49 26 -3005.5
49 27 -4751.98
49 28 -6590.0
49 29 -6225.59
49 30 679.099
49 31 -7471.98
49 32 -5830.0
49 33 -3495.5
49 34 -6268.74
49 35 -6414.14
49 36 -5303.33
49 37 -2090.0
49 38 -6307.66
49 39 -6963.96
49 40 -6853.96
49 41 -3934.5
49 42 -4373.42
49 43 -6486.4
49 44 -8190.0
49 45 -5216.67
49 46 -1972.16
49 47 -7024.14
49 48 -4150.99
49 50 -900.0
49 51 -3174.5
50 52 17172.2
50 2 -140.0
50 3 -783.243
50 5 -1713.15
50 6 -956.757
50 7 630.901
50 9 -3260.0
50 10 -4703.78
50 11 -1683.69
50 12 -3104.5
50 13 -2030.0
50 14 -3190.0
50 15 -6122.34
50 16 -4230.0
50 17 -4106.4
50 18 -2964.5
50 20 -1915.5
50 21 -6701.26
50 22 -5318.2
50 23 2090.9
50 24 -6338.2
50 25 -5690.0
50 26 -2245.5
50 27 -3921.98
50 28 -6110.0
50 29 -5325.59
50 30 -160.901
50 31 -6631.98
50 32 -5270.0
50 33 -2525.5
50 34 -5638.74
50 35 -5444.14
50 36 -4403.33
50 37 -1320.0
50 38 -5407.66
50 39 -6333.96
50 40 -5953.96
50 41 -3034.5
50 42 -3603.42
50 43 -5516.4
50 44 -7490.0
50 45 -4796.67
50 46 -1342.16
50 47 -6194.14
50 48 -3530.99
50 49 1859.1
50 51 -2544.5
51 52 16962.2
51 2 -840.0
51 3 -2453.24
51 5 -393.153
51 6 -3106.76
51 7 -1869.1
51 9 -5760.0
51 10 -3523.78
51 11 -303.694
51 12 -2474.5
51 13 -2590.0
51 14 -2010.0
51 15 -4662.34
51 16 -5760.0
51 17 -2506.4
51 18 -2544.5
51 20 24.5045
51 21 -7601.26
51 22 -6838.2
51 23 -549.099
51 24 -6138.2
51 25 -3470.0
51 26 44.5045
51 27 -1701.98
51 28 -7490.0
51 29 -4145.59
51 30 -2450.9
51 31 -4831.98
51 32 -2700.0
51 33 -1625.5
51 34 -6198.74
51 35 -4054.14
51 36 -3433.33
51 37 -2780.0
51 38 -4297.66
51 39 -7173.96
51 40 -4223.96
51 41 -2684.5
51 42 -1453.42
51 43 -4266.4
51 44 -7700.0
51 45 -6116.67
51 46 1227.84
51 47 -6394.14
51 48 -4360.99
51 49 -500.901
51 50 -2630.0
52 2 0
52 3 0
52 4 0
52 5 0
52 6 0
52 7 0
52 8 0
52 9 0
52 10 0
52 11 0
52 12 0
52 13 0
52 14 0
52 15 0
52 16 0
52 17 0
52 18 0
52 19 0
52 20 0
52 21 0
52 22 0
52 23 0
52 24 0
52 25 0
52 26 0
52 27 0
52 28 0
52 29 0
52 30 0
52 31 0
52 32 0
52 33 0
52 34 0
52 35 0
52 36 0
52 37 0
52 38 0
52 39 0
52 40 0
52 41 0
52 42 0
52 43 0
52 44 0
52 45 0
52 46 0
52 47 0
52 48 0
52 49 0
52 50 0
52 51 0
2 1 0
3 1 0
4 1 0
5 1 0
6 1 0
7 1 0
8 1 0
9 1 0
10 1 0
11 1 0
12 1 0
13 1 0
14 1 0
15 1 0
16 1 0
17 1 0
18 1 0
19 1 0
20 1 0
21 1 0
22 1 0
23 1 0
24 1 0
25 1 0
26 1 0
27 1 0
28 1 0
29 1 0
30 1 0
31 1 0
32 1 0
33 1 0
34 1 0
35 1 0
36 1 0
37 1 0
38 1 0
39 1 0
40 1 0
41 1 0
42 1 0
43 1 0
44 1 0
45 1 0
46 1 0
47 1 0
48 1 0
49 1 0
50 1 0
51 1 0
52 1 0
