27 702
1
2
3
4
5
6
7
8
9
10
11
12
13
14
15
16
17
18
19
20
21
22
23
24
25
26
27
1 27 -0.0
1 2 -24116.7
1 3 -17681.7
1 4 -20566.7
1 5 -1860.0
1 6 -22341.7
1 7 -23760.0
1 8 -21723.3
1 9 -23945.0
1 10 -21421.7
1 11 -24030.0
1 12 -20235.0
1 13 -24460.0
1 14 -23970.0
1 15 -21701.7
1 16 -23900.0
1 17 -19510.0
1 18 -21773.3
1 19 -20360.0
1 20 -22641.7
1 21 -22090.0
1 22 -22915.0
1 23 -21168.3
1 24 -23098.3
1 25 -22668.3
1 26 -19431.7
2 27 -4790.0
2 3 -451.667
2 4 -3546.67
2 5 16900.0
2 6 -1081.67
2 7 -7990.0
2 8 -3593.33
2 9 -6915.0
2 10 -6201.67
2 11 -970.0
2 12 4075.0
2 13 -7790.0
2 14 -6670.0
2 15 -4051.67
2 16 -8470.0
2 17 -4230.0
2 18 -4953.33
2 19 -1880.0
2 20 -5751.67
2 21 -3470.0
2 22 -3255.0
2 23 -5948.33
2 24 -3578.33
2 25 -6688.33
2 26 -51.6667
3 27 -5410.0
3 2 -7506.67
3 4 -5766.67
3 5 12730.0
3 6 -7261.67
3 7 -2570.0
3 8 -2753.33
3 9 235.0
3 10 -3491.67
3 11 -7220.0
3 12 -3005.0
3 13 -640.0
3 14 -1040.0
3 15 -7111.67
3 16 -6670.0
3 17 -4300.0
3 18 -6903.33
3 19 -5000.0
3 20 -7841.67
3 21 -1600.0
3 22 -8315.0
3 23 -3658.33
3 24 -8438.33
3 25 -1278.33
3 26 -4561.67
4 27 -1110.0
4 2 -3476.67
4 3 1358.33
4 5 18840.0
4 6 -1291.67
4 7 -4860.0
4 8 -2273.33
4 9 -4905.0
4 10 -2241.67
4 11 -3400.0
4 12 395.0
4 13 -5430.0
4 14 -4860.0
4 15 -1071.67
4 16 -4450.0
4 17 -270.0
4 18 -1553.33
4 19 340.0
4 20 -2351.67
4 21 -2570.0
4 22 -2005.0
4 23 -1928.33
4 24 -2188.33
4 25 -3708.33
4 26 1548.33
5 27 -5340.0
5 2 -5906.67
5 3 -3021.67
5 4 -4036.67
5 6 -1711.67
5 7 -8610.0
5 8 -6783.33
5 9 -9275.0
5 10 -3421.67
5 11 -6520.0
5 12 -2315.0
5 13 -9660.0
5 14 -9240.0
5 15 -1411.67
5 16 -5070.0
5 17 -3740.0
5 18 -993.333
5 19 -3750.0
5 20 -2211.67
5 21 -7150.0
5 22 -125.0
5 23 -3728.33
5 24 -1568.33
5 25 -7728.33
5 26 -331.667
6 27 -4300.0
6 2 -2366.67
6 3 -1491.67
6 4 -2646.67
6 5 19810.0
6 7 -7990.0
6 8 -4633.33
6 9 -7815.0
6 10 -4811.67
6 11 -3190.0
6 12 1165.0
6 13 -8480.0
6 14 -7640.0
6 15 -1831.67
6 16 -6810.0
6 17 -3260.0
6 18 -2663.33
6 19 -1600.0
6 20 -3531.67
6 21 -4860.0
6 22 -405.0
6 23 -4698.33
6 24 -868.333
6 25 -6898.33
6 26 1688.33
7 27 -4160.0
7 2 -7716.67
7 3 4758.33
7 4 -4656.67
7 5 14470.0
7 6 -6431.67
7 8 -3173.33
7 9 -1775.0
7 10 -581.667
7 11 -7420.0
7 12 -3425.0
7 13 -1400.0
7 14 -2500.0
7 15 -5441.67
7 16 -3890.0
7 17 -2630.0
7 18 -4953.33
7 19 -4310.0
7 20 -5961.67
7 21 -2710.0
7 22 -6865.0
7 23 -878.333
7 24 -7188.33
7 25 461.667
7 26 -3591.67
8 27 -2770.0
8 2 -3966.67
8 3 3928.33
8 4 -2716.67
8 5 15650.0
8 6 -3721.67
8 7 -3820.0
8 9 -2405.0
8 10 -3421.67
8 11 -3610.0
8 12 465.0
8 13 -3340.0
8 14 -2160.0
8 15 -4261.67
8 16 -6180.0
8 17 -2080.0
8 18 -4603.33
8 19 -1600.0
8 20 -5341.67
8 21 620.0
8 22 -5055.0
8 23 -3178.33
8 24 -5178.33
8 25 -2388.33
8 26 -1161.67
9 27 -4860.0
9 2 -7156.67
9 3 7048.33
9 4 -5216.67
9 5 13290.0
9 6 -6771.67
9 7 -2290.0
9 8 -2273.33
9 10 -3081.67
9 11 -6800.0
9 12 -2655.0
9 13 -430.0
9 14 -560.0
9 15 -6551.67
9 16 -6250.0
9 17 -3810.0
9 18 -6413.33
9 19 -4450.0
9 20 -7351.67
9 21 -1320.0
9 22 -7695.0
9 23 -3178.33
9 24 -7948.33
9 25 -928.333
9 26 -4011.67
10 27 -5620.0
10 2 -9726.67
10 3 38.3333
10 4 -5836.67
10 5 15860.0
10 6 -7051.67
10 7 -4380.0
10 8 -6573.33
10 9 -6365.0
10 11 -9580.0
10 12 -5785.0
10 13 -6120.0
10 14 -6950.0
10 15 -4961.67
10 16 550.0
10 17 -3400.0
10 18 -3493.33
10 19 -5840.0
10 20 -4781.67
10 21 -6600.0
10 22 -6445.0
10 23 1341.67
10 24 -7048.33
10 25 -4118.33
10 26 -4281.67
11 27 -4090.0
11 2 -356.667
11 3 448.333
11 4 -2856.67
11 5 16900.0
11 6 -1291.67
11 7 -7080.0
11 8 -2623.33
11 9 -5945.0
11 10 -5441.67
11 12 3795.0
11 13 -6820.0
11 14 -5700.0
11 15 -3711.67
11 16 -7850.0
11 17 -3470.0
11 18 -4603.33
11 19 -1250.0
11 20 -5341.67
11 21 -2500.0
11 22 -3385.0
11 23 -5188.33
11 24 -3578.33
11 25 -5788.33
11 26 228.333
12 27 -5200.0
12 2 -216.667
12 3 -241.667
12 4 -3966.67
12 5 16200.0
12 6 -1841.67
12 7 -7990.0
12 8 -3453.33
12 9 -6705.0
12 10 -6551.67
12 11 -1110.0
12 13 -7650.0
12 14 -6530.0
12 15 -4681.67
12 16 -8890.0
12 17 -4510.0
12 18 -5513.33
12 19 -2230.0
12 20 -6311.67
12 21 -3130.0
12 22 -4015.0
12 23 -6298.33
12 24 -4338.33
12 25 -6688.33
12 26 -741.667
13 27 -4990.0
13 2 -7646.67
13 3 6558.33
13 4 -5356.67
13 5 13290.0
13 6 -7051.67
13 7 -1530.0
13 8 -2823.33
13 9 -45.0
13 10 -2451.67
13 11 -7290.0
13 12 -3215.0
13 14 -1250.0
13 15 -6551.67
13 16 -5630.0
13 17 -3740.0
13 18 -6273.33
13 19 -4730.0
13 20 -7211.67
13 21 -1950.0
13 22 -7835.0
13 23 -2688.33
13 24 -8088.33
13 25 -368.333
13 26 -4281.67
14 27 -4300.0
14 2 -6326.67
14 3 6358.33
14 4 -4586.67
14 5 13910.0
14 6 -6011.67
14 7 -2430.0
14 8 -1443.33
14 9 25.0
14 10 -3081.67
14 11 -5970.0
14 12 -1895.0
14 13 -1050.0
14 15 -5931.67
14 16 -6180.0
14 17 -3260.0
14 18 -5923.33
14 19 -3820.0
14 20 -6801.67
14 21 -560.0
14 22 -7065.0
14 23 -3038.33
14 24 -7188.33
14 25 -998.333
14 26 -3311.67
15 27 -2910.0
15 2 -4586.67
15 3 -591.667
15 4 -1676.67
15 5 20860.0
15 6 -1081.67
15 7 -6250.0
15 8 -4423.33
15 9 -6845.0
15 10 -1971.67
15 11 -4860.0
15 12 -925.0
15 13 -7230.0
15 14 -6810.0
15 16 -3960.0
15 17 -1380.0
15 18 186.667
15 19 -1600.0
15 20 -551.667
15 21 -4790.0
15 22 -475.0
15 23 -1928.33
15 24 -938.333
15 25 -5368.33
15 26 1338.33
16 27 -5620.0
16 2 -9516.67
16 3 -661.667
16 4 -5566.67
16 5 16690.0
16 6 -6571.67
16 7 -5210.0
16 8 -6853.33
16 9 -7055.0
16 10 3028.33
16 11 -9510.0
16 12 -5645.0
16 13 -6820.0
16 14 -7570.0
16 15 -4471.67
16 17 -3330.0
16 18 -2803.33
16 19 -5770.0
16 20 -4161.67
16 21 -6950.0
16 22 -5815.0
16 23 1061.67
16 24 -6428.33
16 25 -4748.33
16 26 -3871.67
17 27 -900.0
17 2 -5006.67
17 3 1978.33
17 4 -1116.67
17 5 18290.0
17 6 -2751.67
17 7 -3680.0
17 8 -2483.33
17 9 -4345.0
17 10 -651.667
17 11 -4860.0
17 12 -995.0
17 13 -4660.0
17 14 -4380.0
17 15 -1621.67
17 16 -3060.0
17 18 -1343.33
17 19 -1120.0
17 20 -2281.67
17 21 -2780.0
17 22 -2975.0
17 23 -398.333
17 24 -3298.33
17 25 -2728.33
17 26 158.333
18 27 -3470.0
18 2 -5976.67
18 3 -871.667
18 4 -2646.67
18 5 20790.0
18 6 -2401.67
18 7 -6250.0
18 8 -5253.33
18 9 -7195.0
18 10 -991.667
18 11 -6240.0
18 12 -2245.0
18 13 -7440.0
18 14 -7290.0
18 15 -301.667
18 16 -2780.0
18 17 -1590.0
18 19 -2710.0
18 20 8.33333
18 21 -5560.0
18 22 -1445.0
18 23 -1158.33
18 24 -2188.33
18 25 -5438.33
18 26 -51.6667
19 27 -1730.0
19 2 -2576.67
19 3 1358.33
19 4 -426.667
19 5 18360.0
19 6 -1011.67
19 7 -5280.0
19 8 -1923.33
19 9 -4905.0
19 10 -3011.67
19 11 -2560.0
19 12 1365.0
19 13 -5570.0
19 14 -4860.0
19 15 -1761.67
19 16 -5420.0
19 17 -1040.0
19 18 -2383.33
19 20 -3121.67
19 21 -2220.0
19 22 -2205.0
19 23 -2758.33
19 24 -2328.33
19 25 -4118.33
19 26 1618.33
20 27 -3190.0
20 2 -5626.67
20 3 -661.667
20 4 -2296.67
20 5 20720.0
20 6 -2121.67
20 7 -6110.0
20 8 -4843.33
20 9 -6985.0
20 10 -1131.67
20 11 -5830.0
20 12 -1895.0
20 13 -7230.0
20 14 -7020.0
20 15 108.333
20 16 -2990.0
20 17 -1380.0
20 18 1156.67
20 19 -2300.0
20 21 -5210.0
20 22 -1235.0
20 23 -1228.33
20 24 -1908.33
20 25 -5228.33
20 26 298.333
21 27 -3740.0
21 2 -4446.67
21 3 4478.33
21 4 -3616.67
21 5 14680.0
21 6 -4551.67
21 7 -3960.0
21 8 16.6667
21 9 -2055.0
21 10 -4051.67
21 11 -4090.0
21 12 185.0
21 13 -3070.0
21 14 -1880.0
21 15 -5231.67
21 16 -6880.0
21 17 -2980.0
21 18 -5513.33
21 19 -2500.0
21 20 -6311.67
21 22 -5955.0
21 23 -3868.33
21 24 -6078.33
21 25 -2588.33
21 26 -2061.67
22 27 -4580.0
22 2 -4246.67
22 3 -2251.67
22 4 -3066.67
22 5 21690.0
22 6 -111.667
22 7 -8130.0
22 8 -5673.33
22 9 -8445.0
22 10 -3911.67
22 11 -4990.0
22 12 -715.0
22 13 -8970.0
22 14 -8400.0
22 15 -931.667
22 16 -5760.0
22 17 -3190.0
22 18 -1413.33
22 19 -2500.0
22 20 -2351.67
22 21 -5970.0
22 23 -3938.33
22 24 -108.333
22 25 -7178.33
22 26 1058.33
23 27 -4160.0
23 2 -8266.67
23 3 1078.33
23 4 -4316.67
23 5 16760.0
23 6 -5731.67
23 7 -3470.0
23 8 -5123.33
23 9 -5255.0
23 10 2548.33
23 11 -8120.0
23 12 -4325.0
23 13 -5150.0
23 14 -5700.0
23 15 -3711.67
23 16 -210.0
23 17 -1940.0
23 18 -2453.33
23 19 -4380.0
23 20 -3671.67
23 21 -5210.0
23 22 -5265.0
23 24 -5798.33
23 25 -3008.33
23 26 -2831.67
24 27 -3880.0
24 2 -3686.67
24 3 -1491.67
24 4 -2366.67
24 5 21130.0
24 6 308.333
24 7 -7570.0
24 8 -4913.33
24 9 -7815.0
24 10 -3631.67
24 11 -4300.0
24 12 -155.0
24 13 -8340.0
24 14 -7640.0
24 15 -511.667
24 16 -5490.0
24 17 -2630.0
24 18 -1273.33
24 19 -1740.0
24 20 -2141.67
24 21 -5210.0
24 22 775.0
24 23 -3588.33
24 25 -6548.33
24 26 1758.33
25 27 -3880.0
25 2 -7226.67
25 3 5238.33
25 4 -4316.67
25 5 14540.0
25 6 -6151.67
25 7 -350.0
25 8 -2553.33
25 9 -1225.0
25 10 -1131.67
25 11 -6940.0
25 12 -2935.0
25 13 -1050.0
25 14 -1880.0
25 15 -5371.67
25 16 -4240.0
25 17 -2490.0
25 18 -4953.33
25 19 -3960.0
25 20 -5891.67
25 21 -2150.0
25 22 -6725.0
25 23 -1228.33
25 24 -6978.33
25 26 -3311.67
26 27 -2770.0
26 2 -2716.67
26 3 -171.667
26 4 -1186.67
26 5 19810.0
26 6 308.333
26 7 -6530.0
26 8 -3453.33
26 9 -6435.0
26 10 -3421.67
26 11 -3050.0
26 12 885.0
26 13 -7090.0
26 14 -6320.0
26 15 -791.667
26 16 -5490.0
26 17 -1730.0
26 18 -1693.33
26 19 -350.0
26 20 -2491.67
26 21 -3750.0
26 22 -615.0
26 23 -3178.33
26 24 -798.333
26 25 -5438.33
27 2 0
27 3 0
27 4 0
27 5 0
27 6 0
27 7 0
27 8 0
27 9 0
27 10 0
27 11 0
27 12 0
27 13 0
27 14 0
27 15 0
27 16 0
27 17 0
27 18 0
27 19 0
27 20 0
27 21 0
27 22 0
27 23 0
27 24 0
27 25 0
27 26 0
2 1 0
3 1 0
4 1 0
5 1 0
6 1 0
7 1 0
8 1 0
9 1 0
10 1 0
11 1 0
12 1 0
13 1 0
14 1 0
15 1 0
16 1 0
17 1 0
18 1 0
19 1 0
20 1 0
21 1 0
22 1 0
23 1 0
24 1 0
25 1 0
26 1 0
27 1 0
