52 2359
1
2
3
4
5
6
7
8
9
10
11
12
13
14
15
16
17
18
19
20
21
22
23
24
25
26
27
28
29
30
31
32
33
34
35
36
37
38
39
40
41
42
43
44
45
46
47
48
49
50
51
52
1 52 -0.0
1 2 -21474.2
1 3 -18551.8
1 4 -21927.9
1 5 -23690.0
1 6 -23130.0
1 7 -23820.0
1 8 -24240.0
1 9 -23503.2
1 10 -21250.0
1 11 -20592.2
1 12 -17562.5
1 13 -23410.0
1 14 -21808.4
1 15 -22114.0
1 16 -23340.0
1 17 -20110.3
1 18 -23766.5
1 19 -15641.6
1 20 -24930.0
1 21 -22031.6
1 22 -24240.0
1 23 -18984.8
1 24 -17131.4
1 25 -20796.3
1 26 -22779.0
1 27 -20244.8
1 28 -19589.9
1 29 -22756.4
1 30 -22705.5
1 31 -23049.1
1 32 -24310.0
1 33 -20832.4
1 34 -21188.0
1 37 -22610.3
1 38 -23610.0
1 39 -20427.6
1 40 -21530.4
1 41 -24730.0
1 42 -20510.1
1 43 -20226.5
1 44 -24660.0
1 45 -21943.1
1 46 -22370.0
1 47 -25630.0
1 48 -22656.2
1 49 -23210.0
1 50 -21754.4
2 51 -1730.0
3 52 10620.3
3 2 -5190390.0
3 4 -5189360.0
3 5 -5188060.0
3 6 -5188900.0
3 7 -1590.0
3 8 -5188750.0
3 9 -5192770.0
3 10 -5190290.0
3 11 -5187740.0
3 12 -5182960.0
3 13 -5186860.0
3 14 -5191000.0
3 15 -5185910.0
3 16 -5190580.0
3 17 -5189080.0
3 18 -5188640.0
3 19 -5182680.0
3 20 -5194140.0
3 21 -911.584
3 22 -1660.0
3 23 -5188440.0
3 24 -5186330.0
3 25 -5186500.0
3 26 -5189800.0
3 27 -5187740.0
3 28 -5185300.0
3 29 -5189580.0
3 30 -5188470.0
3 31 -5192260.0
3 32 -5193510.0
3 33 -5188820.0
3 34 -5189320.0
3 37 -5187120.0
3 38 -5186860.0
3 39 -5188980.0
3 40 -5186240.0
3 41 -5192250.0
3 42 -5188150.0
3 43 -5189690.0
3 44 -5194000.0
3 45 -5191270.0
3 46 -5188820.0
3 47 -410.0
3 48 -216.238
3 49 -5192400.0
3 50 -5191140.0
4 52 13950.3
4 2 -5187100.0
4 3 -5182650.0
4 5 -5189390.0
4 6 -5189180.0
4 7 -5187560.0
4 8 -5190080.0
4 9 -5188430.0
4 10 -5185740.0
4 11 -5185780.0
4 12 -5183030.0
4 13 -5186860.0
4 14 -5187290.0
4 15 -5185700.0
4 16 -5189460.0
4 17 -5184390.0
4 18 -5189760.0
4 19 -5177360.0
4 20 -5188960.0
4 21 -5187170.0
4 22 -5188330.0
4 23 -5185080.0
4 24 -5181010.0
4 25 -5182580.0
4 26 -478.96
4 27 245.198
4 28 -5185720.0
4 29 -5188950.0
4 30 -1445.54
4 31 -5187850.0
4 32 -5188330.0
4 33 -5187070.0
4 34 281.98
4 37 -5185160.0
4 38 -5186510.0
4 39 -5186740.0
4 40 -5187360.0
4 41 -5186720.0
4 42 -5185630.0
4 43 -5185560.0
4 44 -5189450.0
4 45 -5187140.0
4 46 -5188400.0
4 47 -5189590.0
4 48 -5185980.0
4 49 -5188690.0
4 50 -5186590.0
5 52 12500.3
5 2 -5187170.0
5 3 -5181040.0
5 4 -5189080.0
5 6 -970.0
5 7 -5187770.0
5 8 -760.0
5 9 -5190040.0
5 10 -5188820.0
5 11 -5186550.0
5 12 -5181280.0
5 13 -5188260.0
5 14 -5188060.0
5 15 -5187030.0
5 16 -5186590.0
5 17 -5187750.0
5 18 -5184720.0
5 19 -5182820.0
5 20 -5191970.0
5 21 338.416
5 22 -5187700.0
5 23 -5186480.0
5 24 -5184300.0
5 25 -5187270.0
5 26 -5189800.0
5 27 -5187180.0
5 28 -5181310.0
5 29 -5185590.0
5 30 -5188890.0
5 31 -5189390.0
5 32 -5191480.0
5 33 -5186160.0
5 34 -5188620.0
5 37 -5188310.0
5 38 -5188680.0
5 39 -5186390.0
5 40 1329.55
5 41 -5192110.0
5 42 -5186960.0
5 43 -5187450.0
5 44 -5191270.0
5 45 -5188750.0
5 46 -1590.0
5 47 -5188330.0
5 48 -5186820.0
5 49 -5189460.0
5 50 -5189040.0
6 52 12640.3
6 2 -5186050.0
6 3 -5182300.0
6 4 -5189290.0
6 5 -1390.0
6 7 -5188820.0
6 8 -1180.0
6 9 -5189060.0
6 10 -5188610.0
6 11 -5186830.0
6 12 -5181910.0
6 13 -5189100.0
6 14 -5187080.0
6 15 -5187800.0
6 16 -5185260.0
6 17 -5187540.0
6 18 -5184160.0
6 19 -5182890.0
6 20 -5191200.0
6 21 -5184930.0
6 22 -5188820.0
6 23 -5186270.0
6 24 -5183670.0
6 25 -5187690.0
6 26 -5190010.0
6 27 -5187390.0
6 28 -5180260.0
6 29 -316.386
6 30 -5189380.0
6 31 -5188340.0
6 32 -5190850.0
6 33 -5185810.0
6 34 -5188620.0
6 37 -5188940.0
6 38 -5189520.0
6 39 -5186040.0
6 40 289.554
6 41 -5192040.0
6 42 -5187170.0
6 43 -5186820.0
6 44 -5190290.0
6 45 -5188050.0
6 46 -1450.0
6 47 -5189590.0
6 48 -5187800.0
6 49 -5188480.0
6 50 -5188410.0
7 52 12010.3
7 2 -5189410.0
7 3 -5178870.0
7 4 -5187610.0
7 5 -5188130.0
7 6 -5188760.0
7 8 -5188960.0
7 9 -5191510.0
7 10 -5188750.0
7 11 -5186410.0
7 12 -5182260.0
7 13 -970.0
7 14 -5189810.0
7 15 -154.01
7 16 -5190160.0
7 17 -5187470.0
7 18 -5188920.0
7 19 -5180790.0
7 20 -5192600.0
7 21 -5185000.0
7 22 -760.0
7 23 -5187110.0
7 24 -5184720.0
7 25 -5184540.0
7 26 -5187910.0
7 27 -5186060.0
7 28 -5185440.0
7 29 -5189300.0
7 30 -5186580.0
7 31 -5191000.0
7 32 -5191970.0
7 33 -5187910.0
7 34 -5187570.0
7 37 -5185230.0
7 38 -1030.0
7 39 -5187930.0
7 40 -5186170.0
7 41 -5190360.0
7 42 -5186750.0
7 43 -5188360.0
7 44 -5192600.0
7 45 -5189940.0
7 46 -5188260.0
7 47 -5185740.0
7 48 1383.76
7 49 -5191210.0
7 50 -5189740.0
8 52 12080.3
8 2 -5187100.0
8 3 -5181600.0
8 4 -5189640.0
8 5 -630.0
8 6 -630.0
8 7 -5188470.0
8 9 -5190040.0
8 10 -5189240.0
8 11 -5187110.0
8 12 -5181910.0
8 13 -5188960.0
8 14 -5188130.0
8 15 -5187730.0
8 16 -5186240.0
8 17 -5188170.0
8 18 -146.535
8 19 -5183380.0
8 20 -5192110.0
8 21 -5184300.0
8 22 -5188400.0
8 23 -5186900.0
8 24 -5184580.0
8 25 -5187900.0
8 26 -5190360.0
8 27 -5187740.0
8 28 -5180610.0
8 29 -5185240.0
8 30 -5189590.0
8 31 -5189390.0
8 32 -5191760.0
8 33 -5186510.0
8 34 -5189110.0
8 37 -5189010.0
8 38 -5189380.0
8 39 -5186740.0
8 40 699.554
8 41 -5192600.0
8 42 -5187520.0
8 43 -5187660.0
8 44 -5191340.0
8 45 -5188960.0
8 46 -1940.0
8 47 -5188890.0
8 48 -5187450.0
8 49 -5189460.0
8 50 -5189250.0
9 52 11800.3
9 2 -5183390.0
9 3 -5186640.0
9 4 -5189010.0
9 5 -5190930.0
9 6 -5189530.0
9 7 -5192040.0
9 8 -5191060.0
9 10 -5187980.0
9 11 -5188930.0
9 12 -5185690.0
9 13 -5191550.0
9 14 -198.416
9 15 -5190320.0
9 16 -5187850.0
9 17 -5187050.0
9 18 -5189620.0
9 19 -5180650.0
9 20 -5185810.0
9 21 -5189830.0
9 22 -5192460.0
9 23 -5186760.0
9 24 -5178700.0
9 25 -5187900.0
9 26 -5189660.0
9 27 -5188020.0
9 28 -5184530.0
9 29 -5187970.0
9 30 -5190500.0
9 31 1470.89
9 32 -5186020.0
9 33 -5188260.0
9 34 -5187570.0
9 37 -5190340.0
9 38 -5191550.0
9 39 -5187790.0
9 40 -5188970.0
9 41 -5189800.0
9 42 -5188780.0
9 43 -5185210.0
9 44 -410.0
9 45 -5185390.0
9 46 -5189660.0
9 47 -5193720.0
9 48 -5190740.0
9 49 -1530.0
9 50 -5185890.0
10 52 15070.3
10 2 -5185420.0
10 3 -5183140.0
10 4 -5185300.0
10 5 -5188690.0
10 6 -5188060.0
10 7 -5188260.0
10 8 -5189240.0
10 9 -5186960.0
10 11 -5185430.0
10 12 -5182610.0
10 13 -5187700.0
10 14 -5185680.0
10 15 -5186470.0
10 16 -5187990.0
10 17 869.653
10 18 -5188640.0
10 19 -5178410.0
10 20 -5187910.0
10 21 -5186960.0
10 22 -5188820.0
10 23 245.198
10 24 -5180100.0
10 25 -5184190.0
10 26 -5186090.0
10 27 -164.802
10 28 -5184390.0
10 29 -5187550.0
10 30 -5186580.0
10 31 -5186450.0
10 32 -5187350.0
10 33 -5185950.0
10 34 -268.02
10 37 -5186490.0
10 38 -5187630.0
10 39 -5185480.0
10 40 -5186590.0
10 41 -5187560.0
10 42 -5185210.0
10 43 -6.53465
10 44 -5188050.0
10 45 -5185530.0
10 46 -5187490.0
10 47 -5190150.0
10 48 -5186890.0
10 49 -5187080.0
10 50 -5185120.0
11 52 15070.3
11 2 -5186400.0
11 3 -5181250.0
11 4 -5186000.0
11 5 -5187080.0
11 6 -5186940.0
11 7 -5186580.0
11 8 -5187770.0
11 9 -5188570.0
11 10 -5186090.0
11 12 3217.52
11 13 -5186300.0
11 14 -5186870.0
11 15 -5185000.0
11 16 -5187710.0
11 17 -5184880.0
11 18 -5187450.0
11 19 -5179740.0
11 20 -5189870.0
11 21 -5185000.0
11 22 -5187000.0
11 23 -234.802
11 24 -5182060.0
11 25 -5184330.0
11 26 -5186720.0
11 27 -164.802
11 28 -5183620.0
11 29 -5186990.0
11 30 -5186090.0
11 31 -5187990.0
11 32 -5189240.0
11 33 -5185180.0
11 34 -5185610.0
11 37 -5185720.0
11 38 -5186510.0
11 39 -5185060.0
11 40 -5184980.0
11 41 -5189030.0
11 42 49.901
11 43 -5185420.0
11 44 -5189660.0
11 45 -5187000.0
11 46 -5186160.0
11 47 -5188260.0
11 48 -5185420.0
11 49 -5188270.0
11 50 -5186870.0
12 52 14090.3
12 2 -5186820.0
12 3 -5180480.0
12 4 -5187260.0
12 5 -5185820.0
12 6 -5186030.0
12 7 -5186440.0
12 8 -5186580.0
12 9 -5189340.0
12 10 -5187280.0
12 11 -792.228
12 13 -5186580.0
12 14 -5187430.0
12 15 -5185350.0
12 16 -5187290.0
12 17 -5186140.0
12 18 -5186470.0
12 19 -5181000.0
12 20 -5190850.0
12 21 198.416
12 22 -5186580.0
12 23 -5185150.0
12 24 -5183110.0
12 25 -5185380.0
12 26 -5187910.0
12 27 -5185360.0
12 28 -5182780.0
12 29 -5186500.0
12 30 -5187070.0
12 31 -5188760.0
12 32 -5190360.0
12 34 -5186940.0
12 37 -5186490.0
12 38 -5187000.0
12 39 -5185410.0
12 40 149.554
12 41 -5190290.0
12 42 -1270.1
12 43 -5186330.0
12 44 -5190500.0
12 45 -5187840.0
12 46 -1520.0
12 47 -5187630.0
12 48 -5185420.0
12 49 -5188830.0
12 50 -5187850.0
13 52 12770.3
13 2 -5188710.0
13 3 -5179850.0
13 4 -5186560.0
13 5 -5188270.0
13 6 -5188690.0
13 7 -620.0
13 8 -5189100.0
13 9 -5190670.0
13 10 -5187840.0
13 11 -5185780.0
13 12 -5182050.0
13 14 -5189110.0
13 15 815.99
13 16 -5189880.0
13 17 -5186560.0
13 18 -5189060.0
13 19 -5179810.0
13 20 -5191620.0
13 21 -5185350.0
13 22 -5185530.0
13 23 -5186340.0
13 24 -5183740.0
13 25 -5183560.0
13 26 -5186860.0
13 27 -5185150.0
13 28 -5185440.0
13 29 -5189090.0
13 30 -5185530.0
13 31 -5190160.0
13 32 -5190990.0
13 33 -5187420.0
13 34 -5186520.0
13 37 -310.347
13 38 -340.0
13 39 -5187370.0
13 40 -5186240.0
13 41 -5189310.0
13 42 -5186050.0
13 43 -5187520.0
13 44 -5191760.0
13 45 -5189170.0
13 46 -5188050.0
13 47 -5186790.0
13 48 763.762
13 49 -5190510.0
13 50 -5188830.0
14 52 13050.3
14 2 1515.79
14 3 -5185310.0
14 4 -5188310.0
14 5 -5189390.0
14 6 -5187990.0
14 7 -5190780.0
14 8 -5189590.0
14 9 -643.218
14 10 -5187140.0
14 11 -5187670.0
14 12 -5184220.0
14 13 -5190430.0
14 15 -5189130.0
14 16 -5186520.0
14 17 -5186140.0
14 18 -5188150.0
14 19 -5180650.0
14 20 -5186930.0
14 21 -5188360.0
14 22 -5191200.0
14 23 -5185570.0
14 24 -5179540.0
14 25 -5187200.0
14 26 -5189030.0
14 27 -5187040.0
14 28 -5183200.0
14 29 -5186500.0
14 30 -5189590.0
14 31 -5184000.0
14 32 -5186790.0
14 33 -5186790.0
14 34 -5187010.0
14 37 -5189430.0
14 38 -5190500.0
14 39 -5186390.0
14 40 -5187430.0
14 41 -5189800.0
14 42 -5187590.0
14 43 -5184230.0
14 44 -5185880.0
14 45 -483.069
14 46 -5188120.0
14 47 -5192390.0
14 48 -5189620.0
14 49 -70.0
14 50 -5185260.0
15 52 13050.3
15 2 -5188500.0
15 3 -5179920.0
15 4 -5186420.0
15 5 -5188060.0
15 6 -5188410.0
15 7 -820.0
15 8 -5188890.0
15 9 -5190460.0
15 10 -5187630.0
15 11 -5185500.0
15 12 -5181840.0
15 13 -200.0
15 14 -5188830.0
15 16 -5189600.0
15 17 -5186350.0
15 18 -5188780.0
15 19 -5179810.0
15 20 -5191480.0
15 21 -5185210.0
15 22 -5185530.0
15 23 -5186130.0
15 24 -5183600.0
15 25 -5183630.0
15 26 -5186790.0
15 27 -5184940.0
15 28 -5185160.0
15 29 -5188810.0
15 30 -5185460.0
15 31 -5189950.0
15 32 -5190850.0
15 33 -5187140.0
15 34 -5186450.0
15 37 -450.347
15 38 -620.0
15 39 -5187090.0
15 40 -5186030.0
15 41 -5189310.0
15 42 -5185770.0
15 43 -5187310.0
15 44 -5191550.0
15 45 -5188890.0
15 46 -5187840.0
15 47 -5186860.0
15 48 -5183390.0
15 49 -5190300.0
15 50 -5188620.0
16 52 12010.3
16 2 -5184580.0
16 3 -5184400.0
16 4 -5189990.0
16 5 -5187430.0
16 6 -1740.0
16 7 -5190640.0
16 8 -5187210.0
16 9 -5187800.0
16 10 -5188960.0
16 11 -5188020.0
16 12 -5183590.0
16 13 -5190710.0
16 14 -5186030.0
16 15 -5189410.0
16 17 -5187960.0
16 18 -1116.53
16 19 -5183240.0
16 20 -5190290.0
16 21 -5186960.0
16 22 -5190710.0
16 23 -5186760.0
16 24 -5182970.0
16 25 -5188740.0
16 26 -5190780.0
16 27 -5188300.0
16 28 4100.15
16 29 583.614
16 30 -5190570.0
16 31 -5186870.0
16 32 -5190150.0
16 33 -5186650.0
16 34 -5189110.0
16 37 -5190340.0
16 38 -5191060.0
16 39 -5186600.0
16 40 -5185750.0
16 41 -5192390.0
16 42 -5188220.0
16 43 -5186610.0
16 44 -5189100.0
16 45 -5187420.0
16 46 -3050.0
16 47 -5191620.0
16 48 -5189620.0
16 49 -5187360.0
16 50 -5188060.0
17 52 15070.3
17 2 -5185630.0
17 3 -5183070.0
17 4 -5185090.0
17 5 -5188760.0
17 6 -5188130.0
17 7 -5188120.0
17 8 -5189310.0
17 9 -5187170.0
17 10 -270.0
17 11 -5185360.0
17 12 -5182610.0
17 13 -5187560.0
17 14 -5185820.0
17 15 -5186330.0
17 16 -5188130.0
17 18 -5188710.0
17 19 -5178340.0
17 20 -5188050.0
17 21 -5186890.0
17 22 -5188750.0
17 23 175.198
17 24 -5180170.0
17 25 -5183980.0
17 26 -5185880.0
17 27 -24.802
17 28 -5184530.0
17 29 -5187690.0
17 30 -5186440.0
17 31 -5186590.0
17 32 -5187420.0
17 33 -5186020.0
17 34 -128.02
17 37 -5186280.0
17 38 -5187490.0
17 39 -5185550.0
17 40 -5186660.0
17 41 -5187490.0
17 42 -5185140.0
17 43 -5184160.0
17 44 -5188190.0
17 45 -5185740.0
17 46 -5187560.0
17 47 -5190080.0
17 48 -5186750.0
17 49 -5187290.0
17 50 -5185330.0
18 52 10900.3
18 2 -5187100.0
18 3 -5183140.0
18 4 -5190970.0
18 5 -2300.0
18 6 -1320.0
18 7 -5190080.0
18 8 -1800.0
18 9 -5190250.0
18 10 -5190290.0
18 11 -5188440.0
18 12 -5183450.0
18 13 -5190570.0
18 14 -5188340.0
18 15 -5189270.0
18 16 -5185680.0
18 17 -5189220.0
18 19 -5184570.0
18 20 -5192600.0
18 21 -5185840.0
18 22 -5190010.0
18 23 -5187950.0
18 24 -5185140.0
18 25 -5189300.0
18 26 -5191690.0
18 27 -5189070.0
18 28 4800.15
18 29 -876.386
18 30 -5190990.0
18 31 -5189460.0
18 32 -5192320.0
18 33 -5187490.0
18 34 -5190300.0
18 37 -5190550.0
18 38 -5190920.0
18 39 -5187650.0
18 40 -5184910.0
18 41 -5193790.0
18 42 -5188850.0
18 43 -5188430.0
18 44 -5191550.0
18 45 -5189450.0
18 46 -5187070.0
18 47 -5190500.0
18 48 -5189060.0
18 49 -5189670.0
18 50 -5189950.0
19 35 -3050.0
20 52 11390.3
20 2 -5185000.0
20 3 -5186990.0
20 4 -5188520.0
20 5 -5191840.0
20 6 -5190650.0
20 7 -5192110.0
20 8 -5192110.0
20 9 -853.218
20 10 -5187910.0
20 11 -5189210.0
20 12 -5186180.0
20 13 -5191480.0
20 14 -5185470.0
20 15 -5190320.0
20 16 -5189320.0
20 17 -5186910.0
20 18 -5190950.0
20 19 -5179320.0
20 21 -5190460.0
20 22 -5192670.0
20 23 -5187110.0
20 24 6838.61
20 25 -5187270.0
20 26 -5189100.0
20 27 -5187880.0
20 28 -5186070.0
20 29 -5189300.0
20 30 -5190220.0
20 31 -5183650.0
20 32 -760.0
20 33 -5188960.0
20 34 -5187010.0
20 37 -5189990.0
20 38 -5191340.0
20 39 -5188490.0
20 40 -5189810.0
20 41 -5188540.0
20 42 -5188990.0
20 43 -5185630.0
20 44 -1660.0
20 45 -5186020.0
20 46 -5190500.0
20 47 -5194000.0
20 48 -5190740.0
20 49 -5186800.0
20 50 -5186030.0
21 52 12360.3
21 2 -5188080.0
21 3 -5179570.0
21 4 -5188660.0
21 5 -1460.0
21 6 -5186310.0
21 7 -5186440.0
21 8 -2290.0
21 9 -5190740.0
21 10 -5188890.0
21 11 -5186270.0
21 13 -5187140.0
21 14 -5188830.0
21 15 -5185980.0
21 16 -5187920.0
21 17 -5187680.0
21 18 -5186120.0
21 19 -5182400.0
21 20 -5192390.0
21 22 -2430.0
21 23 -5186690.0
21 24 -5184720.0
21 25 -5186500.0
21 26 -5189310.0
21 27 -5186760.0
21 28 -5182710.0
21 29 -5186990.0
21 30 -5188190.0
21 31 -5190160.0
21 32 -5191900.0
21 33 -5186650.0
21 34 -5188410.0
21 37 -5187400.0
21 38 -5187560.0
21 39 -5186880.0
21 40 289.554
21 41 -5191760.0
21 42 -5186750.0
21 43 -5187870.0
21 44 -5191970.0
21 45 -5189310.0
21 46 -2430.0
21 47 -5186860.0
21 48 -5185490.0
21 49 -5190230.0
21 50 -5189390.0
22 52 12080.3
22 2 -5189200.0
22 3 -5178450.0
22 4 -5187890.0
22 5 -5187570.0
22 6 -5188270.0
22 7 -270.0
22 8 -5188400.0
22 9 -5191440.0
22 10 -5188820.0
22 11 -5186340.0
22 12 -5181910.0
22 13 -1450.0
22 14 -5189740.0
22 15 -434.01
22 16 -5189740.0
22 17 -5187610.0
22 18 -5188360.0
22 19 -5181280.0
22 20 -5192670.0
22 21 -5184440.0
22 23 -5187040.0
22 24 -5184790.0
22 25 -5185030.0
22 26 -5188260.0
22 27 -5186270.0
22 28 -5184880.0
22 29 -5188880.0
22 30 -5186930.0
22 31 -5190930.0
22 32 -5192040.0
22 33 -5187700.0
22 34 -5187780.0
22 37 -5185720.0
22 38 -5185600.0
22 39 -5187720.0
22 40 -5185680.0
22 41 -5190780.0
22 42 -5186750.0
22 43 -5188290.0
22 44 -5192600.0
22 45 -5189870.0
22 46 -5187910.0
22 47 -1520.0
22 48 693.762
22 49 -5191140.0
22 50 -5189740.0
23 52 16040.3
23 2 -5185140.0
23 3 -5182650.0
23 4 -5186000.0
23 5 -5187710.0
23 6 -5187080.0
23 7 -5187980.0
23 8 -5188260.0
23 9 -5187100.0
23 10 -1110.0
23 11 -5184870.0
23 12 -5181840.0
23 13 -5187560.0
23 14 -5185470.0
23 15 -5186330.0
23 16 -5187150.0
23 17 -40.3465
23 18 -5187660.0
23 19 -5179390.0
23 20 -5188470.0
23 21 -5186120.0
23 22 -5188400.0
23 24 -5180730.0
23 25 -5184750.0
23 26 -5186790.0
23 27 -5184380.0
23 28 -5183410.0
23 29 -5186640.0
23 30 -5186860.0
23 31 -5186590.0
23 32 -5187980.0
23 33 -5184900.0
23 34 -5185190.0
23 37 -5186700.0
23 38 -5187700.0
23 39 -497.574
23 40 -5185680.0
23 41 -5188610.0
23 42 -780.099
23 43 -5184020.0
23 44 -5188260.0
23 45 -5185600.0
23 46 -5186440.0
23 47 -5189730.0
23 48 -5186750.0
23 49 -5186870.0
23 50 -5185470.0
24 52 11730.3
24 2 -5185210.0
24 3 -5186640.0
24 4 -5188030.0
24 5 -5191630.0
24 6 -5190580.0
24 7 -5191690.0
24 8 -5192040.0
24 9 -1203.22
24 10 -5187560.0
24 11 -5188860.0
24 12 -5185900.0
24 13 -5191060.0
24 14 -5185540.0
24 15 -5189900.0
24 16 -5189460.0
24 17 -5186490.0
24 18 -5190950.0
24 19 -5178830.0
24 20 -620.0
24 21 -5190250.0
24 22 -5192250.0
24 23 -5186830.0
24 25 -5186710.0
24 26 -5188610.0
24 27 -5187460.0
24 28 -5186140.0
24 29 -5189370.0
24 30 -5189730.0
24 31 -5184140.0
24 32 -340.0
24 33 -5188750.0
24 34 -5186520.0
24 37 -5189570.0
24 38 -5190850.0
24 39 -5188280.0
24 40 -5189600.0
24 41 -5188050.0
24 42 -5188640.0
24 43 -5185420.0
24 44 -2010.0
24 45 -5185950.0
24 46 -5190290.0
24 47 -5193650.0
24 48 -5190250.0
24 49 -5186940.0
24 50 -5185750.0
25 36 -1800.0
26 52 13400.3
26 2 -5187520.0
26 3 -5182790.0
26 4 -177.871
26 5 -5189810.0
26 6 -5189600.0
26 7 -5187560.0
26 8 -5190500.0
26 9 -5188780.0
26 10 -5186230.0
26 11 -5186200.0
26 12 -5183380.0
26 13 -5186860.0
26 14 -5187710.0
26 15 -5185770.0
26 16 -5189950.0
26 17 -5184880.0
26 18 -5190180.0
26 19 -5177080.0
26 20 -5189240.0
26 21 -5187520.0
26 22 -5188400.0
26 23 -5185570.0
26 24 -5181290.0
26 25 1783.71
26 27 -5184170.0
26 28 -5186210.0
26 29 -5189440.0
26 30 -1445.54
26 31 -5188200.0
26 32 -5188610.0
26 33 -5187560.0
26 34 1.9802
26 37 -5185020.0
26 38 -5186370.0
26 39 -5187230.0
26 40 -5187710.0
26 41 -5186440.0
26 42 -5186050.0
26 43 -5186050.0
26 44 -5189800.0
26 45 -5187560.0
26 46 -5188890.0
26 47 -5189660.0
26 48 -5185980.0
26 49 -5189180.0
26 50 -5187010.0
27 52 14720.3
27 2 -5186680.0
27 3 -5181950.0
27 4 -667.871
27 5 -5188410.0
27 6 -5188200.0
27 7 -5186930.0
27 8 -5189100.0
27 9 -5188360.0
27 10 -1520.0
27 11 -862.228
27 12 -5182050.0
27 13 -5186370.0
27 14 -5186940.0
27 15 -5185140.0
27 16 -5188690.0
27 17 -240.347
27 18 -5188780.0
27 19 -5178410.0
27 20 -5189240.0
27 21 -5186190.0
27 22 -5187630.0
27 23 -5184380.0
27 24 -5181360.0
27 25 -5183140.0
27 26 -5185390.0
27 28 -5184810.0
27 29 -5188110.0
27 30 -1305.54
27 31 -5187850.0
27 32 -5188610.0
27 33 -5186160.0
27 34 -5184350.0
27 37 -5185090.0
27 38 -5186300.0
27 39 -5185900.0
27 40 -5186310.0
27 41 -5187700.0
27 42 -580.099
27 43 -5185280.0
27 44 -5189450.0
27 45 -5186930.0
27 46 -5187420.0
27 47 -5188960.0
27 48 -5185560.0
27 49 -5188410.0
27 50 -5186520.0
28 52 10270.3
28 2 -5186750.0
28 3 -5184610.0
28 4 -5191740.0
28 5 -5187640.0
28 6 -2290.0
28 7 -5191410.0
28 8 -3190.0
28 9 -5189970.0
28 10 -5190850.0
28 11 -5189420.0
28 12 -5184570.0
28 13 -5191760.0
28 14 -5188200.0
28 15 -5190460.0
28 16 -1390.0
28 17 -5189850.0
28 18 -6.53465
28 19 -5185200.0
28 20 -5192530.0
28 21 -5187240.0
28 22 -5191340.0
28 23 -5188510.0
28 24 -5185140.0
28 25 -5190280.0
28 26 -5192530.0
28 27 -5189910.0
28 29 -806.386
28 30 -5192040.0
28 31 -5188970.0
28 32 -5192320.0
28 33 -5188190.0
28 34 -5190930.0
28 37 -5191600.0
28 38 -5192110.0
28 39 -5188280.0
28 40 -5186170.0
28 41 -5194350.0
28 42 -5189690.0
28 43 -5188640.0
28 44 -5191270.0
28 45 -5189590.0
28 46 -5187980.0
28 47 -5191900.0
28 48 -5190390.0
28 49 -5189530.0
28 50 -5190160.0
29 52 12220.3
29 2 -5185070.0
29 3 -5183770.0
29 4 -5189850.0
29 5 -5186800.0
29 6 -1110.0
29 7 -5190150.0
29 8 -5186580.0
29 9 -5188290.0
29 10 -5188890.0
29 11 -5187670.0
29 12 -5183170.0
29 13 -5190290.0
29 14 -5186380.0
29 15 -5188990.0
29 16 210.0
29 17 -5187890.0
29 18 -566.535
29 19 -5183240.0
29 20 -5190640.0
29 21 -5186400.0
29 22 -5190220.0
29 23 -5186620.0
29 24 -5183250.0
29 25 -5188460.0
29 26 -5190640.0
29 27 -5188090.0
29 28 4310.15
29 30 -5190290.0
29 31 -5187430.0
29 32 -5190430.0
29 33 -5186370.0
29 34 -5189040.0
29 37 -5189990.0
29 38 -5190640.0
29 39 -5186460.0
29 40 -5185190.0
29 41 -5192390.0
29 42 -5187940.0
29 43 -5186680.0
29 44 -5189590.0
29 45 -5187630.0
29 46 -2560.0
29 47 -5191060.0
29 48 -5189130.0
29 49 -5187710.0
29 50 -5188200.0
30 52 13540.3
30 2 -5187870.0
30 3 -5181390.0
30 4 -1077.87
30 5 -5188830.0
30 6 -5188900.0
30 7 -5186160.0
30 8 -5189660.0
30 9 -5189550.0
30 10 -5186650.0
30 11 -5185500.0
30 12 -5182470.0
30 13 -5185460.0
30 14 -5188200.0
30 15 -5184370.0
30 16 -5189670.0
30 17 -5185370.0
30 18 -5189410.0
30 19 -5178340.0
30 20 -5190290.0
30 21 -5186330.0
30 22 -5187000.0
30 23 -5185570.0
30 24 -5182340.0
30 25 1573.71
30 26 -1378.96
30 27 -24.802
30 28 -5185650.0
30 29 -5189020.0
30 31 -5188970.0
30 32 -5189660.0
30 33 -5187140.0
30 34 -5185050.0
30 37 99.6535
30 38 -5185110.0
30 39 -5186950.0
30 40 -5186800.0
30 41 -5187840.0
30 42 -5185490.0
30 43 -5186470.0
30 44 -5190640.0
30 45 -5188120.0
30 46 -5188190.0
30 47 -5188260.0
30 48 -5184580.0
30 49 -5189600.0
30 50 -5187710.0
31 52 10690.3
31 2 -144.208
31 3 -5187690.0
31 4 -5189990.0
31 5 -5191840.0
31 6 -5190370.0
31 7 -5193090.0
31 8 -5191970.0
31 9 -93.2178
31 10 -5189030.0
31 11 -5189910.0
31 12 -5186670.0
31 13 -5192600.0
31 14 -5185120.0
31 15 -5191370.0
31 16 -5188480.0
31 17 -5188030.0
31 18 -5190390.0
31 19 -5181350.0
31 21 -5190810.0
31 22 -5193510.0
31 23 -5187810.0
31 24 -5179260.0
31 25 -5188810.0
31 26 -5190640.0
31 27 -5189070.0
31 28 -5185090.0
31 29 -5188670.0
31 30 -5191480.0
31 32 -5186650.0
31 33 -5189240.0
31 34 -5188550.0
31 37 -5191390.0
31 38 -5192600.0
31 39 -5188770.0
31 40 -5189880.0
31 41 -5190570.0
31 42 -5189830.0
31 43 -5186260.0
31 44 -1110.0
31 45 -5186440.0
31 46 -5190570.0
31 47 -5194770.0
31 48 -5191790.0
31 49 -2500.0
31 50 -5186870.0
32 52 12010.3
32 2 -5185000.0
32 3 -5186360.0
32 4 -5187890.0
32 5 -5191350.0
32 6 -5190300.0
32 7 -5191480.0
32 8 -5191760.0
32 9 -1063.22
32 10 -5187350.0
32 11 -5188580.0
32 12 -5185690.0
32 13 -5190850.0
32 14 -5185330.0
32 15 -5189690.0
32 16 -5189180.0
32 17 -5186280.0
32 18 -5190670.0
32 19 -5178830.0
32 20 -760.0
32 21 -5189970.0
32 22 -5192040.0
32 23 -5186620.0
32 24 7118.61
32 25 -5186570.0
32 26 -5188470.0
32 27 -5187250.0
32 28 -5185860.0
32 29 -5189090.0
32 30 -5189590.0
32 31 -5184070.0
32 33 -5188470.0
32 34 -5186380.0
32 37 -5189360.0
32 38 -5190710.0
32 39 -5188000.0
32 40 -5189390.0
32 41 -5187980.0
32 42 -5188430.0
32 43 -5185140.0
32 44 -1940.0
32 45 -5185670.0
32 46 -5190010.0
32 47 -5193370.0
32 48 -5190040.0
32 49 -5186730.0
32 50 -1534.41
33 52 15000.3
33 2 -5185140.0
33 3 -5182160.0
33 4 -5187120.0
33 5 -5186520.0
33 6 -5185750.0
33 7 -5187910.0
33 8 -5187000.0
33 9 -5187730.0
33 10 -5186440.0
33 11 -1072.23
33 12 -5181070.0
33 13 -5187770.0
33 14 -5185820.0
33 15 -5186470.0
33 16 -5186170.0
33 17 -5185370.0
33 18 -5186330.0
33 19 -5180720.0
33 20 -5189450.0
33 21 -5185210.0
33 22 -5188190.0
33 23 -94.802
33 24 -5181780.0
33 25 -5185730.0
33 26 -5187910.0
33 27 -5185290.0
33 28 -5182220.0
33 29 -5185520.0
33 30 -5187560.0
33 31 -5187150.0
33 32 -5188960.0
33 34 -5186450.0
33 37 -5187260.0
33 38 -5188050.0
33 39 132.426
33 40 -5184490.0
33 41 -5189870.0
33 42 -5185210.0
33 43 -5184860.0
33 44 -5188890.0
33 45 -5186300.0
33 46 -1180.0
33 47 -5189310.0
33 48 -5186820.0
33 49 -5187220.0
33 50 -5186450.0
34 52 13950.3
34 2 -5186540.0
34 3 -5183350.0
34 4 -457.871
34 5 -5189670.0
34 6 -5189250.0
34 7 -5188260.0
34 8 -5190290.0
34 9 -5187730.0
34 10 -1450.0
34 11 -5186130.0
34 12 -5183450.0
34 13 -5187560.0
34 14 -5186730.0
34 15 -5186470.0
34 16 -5189320.0
34 17 -170.347
34 18 -5189830.0
34 19 -5177150.0
34 20 -5188190.0
34 21 -5187660.0
34 22 -5188960.0
34 23 -5185010.0
34 24 -5180240.0
34 25 -5183210.0
34 26 -1038.96
34 27 -5184170.0
34 28 -5185650.0
34 29 -5188880.0
34 30 -5186160.0
34 31 -5187150.0
34 32 -5187560.0
34 33 -5187140.0
34 37 -5185930.0
34 38 -5187280.0
34 39 -5186740.0
34 40 -5187640.0
34 41 -5186370.0
34 42 -5185910.0
34 43 -5185070.0
34 44 -5188750.0
34 45 -5186580.0
34 46 -5188610.0
34 47 -5190290.0
34 48 -5186750.0
34 49 -5188200.0
34 50 -5186030.0
35 52 13820.3
35 2 -5186540.0
35 3 -5183420.0
35 4 -457.871
35 5 -5189810.0
35 6 -5189320.0
35 7 -5188330.0
35 8 -5190430.0
35 9 -5187730.0
35 10 -1520.0
35 11 -5186200.0
35 12 -5183520.0
35 13 -5187630.0
35 14 -5186730.0
35 15 -5186540.0
35 16 -5189390.0
35 17 -240.347
35 18 -5189900.0
35 19 -5177080.0
35 20 -5188190.0
35 21 -5187730.0
35 22 -5189100.0
35 23 -5185080.0
35 24 -5180170.0
35 25 -5183210.0
35 26 -1038.96
35 27 -5184310.0
35 28 -5185720.0
35 29 -5188950.0
35 30 -5186230.0
35 31 -5187150.0
35 32 -5187490.0
35 33 -5187210.0
35 34 981.98
35 37 -5186000.0
35 38 -5187350.0
35 39 -5186810.0
35 40 -5187710.0
35 41 -5186300.0
35 42 -5185980.0
35 43 -5185140.0
35 44 -5188750.0
35 45 -5186580.0
35 46 -5188680.0
35 47 -5190430.0
35 48 -5186820.0
35 49 -5188200.0
35 50 -5186030.0
36 52 13330.3
36 2 -5188150.0
36 3 -5180900.0
36 4 -5185510.0
36 5 -5188690.0
36 6 -5188830.0
36 7 -5185670.0
36 8 -5189450.0
36 9 -5189900.0
36 10 -5187000.0
36 11 -5185500.0
36 12 -5182260.0
36 13 -970.0
36 14 -5188480.0
36 15 45.9901
36 16 -5189740.0
36 17 -5185720.0
36 18 -5189340.0
36 19 -5178830.0
36 20 -5190710.0
36 21 -5185980.0
36 22 -5186580.0
36 23 -5185780.0
36 24 -5182830.0
36 25 -5182650.0
36 26 -5185810.0
36 27 -5184310.0
36 28 -5185580.0
36 29 -5189090.0
36 30 -545.545
36 31 -5189390.0
36 32 -5190080.0
36 33 -5187210.0
36 34 -5185540.0
36 37 309.653
36 38 -750.0
36 39 -5187020.0
36 40 -5186590.0
36 41 -5188330.0
36 42 -5185560.0
36 43 -5186820.0
36 44 -5190990.0
36 45 -5188470.0
36 46 -5188120.0
36 47 -5187840.0
36 48 -5184160.0
36 49 -5189880.0
36 50 -5188060.0
37 52 12640.3
37 2 -5188710.0
37 3 -5181040.0
37 4 -5185790.0
37 5 -5189250.0
37 6 -5189460.0
37 7 -5185810.0
37 8 -5190080.0
37 9 -5190390.0
37 10 -5187560.0
37 11 -5186130.0
37 12 -5182890.0
37 13 -1240.0
37 14 -5189040.0
37 15 -364.01
37 16 -5190440.0
37 17 -5186210.0
37 18 -5189970.0
37 19 -5178620.0
37 20 -5191060.0
37 21 -5186540.0
37 22 -5186790.0
37 23 -5186410.0
37 24 -5183180.0
37 25 1573.71
37 26 -5185950.0
37 27 -5184800.0
37 28 -5186210.0
37 29 -5189720.0
37 30 -895.545
37 31 -5189880.0
37 32 -5190430.0
37 33 -5187840.0
37 34 -5185820.0
37 38 -410.0
37 39 -5187720.0
37 40 -5187220.0
37 41 -5188190.0
37 42 -5186190.0
37 43 -5187380.0
37 44 -5191480.0
37 45 -5188960.0
37 46 -5188750.0
37 47 -5187910.0
37 48 -5184020.0
37 49 -5190440.0
37 50 -5188550.0
38 52 12150.3
38 2 -5189270.0
38 3 -5180270.0
38 4 -5186630.0
38 5 -5189110.0
38 6 -5189530.0
38 7 -5185040.0
38 8 -5189940.0
38 9 -5191090.0
38 10 -5188190.0
38 11 -5186410.0
38 12 -5182890.0
38 13 -760.0
38 14 -5189600.0
38 15 -24.0099
38 16 -5190650.0
38 17 -5186910.0
38 18 -5189830.0
38 19 -5179460.0
38 20 -5191900.0
38 21 -5186190.0
38 22 -5186160.0
38 23 -5186900.0
38 24 -5183950.0
38 25 -5183210.0
38 26 -5186790.0
38 27 -5185500.0
38 28 -5186210.0
38 29 -5189860.0
38 30 -5185600.0
38 31 -5190580.0
38 32 -5191270.0
38 33 -5188120.0
38 34 -5186660.0
38 37 99.6535
38 39 -5188070.0
38 40 -5187080.0
38 41 -5189100.0
38 42 -5186610.0
38 43 -5188010.0
38 44 -5192180.0
38 45 -5189590.0
38 46 -5188890.0
38 47 -5187140.0
38 48 763.762
38 49 -5191070.0
38 50 -5189250.0
39 52 15340.3
39 2 -5184930.0
39 3 -5182440.0
39 4 -5186910.0
39 5 -5186870.0
39 6 -5186100.0
39 7 -5188050.0
39 8 -5187350.0
39 9 -5187380.0
39 10 -5186090.0
39 11 -1072.23
39 12 -5181350.0
39 13 -5187840.0
39 14 -5185540.0
39 15 -5186540.0
39 16 -5186240.0
39 17 -5185020.0
39 18 -5186610.0
39 19 -5180370.0
39 20 -5189100.0
39 21 -5185560.0
39 22 -5188330.0
39 23 245.198
39 24 -5181430.0
39 25 -5185590.0
39 26 -5187700.0
39 27 -5185150.0
39 28 -5182430.0
39 29 -5185730.0
39 30 -5187490.0
39 31 -5186800.0
39 32 -5188610.0
39 33 7.57426
39 34 -5186170.0
39 37 -5187260.0
39 38 -5188120.0
39 40 -5184840.0
39 41 -5189590.0
39 42 -1200.1
39 43 -5184510.0
39 44 -5188610.0
39 45 -5185950.0
39 46 -1590.0
39 47 -5189520.0
39 48 -5186960.0
39 49 -5186940.0
39 50 -5186100.0
40 52 12980.3
40 2 -5186960.0
40 3 -5180900.0
40 4 -5188730.0
40 5 -350.0
40 6 -970.0
40 7 -5187490.0
40 8 -1110.0
40 9 -5189760.0
40 10 -5188400.0
40 11 -5186130.0
40 12 -5180930.0
40 13 -5187910.0
40 14 -5187780.0
40 15 -5186680.0
40 16 -5186590.0
40 17 -5187330.0
40 18 -5185070.0
40 19 -5182400.0
40 20 -5191620.0
40 21 408.416
40 22 -5187490.0
40 23 -5186130.0
40 24 -5183950.0
40 25 -5186850.0
40 26 -5189380.0
40 27 -5186760.0
40 28 -5181520.0
40 29 -5185660.0
40 30 -5188540.0
40 31 -5189110.0
40 32 -5191200.0
40 33 -5185810.0
40 34 -5188270.0
40 37 -5187960.0
40 38 -5188330.0
40 39 -5186040.0
40 41 -5191690.0
40 42 -5186610.0
40 43 -5187100.0
40 44 -5190990.0
40 45 -5188470.0
40 46 -1310.0
40 47 -5188190.0
40 48 -5186540.0
40 49 -5189180.0
40 50 -5188690.0
41 52 11590.3
41 2 -5188150.0
41 3 -5185100.0
41 4 -2397.87
41 5 -5191980.0
41 6 -5191490.0
41 7 -5189870.0
41 8 -5192600.0
41 9 -5188780.0
41 10 -5187560.0
41 11 -5188370.0
41 12 -5185620.0
41 13 -5189170.0
41 14 -5188340.0
41 15 -5188150.0
41 16 -5191420.0
41 17 -5186350.0
41 18 -5192140.0
41 19 9018.42
41 20 -5188540.0
41 21 -5189830.0
41 22 -5190780.0
41 23 -5187250.0
41 24 -5180590.0
41 25 -5183840.0
41 26 -2418.96
41 27 -5186340.0
41 28 -5187890.0
41 29 -5191050.0
41 30 -5187770.0
41 31 -5187990.0
41 32 -5187980.0
41 33 -5189380.0
41 34 -1248.02
41 37 -5187120.0
41 38 -5188540.0
41 39 -5188980.0
41 40 -5189880.0
41 42 -5188150.0
41 43 -5186960.0
41 44 -5189660.0
41 45 -5188190.0
41 46 -5190850.0
41 47 -5191970.0
41 48 -5188150.0
41 49 -5189740.0
41 50 -5187570.0
42 52 15340.3
42 2 -5186260.0
42 3 -5181530.0
42 4 -5185720.0
42 5 -5187360.0
42 6 -5187150.0
42 7 -5186790.0
42 8 -5188050.0
42 9 -5188290.0
42 10 -5185740.0
42 11 177.772
42 12 -5181070.0
42 13 -5186440.0
42 14 -5186660.0
42 15 -5185140.0
42 16 -5187780.0
42 17 -590.347
42 18 -5187730.0
42 19 -5179390.0
42 20 -5189520.0
42 21 -5185350.0
42 22 -5187280.0
42 23 45.198
42 24 -5181710.0
42 25 -5184120.0
42 26 -5186440.0
42 27 245.198
42 28 -5183760.0
42 29 -5187130.0
42 30 -5185950.0
42 31 -5187780.0
42 32 -5188960.0
42 33 -5185250.0
42 34 -5185260.0
42 37 -5185650.0
42 38 -5186580.0
42 39 -1117.57
42 40 -5185330.0
42 41 -5188680.0
42 43 -5185140.0
42 44 -5189450.0
42 45 -5186790.0
42 46 -5186440.0
42 47 -5188540.0
42 48 -5185560.0
42 49 -5188060.0
42 50 -5186590.0
43 52 14580.3
43 2 -5184090.0
43 3 -5184050.0
43 4 -5186630.0
43 5 -5188830.0
43 6 -5187780.0
43 7 -5189380.0
43 8 -5189170.0
43 9 -5185700.0
43 10 -1520.0
43 11 -5186270.0
43 12 -5183170.0
43 13 -5188890.0
43 14 -5184280.0
43 15 -5187660.0
43 16 -5187150.0
43 17 -590.347
43 18 -5188290.0
43 19 -5179320.0
43 20 -5187140.0
43 21 -5187450.0
43 22 -5189800.0
43 23 -234.802
43 24 -5179470.0
43 25 -5185590.0
43 26 -5187420.0
43 27 -5185430.0
43 28 -5183690.0
43 29 -5186850.0
43 30 -5187910.0
43 31 -5185190.0
43 32 -5186650.0
43 33 -5185880.0
43 34 -5185400.0
43 37 -5187820.0
43 38 -5188960.0
43 39 -5185410.0
43 40 -5186800.0
43 41 -5188470.0
43 42 -5186120.0
43 44 -5186860.0
43 45 -203.069
43 46 -5187490.0
43 47 -5191130.0
43 48 -5188080.0
43 49 -5185680.0
43 50 -214.406
44 52 11660.3
44 2 -5183670.0
44 3 -5186850.0
44 4 -5189010.0
44 5 -5191140.0
44 6 -5189740.0
44 7 -5192110.0
44 8 -5191340.0
44 9 606.782
44 10 -5188050.0
44 11 -5189000.0
44 12 -5185830.0
44 13 -5191620.0
44 14 -478.416
44 15 -5190390.0
44 16 -5188130.0
44 17 -5187050.0
44 18 -5189900.0
44 19 -5180510.0
44 20 -1660.0
44 21 -5190040.0
44 22 -5192600.0
44 23 -5186900.0
44 24 -5178490.0
44 25 -5187830.0
44 26 -5189660.0
44 27 -5188090.0
44 28 -5184810.0
44 29 -5188250.0
44 30 -5190570.0
44 31 1470.89
44 32 -1940.0
44 33 -5188400.0
44 34 -5187570.0
44 37 -5190410.0
44 38 -5191620.0
44 39 -5188000.0
44 40 -5189180.0
44 41 -5189660.0
44 42 -5188920.0
44 43 -5185350.0
44 45 -5185530.0
44 46 -5189870.0
44 47 -5193860.0
44 48 -5190880.0
44 49 -1810.0
44 50 -5185890.0
45 52 13750.3
45 2 -5183460.0
45 3 -5184750.0
45 4 -5187330.0
45 5 -5189250.0
45 6 -5188130.0
45 7 -5190080.0
45 8 -5189590.0
45 9 -5185000.0
45 10 -5186160.0
45 11 -5186970.0
45 12 -5183800.0
45 13 -5189660.0
45 14 351.584
45 15 -5188360.0
45 16 -5187080.0
45 17 -5185230.0
45 18 -5188430.0
45 19 -5179670.0
45 20 -5186650.0
45 21 -5188010.0
45 22 -5190500.0
45 23 -5184870.0
45 24 -5179120.0
45 25 -5186220.0
45 26 -5188050.0
45 27 -5186200.0
45 28 -5183760.0
45 29 -5186920.0
45 30 -5188680.0
45 31 -5184490.0
45 32 -5186300.0
45 33 -5186440.0
45 34 -5186030.0
45 37 -5188520.0
45 38 -5189660.0
45 39 -5185970.0
45 40 -5187290.0
45 41 -5188820.0
45 42 -5186890.0
45 43 683.465
45 44 -5186160.0
45 46 -5187910.0
45 47 -5191830.0
45 48 -5188850.0
45 49 -1050.0
45 50 -214.406
46 52 13950.3
46 2 -5185840.0
46 3 -5181670.0
46 4 -5187960.0
46 5 -1460.0
46 6 -900.0
46 7 -5187770.0
46 8 -5185880.0
46 9 -5188640.0
46 10 -5187490.0
46 11 -5185500.0
46 13 -5187910.0
46 14 -5186660.0
46 15 -5186680.0
46 16 -5185960.0
46 17 -5186420.0
46 18 -5185420.0
46 19 -5181630.0
46 20 -5190500.0
46 21 -5184440.0
46 22 -5187910.0
46 23 -5185080.0
46 24 -5182830.0
46 25 -5186360.0
46 26 -5188750.0
46 27 -5186060.0
46 28 -5181520.0
46 29 -5185100.0
46 30 -5188120.0
46 31 -5187990.0
46 32 -5190010.0
46 33 -692.426
46 34 -5187430.0
46 37 -5187680.0
46 38 -5188330.0
46 39 -977.574
46 40 499.554
46 41 -5190850.0
46 42 -5185910.0
46 43 -5185980.0
46 44 -5189870.0
46 45 -5187280.0
46 47 -5188890.0
46 48 -5186750.0
46 49 -5188060.0
46 50 -5187570.0
47 52 10690.3
47 2 -5190390.0
47 3 6738.17
47 4 -5189150.0
47 5 -5188200.0
47 6 -5189040.0
47 7 -1310.0
47 8 -5188890.0
47 9 -5192700.0
47 10 -5190150.0
47 11 -5187600.0
47 12 -5182960.0
47 13 -2770.0
47 14 -5190930.0
47 15 -5185700.0
47 16 -5190650.0
47 17 -5188940.0
47 18 -5188850.0
47 19 -5182470.0
47 20 -5194000.0
47 21 -5184930.0
47 22 -1520.0
47 23 -5188370.0
47 24 -5186190.0
47 25 -5186220.0
47 26 -5189520.0
47 27 -5187600.0
47 28 -5185440.0
47 29 -5189720.0
47 30 -5188190.0
47 31 -5192190.0
47 32 -5193370.0
47 33 -5188820.0
47 34 -5189110.0
47 37 -5186840.0
47 38 -5186580.0
47 39 -5188910.0
47 40 -5186380.0
47 41 -5191970.0
47 42 -5188010.0
47 43 -5189620.0
47 44 -5193860.0
47 45 -5191200.0
47 46 -5188890.0
47 48 133.762
47 49 -5192330.0
47 50 -5191070.0
48 52 11520.3
48 2 -5189900.0
48 3 -5179150.0
48 4 -5187680.0
48 5 -5188830.0
48 6 -5189390.0
48 7 -270.0
48 8 -5189590.0
48 9 -5191860.0
48 10 -5189030.0
48 11 -5186900.0
48 12 -5182890.0
48 13 -1240.0
48 14 -5190300.0
48 15 -434.01
48 16 -5190790.0
48 17 -5187750.0
48 18 -5189550.0
48 19 -5180650.0
48 20 -5192880.0
48 21 -5185700.0
48 22 -1450.0
48 23 -5187530.0
48 24 -5184930.0
48 25 -5184400.0
48 26 -5187980.0
48 27 -5186340.0
48 28 -5186070.0
48 29 -5189930.0
48 30 -5186650.0
48 31 -5191350.0
48 32 -5192180.0
48 33 -5188470.0
48 34 -5187710.0
48 37 -5185090.0
48 38 -820.0
48 39 -5188490.0
48 40 -5186870.0
48 41 -5190290.0
48 42 -5187170.0
48 43 -5188710.0
48 44 -5193020.0
48 45 -5190360.0
48 46 -5188890.0
48 47 -5185950.0
48 49 -5191700.0
48 50 -5190090.0
49 52 12980.3
49 2 1585.79
49 3 -5185380.0
49 4 -5188380.0
49 5 -5189460.0
49 6 -5188060.0
49 7 -5190850.0
49 8 -5189590.0
49 9 -643.218
49 10 -5187210.0
49 11 -5187740.0
49 12 -5184290.0
49 13 -5190500.0
49 14 1261.58
49 15 -5189270.0
49 16 -5186520.0
49 17 -5186280.0
49 18 -5188150.0
49 19 -5180790.0
49 20 -5186930.0
49 21 -5188430.0
49 22 -5191270.0
49 23 -5185640.0
49 24 -5179610.0
49 25 -5187270.0
49 26 -5189170.0
49 27 -5187180.0
49 28 -5183200.0
49 29 -5186500.0
49 30 -5189660.0
49 31 -5183930.0
49 32 -5186860.0
49 33 -5186860.0
49 34 -5187150.0
49 37 -5189500.0
49 38 -5190640.0
49 39 -5186460.0
49 40 -5187500.0
49 41 -5189870.0
49 42 -5187660.0
49 43 -5184300.0
49 44 -5185880.0
49 45 -553.069
49 46 -5188190.0
49 47 -5192460.0
49 48 -5189690.0
49 50 -5185330.0
50 52 14020.3
50 2 -5184160.0
50 3 -5184540.0
50 4 -5186700.0
50 5 -5189460.0
50 6 -5188410.0
50 7 -5189800.0
50 8 -5189800.0
50 9 -5185420.0
50 10 -1730.0
50 11 -5186760.0
50 12 -5183730.0
50 13 -5189240.0
50 14 -408.416
50 15 -5188010.0
50 16 -5187640.0
50 18 -5188850.0
50 19 -5179040.0
50 20 -5186580.0
50 21 -5188010.0
50 22 -5190290.0
50 23 -5184660.0
50 24 -5178840.0
50 25 -5185590.0
50 26 -5187420.0
50 27 -5185710.0
50 28 -5184250.0
50 29 -5187410.0
50 30 -5188190.0
50 31 -5184840.0
50 32 -5186020.0
50 33 -5186510.0
50 34 -5185400.0
50 37 -5188030.0
50 38 -5189240.0
50 39 -5186040.0
50 40 -5187430.0
50 41 -5188120.0
50 42 -5186610.0
50 43 753.465
50 44 -5186440.0
50 45 -133.069
50 46 -5188120.0
50 47 -5191620.0
50 48 -5188500.0
50 49 -1810.0
51 52 12080.3
51 2 -5183180.0
51 3 -5186360.0
51 4 -5188730.0
51 5 -5190580.0
51 6 -5189250.0
51 7 -5191690.0
51 8 -5190780.0
51 9 606.782
51 10 -5187700.0
51 11 -5188580.0
51 12 -5185340.0
51 13 -5191270.0
51 14 81.5842
51 15 -5189970.0
51 16 -5187640.0
51 17 -5186770.0
51 18 -5189340.0
51 19 -5180510.0
51 20 -5185950.0
51 21 -5189550.0
51 22 -5192110.0
51 23 -5186480.0
51 24 -5178770.0
51 25 -5187620.0
51 26 -5189450.0
51 27 -5187740.0
51 28 -5184320.0
51 29 -5187690.0
51 30 -5190220.0
51 31 1060.89
51 32 -5186020.0
51 33 -5187910.0
51 34 -5187360.0
51 37 -5190060.0
51 38 -5191270.0
51 39 -5187440.0
51 40 -5188620.0
51 41 -5189660.0
51 42 -5188500.0
51 43 -5184930.0
51 44 -620.0
51 45 -5185110.0
51 46 -5189310.0
51 47 -5193440.0
51 48 -5190460.0
51 49 -1250.0
51 50 -5185610.0
52 2 0
52 3 0
52 4 0
52 5 0
52 6 0
52 7 0
52 8 0
52 9 0
52 10 0
52 11 0
52 12 0
52 13 0
52 14 0
52 15 0
52 16 0
52 17 0
52 18 0
52 19 0
52 20 0
52 21 0
52 22 0
52 23 0
52 24 0
52 25 0
52 26 0
52 27 0
52 28 0
52 29 0
52 30 0
52 31 0
52 32 0
52 33 0
52 34 0
52 35 0
52 36 0
52 37 0
52 38 0
52 39 0
52 40 0
52 41 0
52 42 0
52 43 0
52 44 0
52 45 0
52 46 0
52 47 0
52 48 0
52 49 0
52 50 0
52 51 0
2 1 0
3 1 0
4 1 0
5 1 0
6 1 0
7 1 0
8 1 0
9 1 0
10 1 0
11 1 0
12 1 0
13 1 0
14 1 0
15 1 0
16 1 0
17 1 0
18 1 0
19 1 0
20 1 0
21 1 0
22 1 0
23 1 0
24 1 0
25 1 0
26 1 0
27 1 0
28 1 0
29 1 0
30 1 0
31 1 0
32 1 0
33 1 0
34 1 0
35 1 0
36 1 0
37 1 0
38 1 0
39 1 0
40 1 0
41 1 0
42 1 0
43 1 0
44 1 0
45 1 0
46 1 0
47 1 0
48 1 0
49 1 0
50 1 0
51 1 0
52 1 0
