52 2406
1
2
3
4
5
6
7
8
9
10
11
12
13
14
15
16
17
18
19
20
21
22
23
24
25
26
27
28
29
30
31
32
33
34
35
36
37
38
39
40
41
42
43
44
45
46
47
48
49
50
51
52
1 52 -0.0
1 2 -22430.0
1 3 -23480.0
1 4 -22670.0
1 5 -20560.0
1 7 -21330.0
1 8 -23980.0
1 9 -12720.0
1 10 -24930.0
1 12 -23340.0
1 13 -23790.0
1 14 -22230.0
1 15 -24670.0
1 16 -21400.0
1 17 -23930.0
1 18 -19970.0
1 19 -21740.0
1 20 -22560.0
1 21 -21740.0
1 22 -22060.0
1 23 -20070.0
1 24 -20290.0
1 25 -20760.0
1 26 -24240.0
1 27 -22090.0
1 28 -20070.0
1 29 -24520.0
1 30 -23140.0
1 31 -19010.0
1 32 -23770.0
1 33 -21700.0
1 34 -25980.0
1 35 -18960.0
1 36 -23620.0
1 37 -6190.0
1 38 -22780.0
1 39 -22520.0
1 40 -22720.0
1 41 -19440.0
1 43 -23760.0
1 44 -25020.0
1 45 -22620.0
1 46 -24070.0
1 47 -22630.0
1 48 -23330.0
1 49 -23360.0
1 50 -20650.0
1 51 -22650.0
2 52 -4440.0
2 3 560.0
2 4 -5189490.0
2 5 -5188480.0
2 7 -5185610.0
2 8 -5191780.0
2 9 -5177380.0
2 10 -1110.0
2 11 -5191620.0
2 12 -5190850.0
2 13 -5188240.0
2 14 -5188690.0
2 15 -5190940.0
2 16 -420.0
2 17 -5189140.0
2 18 -5185050.0
2 19 -5187780.0
2 20 -880.0
2 21 -5189240.0
2 22 -5185930.0
2 23 -5188060.0
2 24 -5188280.0
2 25 -5188120.0
2 26 -5188480.0
2 27 -5186720.0
2 28 -5188200.0
2 29 -5191000.0
2 30 -5187300.0
2 31 -5185250.0
2 32 -5191660.0
2 33 -5188850.0
2 34 -5191620.0
2 35 -5185130.0
2 36 -5189880.0
2 38 -5187910.0
2 39 -5184860.0
2 40 -5186390.0
2 41 -5187570.0
2 43 -5188480.0
2 44 -5191010.0
2 45 -5190490.0
2 46 -5189280.0
2 47 -5190640.0
2 48 -5191210.0
2 49 680.0
2 50 -5184450.0
2 51 -5189190.0
3 52 -4440.0
3 2 1610.0
3 4 -5189630.0
3 5 -5188480.0
3 7 -5185680.0
3 8 -5191780.0
3 9 -5177660.0
3 10 -830.0
3 11 -5191550.0
3 12 -5190920.0
3 13 -5188450.0
3 14 -5188620.0
3 15 -5191150.0
3 16 -420.0
3 17 -5189350.0
3 18 -5184840.0
3 19 -5187640.0
3 20 -1090.0
3 21 -5189380.0
3 22 -5185720.0
3 23 -5188060.0
3 24 -5188280.0
3 25 -5188190.0
3 26 -5188690.0
3 27 -5186650.0
3 28 -5188270.0
3 29 -5191210.0
3 30 -5187160.0
3 31 -5185180.0
3 32 -5191660.0
3 33 -5188780.0
3 34 -5191830.0
3 35 -5185270.0
3 36 -5189740.0
3 38 -5187770.0
3 39 -5184650.0
3 40 -5186180.0
3 41 -5187570.0
3 43 -5188690.0
3 44 -5190870.0
3 45 -5190420.0
3 46 -5189140.0
3 47 -5190640.0
3 48 -5191210.0
3 49 470.0
3 50 -5184590.0
3 51 -5189330.0
4 52 -4230.0
4 2 -5189040.0
4 3 -5190230.0
4 5 -5187710.0
4 7 -5188480.0
4 8 -5189400.0
4 9 -5174510.0
4 10 -5191830.0
4 11 -5190360.0
4 12 -1310.0
4 13 -5186210.0
4 14 -5189810.0
4 15 -700.0
4 16 -5188420.0
4 17 -5185990.0
4 18 -5187500.0
4 19 -5189460.0
4 20 -5189020.0
4 21 -5186440.0
4 22 -5189920.0
4 23 -5187780.0
4 24 -5186670.0
4 25 -5187560.0
4 26 -5186730.0
4 27 -5189870.0
4 28 -5187360.0
4 29 -350.0
4 30 -5190940.0
4 31 -5186860.0
4 32 -5187530.0
4 33 -5189340.0
4 34 -5186440.0
4 35 -5184010.0
4 36 -5190930.0
4 38 -5190640.0
4 39 -5190110.0
4 40 -5190520.0
4 41 -5185960.0
4 43 -5186310.0
4 44 -5192270.0
4 45 -5187690.0
4 46 -5191800.0
4 47 -5187210.0
4 48 -5187640.0
4 49 -5189760.0
4 50 -5186480.0
4 51 410.0
5 52 -1310.0
5 2 -5187220.0
5 3 -5188270.0
5 4 -5186900.0
5 7 -5186310.0
5 8 -5186810.0
5 9 -5177380.0
5 10 -5189590.0
5 11 -5186930.0
5 12 -5187420.0
5 13 -5188520.0
5 14 -5185540.0
5 15 -5188910.0
5 16 -5186320.0
5 17 -5188650.0
5 18 -5183230.0
5 19 -5185260.0
5 20 -5187550.0
5 21 -5186160.0
5 22 -5186350.0
5 23 -280.0
5 24 760.0
5 25 -5185810.0
5 26 -5189040.0
5 27 -5186720.0
5 28 -420.0
5 29 -5188620.0
5 30 -5187090.0
5 31 -5183710.0
5 32 -5186550.0
5 33 -1140.0
5 34 -5190430.0
5 35 -5183940.0
5 36 -5186730.0
5 38 -5186580.0
5 39 -5186890.0
5 40 -5186670.0
5 41 700.0
5 43 -5188550.0
5 44 -5188070.0
5 45 -5185380.0
5 46 -5187530.0
5 47 -5185600.0
5 48 -5186100.0
5 49 -5188220.0
5 50 -5185710.0
5 51 -5187020.0
6 52 -4720.0
6 2 -5189040.0
6 3 -5189950.0
6 4 -5190330.0
6 5 -5186940.0
6 7 -5188760.0
6 8 -5187160.0
6 9 -5180950.0
6 10 -5190920.0
6 11 -5186300.0
6 12 -5190710.0
6 13 -5192020.0
6 14 -1180.0
6 15 -5192340.0
6 16 -5188560.0
6 17 -5192150.0
6 18 3720.0
6 19 -900.0
6 20 -5190000.0
6 21 -5189730.0
6 22 -5186770.0
6 23 -5187640.0
6 24 -5185900.0
6 25 -5189170.0
6 26 -5192470.0
6 27 -5188470.0
6 28 -5187920.0
6 29 -5192050.0
6 30 -5186740.0
6 31 -5186160.0
6 32 -5187180.0
6 33 -5186820.0
6 34 -5194000.0
6 35 -5187370.0
6 36 560.0
6 38 -5186230.0
6 39 -5187310.0
6 40 -5186040.0
6 41 -5186870.0
6 43 -5192050.0
6 44 -570.0
6 45 -5185870.0
6 46 -1490.0
6 47 -5187140.0
6 48 -5186800.0
6 49 -5190180.0
6 50 -5188650.0
6 51 -5190590.0
7 52 -2080.0
7 2 -5184350.0
7 3 -5185470.0
7 4 -5187670.0
7 5 -5186310.0
7 8 -5189680.0
7 9 -5176540.0
7 10 -5186930.0
7 11 -5189660.0
7 12 -5188820.0
7 13 -5187400.0
7 14 -5187010.0
7 15 -5189400.0
7 16 550.0
7 17 -5187950.0
7 18 -5184140.0
7 19 -5186240.0
7 20 -740.0
7 21 -5187210.0
7 22 -5185230.0
7 23 -5185890.0
7 24 -5186110.0
7 25 -5185950.0
7 26 -5187780.0
7 27 -1310.0
7 28 -5186030.0
7 29 -5189320.0
7 30 -5186600.0
7 31 790.0
7 32 -5189420.0
7 33 -5186890.0
7 34 -5190360.0
7 35 -5183310.0
7 36 -5188410.0
7 38 -5186720.0
7 39 -5185140.0
7 40 -5185970.0
7 41 -5185330.0
7 43 -5187570.0
7 44 -5189680.0
7 45 -5188320.0
7 46 -5188230.0
7 47 -5188400.0
7 48 -5189040.0
7 49 -5185280.0
7 50 540.0
7 51 -5187440.0
8 52 -4370.0
8 2 -5190160.0
8 3 -5191210.0
8 4 -5188230.0
8 5 -5186450.0
8 7 -5189320.0
8 9 -5179620.0
8 10 -5192460.0
8 11 -1380.0
8 12 -5188540.0
8 13 -5190970.0
8 14 -5186870.0
8 15 -5190240.0
8 16 -5189330.0
8 17 -5190820.0
8 18 -5183580.0
8 19 -5186870.0
8 20 -5190560.0
8 21 -5188400.0
8 22 -5188730.0
8 23 -5187290.0
8 24 -770.0
8 25 -5188680.0
8 26 -5191490.0
8 27 -5189590.0
8 28 -5187360.0
8 29 -5189810.0
8 30 -5189050.0
8 31 -5186650.0
8 32 -5183890.0
8 33 -5187380.0
8 34 -5192040.0
8 35 -5186670.0
8 36 -5186730.0
8 38 -5188470.0
8 39 -5189340.0
8 40 -5188630.0
8 41 -5185890.0
8 43 -5191000.0
8 44 -5187860.0
8 45 1490.0
8 46 -5188510.0
8 47 -120.0
8 48 500.0
8 49 -5191230.0
8 50 -5188720.0
8 51 -5188770.0
9 52 -5480.0
9 2 -5188130.0
9 3 -5189460.0
9 4 -5185710.0
9 5 -5189390.0
9 7 -5188550.0
9 8 -5191990.0
9 10 -5191060.0
9 11 -5192670.0
9 12 -5188120.0
9 13 310.0
9 14 -5191350.0
9 15 -5186040.0
9 16 -5188140.0
9 17 -660.0
9 18 -5188830.0
9 19 -5190790.0
9 20 -5188250.0
9 21 -5188120.0
9 22 -5190340.0
9 23 -5189180.0
9 24 -5188770.0
9 25 -5188540.0
9 26 3.63798e-12
9 27 -5190290.0
9 28 -5188830.0
9 29 -5186310.0
9 30 -5191640.0
9 31 -5187630.0
9 32 -5190540.0
9 33 -5190810.0
9 34 -2010.0
9 35 -5184360.0
9 36 -5192610.0
9 38 -5191620.0
9 39 -5190180.0
9 40 -5191080.0
9 41 -5187710.0
9 43 -210.0
9 44 -5193950.0
9 45 -5190420.0
9 46 -5192990.0
9 47 -5189940.0
9 48 -5190580.0
9 49 -5188640.0
9 50 -5185780.0
9 51 -5185340.0
10 42 2950.0
11 6 21070.0
12 52 -3400.0
12 2 -5188900.0
12 3 -5190020.0
12 4 190.0
12 5 -5186730.0
12 7 -5188130.0
12 8 -5188210.0
12 9 -5175420.0
12 10 -5191620.0
12 11 -5189170.0
12 13 -5186980.0
12 14 -5188830.0
12 15 -5185830.0
12 16 -5188140.0
12 17 -5186760.0
12 18 -5186450.0
12 19 -5188550.0
12 20 -5188880.0
12 21 -1800.0
12 22 -5189220.0
12 23 -5186940.0
12 24 -5185620.0
12 25 -5187000.0
12 26 -5187570.0
12 27 -5189310.0
12 28 -5186520.0
12 29 -1530.0
12 30 -5190170.0
12 31 -5186230.0
12 32 -5186480.0
12 33 -5188430.0
12 34 -5187630.0
12 35 -5183870.0
12 36 -5189810.0
12 38 -5189800.0
12 39 -5189550.0
12 40 -5189750.0
12 41 -5185050.0
12 43 -5187080.0
12 44 -5191150.0
12 45 -5186570.0
12 46 -5190820.0
12 47 -5186020.0
12 48 -5186520.0
12 49 -5189690.0
12 50 -5186410.0
12 51 -490.0
13 52 -4990.0
13 2 -5187430.0
13 3 -5188690.0
13 4 -5185850.0
13 5 -5188970.0
13 7 -5187850.0
13 8 -5191780.0
13 9 11870.0
13 10 -5190360.0
13 11 -5192390.0
13 12 -5188120.0
13 14 -5190790.0
13 15 -5186460.0
13 16 -5187440.0
13 17 -590.0
13 18 -5188270.0
13 19 -5190230.0
13 20 -5187550.0
13 21 -5187840.0
13 22 -5189710.0
13 23 -5188690.0
13 24 -5188420.0
13 25 -5188050.0
13 26 490.0
13 27 -5189660.0
13 28 -5188410.0
13 29 -5186730.0
13 30 -5191010.0
13 31 -5187000.0
13 32 -5190540.0
13 33 -5190320.0
13 34 -2700.0
13 35 -5183870.0
13 36 -5192190.0
13 38 -5190990.0
13 39 -5189410.0
13 40 -5190380.0
13 41 -5187360.0
13 43 280.0
13 44 -5193530.0
13 45 -5190210.0
13 46 -5192430.0
13 47 -5189800.0
13 48 -5190440.0
13 49 -5187940.0
13 50 -5185010.0
13 51 -5185480.0
14 52 -2980.0
14 2 -5187430.0
14 3 -5188410.0
14 4 -5189000.0
14 5 -5185540.0
14 7 -5187010.0
14 8 -5187230.0
14 9 -5179340.0
14 10 -5189450.0
14 11 -5186650.0
14 12 -5189520.0
14 13 -5190340.0
14 15 -5191010.0
14 16 -5186810.0
14 17 -5190540.0
14 18 -5181060.0
14 19 630.0
14 20 -5188320.0
14 21 -5188260.0
14 22 -5185370.0
14 23 -5186030.0
14 24 -5184850.0
14 25 -5187560.0
14 26 -5190790.0
14 27 -5186790.0
14 28 -5186380.0
14 29 -5190790.0
14 30 -5185620.0
14 31 -5184410.0
14 32 -5187390.0
14 33 -1270.0
14 34 -5192530.0
14 35 -5185760.0
14 36 -830.0
14 38 -1030.0
14 39 -5186050.0
14 40 -5185130.0
14 41 -5185470.0
14 43 -5190440.0
14 44 -5186110.0
14 45 -5185940.0
14 46 -5185430.0
14 47 -5186790.0
14 48 -5186940.0
14 49 -5188570.0
14 50 -5186900.0
14 51 -5189190.0
15 52 -5410.0
15 2 -5189670.0
15 3 -5190930.0
15 4 120.0
15 5 -5188900.0
15 7 -5189390.0
15 8 -5190590.0
15 9 -5174020.0
15 10 -5192530.0
15 11 -5191620.0
15 12 -5186510.0
15 13 -5186000.0
15 14 -5191000.0
15 16 -5189190.0
15 17 -5185920.0
15 18 -5188690.0
15 19 -5190650.0
15 20 -5189650.0
15 21 -5187560.0
15 22 -5190970.0
15 23 -5188900.0
15 24 -5187930.0
15 25 -5188610.0
15 26 -5186520.0
15 27 -5190850.0
15 28 -5188480.0
15 29 350.0
15 30 -5192060.0
15 31 -5187910.0
15 32 -5188510.0
15 33 -5190530.0
15 34 -1450.0
15 35 -5184850.0
15 36 -5192120.0
15 38 -5191760.0
15 39 -5191020.0
15 40 -5191570.0
15 41 -5187150.0
15 43 -5186240.0
15 44 -5193460.0
15 45 -5188880.0
15 46 -5192920.0
15 47 -5188330.0
15 48 -5188760.0
15 49 -5190320.0
15 50 -5187040.0
15 51 -280.0
16 52 -2770.0
16 2 220.0
16 3 -830.0
16 4 -5188230.0
16 5 -5186940.0
16 7 -70.0
16 8 -5190310.0
16 9 -5176750.0
16 10 -5186300.0
16 11 -5190220.0
16 12 -5189450.0
16 13 -5187610.0
16 14 -5187430.0
16 15 -5189820.0
16 17 -5188300.0
16 18 -5184280.0
16 19 -5186590.0
16 20 -260.0
16 21 -5187840.0
16 22 -5185230.0
16 23 -5186520.0
16 24 -5186740.0
16 25 -5186580.0
16 26 -5187920.0
16 27 -1520.0
16 28 -5186660.0
16 29 -5189810.0
16 30 -5186600.0
16 31 -5183710.0
16 32 -5190120.0
16 33 -5187380.0
16 34 -5190710.0
16 35 -5183870.0
16 36 -5188760.0
16 38 -5186930.0
16 39 -5184790.0
16 40 -5185900.0
16 41 -5186030.0
16 43 -5187780.0
16 44 -5189960.0
16 45 -5188950.0
16 46 -5188440.0
16 47 -5189100.0
16 48 -5189670.0
16 49 -5184650.0
16 50 400.0
16 51 -5187930.0
17 2 -5187640.0
17 3 -5188900.0
17 4 -5184940.0
17 5 -5188410.0
17 7 -5187710.0
17 8 -5190940.0
17 9 11590.0
17 10 -5190570.0
17 11 -5191690.0
17 12 -5187210.0
17 13 100.0
17 14 -5190300.0
17 15 -5185690.0
17 16 -5187440.0
17 18 -5187920.0
17 19 -5189810.0
17 20 -5187690.0
17 21 -5187070.0
17 22 -5189500.0
17 23 -5188130.0
17 24 -5187720.0
17 25 -5187560.0
17 26 -480.0
17 27 -5189450.0
17 28 -5187780.0
17 29 -5185890.0
17 30 -5190800.0
17 31 -5186720.0
17 32 -5189630.0
17 33 -5189830.0
17 34 -5186160.0
17 35 -5183450.0
17 36 -5191630.0
17 38 -5190710.0
17 39 -5189410.0
17 40 -5190240.0
17 41 -5186660.0
17 43 6.54836e-11
17 44 -5192970.0
17 45 -5189440.0
17 46 -5192080.0
17 47 -5188960.0
17 48 -5189600.0
17 49 -5188220.0
17 50 -5185080.0
17 51 -560.0
18 52 -5900.0
18 2 -5188970.0
18 3 -5189810.0
18 4 -5191870.0
18 5 -5188410.0
18 7 -5189320.0
18 8 -5189120.0
18 9 -5182000.0
18 10 -5190570.0
18 11 -5188260.0
18 12 -5192320.0
18 13 -5193000.0
18 14 -5186240.0
18 15 -5193880.0
18 16 -5188840.0
18 17 -5193340.0
18 19 -1660.0
18 20 -5190350.0
18 21 -5191130.0
18 22 -5186560.0
18 23 -5188830.0
18 24 -5187580.0
18 25 -5190290.0
18 26 -5193450.0
18 27 -5188820.0
18 28 -5189180.0
18 29 -5193660.0
18 30 -5186320.0
18 31 -5186930.0
18 32 -5189140.0
18 33 -5188080.0
18 34 -5195330.0
18 35 -5188490.0
18 36 -1110.0
18 38 -5186370.0
18 39 -5186820.0
18 40 -5185270.0
18 41 -5188340.0
18 43 -5193100.0
18 44 -1260.0
18 45 -5187900.0
18 46 -1000.0
18 47 -5189100.0
18 48 -5188830.0
18 49 -5190180.0
18 50 -5189280.0
18 51 -5191990.0
19 52 -3050.0
19 2 -5187080.0
19 3 -5187990.0
19 4 -5189210.0
19 5 -5185820.0
19 7 -5186800.0
19 8 -5187790.0
19 9 -5179340.0
19 10 -5188960.0
19 11 -5187140.0
19 12 -5189800.0
19 13 -5190340.0
19 14 70.0
19 15 -5191220.0
19 16 -5186530.0
19 17 -5190610.0
19 18 -5180920.0
19 20 -5188040.0
19 21 -5188470.0
19 22 -5184880.0
19 23 -5186100.0
19 24 -5185200.0
19 25 -5187560.0
19 26 -5190790.0
19 27 -5186440.0
19 28 -5186520.0
19 29 -5191000.0
19 30 -1120.0
19 31 -5184270.0
19 32 -5187880.0
19 33 -1480.0
19 34 -5192670.0
19 35 -5185760.0
19 36 -5185050.0
19 38 -480.0
19 39 -5185560.0
19 40 -5184640.0
19 41 -5185680.0
19 43 -5190440.0
19 44 -5186250.0
19 45 -5186500.0
19 46 -1210.0
19 47 -5187280.0
19 48 -5187430.0
19 49 -5188220.0
19 50 -5186760.0
19 51 -5189330.0
20 52 -3260.0
20 2 430.0
20 3 -5184770.0
20 4 -5188160.0
20 5 -5187500.0
20 7 -690.0
20 8 -5190870.0
20 9 -5176190.0
20 10 -5186370.0
20 11 -5190920.0
20 12 -5189520.0
20 13 -5187050.0
20 14 -5188270.0
20 15 -5189610.0
20 16 410.0
20 17 -5187880.0
20 18 -5185120.0
20 19 -5187430.0
20 21 -5187980.0
20 22 -5186000.0
20 23 -5187080.0
20 24 -5187300.0
20 25 -5186860.0
20 26 -5187290.0
20 27 -5186300.0
20 28 -5187080.0
20 29 -5189670.0
20 30 -5187440.0
20 31 -5184410.0
20 32 -5190540.0
20 33 -5188150.0
20 34 -5190360.0
20 35 -5183730.0
20 36 -5189530.0
20 38 -5187770.0
20 39 -5185490.0
20 40 -5186670.0
20 41 -5186450.0
20 43 -5187290.0
20 44 -5190800.0
20 45 -5189510.0
20 46 -5189280.0
20 47 -5189520.0
20 48 -5190160.0
20 49 -360.0
20 50 950.0
20 51 -5187790.0
21 52 -1800.0
21 2 -5187290.0
21 3 -5188480.0
21 4 -5184940.0
21 5 -5185470.0
21 7 -5186520.0
21 8 -5188070.0
21 9 -5175420.0
21 10 -5190010.0
21 11 -5188680.0
21 12 -1800.0
21 13 -5186700.0
21 14 -5187570.0
21 15 -5186880.0
21 16 -5186530.0
21 17 -5186620.0
21 18 -5185260.0
21 19 -5187220.0
21 20 -5187340.0
21 22 -5187680.0
21 23 -5185470.0
21 24 -5184710.0
21 25 -1450.0
21 26 -5187220.0
21 27 -5187630.0
21 28 -1110.0
21 29 -5186660.0
21 30 -5188630.0
21 31 -5184620.0
21 32 -5187110.0
21 33 -5187100.0
21 34 -5188330.0
21 35 1400.0
21 36 -5188760.0
21 38 -5188330.0
21 39 -5187940.0
21 40 -5188210.0
21 41 220.0
21 43 -5186730.0
21 44 -5190100.0
21 45 -5186500.0
21 46 -5189490.0
21 47 -5186160.0
21 48 -5186870.0
21 49 -5188150.0
21 50 -5185010.0
21 51 -5184990.0
22 52 -3400.0
22 2 -5185260.0
22 3 -5186100.0
22 4 -5189700.0
22 5 -5186940.0
22 7 -5185820.0
22 8 -5189680.0
22 9 -5178920.0
22 10 -5187000.0
22 11 -5189170.0
22 12 -5190500.0
22 13 -5189850.0
22 14 -5185960.0
22 15 -5191570.0
22 16 -5185200.0
22 17 -5190330.0
22 18 -5181970.0
22 19 -5184910.0
22 20 -5186640.0
22 21 -5188960.0
22 23 -5186800.0
22 24 -5186600.0
22 25 -5187700.0
22 26 -5190230.0
22 27 -1520.0
22 28 -5187150.0
22 29 -5191420.0
22 30 -220.0
22 31 -5184060.0
22 32 -5189770.0
22 33 -5186680.0
22 34 -5192670.0
22 35 -5185620.0
22 36 -5186940.0
22 38 -960.0
22 39 540.0
22 40 420.0
22 41 -5186520.0
22 43 -5189950.0
22 44 -5187930.0
22 45 -5188390.0
22 46 -5186200.0
22 47 -5188960.0
22 48 -5189320.0
22 49 -5186400.0
22 50 -5185850.0
22 51 -5189610.0
23 52 -550.0
23 2 -5186590.0
23 3 -5187640.0
23 4 -5186760.0
23 5 -70.0
23 7 -5185680.0
23 8 -5187440.0
23 9 -5176960.0
23 10 -5189030.0
23 11 -5187630.0
23 12 -5187420.0
23 13 -5188030.0
23 14 -5185820.0
23 15 -5188700.0
23 16 -5185690.0
23 17 -5188160.0
23 18 -5183440.0
23 19 -5185330.0
23 20 -5186920.0
23 21 -5185950.0
23 22 -5186000.0
23 24 -5183870.0
23 25 -1310.0
23 26 -5188480.0
23 27 -5186230.0
23 28 -0.0
23 29 -5188550.0
23 30 -5186880.0
23 31 -5183150.0
23 32 -5187180.0
23 33 -5185280.0
23 34 -5190150.0
23 35 -5183380.0
23 36 -5187080.0
23 38 -5186510.0
23 39 -5186470.0
23 40 -5186460.0
23 41 700.0
23 43 -5188060.0
23 44 -5188420.0
23 45 -5186080.0
23 46 -5187670.0
23 47 -5186160.0
23 48 -5186800.0
23 49 -5187590.0
23 50 -5185080.0
23 51 -5186810.0
24 52 -2010.0
24 2 -5187990.0
24 3 -5189040.0
24 4 -5186830.0
24 5 -210.0
24 7 -5187080.0
24 8 -5186040.0
24 9 -5177730.0
24 10 -5190360.0
24 11 -5186370.0
24 12 -5187280.0
24 13 -5188940.0
24 14 -5185820.0
24 15 -5188910.0
24 16 -5187090.0
24 17 -5188930.0
24 18 -5183370.0
24 19 -5185610.0
24 20 -5188320.0
24 21 -5186370.0
24 22 -5186980.0
24 23 -1110.0
24 25 -5186440.0
24 26 -5189460.0
24 27 -5187490.0
24 28 -1110.0
24 29 -5188620.0
24 30 -5187650.0
24 31 -5184480.0
24 32 -5185780.0
24 33 -1690.0
24 34 -5190570.0
24 35 -5184500.0
24 36 -5186660.0
24 38 -5187070.0
24 39 -5187590.0
24 40 -5187230.0
24 41 290.0
24 43 -5188970.0
24 44 -5188000.0
24 45 -5184680.0
24 46 -5187810.0
24 47 -5184830.0
24 48 -5185330.0
24 49 -5188990.0
24 50 -5186410.0
24 51 -5187160.0
25 52 -760.0
25 2 -5186170.0
25 3 -5187290.0
25 4 -5186060.0
25 5 -5185120.0
25 7 -5185260.0
25 8 -5188350.0
25 9 -5175840.0
25 10 -5188750.0
25 11 -5188680.0
25 12 -5187000.0
25 13 -5186910.0
25 14 -5186870.0
25 15 -5187930.0
25 16 -5185270.0
25 17 -5187110.0
25 18 -5184420.0
25 19 -5186310.0
25 20 -5186220.0
25 21 -5185390.0
25 22 -5186420.0
25 23 -830.0
25 24 -5184780.0
25 26 -5187360.0
25 27 -5186370.0
25 28 -560.0
25 29 -5187780.0
25 30 -5187510.0
25 31 -5183430.0
25 32 -5187880.0
25 33 -5186400.0
25 34 -5189240.0
25 35 1680.0
25 36 -5188200.0
25 38 -5187280.0
25 39 -5186680.0
25 40 -5187020.0
25 41 220.0
25 43 -5186940.0
25 44 -5189540.0
25 45 -5186920.0
25 46 -5188580.0
25 47 -5186860.0
25 48 -5187500.0
25 49 -5187030.0
25 50 -5184100.0
25 51 -5185970.0
26 52 -5200.0
26 2 -5187430.0
26 3 -5188690.0
26 4 -5186130.0
26 5 -5189250.0
26 7 -5187990.0
26 8 -5192060.0
26 9 11800.0
26 10 -5190360.0
26 11 -5192670.0
26 12 -5188470.0
26 13 730.0
26 14 -5191000.0
26 15 -5186740.0
26 16 -5187510.0
26 17 -930.0
26 18 -5188480.0
26 19 -5190440.0
26 20 -5187550.0
26 21 -5188120.0
26 22 -5189850.0
26 23 -5188900.0
26 24 -5188700.0
26 25 -5188260.0
26 27 -5189800.0
26 28 -5188620.0
26 29 -5186940.0
26 30 -5191150.0
26 31 -5187210.0
26 32 -5190820.0
26 33 -5190530.0
26 34 -2840.0
26 35 -5184080.0
26 36 -5192400.0
26 38 -5191200.0
26 39 -5189550.0
26 40 -5190520.0
26 41 -5187570.0
26 43 6.54836e-11
26 44 -5193740.0
26 45 -5190490.0
26 46 -5192640.0
26 47 -5190080.0
26 48 -5190720.0
26 49 -5187870.0
26 50 -5185150.0
26 51 -5185760.0
27 52 -2150.0
27 2 -5184770.0
27 3 -5185750.0
27 4 -5188370.0
27 5 -5186030.0
27 7 -620.0
27 8 -5189260.0
27 9 -5177590.0
27 10 -5187000.0
27 11 -5189030.0
27 12 -5189310.0
27 13 -5188520.0
27 14 -5186100.0
27 15 -5190170.0
27 16 -210.0
27 17 -5189000.0
27 18 -5182950.0
27 19 -5185190.0
27 20 -5185660.0
27 21 -5187630.0
27 22 -240.0
27 23 -5185750.0
27 24 -5185830.0
27 25 -5186370.0
27 26 -5188900.0
27 28 -5186030.0
27 29 -5190090.0
27 30 -5185480.0
27 31 1130.0
27 32 -5189210.0
27 33 -5186190.0
27 34 -5191340.0
27 35 -5184220.0
27 36 -5187360.0
27 38 -5185600.0
27 39 -5184370.0
27 40 -5184920.0
27 41 -5185400.0
27 43 -5188620.0
27 44 -5188630.0
27 45 -5187900.0
27 46 -5187110.0
27 47 -5188190.0
27 48 -5188760.0
27 49 -5185910.0
27 50 -5184590.0
27 51 -5188210.0
28 52 -550.0
28 2 -5186730.0
28 3 -5187850.0
28 4 -5186340.0
28 5 -210.0
28 7 -5185820.0
28 8 -5187510.0
28 9 -5176610.0
28 10 -5189240.0
28 11 -5187770.0
28 12 -5187000.0
28 13 -5187750.0
28 14 -5186170.0
28 15 -5188280.0
28 16 -5185830.0
28 17 -5187810.0
28 18 -5183790.0
28 19 -5185750.0
28 20 -5186920.0
28 21 -5185530.0
28 22 -5186350.0
28 23 -3.63798e-12
28 24 -5183870.0
28 25 -1040.0
28 26 -5188200.0
28 27 -5186510.0
28 29 -5188130.0
28 30 -5187300.0
28 31 -5183430.0
28 32 -5187110.0
28 33 -5185630.0
28 34 -5189730.0
28 35 -5183170.0
28 36 -5187430.0
28 38 -5186930.0
28 39 -5186750.0
28 40 -5186880.0
28 41 980.0
28 43 -5187780.0
28 44 -5188770.0
28 45 -5186080.0
28 46 -5188020.0
28 47 -5186020.0
28 48 -5186730.0
28 49 -5187660.0
28 50 -5185010.0
28 51 -5186390.0
29 52 -5410.0
29 2 -5189880.0
29 3 -5191140.0
29 4 320.0
29 5 -5188760.0
29 7 -5189460.0
29 8 -5190310.0
29 9 -5174440.0
29 10 -5192740.0
29 11 -5191410.0
29 12 -5186300.0
29 13 -5186420.0
29 14 -5190930.0
29 15 200.0
29 16 -5189330.0
29 17 -5186270.0
29 18 -5188620.0
29 19 -5190580.0
29 20 -5189860.0
29 21 -5187490.0
29 22 -5190970.0
29 23 -5188900.0
29 24 -5187790.0
29 25 -5188610.0
29 26 -5186870.0
29 27 -5190920.0
29 28 -5188480.0
29 30 -5192060.0
29 31 -5187910.0
29 32 -5188160.0
29 33 -5190460.0
29 34 -1800.0
29 35 -5184920.0
29 36 -5191980.0
29 38 -5191760.0
29 39 -5191160.0
29 40 -5191570.0
29 41 -5187080.0
29 43 -5186590.0
29 44 -5193320.0
29 45 -5188600.0
29 46 -5192850.0
29 47 -5188050.0
29 48 -5188410.0
29 49 -5190530.0
29 50 -5187250.0
29 51 -350.0
30 52 -3880.0
30 2 -5186030.0
30 3 -5186940.0
30 4 -5190120.0
30 5 -5187080.0
30 7 -5186590.0
30 8 -5189400.0
30 9 -5179620.0
30 10 -5187700.0
30 11 -5188820.0
30 12 -5190850.0
30 13 -5190550.0
30 14 -5185610.0
30 15 -5192060.0
30 16 -5185970.0
30 17 -5191030.0
30 18 -5181130.0
30 19 -550.0
30 20 -5187480.0
30 21 -5189310.0
30 22 380.0
30 23 -5187080.0
30 24 -5186670.0
30 25 -5188190.0
30 26 -5190930.0
30 27 -5186160.0
30 28 -5187500.0
30 29 -5191910.0
30 31 -5184550.0
30 32 -5189560.0
30 33 -5186680.0
30 34 -5193300.0
30 35 -5186180.0
30 36 -5186240.0
30 38 -410.0
30 39 -80.0
30 40 970.0
30 41 -5186730.0
30 43 -5190650.0
30 44 -5187230.0
30 45 -5188180.0
30 46 -5185430.0
30 47 -5188890.0
30 48 -5189110.0
30 49 -5187240.0
30 50 -5186620.0
30 51 -5190100.0
31 52 -1180.0
31 2 -5185470.0
31 3 -5186450.0
31 4 -5187530.0
31 5 -5185190.0
31 8 -5188490.0
31 9 -5177100.0
31 10 -5187840.0
31 11 -5188400.0
31 12 -5188400.0
31 13 -5188030.0
31 14 -5185890.0
31 15 -5189400.0
31 16 -5184570.0
31 17 -5188440.0
31 18 -5183230.0
31 19 -5185190.0
31 20 -5185940.0
31 21 -5186790.0
31 22 -5184950.0
31 23 -900.0
31 24 -5184990.0
31 25 -1660.0
31 26 -5188480.0
31 27 -1040.0
31 28 -1180.0
31 29 -5189250.0
31 30 -5186040.0
31 32 -5188370.0
31 33 -5185630.0
31 34 -5190640.0
31 35 -5183520.0
31 36 -5187290.0
31 38 -5185950.0
31 39 -5185280.0
31 40 -5185550.0
31 41 -5184490.0
31 43 -5188130.0
31 44 -5188560.0
31 45 -5187200.0
31 46 -5187320.0
31 47 -5187350.0
31 48 -5187920.0
31 49 -5186470.0
31 50 -5184450.0
31 51 -5187440.0
32 52 -6520.0
32 2 -5192400.0
32 3 -5193450.0
32 4 -5188720.0
32 5 -5188550.0
32 7 -5191420.0
32 8 -2370.0
32 9 -5180530.0
32 10 -5194770.0
32 11 -3880.0
32 12 -5189170.0
32 13 -5192090.0
32 14 -5189390.0
32 15 -5190520.0
32 16 -5191500.0
32 17 -5191870.0
32 18 -5185960.0
32 19 -5189320.0
32 20 -5192590.0
32 21 -5189800.0
32 22 -5191180.0
32 23 -5189390.0
32 24 -5186810.0
32 25 -5190570.0
32 26 -5192610.0
32 27 -5191900.0
32 28 -5189320.0
32 29 -5190020.0
32 30 -5191570.0
32 31 -5188890.0
32 33 -5189760.0
32 34 -5192460.0
32 35 -5188210.0
32 36 -5189110.0
32 38 -5190920.0
32 39 -5191790.0
32 40 -5191080.0
32 41 -5187710.0
32 43 -5192120.0
32 44 -5190100.0
32 45 -320.0
32 46 -5191030.0
32 47 -1300.0
32 48 710.0
32 49 -5193330.0
32 50 -5190540.0
32 51 -5189470.0
33 52 -1800.0
33 2 -5186940.0
33 3 -5187920.0
33 4 -5187880.0
33 5 -490.0
33 7 -5186240.0
33 8 -5187090.0
33 9 -5178150.0
33 10 -5189100.0
33 11 -5186860.0
33 12 -5188470.0
33 13 -5189220.0
33 14 -620.0
33 15 -5189890.0
33 16 -5186110.0
33 17 -5189420.0
33 18 -5182250.0
33 19 -270.0
33 20 -5187550.0
33 21 -5187140.0
33 22 -5185440.0
33 23 -900.0
33 24 -70.0
33 25 -5186440.0
33 26 -5189670.0
33 27 -5186230.0
33 28 -1250.0
33 29 -5189670.0
33 30 -5186040.0
33 31 440.0
33 32 -5187110.0
33 34 -5191340.0
33 35 -5184640.0
33 36 -5185890.0
33 38 -5185530.0
33 39 -5186050.0
33 40 -5185620.0
33 41 -5184350.0
33 43 -5189250.0
33 44 -5187230.0
33 45 -5185800.0
33 46 -5186480.0
33 47 -5186300.0
33 48 -5186660.0
33 49 -5188010.0
33 50 -5185990.0
33 51 -5188000.0
34 52 -6040.0
34 2 -5189670.0
34 3 -5190930.0
34 4 -5184940.0
34 5 -5189740.0
34 7 -5189670.0
34 8 -5191710.0
34 9 10690.0
34 10 -5192600.0
34 11 -5192670.0
34 12 -5187630.0
34 13 -5185440.0
34 14 -5191840.0
34 15 -770.0
34 16 -5189400.0
34 17 -1770.0
34 18 -5189460.0
34 19 -5191420.0
34 20 -5189720.0
34 21 -5188330.0
34 22 -5191390.0
34 23 -5189670.0
34 24 -5188910.0
34 25 -5189240.0
34 26 -5185820.0
34 27 -5191340.0
34 28 -5189250.0
34 29 -970.0
34 30 -5192620.0
34 31 -5188470.0
34 32 -5189770.0
34 33 -5191300.0
34 35 -5185200.0
34 36 -5193030.0
34 38 -5192390.0
34 39 -5191370.0
34 40 -5192060.0
34 41 -5187990.0
34 43 -5185820.0
34 44 -5194370.0
34 45 -5190070.0
34 46 -5193690.0
34 47 -5189520.0
34 48 -5190020.0
34 49 -5190250.0
34 50 -5187110.0
34 51 -1120.0
35 52 -2010.0
35 2 -5186170.0
35 3 -5187360.0
35 4 -5185500.0
35 5 -5186240.0
35 7 -5185610.0
35 8 -5189330.0
35 9 -5174650.0
35 10 -5188960.0
35 11 -5189730.0
35 12 -5186860.0
35 13 -5185720.0
35 14 -5188060.0
35 15 -5187160.0
35 16 -5185550.0
35 17 -5185990.0
35 18 -5185610.0
35 19 -5187500.0
35 20 -5186080.0
35 21 -1590.0
35 22 -5187330.0
35 23 -5185890.0
35 24 -5185830.0
35 25 -1310.0
35 26 -5186170.0
35 27 -5187210.0
35 28 -1740.0
35 29 -5187080.0
35 30 -5188490.0
35 31 -5184340.0
35 32 -5188510.0
35 33 -5187590.0
35 34 -5188190.0
35 36 -5189390.0
35 38 -5188400.0
35 39 -5187310.0
35 40 -5188000.0
35 41 -5184700.0
35 43 -5185750.0
35 44 -5190730.0
35 45 -5187830.0
35 46 -5189700.0
35 47 -5187560.0
35 48 -5188270.0
35 49 -5186890.0
35 51 -5185270.0
36 52 -4580.0
36 2 -5188830.0
36 3 -5189740.0
36 4 -5190330.0
36 5 -5186940.0
36 7 -5188620.0
36 8 -5187300.0
36 9 -5180810.0
36 10 -5190710.0
36 11 -5186440.0
36 12 -5190710.0
36 13 -5191950.0
36 14 -1040.0
36 15 -5192340.0
36 16 -5188350.0
36 17 -5192080.0
36 18 3860.0
36 19 -760.0
36 20 -5189790.0
36 21 -5189660.0
36 22 -5186560.0
36 23 -5187500.0
36 24 -5185900.0
36 25 -5189100.0
36 26 -5192400.0
36 27 -5188260.0
36 28 -5187850.0
36 29 -5192050.0
36 30 -5186460.0
36 31 -5186020.0
36 32 -5187320.0
36 33 -5186750.0
36 34 -5193930.0
36 35 -5187300.0
36 38 -5186020.0
36 39 -5187100.0
36 40 -5185760.0
36 41 -5186870.0
36 43 -5191980.0
36 44 -570.0
36 45 -5186010.0
36 46 -1280.0
36 47 -5187280.0
36 48 -5187010.0
36 49 -5189970.0
36 50 -5188510.0
36 51 -5190520.0
37 52 -4580.0
37 2 -5189670.0
37 3 -5190860.0
37 4 670.0
37 5 -5187920.0
37 7 -5189040.0
37 8 -5189190.0
37 9 -5175140.0
37 10 -5192460.0
37 11 -5190290.0
37 12 -1310.0
37 13 -5186910.0
37 14 -5190020.0
37 15 -910.0
37 16 -5188980.0
37 17 -5186690.0
37 18 -5187640.0
37 19 -5189740.0
37 20 -5189580.0
37 21 -5186790.0
37 22 -5190340.0
37 23 -5188060.0
37 24 -5186740.0
37 25 -5188050.0
37 26 -5187430.0
37 27 -5190360.0
37 28 -5187640.0
37 29 -480.0
37 30 -5191360.0
37 31 -5187280.0
37 32 -5187040.0
37 33 -5189620.0
37 34 -5186860.0
37 35 -5184640.0
37 36 -5191000.0
37 38 -5190990.0
37 39 -5190600.0
37 40 -5190870.0
37 41 -5186170.0
37 43 -5187010.0
37 44 -5192340.0
37 45 -5187480.0
37 46 -5192010.0
37 47 -5186930.0
37 48 -5187290.0
37 49 -5190390.0
37 50 -5187110.0
37 51 -350.0
38 52 -3330.0
38 2 -5186450.0
38 3 -5187360.0
38 4 -5189630.0
38 5 -5186380.0
38 7 -5186520.0
38 8 -5188630.0
38 9 -5179410.0
38 10 -5188260.0
38 11 -5187980.0
38 12 -5190290.0
38 13 -5190340.0
38 14 -830.0
38 15 -5191570.0
38 16 -5186110.0
38 17 -5190750.0
38 18 -5180990.0
38 19 280.0
38 20 -5187620.0
38 21 -5188820.0
38 22 -170.0
38 23 -5186520.0
38 24 -5185900.0
38 25 -5187770.0
38 26 -5190790.0
38 27 -5186090.0
38 28 -5186940.0
38 29 -5191420.0
38 30 -220.0
38 31 -5184270.0
38 32 -5188720.0
38 33 -5185980.0
38 34 -5192880.0
38 35 -5185900.0
38 36 -5185610.0
38 39 -5184720.0
38 40 140.0
38 41 -5186170.0
38 43 -5190440.0
38 44 -5186670.0
38 45 -5187340.0
38 46 -1140.0
38 47 -5188050.0
38 48 -5188270.0
38 49 -5187590.0
38 50 -5186550.0
38 51 -5189680.0
39 52 -4300.0
39 2 -5184630.0
39 3 -5185470.0
39 4 -5190330.0
39 5 -5187920.0
39 7 -5186170.0
39 8 -5190730.0
39 9 -5179200.0
39 11 -5190290.0
39 12 -5191270.0
39 13 -5189990.0
39 14 -5187080.0
39 15 -5192060.0
39 16 -5185200.0
39 17 -5190680.0
39 18 -5182670.0
39 19 -5186030.0
39 20 -5186570.0
39 21 -5189660.0
39 22 100.0
39 23 -5187710.0
39 24 -5187650.0
39 25 -5188400.0
39 26 -5190370.0
39 27 -2150.0
39 28 -5187990.0
39 29 -5192050.0
39 30 -1120.0
39 31 -5184830.0
39 32 -5190820.0
39 33 -5187730.0
39 34 -5193090.0
39 35 -5186040.0
39 36 -5187920.0
39 38 -5185950.0
39 40 1.13687e-12
39 41 -5187360.0
39 43 -5190230.0
39 44 -5188910.0
39 45 -5189440.0
39 46 -5187040.0
39 47 -5189940.0
39 48 -5190370.0
39 49 -5185840.0
39 50 -5185920.0
39 51 -5190170.0
40 52 -4510.0
40 2 -5186170.0
40 3 -5187010.0
40 4 -5190750.0
40 5 -5187710.0
40 7 -5187010.0
40 8 -5190030.0
40 9 -5180110.0
40 10 -5187630.0
40 11 -5189380.0
40 12 -5191480.0
40 13 -5190970.0
40 14 -5186170.0
40 15 -5192620.0
40 16 -5186320.0
40 17 -5191520.0
40 18 -5181130.0
40 19 -5185120.0
40 20 -5187760.0
40 21 -5189940.0
40 22 -30.0
40 23 -5187710.0
40 24 -5187300.0
40 25 -5188750.0
40 26 -5191350.0
40 27 -5186650.0
40 28 -5188130.0
40 29 -5192470.0
40 30 -80.0
40 31 -5185110.0
40 32 -5190120.0
40 33 -5187310.0
40 34 -5193790.0
40 35 -5186740.0
40 36 -5186590.0
40 38 -1100.0
40 39 -10.0
40 41 -5187360.0
40 43 -5191140.0
40 44 -5187440.0
40 45 -5188740.0
40 46 -1630.0
40 47 -5189450.0
40 48 -5189670.0
40 49 -5187310.0
40 50 -5186970.0
40 51 -5190660.0
41 52 -1040.0
41 2 -5187220.0
41 3 -5188270.0
41 4 -5186060.0
41 5 -210.0
41 7 -5186240.0
41 8 -5187160.0
41 9 -5176610.0
41 10 -5189730.0
41 11 -5187560.0
41 12 -5186650.0
41 13 -5187820.0
41 14 -5186380.0
41 15 -5188070.0
41 16 -5186320.0
41 17 -5187810.0
41 18 -5184070.0
41 19 -5186030.0
41 20 -5187410.0
41 21 -5185320.0
41 22 -5186840.0
41 23 -420.0
41 24 350.0
41 25 -5185320.0
41 26 -5188270.0
41 27 -5187000.0
41 28 -140.0
41 29 -5187850.0
41 30 -5187650.0
41 31 -5183920.0
41 32 -5186620.0
41 33 -5185910.0
41 34 -5189590.0
41 35 -5183310.0
41 36 -5187570.0
41 38 -5187280.0
41 39 -5187240.0
41 40 -5187230.0
41 43 -5187850.0
41 44 -5188910.0
41 45 -5185730.0
41 46 -5188300.0
41 47 -5185600.0
41 48 -5186310.0
41 49 -5188150.0
41 50 -5185360.0
41 51 -5186180.0
42 52 -3810.0
42 2 -5183790.0
42 3 -690.0
42 4 -5189630.0
42 5 -5187570.0
42 7 -5185330.0
42 8 -5190730.0
42 9 -5178220.0
42 10 -1590.0
42 11 -5190360.0
42 12 -5190640.0
42 13 -5189080.0
42 14 -5187290.0
42 15 -5191290.0
42 16 -350.0
42 17 -5189770.0
42 18 -5183440.0
42 19 -5186240.0
42 20 -5185590.0
42 21 -5189030.0
42 22 -310.0
42 23 -5187290.0
42 24 -5187370.0
42 25 -5187770.0
42 26 -5189390.0
42 27 -5185670.0
42 28 -5187570.0
42 29 -5191280.0
42 30 -5185690.0
42 31 -5184410.0
42 32 -5190680.0
42 33 -5187660.0
42 34 -5192250.0
42 35 -5185270.0
42 36 -5188340.0
42 38 -5186370.0
42 39 680.0
42 40 -5184710.0
42 41 -5186940.0
42 43 -5189250.0
42 44 -5189400.0
42 45 -5189440.0
42 46 -5187670.0
42 47 -5189730.0
42 48 -5190230.0
42 49 -5185000.0
42 50 -5185010.0
42 51 -5189400.0
43 52 -4580.0
43 2 -5187290.0
43 3 -5188550.0
43 4 -5185570.0
43 5 -5188620.0
43 7 -5187640.0
43 8 -5191430.0
43 9 11730.0
43 10 -5190220.0
43 11 -5192040.0
43 12 -5187840.0
43 13 660.0
43 14 -5190510.0
43 15 -5186320.0
43 16 -5187230.0
43 17 -310.0
43 18 -5187990.0
43 19 -5189950.0
43 20 -5187410.0
43 21 -5187490.0
43 22 -5189430.0
43 23 -5188340.0
43 24 -5188070.0
43 25 -5187700.0
43 26 140.0
43 27 -5189380.0
43 28 -5188060.0
43 29 -5186520.0
43 30 -5190730.0
43 31 -5186720.0
43 32 -5190190.0
43 33 -5189970.0
43 34 -5186580.0
43 35 -5183520.0
43 36 -5191840.0
43 38 -5190710.0
43 39 -5189270.0
43 40 -5190170.0
43 41 -5187010.0
43 44 -5193180.0
43 45 -5189860.0
43 46 -5192150.0
43 47 -5189450.0
43 48 -5190090.0
43 49 -5187870.0
43 50 -5184870.0
43 51 -1190.0
44 52 -5410.0
44 2 -5189390.0
44 3 -5190300.0
44 4 -5191100.0
44 5 -5187710.0
44 7 -5189320.0
44 8 -5187860.0
44 9 -5181580.0
44 10 -5191130.0
44 11 -5187000.0
44 12 -5191480.0
44 13 -5192720.0
44 14 -1870.0
44 15 -5193110.0
44 16 -5188980.0
44 17 -5192850.0
44 18 4280.0
44 19 -5185330.0
44 20 -5190490.0
44 21 -5190430.0
44 22 -5186980.0
44 23 -5188270.0
44 24 -5186670.0
44 25 -5189870.0
44 26 -5193170.0
44 27 -5188960.0
44 28 -5188620.0
44 29 -5192820.0
44 30 -5186880.0
44 31 -5186720.0
44 32 -5187740.0
44 33 -5187520.0
44 34 -5194700.0
44 35 -5188070.0
44 36 2.50111e-12
44 38 -5186510.0
44 39 -5187520.0
44 40 -5186040.0
44 41 -5187640.0
44 43 -5192750.0
44 45 -5186570.0
44 46 -1490.0
44 47 -5187910.0
44 48 -5187500.0
44 49 -5190530.0
44 50 -5189210.0
44 51 -5191360.0
45 52 -4650.0
45 2 -5190510.0
45 3 -5191490.0
45 4 -5188160.0
45 5 -5186660.0
45 7 -5189600.0
45 8 -150.0
45 9 -5179690.0
45 10 -5192810.0
45 11 -1730.0
45 12 -5188540.0
45 13 -5191040.0
45 14 -5187220.0
45 15 -5190170.0
45 16 -5189610.0
45 17 -5190960.0
45 18 -5184000.0
45 19 -5187220.0
45 20 -5190840.0
45 21 -5188470.0
45 22 -5189080.0
45 23 -5187570.0
45 24 -5184990.0
45 25 -5188890.0
45 26 -5191560.0
45 27 -5189870.0
45 28 -5187570.0
45 29 -5189740.0
45 30 -5189470.0
45 31 -5187000.0
45 32 400.0
45 33 -5187730.0
45 34 -5192040.0
45 35 -5186810.0
45 36 -5187080.0
45 38 -5188820.0
45 39 -5189690.0
45 40 -5188980.0
45 41 -5186100.0
45 43 -5191070.0
45 44 -5188210.0
45 46 -5188930.0
45 47 20.0
45 48 910.0
45 49 -5191510.0
45 50 -5188930.0
45 51 -5188770.0
46 52 -4580.0
46 2 -5187780.0
46 3 -5188690.0
46 4 -5190750.0
46 5 -5187290.0
46 7 -5187990.0
46 8 -5188630.0
46 9 -5180740.0
46 10 -5189450.0
46 11 -5187840.0
46 12 -5191270.0
46 13 -5191740.0
46 14 -1250.0
46 15 -5192690.0
46 16 -5187580.0
46 17 -5192080.0
46 18 4420.0
46 19 -410.0
46 20 -5189090.0
46 21 -5189940.0
46 22 -5185370.0
46 23 -5187640.0
46 24 -5186600.0
46 25 -5189030.0
46 26 -5192190.0
46 27 -5187560.0
46 28 -5187990.0
46 29 -5192470.0
46 30 -1260.0
46 31 -5185600.0
46 32 -5188790.0
46 33 -5186890.0
46 34 -5194140.0
46 35 -5187160.0
46 36 -830.0
46 38 -1100.0
46 39 -5185770.0
46 40 -5184290.0
46 41 -5187150.0
46 43 -5191840.0
46 44 -1610.0
46 45 -5187410.0
46 47 -5188400.0
46 48 -5188340.0
46 49 -5188990.0
46 50 -5188020.0
46 51 -5190800.0
47 52 -4020.0
47 2 -5190020.0
47 3 -5191070.0
47 4 -5187040.0
47 5 -5186240.0
47 7 -5189040.0
47 8 -1120.0
47 9 -5178570.0
47 10 -5192390.0
47 11 -2560.0
47 12 -5187350.0
47 13 -5189990.0
47 14 -5187430.0
47 15 -5188980.0
47 16 -5189120.0
47 17 -5189840.0
47 18 -5184560.0
47 19 -5187360.0
47 20 -5190210.0
47 21 -5187490.0
47 22 -5189010.0
47 23 -5187010.0
47 24 -560.0
47 25 -5188190.0
47 26 -5190510.0
47 27 -5189520.0
47 28 -5186870.0
47 29 -5188550.0
47 30 -5189540.0
47 31 -5186510.0
47 32 -5183820.0
47 33 -5187590.0
47 34 -5190850.0
47 35 -5185900.0
47 36 -5187710.0
47 38 -5188890.0
47 39 -5189550.0
47 40 -5189050.0
47 41 -5185330.0
47 43 -5190020.0
47 44 -5188910.0
47 45 660.0
47 46 -5189280.0
47 48 500.0
47 49 -5190950.0
47 50 -5188160.0
47 51 -5187650.0
48 52 -5410.0
48 2 -5191280.0
48 3 -5192330.0
48 4 -5188160.0
48 5 -5187430.0
48 7 -5190370.0
48 8 -1190.0
48 9 -5179900.0
48 10 -5193650.0
48 11 -2770.0
48 12 -5188540.0
48 13 -5191320.0
48 14 -5188270.0
48 15 -5190100.0
48 16 -5190380.0
48 17 -5191170.0
48 18 -5184980.0
48 19 -5188200.0
48 20 -5191540.0
48 21 -5188890.0
48 22 -5190060.0
48 23 -5188340.0
48 24 -5185690.0
48 25 -5189520.0
48 26 -5191840.0
48 27 -5190780.0
48 28 -5188270.0
48 29 -5189600.0
48 30 -5190450.0
48 31 -5187770.0
48 32 1380.0
48 33 -5188640.0
48 34 -5192040.0
48 35 -5187300.0
48 36 -5188130.0
48 38 -5189800.0
48 39 -5190670.0
48 40 -5189960.0
48 41 -5186730.0
48 43 -5191350.0
48 44 -5189190.0
48 45 860.0
48 46 -5189910.0
48 47 -190.0
48 49 -5192280.0
48 50 -5189560.0
48 51 -5188840.0
49 52 -4650.0
49 2 1400.0
49 3 140.0
49 4 -5189490.0
49 5 -5188760.0
49 7 -5185820.0
49 8 -5192130.0
49 9 -5177170.0
49 10 -1450.0
49 11 -5191970.0
49 12 -5190920.0
49 13 -5188030.0
49 14 -5189110.0
49 15 -5190870.0
49 16 -630.0
49 17 -5189000.0
49 18 -5185540.0
49 19 -5188200.0
49 20 -950.0
49 21 -5189380.0
49 22 -5186350.0
49 23 -5188340.0
49 24 -5188560.0
49 25 -5188260.0
49 26 -5188200.0
49 27 -5187140.0
49 28 -5188410.0
49 29 -5190930.0
49 30 -5187790.0
49 31 -5185530.0
49 32 -5191870.0
49 33 -5189200.0
49 34 -5191480.0
49 35 -5185130.0
49 36 -5190300.0
49 38 -5188330.0
49 39 -5185350.0
49 40 -5186810.0
49 41 -5187780.0
49 43 -5188340.0
49 44 -5191430.0
49 45 -5190770.0
49 46 -5189770.0
49 47 -5190850.0
49 48 -5191490.0
49 50 -5184380.0
49 51 -5189120.0
50 52 -2840.0
50 2 -5184630.0
50 3 -5185820.0
50 4 -5187110.0
50 5 -5187150.0
50 7 -900.0
50 8 -5190520.0
50 9 -5175210.0
50 10 -5187490.0
50 11 -5190710.0
50 12 -5188540.0
50 13 -5186000.0
50 14 -5188340.0
50 15 -5188490.0
50 16 -420.0
50 17 -5186760.0
50 18 -5185540.0
50 19 -5187640.0
50 20 -540.0
50 21 -5187140.0
50 22 -5186700.0
50 23 -5186730.0
50 24 -5186880.0
50 25 -2290.0
50 26 -5186380.0
50 27 -5186720.0
50 28 -5186660.0
50 29 -5188550.0
50 30 -5188070.0
50 31 -5184410.0
50 32 -5189980.0
50 33 -5188080.0
50 34 -5189240.0
50 35 1190.0
50 36 -5189740.0
50 38 -5188190.0
50 39 -5186330.0
50 40 -5187370.0
50 41 -5185890.0
50 43 -5186240.0
50 44 -5191010.0
50 45 -5189090.0
50 46 -5189700.0
50 47 -5188960.0
50 48 -5189670.0
50 49 -5185280.0
50 51 -5186740.0
51 52 -3950.0
51 2 -5188480.0
51 3 -5189670.0
51 4 670.0
51 5 -5187570.0
51 7 -5187990.0
51 8 -5189680.0
51 9 -5173880.0
51 10 -5191270.0
51 11 -5190570.0
51 12 -1730.0
51 13 -5185580.0
51 14 -5189740.0
51 15 -840.0
51 16 -5187860.0
51 17 -5185290.0
51 18 -5187360.0
51 19 -5189320.0
51 20 -5188390.0
51 21 -5186230.0
51 22 -5189570.0
51 23 -5187570.0
51 24 -5186740.0
51 25 -5187210.0
51 26 -5186100.0
51 27 -5189450.0
51 28 -5187150.0
51 29 -760.0
51 30 -5190660.0
51 31 -5186510.0
51 32 -5188020.0
51 33 -5189200.0
51 34 -5186300.0
51 35 -5183520.0
51 36 -5190860.0
51 38 -5190430.0
51 39 -5189690.0
51 40 -5190170.0
51 41 -5185820.0
51 43 -5185610.0
51 44 -5192270.0
51 45 -5188040.0
51 46 -5191590.0
51 47 -5187560.0
51 48 -5188060.0
51 49 -5189130.0
51 50 -5185850.0
52 2 0
52 3 0
52 4 0
52 5 0
52 6 0
52 7 0
52 8 0
52 9 0
52 10 0
52 11 0
52 12 0
52 13 0
52 14 0
52 15 0
52 16 0
52 17 0
52 18 0
52 19 0
52 20 0
52 21 0
52 22 0
52 23 0
52 24 0
52 25 0
52 26 0
52 27 0
52 28 0
52 29 0
52 30 0
52 31 0
52 32 0
52 33 0
52 34 0
52 35 0
52 36 0
52 37 0
52 38 0
52 39 0
52 40 0
52 41 0
52 42 0
52 43 0
52 44 0
52 45 0
52 46 0
52 47 0
52 48 0
52 49 0
52 50 0
52 51 0
2 1 0
3 1 0
4 1 0
5 1 0
6 1 0
7 1 0
8 1 0
9 1 0
10 1 0
11 1 0
12 1 0
13 1 0
14 1 0
15 1 0
16 1 0
17 1 0
18 1 0
19 1 0
20 1 0
21 1 0
22 1 0
23 1 0
24 1 0
25 1 0
26 1 0
27 1 0
28 1 0
29 1 0
30 1 0
31 1 0
32 1 0
33 1 0
34 1 0
35 1 0
36 1 0
37 1 0
38 1 0
39 1 0
40 1 0
41 1 0
42 1 0
43 1 0
44 1 0
45 1 0
46 1 0
47 1 0
48 1 0
49 1 0
50 1 0
51 1 0
52 1 0
