52 2407
1
2
3
4
5
6
7
8
9
10
11
12
13
14
15
16
17
18
19
20
21
22
23
24
25
26
27
28
29
30
31
32
33
34
35
36
37
38
39
40
41
42
43
44
45
46
47
48
49
50
51
52
1 52 -0.0
1 2 -24730.0
1 3 -23090.0
1 4 -21400.0
1 5 -17850.0
1 7 -23760.0
1 8 -23750.0
1 9 -22440.0
1 10 -22850.0
1 11 -19120.0
1 12 -23960.0
1 13 -20010.0
1 14 -25490.0
1 15 -20710.0
1 16 -17630.0
1 17 -24800.0
1 18 -22171.7
1 19 -20008.3
1 20 -19756.7
1 21 -23340.0
1 22 -25140.0
1 23 -22628.3
1 24 -24170.0
1 25 -23083.3
1 26 -22975.0
1 27 -22570.0
1 28 -20790.0
1 29 -18945.0
1 30 -21060.0
1 31 -23101.7
1 32 -23140.0
1 34 -22380.0
1 35 -23680.0
1 36 -20760.0
1 37 -23340.0
1 38 -22663.3
1 39 -17638.3
1 40 -25490.0
1 41 -22230.0
1 42 -20886.7
1 43 -20770.0
1 44 -22871.7
1 45 -24208.3
1 46 -24310.0
1 47 -24100.0
1 48 -22760.0
1 49 -25091.7
1 50 -22990.0
1 51 -22850.0
2 52 8420.0
2 3 -5191460.0
2 4 -5188060.0
2 5 -5185280.0
2 7 -5190720.0
2 8 -5188190.0
2 9 -5188840.0
2 10 -5191210.0
2 11 -5185660.0
2 12 -5190650.0
2 13 -5186040.0
2 14 -5193860.0
2 15 -5187090.0
2 16 -5185840.0
2 17 -5186160.0
2 18 -5187950.0
2 19 -5188300.0
2 20 -5185040.0
2 21 -5186020.0
2 22 -5189730.0
2 23 -5187480.0
2 24 -5190220.0
2 25 -573.333
2 26 505.0
2 27 -5190570.0
2 28 -5185990.0
2 30 -5185830.0
2 31 1488.33
2 32 -5190240.0
2 34 -5187810.0
2 35 -5187770.0
2 36 -5184360.0
2 37 -5187140.0
2 38 -5186740.0
2 39 5421.67
2 40 -5190570.0
2 41 -5187560.0
2 42 -5188830.0
2 43 -5186870.0
2 44 1648.33
2 45 -5189570.0
2 46 -5192530.0
2 47 -5185950.0
2 48 -5190000.0
2 49 -5189960.0
2 50 -5186300.0
2 51 -5187350.0
3 52 7520.0
3 2 -5194000.0
3 4 -5189670.0
3 5 -5186680.0
3 7 -5188620.0
3 8 -5191900.0
3 9 -5188140.0
3 10 -410.0
3 11 -5184820.0
3 12 -5188480.0
3 13 -5189190.0
3 14 -270.0
3 15 -5188910.0
3 16 -5182270.0
3 17 -5193790.0
3 18 -5188160.0
3 19 2291.67
3 20 -5186580.0
3 21 -5192530.0
3 22 -5192250.0
3 23 -5191330.0
3 24 -5190640.0
3 25 -5192210.0
3 26 -5192250.0
3 27 -5188050.0
3 28 -5188650.0
3 30 -5190240.0
3 31 -5192310.0
3 32 -5188630.0
3 34 -5188510.0
3 35 -5192040.0
3 36 -5188910.0
3 37 -5192110.0
3 38 -5191150.0
3 39 -5186640.0
3 40 -5192040.0
3 41 -5191060.0
3 42 -5183860.0
3 43 -5189390.0
3 44 -5192010.0
3 45 -5190550.0
3 46 -2430.0
3 47 -5193160.0
3 48 -5187340.0
3 49 -5191920.0
3 50 -5192180.0
3 51 -5191550.0
4 52 11270.0
4 2 -5188540.0
4 3 -5187610.0
4 5 2080.0
4 7 -5189390.0
4 8 -5186020.0
4 9 -5188140.0
4 10 -5187360.0
4 11 -5184820.0
4 12 -5189600.0
4 13 -5183730.0
4 14 -5189940.0
4 15 1110.0
4 16 -5181710.0
4 17 -5187840.0
4 18 -5184310.0
4 19 -5184100.0
4 20 -5181820.0
4 21 -5187980.0
4 22 -5187140.0
4 23 -5185310.0
4 24 -5189800.0
4 25 -5187520.0
4 26 -5187140.0
4 27 -5186230.0
4 28 -5182980.0
4 30 -5186110.0
4 31 -5186920.0
4 32 -5188840.0
4 34 -5188020.0
4 35 -5188960.0
4 36 -5186040.0
4 37 -5186090.0
4 38 -5185200.0
4 39 -5182090.0
4 40 -5187490.0
4 41 -1110.0
4 42 -5184420.0
4 43 560.0
4 44 -5186690.0
4 45 -5186280.0
4 46 -5188260.0
4 47 -5187280.0
4 48 -5188460.0
4 49 -5187090.0
4 50 -5186370.0
4 51 -5185460.0
5 52 12240.0
5 2 -5188400.0
5 3 -5187260.0
5 4 -560.0
5 7 -5188480.0
5 8 -5186860.0
5 9 -5187160.0
5 10 -5187010.0
5 11 -5183840.0
5 12 -5188620.0
5 13 550.0
5 14 -5189590.0
5 15 200.0
5 16 -5181500.0
5 17 -5188120.0
5 18 -5185220.0
5 19 -5183960.0
5 20 -5182800.0
5 21 -5187490.0
5 22 -5188050.0
5 23 -5185800.0
5 24 -5188890.0
5 25 -5187030.0
5 26 -5186860.0
5 27 -5186230.0
5 28 -5183890.0
5 30 -5185410.0
5 31 -5186780.0
5 32 -5187860.0
5 34 -5187040.0
5 35 -5188120.0
5 36 -5185200.0
5 37 -5186580.0
5 38 -5185830.0
5 39 -5181600.0
5 40 -5188470.0
5 41 -5185460.0
5 42 -5184630.0
5 43 70.0
5 44 -5186550.0
5 45 -5187190.0
5 46 -5188190.0
5 47 -5187490.0
5 48 -5187480.0
5 49 -5188070.0
5 50 -5186440.0
5 51 -5186020.0
6 52 9190.0
6 2 -5188680.0
6 3 -5189220.0
6 4 -5185610.0
6 5 -5183880.0
6 7 -5191350.0
6 8 -550.0
6 9 -5190030.0
6 10 -5189110.0
6 11 -5186710.0
6 12 -5191490.0
6 13 -5185130.0
6 14 -5191620.0
6 15 -5184500.0
6 16 -5183320.0
6 17 -5187070.0
6 18 -5183470.0
6 19 -5185570.0
6 20 3453.33
6 21 -5188890.0
6 22 -1450.0
6 23 -5185450.0
6 24 -5191620.0
6 25 -5188150.0
6 26 -5187560.0
6 27 -5187840.0
6 28 2140.0
6 30 -5187440.0
6 31 -5186990.0
6 32 -5190730.0
6 34 -5189770.0
6 35 -5190290.0
6 36 -5187370.0
6 37 -5185670.0
6 38 -223.333
6 39 -5182650.0
6 40 -5186090.0
6 41 -5185950.0
6 42 -5185540.0
6 43 -5184840.0
6 44 -5186830.0
6 45 -5185020.0
6 46 -5189660.0
6 47 -5186860.0
6 48 -5190420.0
6 49 -5185480.0
6 50 -5186650.0
6 51 -5185460.0
7 52 8560.0
7 2 -5191550.0
7 3 -5186910.0
7 4 -5189740.0
7 5 -5186190.0
7 8 -5192040.0
7 9 1180.0
7 10 -5187500.0
7 11 4360.0
7 12 560.0
7 13 -5188210.0
7 14 -5189450.0
7 15 -5189050.0
7 16 -5184230.0
7 17 -5192530.0
7 18 -5190120.0
7 19 -5185430.0
7 20 -5187910.0
7 21 -5189660.0
7 22 -5193300.0
7 23 -5190910.0
7 24 -5185740.0
7 25 -5189200.0
7 26 -5189450.0
7 27 -5189730.0
7 28 -5189070.0
7 30 -5187580.0
7 31 -5189650.0
7 32 -430.0
7 34 -5183190.0
7 35 -5188120.0
7 36 -5184570.0
7 37 -5191480.0
7 38 -5190940.0
7 39 -5183210.0
7 40 -5193580.0
7 41 -5190500.0
7 42 -5187290.0
7 43 -5189110.0
7 44 -5189420.0
7 45 -5192230.0
7 46 -5190010.0
7 47 -5191760.0
7 48 1140.0
7 49 -5193180.0
7 50 -5190850.0
7 51 -5191060.0
8 52 9400.0
8 2 -5188190.0
8 3 -5189360.0
8 4 -5185540.0
8 5 -5183740.0
8 7 -5191210.0
8 9 -5189820.0
8 10 -5189180.0
8 11 -5186500.0
8 12 -5191280.0
8 13 -5184850.0
8 14 -5191690.0
8 15 -5184430.0
8 16 -5183390.0
8 17 -5186650.0
8 18 -5183890.0
8 19 -5185780.0
8 20 -5180910.0
8 21 -5188470.0
8 22 -5185740.0
8 23 -1098.33
8 24 -5191340.0
8 25 -5187730.0
8 26 -5187140.0
8 27 -5187910.0
8 28 1930.0
8 30 -5187090.0
8 31 -5186570.0
8 32 -5190590.0
8 34 -5189490.0
8 35 -5189940.0
8 36 -5186950.0
8 37 -1180.0
8 38 266.667
8 39 -5182230.0
8 40 -5186510.0
8 41 -5185670.0
8 42 -5185750.0
8 43 -5184630.0
8 44 -5186410.0
8 45 -5185510.0
8 46 -5189800.0
8 47 -5186370.0
8 48 -5190210.0
8 49 -5185900.0
8 50 -5186230.0
8 51 -1040.0
9 52 8420.0
9 2 -5191130.0
9 3 -5187890.0
9 4 -5189950.0
9 5 -5186330.0
9 7 -280.0
9 8 -5192110.0
9 10 -5188340.0
9 11 4780.0
9 12 280.0
9 13 -5188280.0
9 14 -5190360.0
9 15 -5189190.0
9 16 -5184860.0
9 17 -5192320.0
9 18 -5190470.0
9 19 -5186270.0
9 20 -5188190.0
9 21 -5189170.0
9 22 -5193440.0
9 23 -5190910.0
9 24 -1040.0
9 25 -5188710.0
9 26 -5188960.0
9 27 -5190220.0
9 28 -5189280.0
9 30 -5187300.0
9 31 -5189160.0
9 32 -980.0
9 34 1730.0
9 35 -5187490.0
9 36 -5183800.0
9 37 -5191410.0
9 38 -5190940.0
9 39 -5182650.0
9 40 -5193860.0
9 41 -5190500.0
9 42 -5187990.0
9 43 -5189250.0
9 44 -5188930.0
9 45 -5192580.0
9 46 -5190780.0
9 47 -5191550.0
9 48 -5183840.0
9 49 -5193460.0
9 50 -5190710.0
9 51 -5191060.0
10 52 9050.0
10 2 -5192460.0
10 3 880.0
10 4 -5188130.0
10 5 -5185140.0
10 7 -5187920.0
10 8 -5190430.0
10 9 -5187300.0
10 11 -5183980.0
10 12 -5187920.0
10 13 -5187650.0
10 14 -1520.0
10 15 -5187440.0
10 16 3070.0
10 17 -5192250.0
10 18 -5186970.0
10 19 3191.67
10 20 -5185320.0
10 21 -5191060.0
10 22 -5190920.0
10 23 -5189790.0
10 24 -5189660.0
10 25 -5190740.0
10 26 -5190710.0
10 27 -5186650.0
10 28 -5187250.0
10 30 -5188770.0
10 31 -5190840.0
10 32 -5187720.0
10 34 -5187670.0
10 35 -5190710.0
10 36 -5187720.0
10 37 -5190640.0
10 38 -5189680.0
10 39 -5185170.0
10 40 -5190780.0
10 41 -5189520.0
10 42 -5183020.0
10 43 -5187920.0
10 44 -5190540.0
10 45 -5189360.0
10 46 -1590.0
10 47 -5191620.0
10 48 -5186640.0
10 49 -5190660.0
10 50 -5190640.0
10 51 -5190010.0
11 52 8770.0
11 2 -5190920.0
11 3 -5187540.0
11 4 -5189600.0
11 5 -5185980.0
11 7 -70.0
11 8 -5191760.0
11 9 1810.0
11 10 -5187990.0
11 12 150.0
11 13 -5187930.0
11 14 -5190010.0
11 15 -5188840.0
11 16 -5184440.0
11 17 -5192040.0
11 18 -5190050.0
11 19 -5185850.0
11 20 -5187770.0
11 21 -5189030.0
11 22 -5193090.0
11 23 -5190630.0
11 24 -970.0
11 25 -5188570.0
11 26 -5188820.0
11 27 -5189800.0
11 28 -5188930.0
11 30 -5187020.0
11 31 -5189020.0
11 32 -500.0
11 34 -5182560.0
11 35 -5187420.0
11 36 -5183800.0
11 37 -5191130.0
11 38 -5190590.0
11 39 -5182580.0
11 40 -5193440.0
11 41 -5190220.0
11 42 -5187570.0
11 43 -5188900.0
11 44 -5188790.0
11 45 -5192160.0
11 46 -5190360.0
11 47 -5191340.0
11 48 380.0
11 49 -5193040.0
11 50 -5190430.0
11 51 -5190710.0
12 52 7730.0
12 2 -5192110.0
12 3 -5187400.0
12 4 -5190580.0
12 5 -5186960.0
12 7 -70.0
12 8 -5192740.0
12 9 1110.0
12 10 -5188130.0
12 11 3950.0
12 13 -5188980.0
12 14 -5189940.0
12 15 -5189820.0
12 16 -5185000.0
12 17 -5193160.0
12 18 -5190890.0
12 19 -5186130.0
12 20 -5188680.0
12 21 -5190220.0
12 22 -5194070.0
12 23 -5191680.0
12 24 -5186090.0
12 25 -5189760.0
12 26 -5190010.0
12 27 -5190500.0
12 28 -5189840.0
12 30 -5188210.0
12 31 -5190210.0
12 32 -1260.0
12 34 -5183050.0
12 35 -5188610.0
12 36 -5184920.0
12 37 -5192180.0
12 38 -5191640.0
12 39 -5183700.0
12 40 -5194350.0
12 41 -5191270.0
12 42 -5187990.0
12 43 -5189880.0
12 44 -5189980.0
12 45 -5193000.0
12 46 -5190710.0
12 47 -5192460.0
12 48 510.0
12 49 -5193950.0
12 50 -5191550.0
12 51 -5191830.0
13 52 11620.0
13 2 -5187560.0
13 3 -5188170.0
13 4 -830.0
13 7 -5188900.0
13 8 -5186370.0
13 9 -5187510.0
13 10 -5187920.0
13 11 -5184190.0
13 12 -5189040.0
13 14 -5190500.0
13 15 -0.0
13 16 -5182410.0
13 17 -5187280.0
13 18 -5185360.0
13 19 -5184870.0
13 20 -5182730.0
13 21 -5186860.0
13 22 -5187910.0
13 23 -1298.33
13 24 -5189100.0
13 25 -5186330.0
13 26 -5186020.0
13 27 -5187070.0
13 28 -5183680.0
13 30 -5184990.0
13 31 -5185940.0
13 32 -5188350.0
13 34 -5187180.0
13 35 -5187840.0
13 36 -5184920.0
13 37 -5185810.0
13 38 -5185270.0
13 39 -5180900.0
13 40 -5188470.0
13 41 -830.0
13 42 -5185400.0
13 43 280.0
13 44 -5185640.0
13 45 -5187260.0
13 46 -5189030.0
13 47 -5186580.0
13 48 -5188040.0
13 49 -5187930.0
13 50 -5185530.0
13 51 -5185390.0
14 52 7660.0
14 2 -5193860.0
14 3 2270.0
14 4 -5189460.0
14 5 -5186470.0
14 7 -5188620.0
14 8 -5191690.0
14 9 -5188070.0
14 11 -5184750.0
14 12 -5188480.0
14 13 -5188980.0
14 15 -5188770.0
14 16 -5182130.0
14 17 -5193650.0
14 18 -5187950.0
14 19 2501.67
14 20 -5186440.0
14 21 -5192390.0
14 22 -5192040.0
14 23 -5191120.0
14 24 -5190570.0
14 25 -5192070.0
14 26 -5192110.0
14 27 -5187910.0
14 28 -5188440.0
14 30 -5190100.0
14 31 -5192170.0
14 32 -5188630.0
14 34 -5188510.0
14 35 -5191970.0
14 36 -5188840.0
14 37 -5191970.0
14 38 -5191010.0
14 39 -5186500.0
14 40 -5191830.0
14 41 -5190920.0
14 42 -5183650.0
14 43 -5189250.0
14 44 -5191870.0
14 45 -5190410.0
14 46 -2290.0
14 47 -5193020.0
14 48 -5187340.0
14 49 -5191710.0
14 50 -5191970.0
14 51 -5191340.0
15 52 11060.0
15 2 -5188470.0
15 3 -5187750.0
15 4 210.0
15 5 1940.0
15 7 -5189600.0
15 8 -5185810.0
15 9 -5188280.0
15 10 -5187570.0
15 11 -5184960.0
15 12 -5189740.0
15 13 -5183800.0
15 14 -5190150.0
15 16 -5181850.0
15 17 -5187630.0
15 18 -5184240.0
15 19 -5184240.0
15 20 -5181680.0
15 21 -5187980.0
15 22 -5187000.0
15 23 -1098.33
15 24 -5189940.0
15 25 -5187450.0
15 26 -5187140.0
15 27 -5186370.0
15 28 -5182770.0
15 30 -5186180.0
15 31 -5186850.0
15 32 -5188980.0
15 34 -5188090.0
15 35 -5189030.0
15 36 -5186110.0
15 37 -5185950.0
15 38 -5184990.0
15 39 -5182020.0
15 40 -5187350.0
15 41 -1040.0
15 42 -5184560.0
15 43 630.0
15 44 -5186620.0
15 45 -5186140.0
15 46 -5188400.0
15 47 -5187140.0
15 48 -5188600.0
15 49 -5186950.0
15 50 -5186300.0
15 51 -5185320.0
16 52 10370.0
16 2 -5190990.0
16 3 -5184880.0
16 4 -5186380.0
16 5 -5183530.0
16 7 -5188550.0
16 8 -5188540.0
16 9 -5187720.0
16 10 -830.0
16 11 -5184330.0
16 12 -5188690.0
16 13 -5186040.0
16 14 -5187280.0
16 15 -5185620.0
16 17 -5190500.0
16 18 -5185220.0
16 19 2571.67
16 20 -5183430.0
16 21 -5189940.0
16 22 -5189030.0
16 23 -5188040.0
16 24 -5189730.0
16 25 -5189550.0
16 26 -5189380.0
16 27 -760.0
16 28 -5185290.0
16 30 -5187650.0
16 31 -5189370.0
16 32 -5188140.0
16 34 -5187950.0
16 35 -5190080.0
16 36 -5187090.0
16 37 -5188820.0
16 38 -5187860.0
16 39 -5184050.0
16 40 -5188960.0
16 41 -5187840.0
16 42 1693.33
16 43 -5186100.0
16 44 -5189140.0
16 45 -5187540.0
16 46 -1660.0
16 47 -5189940.0
16 48 -5187410.0
16 49 -5188770.0
16 50 -5188960.0
16 51 -5188190.0
17 52 8350.0
17 2 -2220.0
17 3 -5191250.0
17 4 -5187360.0
17 5 -5185000.0
17 7 -5191700.0
17 8 -5186650.0
17 9 -5190030.0
17 10 -5191000.0
17 11 -5186780.0
17 12 -5191700.0
17 13 -5185760.0
17 14 -5193650.0
17 15 -5186250.0
17 16 -5185350.0
17 18 -5186340.0
17 19 -5187810.0
17 20 -5183360.0
17 21 -5187490.0
17 22 -5187910.0
17 23 -5186500.0
17 24 -5191410.0
17 25 -5186260.0
17 26 -5185390.0
17 27 -5189940.0
17 28 -5184520.0
17 30 -5186740.0
17 31 -5184400.0
17 32 -5191150.0
17 34 -5189280.0
17 35 -5189310.0
17 36 -5186110.0
17 37 -1870.0
17 38 -1333.33
17 39 -5180550.0
17 40 -5188750.0
17 41 -5186860.0
17 42 -5188060.0
17 43 -5186170.0
17 44 -5184380.0
17 45 -5187890.0
17 46 -5191970.0
17 47 -830.0
17 48 -5190910.0
17 49 -5188140.0
17 50 -1940.0
17 51 -5186300.0
18 2 -5190920.0
18 3 -5188590.0
18 4 -5186800.0
18 5 -5185070.0
18 7 -5192260.0
18 8 -5186860.0
18 9 -5191150.0
18 10 -5188690.0
18 11 -5187760.0
18 12 -5192400.0
18 13 -5186810.0
18 14 -5190920.0
18 15 -5185830.0
18 16 -5183040.0
18 17 -5189310.0
18 19 -5184800.0
18 20 3863.33
18 21 -5190990.0
18 22 -1730.0
18 23 -5187480.0
18 24 -5192880.0
18 25 -5190320.0
18 26 -5189800.0
18 27 -5187630.0
18 28 -5183680.0
18 30 -5189260.0
18 31 -5189300.0
18 32 -5191640.0
18 34 -5191100.0
18 35 -5192110.0
18 36 -5189190.0
18 37 -5187910.0
18 38 -5186530.0
18 39 -5184890.0
18 40 -1110.0
18 41 -5187840.0
18 42 -5184420.0
18 43 -5186380.0
18 44 -5189140.0
18 45 381.667
18 46 -5188820.0
18 47 -5189170.0
18 48 -5191190.0
18 49 -1261.67
18 50 -5188820.0
18 51 -5187560.0
19 52 8770.0
19 2 -5192670.0
19 3 -5183480.0
19 4 -5187990.0
19 5 -5185210.0
19 7 -5188970.0
19 8 -5190150.0
19 9 -5188350.0
19 10 70.0
19 11 -5184960.0
19 12 -5189040.0
19 13 -5187720.0
19 14 -1870.0
19 15 -5187230.0
19 16 3350.0
19 17 -5192180.0
19 18 -5186200.0
19 20 -5184690.0
19 21 -5191480.0
19 22 -5190360.0
19 23 -5189650.0
19 24 -5190570.0
19 25 -5191160.0
19 26 -5191060.0
19 27 -5186370.0
19 28 -5186830.0
19 30 -5189190.0
19 31 -5191050.0
19 32 -5188700.0
19 34 -5188650.0
19 35 -5191410.0
19 36 -5188420.0
19 37 -5190500.0
19 38 -5189470.0
19 39 -5185590.0
19 40 -5190080.0
19 41 -5189450.0
19 42 1973.33
19 43 -5187780.0
19 44 -5190750.0
19 45 -5188660.0
19 46 -480.0
19 47 -5191620.0
19 48 -5187760.0
19 49 -5190030.0
19 50 -5190640.0
19 51 -5189870.0
20 52 8420.0
20 2 -5190010.0
20 3 -5189010.0
20 4 -5186310.0
20 5 -5184650.0
20 7 -5192050.0
20 8 -5185880.0
20 9 -5190870.0
20 10 -5189040.0
20 11 -5187480.0
20 12 -5192190.0
20 13 -5186180.0
20 14 -5191410.0
20 15 -5185270.0
20 16 -5183250.0
20 17 -5188330.0
20 18 1858.33
20 19 -5185290.0
20 21 -5190220.0
20 22 -760.0
20 23 -5186710.0
20 24 -5192530.0
20 25 -5189480.0
20 26 -5188890.0
20 27 -5187770.0
20 28 -5182840.0
20 30 -5188560.0
20 31 -5188390.0
20 32 -5191430.0
20 34 -5190680.0
20 35 -5191480.0
20 36 -5188560.0
20 37 -5187000.0
20 38 -5185550.0
20 39 -5184050.0
20 40 -830.0
20 41 -5187140.0
20 42 -5185050.0
20 43 -5185820.0
20 44 -5188230.0
20 45 311.667
20 46 -5189310.0
20 47 -5188190.0
20 48 -5191050.0
20 49 -431.667
20 50 -5187980.0
20 51 -5186720.0
21 52 9810.0
21 2 -5186020.0
21 3 -5189990.0
21 4 -5187500.0
21 5 -5184370.0
21 7 -5188830.0
21 8 -5188470.0
21 9 -5186880.0
21 10 -5189810.0
21 11 -5183770.0
21 12 -5188760.0
21 13 -5185340.0
21 14 -5192390.0
21 15 -5186600.0
21 16 -5184790.0
21 17 -5187490.0
21 18 -5188020.0
21 19 -5187110.0
21 20 -5185250.0
21 22 -5190150.0
21 23 -5187410.0
21 24 -5188260.0
21 25 186.667
21 26 25.0
21 27 -5189590.0
21 28 -5186060.0
21 30 -140.0
21 31 -5184120.0
21 32 -5188350.0
21 34 -5185920.0
21 35 -2010.0
21 36 -5182750.0
21 37 -5187420.0
21 38 -5187090.0
21 39 5701.67
21 40 -5190850.0
21 41 -5187210.0
21 42 -5187920.0
21 43 -5186380.0
21 44 48.3333
21 45 -5189780.0
21 46 -5191410.0
21 47 -5186860.0
21 48 -5188110.0
21 49 -5190310.0
21 50 -5186440.0
21 51 -5187420.0
22 6 1610.0
23 52 10440.0
23 2 -5187560.0
23 3 -5188870.0
23 4 -5184910.0
23 5 -5182760.0
23 7 -5190160.0
23 8 -5185180.0
23 9 -5188700.0
23 10 -5188620.0
23 11 -5185450.0
23 12 -5190300.0
23 13 -5183800.0
23 14 -5191200.0
23 15 -5183800.0
23 16 -5182970.0
23 17 -5186580.0
23 18 -5184590.0
23 19 -5185360.0
23 20 -5181820.0
23 21 -5187490.0
23 22 -5186790.0
23 24 -5190290.0
23 25 -5186820.0
23 26 -5186370.0
23 27 -5187490.0
23 28 -5182630.0
23 30 -5185970.0
23 31 -5185940.0
23 32 -5189540.0
23 34 -5188370.0
23 35 -5188890.0
23 36 -5185900.0
23 37 -830.0
23 38 -13.3333
23 39 -5181390.0
23 40 -5187420.0
23 41 -620.0
23 42 -5185610.0
23 43 280.0
23 44 -5185780.0
23 45 -5186350.0
23 46 -5189520.0
23 47 -5186020.0
23 48 -5189230.0
23 49 -5186880.0
23 50 -5185390.0
23 51 -200.0
24 52 8980.0
24 2 -5190220.0
24 3 -5188100.0
24 4 -5189320.0
24 5 -5185770.0
24 7 -970.0
24 8 -5191340.0
24 9 1250.0
24 10 -5188410.0
24 11 4290.0
24 12 -5184630.0
24 13 -5187580.0
24 14 -5190570.0
24 15 -5188560.0
24 16 -5184580.0
24 17 -5191410.0
24 18 -5189910.0
24 19 -5186200.0
24 20 -5187560.0
24 21 -5188260.0
24 22 -5192810.0
24 23 -5190210.0
24 25 -5187800.0
24 26 -5188050.0
24 27 -5189870.0
24 28 -5188580.0
24 30 -5186390.0
24 31 -5188250.0
24 32 -1050.0
24 34 1660.0
24 35 -5186580.0
24 36 -5182960.0
24 37 -5190640.0
24 38 -5190170.0
24 39 -5181740.0
24 40 -5193230.0
24 41 -5189800.0
24 42 -5187850.0
24 43 -5188550.0
24 44 -5188020.0
24 45 -5191950.0
24 46 -5190710.0
24 47 -5190710.0
24 48 -5184400.0
24 49 -5192760.0
24 50 -5189870.0
24 51 -5190290.0
25 52 9050.0
25 2 -1590.0
25 3 -5190690.0
25 4 -5188060.0
25 5 -5184930.0
25 7 -5189390.0
25 8 -5188750.0
25 9 -5187440.0
25 10 -5190510.0
25 11 -5184330.0
25 12 -5189320.0
25 13 -5185830.0
25 14 -5193090.0
25 15 -5187090.0
25 16 -5185420.0
25 17 -5187280.0
25 18 -5188370.0
25 19 -5187810.0
25 20 -5185530.0
25 21 -830.0
25 22 -5190430.0
25 23 -5187760.0
25 24 -5188820.0
25 26 645.0
25 27 -5190220.0
25 28 -5186410.0
25 30 -5184780.0
25 31 -5183560.0
25 32 -5189050.0
25 34 -5186410.0
25 35 -5186370.0
25 36 -5182960.0
25 37 -5187630.0
25 38 -5187300.0
25 39 6321.67
25 40 -5191130.0
25 41 -5187630.0
25 42 -5188550.0
25 43 -5186870.0
25 44 608.333
25 45 -5190060.0
25 46 -5192040.0
25 47 -5186790.0
25 48 -5188740.0
25 49 -5190520.0
25 50 -5186650.0
25 51 -5187700.0
26 52 8770.0
26 2 -900.0
26 3 -5191110.0
26 4 -5188060.0
26 5 -5185140.0
26 7 -5190020.0
26 8 -5188540.0
26 9 -5188070.0
26 10 -5190860.0
26 11 -5184960.0
26 12 -5189950.0
26 13 -5185900.0
26 14 -5193510.0
26 15 -5187160.0
26 16 -5185630.0
26 17 -5186790.0
26 18 -5188230.0
26 19 -5188090.0
26 20 -5185320.0
26 21 -5185320.0
26 22 -5190150.0
26 23 -5187690.0
26 24 -5189450.0
26 25 256.667
26 27 -5190430.0
26 28 -5186200.0
26 30 -5185270.0
26 31 1068.33
26 32 -5189610.0
26 34 -5187040.0
26 35 -5187000.0
26 36 -5183590.0
26 37 -5187420.0
26 38 -5187090.0
26 39 6051.67
26 40 -5190920.0
26 41 -5187630.0
26 42 -5188760.0
26 43 -5186870.0
26 44 1298.33
26 45 -5189920.0
26 46 -5192320.0
26 47 -5186440.0
26 48 -5189370.0
26 49 -5190310.0
26 50 -5186440.0
26 51 -5187560.0
27 33 -1800.0
28 52 9670.0
28 2 -5188680.0
28 3 -5188800.0
28 4 -5185190.0
28 5 -5183460.0
28 7 -5190930.0
28 8 -760.0
28 9 -5189680.0
28 10 -5188690.0
28 11 -5186360.0
28 12 -5191070.0
28 13 -5184850.0
28 14 -5191130.0
28 15 -5184080.0
28 16 -5182830.0
28 17 -5187210.0
28 18 -5183400.0
28 19 -5185150.0
28 20 -5180560.0
28 21 -5188750.0
28 22 -5185670.0
28 23 -1298.33
28 24 -5191270.0
28 25 -5188080.0
28 26 -5187490.0
28 27 -5187350.0
28 30 -5187160.0
28 31 -5187060.0
28 32 -5190380.0
28 34 -5189420.0
28 35 -5190080.0
28 36 -5187090.0
28 37 -5185670.0
28 38 -293.333
28 39 -5182580.0
28 40 -5186230.0
28 41 -5185670.0
28 42 -5185120.0
28 43 -5184490.0
28 44 -5186900.0
28 45 -5185090.0
28 46 -5189240.0
28 47 -5186930.0
28 48 -5190000.0
28 49 -5185690.0
28 50 -5186580.0
28 51 -1380.0
29 52 8770.0
29 2 -5192530.0
29 3 -230.0
29 4 -5189180.0
29 5 -5185840.0
29 7 -5186100.0
29 8 -5191550.0
29 9 -5185550.0
29 10 -1040.0
29 11 -5182300.0
29 12 -5185960.0
29 13 -5188210.0
29 15 -5188420.0
29 16 -5182480.0
29 17 -5192880.0
29 18 -5188720.0
29 19 -5182980.0
29 20 -5186860.0
29 21 -5190850.0
29 22 -5192390.0
29 23 -5190700.0
29 24 -5188190.0
29 25 -5190530.0
29 26 -5190640.0
29 27 -5188190.0
29 28 -5188440.0
29 30 -5188560.0
29 31 -5190840.0
29 32 -2300.0
29 34 -5185990.0
29 35 -5189940.0
29 36 -5186740.0
29 37 -5191410.0
29 38 -5190660.0
29 39 -5184820.0
29 40 -5192460.0
29 41 -5190290.0
29 42 -5185120.0
29 43 -5188760.0
29 44 -5190540.0
29 45 -5191040.0
29 46 -5187630.0
29 47 -5192180.0
29 48 -870.0
29 49 -5192200.0
29 50 -5191130.0
29 51 -5190850.0
30 52 10920.0
30 2 -5187000.0
30 3 -5188870.0
30 4 -5186800.0
30 5 -5183460.0
30 7 -5187920.0
30 8 -5188260.0
30 9 -5186180.0
30 10 -5188690.0
30 11 -5182930.0
30 12 -5187920.0
30 13 -700.0
30 14 -5191270.0
30 15 -5185970.0
30 16 -5183670.0
30 17 -5187910.0
30 18 -5187460.0
30 19 -5185990.0
30 20 -5184760.0
30 21 -1310.0
30 22 -5189870.0
30 23 -5187060.0
30 24 -5187560.0
30 25 -993.333
30 26 -5185040.0
30 27 -5188610.0
30 28 -5185640.0
30 31 -5185170.0
30 32 -5187370.0
30 34 -5185500.0
30 35 -1870.0
30 36 -5182890.0
30 37 -5187350.0
30 38 -5186950.0
30 39 -5179360.0
30 40 -5190430.0
30 41 -5186720.0
30 42 -5186940.0
30 43 -5185750.0
30 44 -5184940.0
30 45 -5189290.0
30 46 -5190290.0
30 47 -5187210.0
30 48 -5187200.0
30 49 -5189890.0
30 50 -5186440.0
30 51 -5187140.0
31 52 7940.0
31 2 -620.0
31 3 -5191880.0
31 4 -5188550.0
31 5 -5185770.0
31 7 -5190930.0
31 8 -5188680.0
31 9 -5188980.0
31 10 -5191700.0
31 11 -5185870.0
31 12 -5190860.0
31 13 -5186530.0
31 14 -5194280.0
31 15 -5187580.0
31 16 -5186330.0
31 17 -5186510.0
31 18 -5188440.0
31 19 -5188790.0
31 20 -5185530.0
31 21 -5186230.0
31 22 -5190220.0
31 23 -5187970.0
31 24 -5190360.0
31 25 -713.333
31 26 365.0
31 27 -5191060.0
31 28 -5186480.0
31 30 -5186110.0
31 32 -5190520.0
31 34 -5187880.0
31 35 -5187910.0
31 36 -5184360.0
31 37 -5187560.0
31 38 -5187230.0
31 39 5561.67
31 40 -5190990.0
31 41 -5188050.0
31 42 -5189320.0
31 43 -5187360.0
31 44 1648.33
31 45 -5190060.0
31 46 -5192950.0
31 47 -5186370.0
31 48 -5190280.0
31 49 -5190380.0
31 50 -5186790.0
31 51 -5187840.0
32 52 9470.0
32 2 -5190780.0
32 3 -5186630.0
32 4 -5188900.0
32 5 -5185280.0
32 7 -140.0
32 8 -5191130.0
32 9 770.0
32 10 -5187010.0
32 11 4220.0
32 12 -5184280.0
32 13 -5187370.0
32 14 -5189170.0
32 15 -5188140.0
32 16 -5183530.0
32 17 -5191690.0
32 18 -5189210.0
32 19 -5184870.0
32 20 -5187000.0
32 21 -5188890.0
32 22 -5192390.0
32 23 -5190000.0
32 24 -1590.0
32 25 -5188570.0
32 26 -5188750.0
32 27 -5188890.0
32 28 -5188230.0
32 30 -5186740.0
32 31 -5188950.0
32 34 -5183470.0
32 35 -5187560.0
32 36 -5184220.0
32 37 -5190570.0
32 38 -5190030.0
32 39 -5182650.0
32 40 -5192670.0
32 41 -5189590.0
32 42 -5186660.0
32 43 -5188200.0
32 44 -5188720.0
32 45 -5191390.0
32 46 -5189450.0
32 47 -5190920.0
32 48 650.0
32 49 -5192340.0
32 50 -5189940.0
32 51 -5190150.0
33 52 11270.0
33 2 -5189030.0
33 3 -5187120.0
33 4 -140.0
33 5 1940.0
33 7 -5189320.0
33 8 -5186370.0
33 9 -5188140.0
33 10 -5186940.0
33 11 -5184750.0
33 12 -5189460.0
33 13 -210.0
33 14 -5189520.0
33 15 620.0
33 16 -5181150.0
33 17 -5188330.0
33 18 -5184170.0
33 19 -5183610.0
33 20 -5181890.0
33 21 -5188400.0
33 22 -5187280.0
33 23 -5185800.0
33 24 -5189870.0
33 25 -5187940.0
33 26 -5187630.0
33 27 -5185740.0
33 28 -5183260.0
33 30 -5186390.0
33 31 -5187410.0
33 32 -5188700.0
33 34 -5188020.0
33 35 -5189170.0
33 36 -5186250.0
33 37 -5186580.0
33 38 -5185620.0
33 39 -5182510.0
33 40 -5187560.0
33 41 -1730.0
33 42 -5183930.0
33 43 70.0
33 44 -5187180.0
33 45 -5186210.0
33 46 -5187700.0
33 47 -5187770.0
33 48 -5188250.0
33 49 -5187160.0
33 50 -5186930.0
33 51 -5186020.0
34 52 7520.0
34 2 -5191060.0
34 3 -5189220.0
34 4 -5190790.0
34 5 -5187170.0
34 7 -1730.0
34 8 -5192740.0
34 9 770.0
34 10 -5189670.0
34 11 3390.0
34 12 -900.0
34 13 -5188910.0
34 14 -5191760.0
34 15 -5189960.0
34 16 -5186050.0
34 17 -5192530.0
34 18 -5191380.0
34 19 -5187530.0
34 20 -5188960.0
34 21 -5189170.0
34 22 -5194210.0
34 23 -5191540.0
34 24 -1590.0
34 25 -5188640.0
34 26 -5188890.0
34 27 -5191340.0
34 28 -5189980.0
34 30 -5187580.0
34 31 -5189020.0
34 32 -5186180.0
34 35 -5187350.0
34 36 -5183240.0
34 37 -5191900.0
34 38 -5191500.0
34 39 -5182300.0
34 40 -5194630.0
34 41 -5191130.0
34 42 -5189250.0
34 43 -5189950.0
34 44 -5188860.0
34 45 -5193420.0
34 46 -5192040.0
34 47 -5191830.0
34 48 -5185240.0
34 49 -5194230.0
34 50 -5191060.0
34 51 -5191620.0
35 52 9470.0
35 2 -5187770.0
35 3 -5189500.0
35 4 -5188480.0
35 5 -5185000.0
35 7 -5187290.0
35 8 -5189940.0
35 9 -5185200.0
35 10 -5189460.0
35 11 -5182160.0
35 12 -5187150.0
35 13 -5186320.0
35 14 -5191970.0
35 15 -5187650.0
35 16 -5184930.0
35 17 -5189310.0
35 18 -5189140.0
35 19 -5187040.0
35 20 -5186510.0
35 21 -2010.0
35 22 -5191550.0
35 23 -5188810.0
35 24 -2700.0
35 25 -1413.33
35 26 -5185600.0
35 27 -5189940.0
35 28 -5187390.0
35 30 -700.0
35 31 -5185800.0
35 32 -5187020.0
35 34 -5184100.0
35 36 2790.0
35 37 -5188960.0
35 38 -5188630.0
35 39 4661.67
35 40 -5192180.0
35 41 -5188470.0
35 42 -5188200.0
35 43 -5187430.0
35 44 -5185570.0
35 45 -5190970.0
35 46 -5191410.0
35 47 -5188680.0
35 48 -5186710.0
35 49 -5191640.0
35 50 -5188050.0
35 51 -5188820.0
36 52 8560.0
36 2 -5188190.0
36 3 -5190200.0
36 4 -5189390.0
36 5 -5185910.0
36 7 -5187570.0
36 8 -5190780.0
36 9 -5185340.0
36 10 -5190300.0
36 11 -5182370.0
36 12 -5187290.0
36 13 -5187230.0
36 14 -5192670.0
36 15 -5188560.0
36 16 -5185770.0
36 17 -5189940.0
36 18 -5190050.0
36 19 -5187880.0
36 20 -5187420.0
36 21 -2700.0
36 22 -5192460.0
36 23 -5189650.0
36 24 -2910.0
36 25 -1893.33
36 26 -5186020.0
36 27 -5190850.0
36 28 -5188230.0
36 30 -1670.0
36 31 -5186080.0
36 32 -5187510.0
36 34 -5183820.0
36 35 -1040.0
36 37 -5189800.0
36 38 -5189470.0
36 39 4591.67
36 40 -5193020.0
36 41 -5189380.0
36 42 -5189110.0
36 43 -5188340.0
36 44 -5185920.0
36 45 -5191880.0
36 46 -5192250.0
36 47 -5189310.0
36 48 -5187060.0
36 49 -5192480.0
36 50 -5188820.0
36 51 -5189660.0
37 52 9810.0
37 2 -5187140.0
37 3 -5189570.0
37 4 -5185610.0
37 5 -5183460.0
37 7 -5190650.0
37 8 -1180.0
37 9 -5189120.0
37 10 -5189390.0
37 11 -5185870.0
37 12 -5190720.0
37 13 -5184290.0
37 14 -5191970.0
37 15 -5184570.0
37 16 -5183670.0
37 17 -5185810.0
37 18 -5184940.0
37 19 -5186130.0
37 20 -5182030.0
37 21 -5187420.0
37 22 -5186860.0
37 23 -748.333
37 24 -5190640.0
37 25 -5186610.0
37 26 -5186020.0
37 27 -5188260.0
37 28 -5182980.0
37 30 -5186180.0
37 31 -5185450.0
37 32 -5190030.0
37 34 -5188650.0
37 35 -5188960.0
37 36 -5185970.0
37 38 196.667
37 39 -5181110.0
37 40 -5187630.0
37 41 -1180.0
37 42 -5186310.0
37 43 -5184490.0
37 44 -5185290.0
37 45 -5186560.0
37 46 -5190220.0
37 47 -5185390.0
37 48 -5189790.0
37 49 -5187020.0
37 50 -1110.0
37 51 -550.0
38 52 9600.0
38 2 -5187630.0
38 3 -5189500.0
38 4 -5185610.0
38 5 -5183600.0
38 7 -5191000.0
38 8 -620.0
38 9 -5189540.0
38 10 -5189320.0
38 11 -5186220.0
38 12 -5191070.0
38 13 -5184640.0
38 14 -5191900.0
38 15 -5184500.0
38 16 -5183600.0
38 17 -5186160.0
38 18 -5184450.0
38 19 -5185990.0
38 20 -5181470.0
38 21 -5187980.0
38 22 -5186300.0
38 23 -818.333
38 24 -5191060.0
38 25 -5187170.0
38 26 -5186580.0
38 27 -5188120.0
38 28 -5182490.0
38 30 -5186670.0
38 31 -5186010.0
38 32 -5190380.0
38 34 -5189140.0
38 35 -5189520.0
38 36 -5186530.0
38 37 -690.0
38 39 -5181670.0
38 40 -5187070.0
38 41 -5185390.0
38 42 -5186100.0
38 43 -5184560.0
38 44 -5185850.0
38 45 -5186000.0
38 46 -5190080.0
38 47 -5185880.0
38 48 -5190070.0
38 49 -5186390.0
38 50 -5185670.0
38 51 -690.0
39 52 8150.0
39 2 -5185880.0
39 3 -5191460.0
39 4 -5188970.0
39 5 -5185840.0
39 7 -5189740.0
39 8 -5189590.0
39 9 -5187720.0
39 10 -5191280.0
39 11 -5184680.0
39 12 -5189600.0
39 13 -5186740.0
39 14 -5193860.0
39 15 -5188000.0
39 16 -5186260.0
39 17 -5187910.0
39 18 -5189280.0
39 19 -5188580.0
39 20 -5186440.0
39 21 -1660.0
39 22 -5191270.0
39 23 -5188670.0
39 24 -5189100.0
39 25 -23.3333
39 26 95.0
39 27 -5191060.0
39 28 -5187250.0
39 30 -5185550.0
39 31 308.333
39 32 -5189470.0
39 34 -5186410.0
39 35 -5186580.0
39 36 -5182820.0
39 37 -5188470.0
39 38 -5188140.0
39 40 -5191970.0
39 41 -5188540.0
39 42 -5189460.0
39 43 -5187780.0
39 44 328.333
39 45 -5190970.0
39 46 -5192880.0
39 47 -5187560.0
39 48 -5189160.0
39 49 -5191360.0
39 50 -5187490.0
39 51 -5188610.0
40 52 7660.0
40 2 -5190570.0
40 3 -5189500.0
40 4 -5187010.0
40 5 -5185350.0
40 7 -5192750.0
40 8 -5186510.0
40 9 -5191570.0
40 10 -5189530.0
40 11 -5188180.0
40 12 -5192890.0
40 13 -5186950.0
40 14 -5191830.0
40 15 -5185970.0
40 16 -5183810.0
40 17 -5188750.0
40 18 1858.33
40 19 -5185710.0
40 20 4143.33
40 21 -5190850.0
40 22 -900.0
40 23 -5187340.0
40 24 -5193230.0
40 25 -5190110.0
40 26 -5189520.0
40 27 -5188330.0
40 28 -5183540.0
40 30 -5189260.0
40 31 -5188880.0
40 32 -5192130.0
40 34 -5191380.0
40 35 -5192180.0
40 36 -5189190.0
40 37 -5187630.0
40 38 -5186180.0
40 39 -5184610.0
40 41 -5187770.0
40 42 -5185400.0
40 43 -5186520.0
40 44 -5188790.0
40 45 591.667
40 46 -5189730.0
40 47 -5188750.0
40 48 -5191680.0
40 49 -361.667
40 50 -5188610.0
40 51 -5187420.0
41 52 10920.0
41 2 -5187560.0
41 3 -5188520.0
41 4 -5184630.0
41 5 -5182340.0
41 7 -5189670.0
41 8 -5185670.0
41 9 -5188210.0
41 10 -5188270.0
41 11 -5184960.0
41 12 -5189810.0
41 13 690.0
41 14 -5190920.0
41 15 340.0
41 16 -5182690.0
41 17 -5186860.0
41 18 -5184870.0
41 19 -5185080.0
41 20 -5182170.0
41 21 -5187210.0
41 22 -5187210.0
41 23 -538.333
41 24 -5189800.0
41 25 -5186610.0
41 26 -5186230.0
41 27 -5187280.0
41 28 -5182980.0
41 30 -5185550.0
41 31 -5185940.0
41 32 -5189050.0
41 34 -5187880.0
41 35 -5188470.0
41 36 -5185550.0
41 37 -5185180.0
41 38 -5184500.0
41 39 -5181180.0
41 40 -5187770.0
41 42 -5185470.0
41 43 560.0
41 44 -5185710.0
41 45 -5186630.0
41 46 -5189240.0
41 47 -5186230.0
41 48 -5188740.0
41 49 -5187230.0
41 50 -5185390.0
41 51 -690.0
42 52 8770.0
42 2 -5192320.0
42 3 -5184810.0
42 4 -5187430.0
42 5 -5185000.0
42 7 -5189950.0
42 8 -5189240.0
42 9 -5189190.0
42 10 -1380.0
42 11 -5185800.0
42 12 -5190020.0
42 13 -5187370.0
42 14 -5187140.0
42 15 -5186670.0
42 16 3350.0
42 17 -5191550.0
42 18 -5184940.0
42 19 2851.67
42 20 -5183570.0
42 21 -5191410.0
42 22 -5189170.0
42 23 -5189020.0
42 24 -5191340.0
42 25 -5191020.0
42 26 -5190850.0
42 27 -2010.0
42 28 -5185920.0
42 30 -5189260.0
42 31 -5190700.0
42 32 -5189610.0
42 34 -5189490.0
42 35 -5191690.0
42 36 -5188770.0
42 37 -5189800.0
42 38 -5188700.0
42 39 -5185590.0
42 40 -5188890.0
42 41 -5188960.0
42 43 -5187290.0
42 44 -5190470.0
42 45 -5187400.0
42 46 -1110.0
42 47 -5191060.0
42 48 -5188740.0
42 49 -5188840.0
42 50 -5190220.0
42 51 -5189240.0
43 52 11200.0
43 2 -5188050.0
43 3 -5188030.0
43 4 -140.0
43 5 -5181990.0
43 7 -5189460.0
43 8 -5185810.0
43 9 -5188140.0
43 10 -5187850.0
43 11 -5184820.0
43 12 -5189600.0
43 13 620.0
43 14 -5190430.0
43 15 830.0
43 16 -5182130.0
43 17 -5187350.0
43 18 -5184590.0
43 19 -5184590.0
43 20 -5182030.0
43 21 -5187560.0
43 22 -5187210.0
43 23 -818.333
43 24 -5189730.0
43 25 -5187030.0
43 26 -5186650.0
43 27 -5186720.0
43 28 -5182980.0
43 30 -5185760.0
43 31 -5186430.0
43 32 -5188840.0
43 34 -5187880.0
43 35 -5188610.0
43 36 -5185690.0
43 37 -5185670.0
43 38 -5184850.0
43 39 -5181600.0
43 40 -5187700.0
43 41 -620.0
43 42 -5184980.0
43 44 -5186200.0
43 45 -5186490.0
43 46 -5188750.0
43 47 -5186720.0
43 48 -5188530.0
43 49 -5187160.0
43 50 -5185880.0
43 51 -5185040.0
44 52 8220.0
44 2 -410.0
44 3 -5191530.0
44 4 -5188270.0
44 5 -5185490.0
44 7 -5190650.0
44 8 -5188470.0
44 9 -5188700.0
44 10 -5191350.0
44 11 -5185590.0
44 12 -5190580.0
44 13 -5186180.0
44 14 -5193930.0
44 15 -5187300.0
44 16 -5186050.0
44 17 -5186440.0
44 18 -5188230.0
44 19 -5188440.0
44 20 -5185320.0
44 21 -5185950.0
44 22 -5190010.0
44 23 -5187760.0
44 24 -5190080.0
44 25 -433.333
44 26 645.0
44 27 -5190710.0
44 28 -5186270.0
44 30 -5185830.0
44 31 1698.33
44 32 -5190240.0
44 34 -5187670.0
44 35 -5187630.0
44 36 -5184150.0
44 37 -5187350.0
44 38 -5187020.0
44 39 5631.67
44 40 -5190850.0
44 41 -5187770.0
44 42 -5189040.0
44 43 -5187080.0
44 45 -5189850.0
44 46 -5192670.0
44 47 -5186230.0
44 48 -5190000.0
44 49 -5190240.0
44 50 -5186580.0
44 51 -5187630.0
45 52 7870.0
45 2 -5190640.0
45 3 -5189080.0
45 4 -5186870.0
45 5 -5185140.0
45 7 -5192470.0
45 8 -5186580.0
45 9 -5191360.0
45 10 -5189180.0
45 11 -5187970.0
45 12 -5192610.0
45 13 -5186810.0
45 14 -5191480.0
45 15 -5185830.0
45 16 -5183460.0
45 17 -5188960.0
45 18 2278.33
45 19 -5185360.0
45 20 4213.33
45 21 -5190850.0
45 22 -1180.0
45 23 -5187340.0
45 24 -5193020.0
45 25 -5190110.0
45 26 -5189590.0
45 27 -5188050.0
45 28 -5183470.0
45 30 -5189190.0
45 31 -5189020.0
45 32 -5191920.0
45 34 -5191240.0
45 35 -5192040.0
45 36 -5189120.0
45 37 -5187630.0
45 38 -5186180.0
45 39 -5184680.0
45 40 -480.0
45 41 -5187700.0
45 42 -5184980.0
45 43 -5186380.0
45 44 -5188860.0
45 46 -5189380.0
45 47 -5188820.0
45 48 -5191470.0
45 49 -641.667
45 50 -5188610.0
45 51 -5187350.0
46 52 8840.0
46 2 -5192530.0
46 3 -5183830.0
46 4 -5187780.0
46 5 -5185070.0
46 7 -5189180.0
46 8 -5189800.0
46 9 -5188490.0
46 10 -340.0
46 11 -5185100.0
46 12 -5189250.0
46 13 -5187510.0
46 14 -5186230.0
46 15 -5187020.0
46 16 3490.0
46 17 -5191970.0
46 18 -5185850.0
46 19 3891.67
46 20 -5184340.0
46 21 -5191410.0
46 22 -5190010.0
46 23 -5189440.0
46 24 -5190710.0
46 25 -5191020.0
46 26 -5190920.0
46 27 -2150.0
46 28 -5186550.0
46 30 -5189120.0
46 31 -5190840.0
46 32 -5188910.0
46 34 -5188790.0
46 35 -5191410.0
46 36 -5188420.0
46 37 -5190220.0
46 38 -5189190.0
46 39 -5185520.0
46 40 -5189730.0
46 41 -5189240.0
46 42 2383.33
46 43 -5187570.0
46 44 -5190610.0
46 45 -5188310.0
46 47 -5191410.0
46 48 -5187970.0
46 49 -5189680.0
46 50 -5190500.0
46 51 -5189660.0
47 52 9050.0
47 2 -5185950.0
47 3 -5190620.0
47 4 -5186800.0
47 5 -5184370.0
47 7 -5190930.0
47 8 -5186370.0
47 9 -5189260.0
47 10 -5190370.0
47 11 -5186080.0
47 12 -5191000.0
47 13 -5185060.0
47 14 -5193020.0
47 15 -5185760.0
47 16 -5184790.0
47 17 -830.0
47 18 -5186200.0
47 19 -5187250.0
47 20 -5183220.0
47 21 -5186860.0
47 22 -5187910.0
47 23 -5185940.0
47 24 -5190710.0
47 25 -5185770.0
47 26 -5185040.0
47 27 -5189380.0
47 28 -5184240.0
47 30 -5186040.0
47 31 -5184260.0
47 32 -5190380.0
47 34 -5188580.0
47 35 -5188680.0
47 36 -5185480.0
47 37 -1450.0
47 38 -1053.33
47 39 -5180200.0
47 40 -5188750.0
47 41 -5186230.0
47 42 -5187570.0
47 43 -5185540.0
47 44 -5184170.0
47 45 -5187750.0
47 46 -5191410.0
47 48 -5190140.0
47 49 -5188070.0
47 50 -1110.0
47 51 -1870.0
48 52 8700.0
48 2 -5191690.0
48 3 -5186490.0
48 4 -5189670.0
48 5 -5186050.0
48 7 280.0
48 8 -5191900.0
48 9 700.0
48 10 -5187080.0
48 11 3950.0
48 12 280.0
48 13 -5188210.0
48 14 -5189030.0
48 15 -5188910.0
48 16 -5183950.0
48 17 -5192600.0
48 18 -5189910.0
48 19 -5185080.0
48 20 -5187770.0
48 21 -5189800.0
48 22 -5193160.0
48 23 -5190840.0
48 24 -5186090.0
48 25 -5189410.0
48 26 -5189660.0
48 27 -5189450.0
48 28 -5189000.0
48 30 -5187720.0
48 31 -5189860.0
48 32 -500.0
48 34 -5183680.0
48 35 -5188400.0
48 36 -5184920.0
48 37 -5191480.0
48 38 -5190870.0
48 39 -5183490.0
48 40 -5193370.0
48 41 -5190430.0
48 42 -5186940.0
48 43 -5189040.0
48 44 -5189630.0
48 45 -5192090.0
48 46 -5189660.0
48 47 -5191830.0
48 49 -5193040.0
48 50 -5190850.0
48 51 -5190990.0
49 52 7870.0
49 2 -5190150.0
49 3 -5189570.0
49 4 -5186800.0
49 5 -5185140.0
49 7 -5192540.0
49 8 -5186090.0
49 9 -5191360.0
49 10 -5189600.0
49 11 -5187970.0
49 12 -5192680.0
49 13 -5186600.0
49 14 -5191900.0
49 15 -5185760.0
49 16 -5183810.0
49 17 -5188330.0
49 18 1518.33
49 19 -5185850.0
49 20 4353.33
49 21 -5190500.0
49 22 -480.0
49 23 -5186990.0
49 24 -5192950.0
49 25 -5189690.0
49 26 -5189100.0
49 27 -5188330.0
49 28 -5183190.0
49 30 -5188910.0
49 31 -5188460.0
49 32 -5191990.0
49 34 -5191170.0
49 35 -5191830.0
49 36 -5188840.0
49 37 -5187210.0
49 38 -5185690.0
49 39 -5184190.0
49 40 -550.0
49 41 -5187420.0
49 42 -5185540.0
49 43 -5186170.0
49 44 -5188370.0
49 45 241.667
49 46 -5189870.0
49 47 -5188260.0
49 48 -5191540.0
49 50 -5188190.0
49 51 -5187000.0
50 52 10160.0
50 2 -5186300.0
50 3 -5189640.0
50 4 -5185890.0
50 5 -5183320.0
50 7 -5190020.0
50 8 -5186230.0
50 9 -5188420.0
50 10 -5189390.0
50 11 -5185170.0
50 12 -5190090.0
50 13 -5184010.0
50 14 -5191970.0
50 15 -5184920.0
50 16 -5183810.0
50 17 -5185880.0
50 18 -5185850.0
50 19 -5186270.0
50 20 -5183010.0
50 21 -5186440.0
50 22 -5187840.0
50 23 -1368.33
50 24 -5189870.0
50 25 -5185630.0
50 26 -5185040.0
50 27 -5188470.0
50 28 -5183890.0
50 30 -5185270.0
50 31 -5184680.0
50 32 -5189400.0
50 34 -5187810.0
50 35 -5188050.0
50 36 -5184990.0
50 37 -1110.0
50 38 -5184780.0
50 39 -5180130.0
50 40 -5188610.0
50 41 -1450.0
50 42 -5186730.0
50 43 -5184700.0
50 44 -5184520.0
50 45 -5187540.0
50 46 -5190500.0
50 47 -1110.0
50 48 -5189160.0
50 49 -5188000.0
50 51 -1240.0
51 52 10230.0
51 2 -5187420.0
51 3 -5189080.0
51 4 -5185050.0
51 5 -5182970.0
51 7 -5190300.0
51 8 -1110.0
51 9 -5188840.0
51 10 -5188830.0
51 11 -5185520.0
51 12 -5190440.0
51 13 -5183940.0
51 14 -5191410.0
51 15 -5184010.0
51 16 -5183110.0
51 17 -5186370.0
51 18 -5184660.0
51 19 -5185570.0
51 20 -5181820.0
51 21 -5187490.0
51 22 -5186790.0
51 23 -188.333
51 24 -5190360.0
51 25 -5186750.0
51 26 -5186230.0
51 27 -5187700.0
51 28 -5182700.0
51 30 -5186040.0
51 31 -5185800.0
51 32 -5189680.0
51 34 -5188440.0
51 35 -5188890.0
51 36 -5185900.0
51 37 -620.0
51 38 126.667
51 39 -5181320.0
51 40 -5187490.0
51 41 -760.0
51 42 -5185820.0
51 43 70.0
51 44 -5185640.0
51 45 -5186350.0
51 46 -5189730.0
51 47 -5185880.0
51 48 -5189370.0
51 49 -5186880.0
51 50 -5185250.0
52 2 0
52 3 0
52 4 0
52 5 0
52 6 0
52 7 0
52 8 0
52 9 0
52 10 0
52 11 0
52 12 0
52 13 0
52 14 0
52 15 0
52 16 0
52 17 0
52 18 0
52 19 0
52 20 0
52 21 0
52 22 0
52 23 0
52 24 0
52 25 0
52 26 0
52 27 0
52 28 0
52 29 0
52 30 0
52 31 0
52 32 0
52 33 0
52 34 0
52 35 0
52 36 0
52 37 0
52 38 0
52 39 0
52 40 0
52 41 0
52 42 0
52 43 0
52 44 0
52 45 0
52 46 0
52 47 0
52 48 0
52 49 0
52 50 0
52 51 0
2 1 0
3 1 0
4 1 0
5 1 0
6 1 0
7 1 0
8 1 0
9 1 0
10 1 0
11 1 0
12 1 0
13 1 0
14 1 0
15 1 0
16 1 0
17 1 0
18 1 0
19 1 0
20 1 0
21 1 0
22 1 0
23 1 0
24 1 0
25 1 0
26 1 0
27 1 0
28 1 0
29 1 0
30 1 0
31 1 0
32 1 0
33 1 0
34 1 0
35 1 0
36 1 0
37 1 0
38 1 0
39 1 0
40 1 0
41 1 0
42 1 0
43 1 0
44 1 0
45 1 0
46 1 0
47 1 0
48 1 0
49 1 0
50 1 0
51 1 0
52 1 0
