52 2360
1
2
3
4
5
6
7
8
9
10
11
12
13
14
15
16
17
18
19
20
21
22
23
24
25
26
27
28
29
30
31
32
33
34
35
36
37
38
39
40
41
42
43
44
45
46
47
48
49
50
51
52
1 52 -0.0
1 2 -20757.2
1 3 -19467.2
1 4 -23653.8
1 6 -21820.0
1 7 -22520.0
1 8 -19815.9
1 9 -21611.4
1 10 -20999.0
1 11 -21250.0
1 12 -20443.1
1 13 -23750.0
1 14 -20579.0
1 15 -24040.0
1 16 -22990.0
1 17 -23186.2
1 18 -24604.8
1 19 -22561.0
1 20 -23550.0
1 21 -19740.0
1 22 -23610.0
1 23 -22975.9
1 24 -22776.2
1 25 -22930.0
1 26 -21889.0
1 27 -23177.6
1 28 -19163.1
1 29 -23140.3
1 30 -21774.1
1 31 -23630.0
1 32 -20884.1
1 33 -21222.1
1 35 -22254.1
1 36 -24224.1
1 37 -22981.7
1 38 -24240.0
1 39 -22085.9
1 40 -23456.2
1 41 -24315.9
1 42 -23036.2
1 43 -22720.0
1 45 -20099.0
1 46 -22844.5
1 48 -21283.1
1 49 -21927.9
1 50 -23840.0
1 51 -24380.0
2 5 -2290.0
3 52 14352.1
3 2 -5467.24
3 4 -7393.79
3 6 -5350.0
3 7 -5490.0
3 8 -3065.86
3 9 -6811.38
3 10 -3628.97
3 11 -4860.0
3 12 -3003.1
3 13 -8400.0
3 14 -4458.97
3 15 -6460.0
3 16 -2840.0
3 17 -5806.21
3 18 -7714.83
3 19 -2201.03
3 20 -7420.0
3 21 -1610.0
3 22 -9160.0
3 23 -1925.86
3 24 -8326.21
3 25 -2640.0
3 26 -2718.97
3 27 -6637.59
3 28 -4703.1
3 29 -8750.34
3 30 -6074.14
3 31 -6120.0
3 32 -6284.14
3 33 -3642.07
3 35 -7594.14
3 36 1205.86
3 37 -1591.72
3 38 -3610.0
3 39 -2355.86
3 40 -6986.21
3 41 -9935.86
3 42 -8586.21
3 43 -6390.0
3 45 -438.966
3 46 -4564.48
3 47 -7744.48
3 48 -3773.1
3 49 -4757.93
3 50 -8480.0
3 51 -1450.0
4 2 -4427.24
4 3 -2577.24
4 6 -6600.0
4 7 -7230.0
4 8 4014.14
4 9 -5561.38
4 10 -5708.97
4 11 -4510.0
4 12 -5363.1
4 13 -7630.0
4 14 -5498.97
4 15 -490.0
4 16 -6040.0
4 17 -256.207
4 18 -9174.83
4 19 -6851.03
4 20 -8120.0
4 21 -1330.0
4 22 -4640.0
4 23 -7275.86
4 24 -3256.21
4 25 -7430.0
4 26 -6118.97
4 27 -7677.59
4 28 -403.103
4 29 -3200.34
4 30 -1424.14
4 31 -1680.0
4 32 -4484.14
4 33 -5932.07
4 35 -3014.14
4 36 -7334.14
4 37 -6931.72
4 38 -8880.0
4 39 -6935.86
4 40 793.793
4 41 -5005.86
4 42 -4486.21
4 43 -7500.0
4 45 -3978.97
4 46 -7764.48
4 47 -4204.48
4 48 -6273.1
4 49 -6847.93
4 50 -7580.0
4 51 -7290.0
5 52 17682.1
5 2 1402.76
5 3 -1127.24
5 4 -5103.79
5 6 -490.0
5 7 -1050.0
5 8 -1605.86
5 9 -211.379
5 10 -2308.97
5 11 -3540.0
5 12 266.897
5 13 -1520.0
5 14 -568.966
5 15 -5970.0
5 16 -4990.0
5 17 -5116.21
5 18 -2854.83
5 19 -3801.03
5 20 -1800.0
5 21 -1960.0
5 22 -2910.0
5 23 -3945.86
5 24 -2356.21
5 25 -3890.0
5 26 -3338.97
5 27 -1357.59
5 28 2236.9
5 29 -2300.34
5 30 -3434.14
5 31 -5700.0
5 32 375.862
5 33 -2322.07
5 35 -2804.14
5 36 -5814.14
5 37 -4361.72
5 38 -4790.0
5 39 -2355.86
5 40 -5106.21
5 41 -3335.86
5 42 -2126.21
5 43 -1460.0
5 45 -1828.97
5 46 -2064.48
5 47 -2054.48
5 48 -1343.1
5 49 -1917.93
5 50 -1610.0
5 51 -6310.0
6 52 16712.1
6 2 992.759
6 3 -637.241
6 4 -6703.79
6 7 550.0
6 8 -3065.86
6 9 -1951.38
6 10 -2238.97
6 11 -4300.0
6 12 1996.9
6 13 -2010.0
6 14 -498.966
6 15 -7290.0
6 16 -5130.0
6 17 -6436.21
6 18 -1534.83
6 19 -3241.03
6 20 -760.0
6 21 -2720.0
6 22 -4710.0
6 23 -3105.86
6 24 -4226.21
6 25 -3060.0
6 26 -3128.97
6 27 -177.586
6 28 776.897
6 29 -4030.34
6 30 -4824.14
6 31 -6880.0
6 32 -1494.14
6 33 -2112.07
6 35 -4604.14
6 36 -5324.14
6 37 -3741.72
6 38 -3610.0
6 39 -1035.86
6 40 -6636.21
6 41 -5005.86
6 42 -3866.21
6 43 1.29603e-11
6 45 -1758.97
6 46 -194.483
6 47 -3854.48
6 48 -303.103
6 49 -1147.93
6 50 -2020.0
6 51 -5970.0
7 52 15322.1
7 2 852.759
7 3 -1467.24
7 4 -8023.79
7 6 -140.0
7 8 -4455.86
7 9 -3201.38
7 10 -3488.97
7 11 -5690.0
7 12 1446.9
7 13 -2560.0
7 14 -1888.97
7 15 -8680.0
7 16 -6310.0
7 17 -7826.21
7 18 -154.828
7 19 -4151.03
7 20 -1380.0
7 21 -4110.0
7 22 -5690.0
7 23 -3875.86
7 24 -5336.21
7 25 -3890.0
7 26 -4248.97
7 27 652.414
7 28 156.897
7 29 -4800.34
7 30 -6284.14
7 31 -8270.0
7 32 -2674.14
7 33 -3362.07
7 35 -5854.14
7 36 -6224.14
7 37 -4711.72
7 38 -4160.0
7 39 -1525.86
7 40 -8026.21
7 41 -5765.86
7 42 -4836.21
7 43 -1460.0
7 45 -2938.97
7 46 295.517
7 47 -5104.48
7 48 -1343.1
7 49 -2327.93
7 50 -2160.0
7 51 -7080.0
8 52 15112.1
8 2 -4707.24
8 3 -1957.24
8 4 306.207
8 6 -6670.0
8 7 -7370.0
8 9 -5771.38
8 10 -5438.97
8 11 -4230.0
8 12 -5363.1
8 13 -7910.0
8 14 -5498.97
8 15 340.0
8 16 -5550.0
8 17 713.793
8 18 -9314.83
8 19 -6441.03
8 20 -8260.0
8 21 -840.0
8 22 -5200.0
8 23 -6925.86
8 24 -3946.21
8 25 -7080.0
8 26 -5768.97
8 27 -7817.59
8 28 -1093.1
8 29 -4030.34
8 30 -1494.14
8 31 -980.0
8 32 -4694.14
8 33 -5722.07
8 35 -3494.14
8 36 -6714.14
8 37 -6451.72
8 38 -8540.0
8 39 -6595.86
8 40 653.793
8 41 -5695.86
8 42 -5046.21
8 43 -7570.0
8 45 -3498.97
8 46 -7764.48
8 47 -4554.48
8 48 -6133.1
8 49 -6777.93
8 50 -7860.0
8 51 -6730.0
9 52 17962.1
9 2 1062.76
9 3 -1057.24
9 4 -4623.79
9 6 -910.0
9 7 -1470.0
9 8 -1125.86
9 10 -2238.97
9 11 -3190.0
9 12 -83.1034
9 13 -1940.0
9 14 -708.966
9 15 -5490.0
9 16 -4790.0
9 17 -4696.21
9 18 -3344.83
9 19 -3801.03
9 20 -2290.0
9 21 -1680.0
9 22 -2630.0
9 23 -4075.86
9 24 -2006.21
9 25 -3960.0
9 26 -3338.97
9 27 -1847.59
9 28 2306.9
9 29 -2090.34
9 30 -2944.14
9 31 -5220.0
9 32 725.862
9 33 -2322.07
9 35 -2384.14
9 36 -5814.14
9 37 -4361.72
9 38 -4990.0
9 39 -2565.86
9 40 -4626.21
9 41 -3125.86
9 42 -1916.21
9 43 -1810.0
9 45 -1758.97
9 46 -2414.48
9 47 -1564.48
9 48 -1483.1
9 49 -2187.93
9 50 -2020.0
9 51 -6110.0
10 52 18242.1
10 2 -1297.24
10 3 1792.76
10 4 -5103.79
10 6 -1530.0
10 7 -2090.0
10 8 -1125.86
10 9 -2571.38
10 11 -2010.0
10 12 266.897
10 13 -4230.0
10 14 -288.966
10 15 -5210.0
10 16 -2290.0
10 17 -4286.21
10 18 -4314.83
10 19 -1021.03
10 20 -3470.0
10 21 -150.0
10 22 -5130.0
10 23 -1305.86
10 24 -4366.21
10 25 -1320.0
10 26 -428.966
10 27 -2957.59
10 28 -473.103
10 29 -4730.34
10 30 -3294.14
10 31 -4660.0
10 32 -2054.14
10 33 387.931
10 35 -3984.14
10 36 -2964.14
10 37 -1451.72
10 38 -2700.0
10 39 -615.862
10 40 -4966.21
10 41 -5835.86
10 42 -4556.21
10 43 -2500.0
10 45 1021.03
10 46 -1924.48
10 47 -3784.48
10 48 -233.103
10 49 -1007.93
10 50 -4320.0
10 51 -3330.0
11 52 18662.1
11 2 -2067.24
11 3 1232.76
11 4 -3233.79
11 6 -2920.0
11 7 -3620.0
11 8 754.138
11 9 -2851.38
11 10 -1338.97
11 12 -1403.1
11 13 -4990.0
11 14 -1608.97
11 15 -3270.0
11 16 -2080.0
11 17 -2406.21
11 18 -5774.83
11 19 -2411.03
11 20 -4790.0
11 21 1450.0
11 22 -4510.0
11 23 -2895.86
11 24 -3536.21
11 25 -2920.0
11 26 -1608.97
11 27 -4347.59
11 28 -263.103
11 29 -4030.34
11 30 -1494.14
11 31 -2720.0
11 32 -2124.14
11 33 -1562.07
11 35 -2804.14
11 36 -3584.14
11 37 -2561.72
11 38 -4440.0
11 39 -2495.86
11 40 -3026.21
11 41 -5345.86
11 42 -4006.21
11 43 -3890.0
11 45 391.034
11 46 -3734.48
11 47 -3094.48
11 48 -2043.1
11 49 -2747.93
11 50 -5080.0
11 51 -3540.0
12 52 16432.1
12 2 152.759
12 3 52.7586
12 4 -7123.79
12 6 340.0
12 7 480.0
12 8 -3415.86
12 9 -2781.38
12 10 -2098.97
12 11 -4440.0
12 13 -3050.0
12 14 -708.966
12 15 -7640.0
12 16 -4790.0
12 17 -6716.21
12 18 -1744.83
12 19 -2621.03
12 20 -1730.0
12 21 -2790.0
12 22 -5550.0
12 23 -2345.86
12 24 -5126.21
12 25 -2430.0
12 26 -2718.97
12 27 -667.586
12 28 -193.103
12 29 -5000.34
12 30 -5374.14
12 31 -7160.0
12 32 -2264.14
12 33 -1902.07
12 35 -5234.14
12 36 -4634.14
12 37 -3251.72
12 38 -2770.0
12 39 -135.862
12 40 -7056.21
12 41 -5975.86
12 42 -4836.21
12 43 -910.0
12 45 -1408.97
12 46 505.517
12 47 -4624.48
12 48 176.897
12 49 -937.931
12 50 -2860.0
12 51 -5550.0
13 52 16162.1
13 2 2862.76
13 3 -2307.24
13 4 -6353.79
13 6 -630.0
13 7 -490.0
13 8 -2925.86
13 9 -1601.38
13 10 -3558.97
13 11 -4990.0
13 12 -13.1034
13 14 -1748.97
13 15 -7290.0
13 16 -6380.0
13 17 -6506.21
13 18 -1884.83
13 19 -4911.03
13 20 -1450.0
13 21 -3480.0
13 22 -3260.0
13 23 -4915.86
13 24 -2976.21
13 25 -4860.0
13 26 -4588.97
13 27 -457.586
13 28 2656.9
13 29 -2370.34
13 30 -4754.14
13 31 -7090.0
13 32 -804.138
13 33 -3502.07
13 35 -3914.14
13 36 -6994.14
13 37 -5411.72
13 38 -5550.0
13 39 -3045.86
13 40 -6356.21
13 41 -3265.86
13 42 -2406.21
13 43 -1670.0
13 45 -3148.97
13 46 -1994.48
13 47 -3024.48
13 48 -2043.1
13 49 -2817.93
13 50 -220.0
13 51 -7560.0
14 52 18172.1
14 2 82.7586
14 3 472.759
14 4 -5383.79
14 6 -280.0
14 7 -980.0
14 8 -1675.86
14 9 -1531.38
14 10 -778.966
14 11 -2770.0
14 12 1166.9
14 13 -2910.0
14 15 -5770.0
14 16 -3610.0
14 17 -4976.21
14 18 -3134.83
14 19 -2131.03
14 20 -2220.0
14 21 -1190.0
14 22 -4370.0
14 23 -2275.86
14 24 -3676.21
14 25 -2220.0
14 26 -1748.97
14 27 -1707.59
14 28 566.897
14 29 -3890.34
14 30 -3504.14
14 31 -5360.0
14 32 -1014.14
14 33 -722.069
14 35 -3634.14
14 36 -4214.14
14 37 -2631.72
14 38 -3190.0
14 39 -825.862
14 40 -5246.21
14 41 -4935.86
14 42 -3656.21
14 43 -1250.0
14 45 -368.966
14 46 -1234.48
14 47 -3094.48
14 48 246.897
14 49 -387.931
14 50 -2930.0
14 51 -4720.0
15 52 14422.1
15 2 -5677.24
15 3 -1817.24
15 4 -663.793
15 6 -7360.0
15 7 -8060.0
15 8 3874.14
15 9 -6601.38
15 10 -5988.97
15 11 -4720.0
15 12 -6053.1
15 13 -8740.0
15 14 -6058.97
15 16 -5620.0
15 17 853.793
15 18 -10144.8
15 19 -6781.03
15 20 -9020.0
15 21 -980.0
15 22 -6240.0
15 23 -7205.86
15 24 -4926.21
15 25 -7360.0
15 26 -6048.97
15 27 -8647.59
15 28 -2133.1
15 29 -5070.34
15 30 -2324.14
15 31 -980.0
15 32 -5594.14
15 33 -6212.07
15 35 -4404.14
15 36 -6574.14
15 37 -6721.72
15 38 -8950.0
15 39 -7075.86
15 40 -316.207
15 41 -6735.86
15 42 -6086.21
15 43 -8200.0
15 45 -3768.97
15 46 -8384.48
15 47 -5524.48
15 48 -6693.1
15 49 -7397.93
15 50 -8760.0
15 51 -6660.0
16 52 16922.1
16 2 -3387.24
16 3 3252.76
16 4 -4763.79
16 6 -3750.0
16 7 -4240.0
16 8 -565.862
16 9 -4451.38
16 10 -1618.97
16 11 -2080.0
16 12 -1753.1
16 13 -6380.0
16 14 -2448.97
16 15 -4170.0
16 17 -3446.21
16 18 -6464.83
16 19 -1301.03
16 20 -5690.0
16 21 1030.0
16 22 -6520.0
16 23 -1785.86
16 24 -5616.21
16 25 -2080.0
16 26 -978.966
16 27 -5177.59
16 28 -2203.1
16 29 -6050.34
16 30 -3364.14
16 31 -3690.0
16 32 -3854.14
16 33 -1702.07
16 35 -4884.14
16 36 -1574.14
16 37 -1101.72
16 38 -3540.0
16 39 -1935.86
16 40 -4416.21
16 41 -7295.86
16 42 -6016.21
16 43 -4720.0
16 45 1571.03
16 46 -3804.48
16 47 -5104.48
16 48 -2253.1
16 49 -3097.93
16 50 -6470.0
16 51 -1590.0
17 52 15112.1
17 2 -5117.24
17 3 -1327.24
17 4 -593.793
17 6 -6670.0
17 7 -7370.0
17 8 4084.14
17 9 -5971.38
17 10 -5228.97
17 11 -4020.0
17 12 -5293.1
17 13 -8120.0
17 14 -5428.97
17 15 690.0
17 16 -5060.0
17 18 -9454.83
17 19 -6091.03
17 20 -8330.0
17 21 -290.0
17 22 -5760.0
17 23 -6575.86
17 24 -4506.21
17 25 -6670.0
17 26 -5358.97
17 27 -7957.59
17 28 -1653.1
17 29 -4660.34
17 30 -1764.14
17 31 -290.0
17 32 -5034.14
17 33 -5452.07
17 35 -3914.14
17 36 -6084.14
17 37 -6031.72
17 38 -8260.0
17 39 -6385.86
17 40 -176.207
17 41 -6325.86
17 42 -5596.21
17 43 -7570.0
17 45 -3078.97
17 46 -7624.48
17 47 -4964.48
17 48 -5933.1
17 49 -6637.93
17 50 -8200.0
17 51 -6040.0
18 52 14282.1
18 2 852.759
18 3 -2647.24
18 4 -8923.79
18 6 -1180.0
18 7 890.0
18 8 -5355.86
18 9 -4031.38
18 10 -4668.97
18 11 -6800.0
18 12 266.897
18 13 -2910.0
18 14 -2998.97
18 15 -9720.0
18 16 -7490.0
18 17 -8866.21
18 19 -5261.03
18 20 -2150.0
18 21 -5220.0
18 22 -6170.0
18 23 -4985.86
18 24 -5756.21
18 25 -5070.0
18 26 -5358.97
18 27 582.414
18 28 156.897
18 29 -5140.34
18 30 -7184.14
18 31 -9250.0
18 32 -3374.14
18 33 -4542.07
18 35 -6554.14
18 36 -7334.14
18 37 -5891.72
18 38 -5270.0
18 39 -2565.86
18 40 -8926.21
18 41 -5975.86
18 42 -5256.21
18 43 -2500.0
18 45 -4048.97
18 46 -474.483
18 47 -5734.48
18 48 -2523.1
18 49 -3507.93
18 50 -2230.0
18 51 -8190.0
19 52 16642.1
19 2 -2687.24
19 3 3182.76
19 4 -6283.79
19 6 -2570.0
19 7 -2790.0
19 8 -2165.86
19 9 -4171.38
19 10 -1058.97
19 11 -3120.0
19 12 -293.103
19 13 -5620.0
19 14 -1678.97
19 15 -6040.0
19 16 -2010.0
19 17 -5186.21
19 18 -4944.83
19 20 -4580.0
19 21 -710.0
19 22 -6800.0
19 23 154.138
19 24 -6036.21
19 25 -70.0
19 26 -288.966
19 27 -3927.59
19 28 -2133.1
19 29 -6390.34
19 30 -4544.14
19 31 -5430.0
19 32 -3654.14
19 33 -1002.07
19 35 -5514.14
19 36 -1504.14
19 37 78.2759
19 38 -1590.0
19 39 4.13793
19 40 -6016.21
19 41 -7435.86
19 42 -6156.21
19 43 -3610.0
19 45 1361.03
19 46 -2064.48
19 47 -5384.48
19 48 -933.103
19 49 -1917.93
19 50 -5700.0
19 51 -2290.0
20 52 16362.1
20 2 1752.76
20 3 -1327.24
20 4 -6843.79
20 6 620.0
20 7 690.0
20 8 -3275.86
20 9 -1951.38
20 10 -2798.97
20 11 -4790.0
20 12 1306.9
20 13 -1450.0
20 14 -1058.97
20 15 -7570.0
20 16 -5690.0
20 17 -6716.21
20 18 -1124.83
20 19 -3871.03
20 21 -3210.0
20 22 -4370.0
20 23 -3805.86
20 24 -4016.21
20 25 -3820.0
20 26 -3758.97
20 27 372.414
20 28 1266.9
20 29 -3620.34
20 30 -5034.14
20 31 -7230.0
20 32 -1424.14
20 33 -2742.07
20 35 -4604.14
20 36 -6084.14
20 37 -4501.72
20 38 -4370.0
20 39 -1795.86
20 40 -6776.21
20 41 -4585.86
20 42 -3586.21
20 43 -560.0
20 45 -2448.97
20 46 -604.483
20 47 -3784.48
20 48 -1003.1
20 49 -1847.93
20 50 -1260.0
20 51 -6730.0
21 52 17272.1
21 2 -3387.24
21 3 1582.76
21 4 -2953.79
21 6 -4240.0
21 7 -4940.0
21 8 1244.14
21 9 -4241.38
21 10 -2378.97
21 11 -1450.0
21 12 -2653.1
21 13 -6380.0
21 14 -2928.97
21 15 -2430.0
21 16 -1870.0
21 17 -1576.21
21 18 -7094.83
21 19 -2901.03
21 20 -6110.0
21 22 -5550.0
21 23 -3385.86
21 24 -4506.21
21 25 -3610.0
21 26 -2298.97
21 27 -5667.59
21 28 -1373.1
21 29 -5000.34
21 30 -1764.14
21 31 -1890.0
21 32 -3444.14
21 33 -2602.07
21 35 -3634.14
21 36 -3174.14
21 37 -2841.72
21 38 -5130.0
21 39 -3325.86
21 40 -2676.21
21 41 -6325.86
21 42 -5116.21
21 43 -5210.0
21 46 -4844.48
21 47 -4204.48
21 48 -3153.1
21 49 -3927.93
21 50 -6470.0
21 51 -3190.0
22 52 15952.1
22 2 -187.241
22 3 -3417.24
22 4 -3713.79
22 6 -3680.0
22 7 -3970.0
22 8 -565.862
22 9 -2641.38
22 10 -4808.97
22 11 -4860.0
22 12 -2863.1
22 13 -3610.0
22 14 -3558.97
22 15 -5140.0
22 16 -6870.0
22 17 -4496.21
22 18 -5494.83
22 19 -6441.03
22 20 -4720.0
22 21 -3000.0
22 23 -6785.86
22 24 493.793
22 25 -6670.0
22 26 -5838.97
22 27 -4067.59
22 28 4386.9
22 29 689.655
22 30 -3014.14
22 31 -5360.0
22 32 -1354.14
22 33 -4962.07
22 35 -1624.14
22 36 -8174.14
22 37 -6861.72
22 38 -7840.0
22 39 -5475.86
22 40 -3856.21
22 41 -555.862
22 42 303.793
22 43 -4590.0
22 45 -4118.97
22 46 -5194.48
22 47 -1424.48
22 48 -4333.1
22 49 -5037.93
22 50 -3340.0
22 51 -8330.0
23 52 16022.1
23 2 -2827.24
23 3 3252.76
23 4 -6913.79
23 6 -2640.0
23 7 -2720.0
23 8 -2855.86
23 9 -4651.38
23 10 -1548.97
23 11 -3810.0
23 12 -223.103
23 13 -5830.0
23 14 -2028.97
23 15 -6670.0
23 16 -2700.0
23 17 -5876.21
23 18 -4874.83
23 19 -51.0345
23 20 -4720.0
23 21 -1400.0
23 22 -7350.0
23 24 -6586.21
23 25 70.0
23 26 -978.966
23 27 -3927.59
23 28 -2553.1
23 29 -6880.34
23 30 -5174.14
23 31 -6120.0
23 32 -4134.14
23 33 -1422.07
23 35 -6134.14
23 36 -1434.14
23 37 -201.724
23 38 -970.0
23 39 354.138
23 40 -6706.21
23 41 -7985.86
23 42 -6706.21
23 43 -3750.0
23 45 671.034
23 46 -1854.48
23 47 -6004.48
23 48 -1073.1
23 49 -2187.93
23 50 -5910.0
23 51 -2630.0
24 52 16022.1
24 2 -607.241
24 3 -3347.24
24 4 -3093.79
24 6 -3960.0
24 7 -4380.0
24 8 -75.8621
24 9 -2781.38
24 10 -4808.97
24 11 -4650.0
24 12 -3203.1
24 13 -4090.0
24 14 -3628.97
24 15 -4590.0
24 16 -6730.0
24 17 -4006.21
24 18 -5844.83
24 19 -6441.03
24 20 -5130.0
24 21 -2720.0
24 22 -270.0
24 23 -6785.86
24 25 -6740.0
24 26 -5768.97
24 27 -4417.59
24 28 3836.9
24 29 549.655
24 30 -2534.14
24 31 -4940.0
24 32 -1564.14
24 33 -4962.07
24 35 -1274.14
24 36 -8104.14
24 37 -6861.72
24 38 -7910.0
24 39 -5615.86
24 40 -3306.21
24 41 -835.862
24 42 -186.207
24 43 -4860.0
24 45 -3978.97
24 46 -5534.48
24 47 -1354.48
24 48 -4473.1
24 49 -5177.93
24 50 -3830.0
24 51 -8190.0
25 52 16432.1
25 2 -2417.24
25 3 2902.76
25 4 -6703.79
25 6 -2230.0
25 7 -2370.0
25 8 -2645.86
25 9 -4171.38
25 10 -1198.97
25 11 -3470.0
25 12 56.8966
25 13 -5410.0
25 14 -1608.97
25 15 -6460.0
25 16 -2630.0
25 17 -5606.21
25 18 -4594.83
25 19 88.9655
25 20 -4370.0
25 21 -1260.0
25 22 -6870.0
25 23 434.138
25 24 -6176.21
25 26 -768.966
25 27 -3577.59
25 28 -2133.1
25 29 -6460.34
25 30 -4964.14
25 31 -5980.0
25 32 -3654.14
25 33 -1072.07
25 35 -5724.14
25 36 -1784.14
25 37 -341.724
25 38 -1040.0
25 39 494.138
25 40 -6496.21
25 41 -7505.86
25 42 -6226.21
25 43 -3340.0
25 45 811.034
25 46 -1514.48
25 47 -5524.48
25 48 -723.103
25 49 -1777.93
25 50 -5430.0
25 51 -2770.0
26 52 17412.1
26 2 -2207.24
26 3 2762.76
26 4 -5453.79
26 6 -2360.0
26 7 -2790.0
26 8 -1395.86
26 9 -3611.38
26 10 -368.966
26 11 -2220.0
26 12 -293.103
26 13 -5200.0
26 14 -1198.97
26 15 -5210.0
26 16 -1590.0
26 17 -4356.21
26 18 -4944.83
26 19 -191.034
26 20 -4370.0
26 21 -10.0
26 22 -6100.0
26 23 -675.862
26 24 -5266.21
26 25 -830.0
26 27 -3787.59
26 28 -1443.1
26 29 -5630.34
26 30 -3714.14
26 31 -4730.0
26 32 -3024.14
26 33 -382.069
26 35 -4744.14
26 36 -1994.14
26 37 -481.724
26 38 -2290.0
26 39 -485.862
26 40 -5176.21
26 41 -6805.86
26 42 -5456.21
26 43 -3340.0
26 45 1851.03
26 46 -2344.48
26 47 -4624.48
26 48 -863.103
26 49 -1707.93
26 50 -5290.0
26 51 -2360.0
27 52 15182.1
27 2 1612.76
27 3 -2097.24
27 4 -7953.79
27 6 -350.0
27 7 1170.0
27 8 -4385.86
27 9 -3061.38
27 10 -3838.97
27 11 -5900.0
27 12 816.897
27 13 -2010.0
27 14 -2098.97
27 15 -8750.0
27 16 -6730.0
27 17 -7896.21
27 18 55.1724
27 19 -4771.03
27 20 -1180.0
27 21 -4320.0
27 22 -5270.0
27 23 -4565.86
27 24 -4856.21
27 25 -4580.0
27 26 -4728.97
27 28 846.897
27 29 -4310.34
27 30 -6214.14
27 31 -8410.0
27 32 -2404.14
27 33 -3782.07
27 35 -5584.14
27 36 -6784.14
27 37 -5271.72
27 38 -4860.0
27 39 -2285.86
27 40 -7956.21
27 41 -5145.86
27 42 -4416.21
27 43 -1600.0
27 45 -3358.97
27 46 -474.483
27 47 -4824.48
27 48 -1833.1
27 49 -2817.93
27 50 -1470.0
27 51 -7630.0
28 52 14212.1
28 2 82.7586
28 3 -5147.24
28 4 -5663.79
28 6 -4380.0
28 7 -4310.0
28 8 -2645.86
28 9 -3891.38
28 10 -6338.97
28 11 -6800.0
28 12 -3693.1
28 13 -3880.0
28 14 -4808.97
28 15 -7220.0
28 16 -8740.0
28 17 -6576.21
28 18 -5354.83
28 19 -7961.03
28 20 -5270.0
28 21 -5010.0
28 22 -1800.0
28 23 -8175.86
28 25 -8120.0
28 26 -7368.97
28 27 -4137.59
28 29 829.655
28 30 -5034.14
28 31 -7510.0
28 32 -2674.14
28 33 -6422.07
28 35 -3774.14
28 36 -9904.14
28 37 -8461.72
28 38 -9020.0
28 39 -6525.86
28 40 -5876.21
28 41 -215.862
28 42 -1296.21
28 43 -5350.0
28 45 -5788.97
28 46 -5814.48
28 47 -3304.48
28 48 -5513.1
28 49 -6217.93
28 50 -3200.0
28 51 -10130.0
29 52 14282.1
29 2 -1097.24
29 3 -5147.24
29 4 -4413.79
29 6 -5140.0
29 7 -5220.0
29 8 -1535.86
29 9 -4241.38
29 10 -6548.97
29 11 -6520.0
29 12 -4453.1
29 13 -4860.0
29 14 -5218.97
29 15 -6110.0
29 16 -8540.0
29 17 -5536.21
29 18 -6604.83
29 19 -8171.03
29 20 -6110.0
29 21 -4590.0
29 22 -1450.0
29 23 -8455.86
29 24 -826.207
29 25 -8400.0
29 26 -7508.97
29 27 -5247.59
29 28 4876.9
29 30 -4334.14
29 31 -6540.0
29 32 -2954.14
29 33 -6632.07
29 35 -3084.14
29 36 -9904.14
29 37 -8601.72
29 38 -9440.0
29 39 -7075.86
29 40 -4696.21
29 41 134.138
29 42 -1226.21
29 43 -6110.0
29 45 -5788.97
29 46 -6584.48
29 47 -3094.48
29 48 -6063.1
29 49 -6637.93
29 50 -4320.0
29 51 -10060.0
30 52 17272.1
30 2 -2547.24
30 3 -847.241
30 4 -1013.79
30 6 -4310.0
30 7 -5080.0
30 8 2624.14
30 9 -3471.38
30 10 -3488.97
30 11 -2360.0
30 12 -3203.1
30 13 -5620.0
30 14 -3208.97
30 15 -1740.0
30 16 -4230.0
30 17 -1016.21
30 18 -7024.83
30 19 -4701.03
30 20 -5900.0
30 21 270.0
30 22 -3530.0
30 23 -5125.86
30 24 -2286.21
30 25 -5280.0
30 26 -3968.97
30 27 -5527.59
30 28 636.897
30 29 -2710.34
30 31 -1610.0
30 32 -2534.14
30 33 -3712.07
30 35 -1484.14
30 36 -5604.14
30 37 -4921.72
30 38 -6730.0
30 39 -4645.86
30 40 -946.207
30 41 -4235.86
30 42 -3236.21
30 43 -5280.0
30 45 -1898.97
30 46 -5604.48
30 47 -2464.48
30 48 -3983.1
30 49 -4617.93
30 50 -5700.0
30 51 -5620.0
31 52 15742.1
31 2 -4567.24
31 3 -567.241
31 4 -943.793
31 6 -6040.0
31 7 -6740.0
31 8 3464.14
31 9 -5421.38
31 10 -4528.97
31 11 -3260.0
31 12 -4663.1
31 13 -7630.0
31 14 -4738.97
31 15 -70.0
31 16 -4230.0
31 17 783.793
31 18 -8764.83
31 19 -5261.03
31 20 -7770.0
31 21 470.0
31 22 -5550.0
31 23 -5745.86
31 24 -4366.21
31 25 -5970.0
31 26 -4658.97
31 27 -7397.59
31 28 -1513.1
31 29 -4590.34
31 30 -1284.14
31 32 -4484.14
31 33 -4752.07
31 35 -3634.14
31 36 -5324.14
31 37 -5201.72
31 38 -7490.0
31 39 -5615.86
31 40 -596.207
31 41 -6185.86
31 42 -5256.21
31 43 -6880.0
31 45 -2248.97
31 46 -6994.48
31 47 -4554.48
31 48 -5233.1
31 49 -5937.93
31 50 -7650.0
31 51 -5340.0
32 52 17822.1
32 2 992.759
32 3 -1397.24
32 4 -4413.79
32 6 -1320.0
32 7 -1810.0
32 8 -915.862
32 9 -141.379
32 10 -2588.97
32 11 -3330.0
32 12 -433.103
32 13 -2010.0
32 14 -1058.97
32 15 -5350.0
32 16 -5060.0
32 17 -4626.21
32 18 -3554.83
32 19 -4151.03
32 20 -2630.0
32 21 -1750.0
32 22 -2210.0
32 23 -4425.86
32 24 -1656.21
32 25 -4310.0
32 26 -3618.97
32 27 -2057.59
32 28 2656.9
32 29 -1670.34
32 30 -2874.14
32 31 -5150.0
32 33 -2672.07
32 35 -2044.14
32 36 -6154.14
32 37 -4641.72
32 38 -5410.0
32 39 -2915.86
32 40 -4416.21
32 41 -2715.86
32 42 -1436.21
32 43 -2160.0
32 45 -2038.97
32 46 -2764.48
32 47 -1284.48
32 48 -1903.1
32 49 -2537.93
32 50 -2090.0
32 51 -6450.0
33 52 18032.1
33 2 -1297.24
33 3 1792.76
33 4 -5313.79
33 6 -1390.0
33 7 -1950.0
33 8 -1395.86
33 9 -2641.38
33 10 401.034
33 11 -2220.0
33 12 476.897
33 13 -4160.0
33 14 -218.966
33 15 -5420.0
33 16 -2360.0
33 17 -4496.21
33 18 -4174.83
33 19 -951.034
33 20 -3400.0
33 21 -360.0
33 22 -5270.0
33 23 -1165.86
33 24 -4506.21
33 25 -1180.0
33 26 -428.966
33 27 -2887.59
33 28 -543.103
33 29 -4800.34
33 30 -3504.14
33 31 -4870.0
33 32 -2124.14
33 35 -4124.14
33 36 -2964.14
33 37 -1381.72
33 38 -2430.0
33 39 -345.862
33 40 -5106.21
33 41 -5905.86
33 42 -4626.21
33 43 -2430.0
33 45 951.034
33 46 -1654.48
33 47 -3924.48
33 48 -93.1034
33 49 -867.931
33 50 -4250.0
33 51 -3400.0
34 52 15812.1
34 2 -257.241
34 3 52.7586
34 4 -7743.79
34 6 -210.0
34 7 480.0
34 8 -3965.86
34 9 -3401.38
34 10 -2448.97
34 11 -4990.0
34 12 2416.9
34 13 -3400.0
34 14 -1198.97
34 15 -8060.0
34 16 -5130.0
34 17 -7266.21
34 18 -1674.83
34 19 -2761.03
34 20 -2080.0
34 21 -3210.0
34 22 -6170.0
34 23 -2415.86
34 24 -5686.21
34 25 -2500.0
34 26 -2998.97
34 27 -737.586
34 28 -683.103
34 29 -5490.34
34 30 -5864.14
34 31 -7580.0
34 32 -2884.14
34 33 -2252.07
34 35 -5854.14
34 36 -4704.14
34 37 -3321.72
34 38 -2700.0
34 39 4.13793
34 40 -7606.21
34 41 -6525.86
34 42 -5326.21
34 43 -1460.0
34 45 -1688.97
34 46 1125.52
34 47 -5244.48
34 48 -303.103
34 49 -1357.93
34 50 -3270.0
34 51 -5690.0
35 52 17272.1
35 2 -1027.24
35 3 -1887.24
35 4 -2123.79
35 6 -3610.0
35 7 -4170.0
35 8 1104.14
35 9 -2431.38
35 10 -3698.97
35 11 -3190.0
35 12 -2583.1
35 13 -4300.0
35 14 -2858.97
35 15 -3340.0
35 16 -5270.0
35 17 -2686.21
35 18 -5914.83
35 19 -5191.03
35 20 -4990.0
35 21 -1120.0
35 22 -1660.0
35 23 -5605.86
35 24 -546.207
35 25 -5560.0
35 26 -4518.97
35 27 -4417.59
35 28 2376.9
35 29 -980.345
35 30 -1004.14
35 31 -3480.0
35 32 -1224.14
35 33 -3852.07
35 36 -6644.14
35 37 -5541.72
35 38 -6870.0
35 39 -4645.86
35 40 -2196.21
35 41 -2365.86
35 42 -1366.21
35 43 -4450.0
35 45 -2658.97
35 46 -4984.48
35 47 -804.483
35 48 -3703.1
35 49 -4277.93
35 50 -4180.0
35 51 -6730.0
36 44 -2560.0
37 52 16232.1
37 2 -3177.24
37 3 3802.76
37 4 -6353.79
37 6 -3060.0
37 7 -3340.0
37 8 -2165.86
37 9 -4721.38
37 10 -1478.97
37 11 -3260.0
37 12 -913.103
37 13 -6110.0
37 14 -2168.97
37 15 -5970.0
37 16 -1800.0
37 17 -5116.21
37 18 -5564.83
37 19 88.9655
37 20 -5200.0
37 21 -640.0
37 22 -7210.0
37 23 14.1379
37 24 -6446.21
37 25 -490.0
37 26 -568.966
37 27 -4417.59
37 28 -2623.1
37 29 -6810.34
37 30 -4754.14
37 31 -5360.0
37 32 -4134.14
37 33 -1422.07
37 35 -5854.14
37 36 -884.138
37 38 -1870.0
37 39 -415.862
37 40 -6016.21
37 41 -7915.86
37 42 -6636.21
37 43 -4170.0
37 45 1361.03
37 46 -2554.48
37 47 -5804.48
37 48 -1553.1
37 49 -2537.93
37 50 -6260.0
37 51 -1800.0
38 52 15672.1
38 2 -2547.24
38 3 2482.76
38 4 -7603.79
38 6 -2230.0
38 7 -2090.0
38 8 -3555.86
38 9 -4651.38
38 10 -2028.97
38 11 -4440.0
38 12 266.897
38 13 -5550.0
38 14 -2028.97
38 15 -7500.0
38 16 -3540.0
38 17 -6646.21
38 18 -4244.83
38 19 -881.034
38 20 -4370.0
38 21 -2230.0
38 22 -7490.0
38 23 -55.8621
38 24 -6796.21
38 25 -490.0
38 26 -1678.97
38 27 -3307.59
38 28 -2483.1
38 29 -6950.34
38 30 -5864.14
38 31 -6950.0
38 32 -4204.14
38 33 -1772.07
38 35 -6484.14
38 36 -2204.14
38 37 -1171.72
38 39 1184.14
38 40 -7396.21
38 41 -8055.86
38 42 -6776.21
38 43 -3340.0
38 45 -228.966
38 46 -954.483
38 47 -6214.48
38 48 -863.103
38 49 -1987.93
38 50 -5500.0
38 51 -3540.0
39 34 -1940.0
40 52 15182.1
40 2 -4497.24
40 3 -2167.24
40 4 796.207
40 6 -6530.0
40 7 -7230.0
40 8 4364.14
40 9 -5561.38
40 10 -5568.97
40 11 -4300.0
40 12 -5293.1
40 13 -7630.0
40 14 -5358.97
40 15 -140.0
40 16 -5690.0
40 17 163.793
40 18 -9174.83
40 19 -6581.03
40 20 -8050.0
40 21 -1050.0
40 22 -4780.0
40 23 -7065.86
40 24 -3466.21
40 25 -7220.0
40 26 -5838.97
40 27 -7677.59
40 28 -613.103
40 29 -3480.34
40 30 -1354.14
40 31 -1330.0
40 32 -4484.14
40 33 -5722.07
40 35 -3084.14
40 36 -6994.14
40 37 -6591.72
40 38 -8670.0
40 39 -6725.86
40 41 -5215.86
40 42 -4626.21
40 43 -7430.0
40 45 -3698.97
40 46 -7694.48
40 47 -4274.48
40 48 -6133.1
40 49 -6707.93
40 50 -7580.0
40 51 -7010.0
41 52 14702.1
41 2 -467.241
41 3 -4737.24
41 4 -4623.79
41 6 -4520.0
41 7 -4590.0
41 8 -1605.86
41 9 -3681.38
41 10 -6058.97
41 11 -6240.0
41 12 -3833.1
41 13 -4160.0
41 14 -4668.97
41 15 -6180.0
41 16 -8190.0
41 17 -5606.21
41 18 -5844.83
41 19 -7621.03
41 20 -5480.0
41 21 -4320.0
41 22 -1100.0
41 23 -7965.86
41 24 -616.207
41 25 -7850.0
41 26 -7088.97
41 27 -4487.59
41 28 5426.9
41 29 1729.66
41 30 -4264.14
41 31 -6540.0
41 32 -2404.14
41 33 -6142.07
41 35 -2874.14
41 36 -9494.14
41 37 -8111.72
41 38 -8950.0
41 39 -6455.86
41 40 -4836.21
41 42 -736.207
41 43 -5420.0
41 45 -5368.97
41 46 -6024.48
41 47 -2674.48
41 48 -5443.1
41 49 -6077.93
41 50 -3690.0
41 51 -9650.0
42 52 16092.1
42 2 292.759
42 3 -3277.24
42 4 -3993.79
42 6 -3270.0
42 7 -3550.0
42 8 -845.862
42 9 -2361.38
42 10 -4668.97
42 11 -4790.0
42 12 -2583.1
42 13 -3190.0
42 14 -3278.97
42 15 -5420.0
42 16 -6800.0
42 17 -4766.21
42 18 -5014.83
42 19 -6231.03
42 20 -4370.0
42 21 -3000.0
42 22 -130.0
42 23 -6575.86
42 24 143.793
42 25 -6460.0
42 26 -5628.97
42 27 -3647.59
42 28 4456.9
42 29 479.655
42 30 -3154.14
42 31 -5500.0
42 32 -1014.14
42 33 -4752.07
42 35 -1764.14
42 36 -8034.14
42 37 -6721.72
42 38 -7560.0
42 39 -5135.86
42 40 -4136.21
42 41 -625.862
42 43 -4240.0
42 45 -3978.97
42 46 -4844.48
42 47 -1354.48
42 48 -4053.1
42 49 -4757.93
42 50 -2860.0
42 51 -8260.0
43 52 16922.1
43 2 1062.76
43 3 -567.241
43 4 -6493.79
43 6 1110.0
43 7 340.0
43 8 -2855.86
43 9 -1741.38
43 10 -2098.97
43 11 -4160.0
43 12 1856.9
43 13 -1940.0
43 14 -358.966
43 15 -7020.0
43 16 -4990.0
43 17 -6226.21
43 18 -1744.83
43 19 -3171.03
43 20 -830.0
43 21 -2580.0
43 22 -4510.0
43 23 -3105.86
43 24 -4016.21
43 25 -3060.0
43 26 -2998.97
43 27 -317.586
43 28 916.897
43 29 -3890.34
43 30 -4684.14
43 31 -6610.0
43 32 -1224.14
43 33 -2042.07
43 35 -4334.14
43 36 -5324.14
43 37 -3741.72
43 38 -3610.0
43 39 -1105.86
43 40 -6426.21
43 41 -4795.86
43 42 -3726.21
43 45 -1618.97
43 46 -404.483
43 47 -3644.48
43 48 -303.103
43 49 -1077.93
43 50 -1890.0
43 51 -5900.0
44 52 16432.1
44 2 -3037.24
44 3 3662.76
44 4 -6353.79
44 6 -2920.0
44 7 -3200.0
44 8 -2235.86
44 9 -4521.38
44 10 -1338.97
44 11 -3260.0
44 12 -703.103
44 13 -5970.0
44 14 -2028.97
44 15 -5970.0
44 16 -1940.0
44 17 -5186.21
44 18 -5354.83
44 19 228.966
44 20 -5060.0
44 21 -710.0
44 22 -7140.0
44 23 84.1379
44 24 -6306.21
44 25 -350.0
44 26 -498.966
44 27 -4277.59
44 28 -2483.1
44 29 -6670.34
44 30 -4684.14
44 31 -5430.0
44 32 -3994.14
44 33 -1282.07
44 35 -5724.14
44 36 -1154.14
44 37 428.276
44 38 -1730.0
44 39 -275.862
44 40 -6146.21
44 41 -7845.86
44 42 -6436.21
44 43 -3960.0
44 45 1361.03
44 46 -2414.48
44 47 -5664.48
44 48 -1343.1
44 49 -2327.93
44 50 -6050.0
44 51 -1940.0
45 52 17272.1
45 2 -2757.24
45 3 3112.76
45 4 -5243.79
45 6 -2920.0
45 7 -3410.0
45 8 -1055.86
45 9 -3961.38
45 10 -848.966
45 11 -2150.0
45 12 -913.103
45 13 -5690.0
45 14 -1748.97
45 15 -4860.0
45 16 -970.0
45 17 -4006.21
45 18 -5564.83
45 19 -471.034
45 20 -4990.0
45 21 470.0
45 22 -6310.0
45 23 -955.862
45 24 -5406.21
45 25 -1180.0
45 26 -78.9655
45 27 -4347.59
45 28 -1793.1
45 29 -5840.34
45 30 -3574.14
45 31 -4250.0
45 32 -3374.14
45 33 -932.069
45 35 -4814.14
45 36 -1644.14
45 37 -481.724
45 38 -2770.0
45 39 -1035.86
45 40 -4966.21
45 41 -7015.86
45 42 -5736.21
45 43 -3890.0
45 46 -2904.48
45 47 -4894.48
45 48 -1483.1
45 49 -2327.93
45 50 -5840.0
45 51 -1940.0
46 52 15112.1
46 2 -607.241
46 3 -427.241
46 4 -8443.79
46 6 -770.0
46 7 410.0
46 8 -4735.86
46 9 -4031.38
46 10 -3208.97
46 11 -5690.0
46 12 1586.9
46 13 -3950.0
46 14 -2028.97
46 15 -8890.0
46 16 -5760.0
46 17 -7966.21
46 18 -1404.83
46 19 -3311.03
46 20 -2560.0
46 21 -3900.0
46 22 -6800.0
46 23 -2895.86
46 24 -6376.21
46 25 -2920.0
46 26 -3688.97
46 27 -877.586
46 28 -1233.1
46 29 -6050.34
46 30 -6694.14
46 31 -8410.0
46 32 -3514.14
46 33 -2952.07
46 35 -6554.14
46 36 -5114.14
46 37 -3811.72
46 38 -2910.0
46 39 -345.862
46 40 -8376.21
46 41 -7085.86
46 42 -6016.21
46 43 -2090.0
46 45 -2318.97
46 47 -5874.48
46 48 -1003.1
46 49 -2187.93
46 50 -3620.0
46 51 -6240.0
47 52 17542.1
47 2 -47.2414
47 3 -1887.24
47 4 -3163.79
47 6 -2710.0
47 7 -3270.0
47 8 194.138
47 9 -1461.38
47 10 -3348.97
47 11 -3330.0
47 12 -1823.1
47 13 -3260.0
47 14 -2168.97
47 15 -4310.0
47 16 -5340.0
47 17 -3586.21
47 18 -4944.83
47 19 -4911.03
47 20 -4020.0
47 21 -1540.0
47 22 -1310.0
47 23 -5325.86
47 24 -476.207
47 25 -5210.0
47 26 -4248.97
47 27 -3507.59
47 28 2996.9
47 29 -840.345
47 30 -1834.14
47 31 -4250.0
47 32 -314.138
47 33 -3502.07
47 35 -654.138
47 36 -6644.14
47 37 -5341.72
47 38 -6450.0
47 39 -4095.86
47 40 -3236.21
47 41 -2015.86
47 42 -806.207
47 43 -3610.0
47 45 -2588.97
47 46 -4154.48
47 48 -3083.1
47 49 -3717.93
47 50 -3200.0
47 51 -6800.0
48 52 17272.1
48 2 -467.241
48 3 962.759
48 4 -6353.79
48 6 -280.0
48 7 -630.0
48 8 -2505.86
48 9 -2501.38
48 10 -918.966
48 11 -3400.0
48 12 1856.9
48 13 -3400.0
48 14 51.0345
48 15 -6600.0
48 16 -3610.0
48 17 -5676.21
48 18 -2854.83
48 19 -1581.03
48 20 -2360.0
48 21 -1610.0
48 22 -5340.0
48 23 -1515.86
48 24 -4716.21
48 25 -1530.0
48 26 -1608.97
48 27 -1637.59
48 28 -333.103
48 29 -4930.34
48 30 -4474.14
48 31 -6050.0
48 32 -2054.14
48 33 -792.069
48 35 -4674.14
48 36 -3794.14
48 37 -2211.72
48 38 -2220.0
48 39 214.138
48 40 -6216.21
48 41 -5905.86
48 42 -4626.21
48 43 -1390.0
48 45 -298.966
48 46 -404.483
48 47 -4204.48
48 49 102.069
48 50 -3480.0
48 51 -4440.0
49 52 17542.1
49 2 -327.241
49 3 892.759
49 4 -6013.79
49 6 -210.0
49 7 -700.0
49 8 -2235.86
49 9 -2291.38
49 10 -778.966
49 11 -3190.0
49 12 1656.9
49 13 -3260.0
49 14 331.034
49 15 -6390.0
49 16 -3540.0
49 17 -5466.21
49 18 -2924.83
49 19 -1651.03
49 20 -2290.0
49 21 -1470.0
49 22 -5130.0
49 23 -1715.86
49 24 -4506.21
49 25 -1670.0
49 26 -1538.97
49 27 -1707.59
49 28 -123.103
49 29 -4590.34
49 30 -4194.14
49 31 -5840.0
49 32 -1774.14
49 33 -652.069
49 35 -4334.14
49 36 -3864.14
49 37 -2281.72
49 38 -2430.0
49 39 -65.8621
49 40 -5876.21
49 41 -5625.86
49 42 -4416.21
49 43 -1250.0
49 45 -228.966
49 46 -674.483
49 47 -3924.48
49 48 1016.9
49 50 -3340.0
49 51 -4510.0
50 52 15532.1
50 2 3492.76
50 3 -2927.24
50 4 -6843.79
50 6 -1180.0
50 7 -630.0
50 8 -3415.86
50 9 -2221.38
50 10 -4188.97
50 11 -5620.0
50 12 -363.103
50 13 -760.0
50 14 -2308.97
50 15 -7850.0
50 16 -7010.0
50 17 -7126.21
50 18 -1744.83
50 19 -5531.03
50 20 -1800.0
50 21 -4110.0
50 22 -3530.0
50 23 -5535.86
50 24 -3256.21
50 25 -5420.0
50 26 -5218.97
50 27 -457.586
50 28 2796.9
50 29 -2370.34
50 30 -5374.14
50 31 -7650.0
50 32 -1424.14
50 33 -4132.07
50 35 -4334.14
50 36 -7614.14
50 37 -6101.72
50 38 -6040.0
50 39 -3465.86
50 40 -6846.21
50 41 -3335.86
50 42 -2616.21
50 43 -2160.0
50 45 -3838.97
50 46 -2204.48
50 47 -3504.48
50 48 -2663.1
50 49 -3437.93
50 51 -8190.0
51 52 15532.1
51 2 -4567.24
51 3 4642.76
51 4 -6013.79
51 6 -4590.0
51 7 -5010.0
51 8 -1745.86
51 9 -5771.38
51 10 -2658.97
51 11 -3540.0
51 12 -2513.1
51 13 -7560.0
51 14 -3558.97
51 15 -5210.0
51 16 -1590.0
51 17 -4426.21
51 18 -7164.83
51 19 -1581.03
51 20 -6730.0
51 21 -290.0
51 22 -7980.0
51 23 -1715.86
51 24 -7076.21
51 25 -2220.0
51 26 -1748.97
51 27 -6077.59
51 28 -3593.1
51 29 -7570.34
51 30 -4754.14
51 31 -4800.0
51 32 -5244.14
51 33 -2742.07
51 35 -6344.14
51 36 -114.138
51 37 -1101.72
51 38 -3540.0
51 39 -2145.86
51 40 -5736.21
51 41 -8755.86
51 42 -7476.21
51 43 -5630.0
51 45 601.034
51 46 -4284.48
51 47 -6564.48
51 48 -3083.1
51 49 -4067.93
51 50 -7650.0
52 2 0
52 3 0
52 4 0
52 5 0
52 6 0
52 7 0
52 8 0
52 9 0
52 10 0
52 11 0
52 12 0
52 13 0
52 14 0
52 15 0
52 16 0
52 17 0
52 18 0
52 19 0
52 20 0
52 21 0
52 22 0
52 23 0
52 24 0
52 25 0
52 26 0
52 27 0
52 28 0
52 29 0
52 30 0
52 31 0
52 32 0
52 33 0
52 34 0
52 35 0
52 36 0
52 37 0
52 38 0
52 39 0
52 40 0
52 41 0
52 42 0
52 43 0
52 44 0
52 45 0
52 46 0
52 47 0
52 48 0
52 49 0
52 50 0
52 51 0
2 1 0
3 1 0
4 1 0
5 1 0
6 1 0
7 1 0
8 1 0
9 1 0
10 1 0
11 1 0
12 1 0
13 1 0
14 1 0
15 1 0
16 1 0
17 1 0
18 1 0
19 1 0
20 1 0
21 1 0
22 1 0
23 1 0
24 1 0
25 1 0
26 1 0
27 1 0
28 1 0
29 1 0
30 1 0
31 1 0
32 1 0
33 1 0
34 1 0
35 1 0
36 1 0
37 1 0
38 1 0
39 1 0
40 1 0
41 1 0
42 1 0
43 1 0
44 1 0
45 1 0
46 1 0
47 1 0
48 1 0
49 1 0
50 1 0
51 1 0
52 1 0
