27 702
1
2
3
4
5
6
7
8
9
10
11
12
13
14
15
16
17
18
19
20
21
22
23
24
25
26
27
1 27 -0.0
1 2 -19860.0
1 3 -22586.4
1 4 -20832.7
1 5 -23300.0
1 6 -20419.1
1 7 -20210.0
1 8 -24430.0
1 9 -21706.4
1 10 -22073.6
1 11 -23346.4
1 12 -20140.0
1 13 -21472.7
1 14 -22079.1
1 15 -19006.4
1 16 -22299.1
1 17 -19660.0
1 18 -20623.6
1 19 -23519.1
1 20 -19966.4
1 21 -22653.6
1 22 -21949.1
1 23 -23760.0
1 24 -18742.7
1 25 -21634.5
1 26 -21435.5
2 27 19300.0
2 3 -1536.36
2 4 -1102.73
2 5 -2460.0
2 6 -759.091
2 7 -350.0
2 8 -5460.0
2 9 -2806.36
2 10 -3173.64
2 11 -2366.36
2 12 -840.0
2 13 -1252.73
2 14 -1589.09
2 15 793.636
2 16 -1939.09
2 17 -690.0
2 18 426.364
2 19 -3439.09
2 20 -786.364
2 21 -1743.64
2 22 -2979.09
2 23 -2780.0
2 24 987.273
2 25 -2664.55
2 26 -595.455
3 27 15970.0
3 2 -2080.0
3 4 -3602.73
3 5 -1830.0
3 6 -3189.09
3 7 -3470.0
3 8 -8650.0
3 9 -5856.36
3 10 -6433.64
3 11 553.636
3 12 -4170.0
3 13 -3332.73
3 14 -1659.09
3 15 -316.364
3 16 -3399.09
3 17 -3810.0
3 18 356.364
3 19 -3929.09
3 20 -3916.36
3 21 -563.636
3 22 -6179.09
3 23 -690.0
3 24 -882.727
3 25 -5924.55
3 26 -1005.45
4 27 17780.0
4 2 -1590.0
4 3 -3546.36
4 5 -2730.0
4 6 -3049.09
4 7 -2640.0
4 8 -3790.0
4 9 -3566.36
4 10 -3453.64
4 11 -4446.36
4 12 -2570.0
4 13 -482.727
4 14 -4299.09
4 15 -1566.36
4 16 -1039.09
4 17 -1730.0
4 18 -1583.64
4 19 -6009.09
4 20 253.636
4 21 -2363.64
4 22 -1869.09
4 23 -4030.0
4 24 3697.27
4 25 -1134.55
4 26 -1215.45
5 27 15970.0
5 2 -2290.0
5 3 -1116.36
5 4 -2072.73
5 6 -4229.09
5 7 -3890.0
5 8 -7540.0
5 9 -6206.36
5 10 -6433.64
5 11 -2226.36
5 12 -4240.0
5 13 -1872.73
5 14 -3879.09
5 15 -2326.36
5 16 -1529.09
5 17 -4160.0
5 18 -273.636
5 19 -6149.09
5 20 -3016.36
5 21 1246.36
5 22 -5409.09
5 23 -1040.0
5 24 1617.27
5 25 -4814.55
5 26 314.545
6 27 18540.0
6 2 -900.0
6 3 -2786.36
6 4 -2702.73
6 5 -4540.0
6 7 -900.0
6 8 -5740.0
6 9 -1346.36
6 10 -2203.64
6 11 -3476.36
6 12 -1670.0
6 13 -3262.73
6 14 -889.091
6 15 2743.64
6 16 -3959.09
6 17 490.0
6 18 -1313.64
6 19 -1779.09
6 20 -1696.36
6 21 -3753.64
6 22 -3259.09
6 23 -4510.0
6 24 -612.727
6 25 -2874.55
6 26 -2675.45
7 27 19650.0
7 2 350.0
7 3 -2226.36
7 4 -1452.73
7 5 -3360.0
7 6 -59.0909
7 8 -5180.0
7 9 -1966.36
7 10 -2473.64
7 11 -2986.36
7 12 -490.0
7 13 -1942.73
7 14 -1379.09
7 15 1423.64
7 16 -2639.09
7 17 140.0
7 18 -403.636
7 19 -2889.09
7 20 -656.364
7 21 -2643.64
7 22 -2639.09
7 23 -3610.0
7 24 637.273
7 25 -2384.55
7 26 -1495.45
8 27 15760.0
8 2 -4370.0
8 3 -7016.36
8 4 -2212.73
8 5 -6620.0
8 6 -4509.09
8 7 -4790.0
8 9 -2596.36
8 10 -2063.64
8 11 -7846.36
8 12 -4730.0
8 13 -4232.73
8 14 -6589.09
8 15 -2326.36
8 16 -4929.09
8 17 -1870.0
8 18 -4923.64
8 19 -7469.09
8 20 -1416.36
8 21 -6183.64
8 22 -829.091
8 23 -7780.0
8 24 2727.27
8 25 2475.45
8 26 -4965.45
9 27 16870.0
9 2 -3330.0
9 3 -5836.36
9 4 -3602.73
9 5 -6900.0
9 6 -1729.09
9 7 -3190.0
9 8 -4210.0
9 10 366.364
9 11 -6526.36
9 12 -3480.0
9 13 -4862.73
9 14 -3739.09
9 15 1773.64
9 16 -5689.09
9 17 910.0
9 18 -4083.64
9 19 -3719.09
9 20 -2176.36
9 21 -6253.64
9 22 -2359.09
9 23 -7290.0
9 24 -812.727
9 25 -1344.55
9 26 -4965.45
10 27 16940.0
10 2 -3260.0
10 3 -5976.36
10 4 -3052.73
10 5 -6690.0
10 6 -2149.09
10 7 -3260.0
10 8 -3240.0
10 9 803.636
10 11 -6666.36
10 12 -3410.0
10 13 -4512.73
10 14 -4299.09
10 15 933.636
10 16 -5279.09
10 17 770.0
10 18 -4083.64
10 19 -4549.09
10 20 -1556.36
10 21 -6113.64
10 22 -1459.09
10 23 -7290.0
10 24 17.2727
10 25 -374.545
10 26 -4825.45
11 27 16110.0
11 2 -2010.0
11 3 1453.64
11 4 -3602.73
11 5 -2040.0
11 6 -2979.09
11 7 -3330.0
11 8 -8580.0
11 9 -5646.36
11 10 -6223.64
11 12 -4030.0
11 13 -3402.73
11 14 -1379.09
11 15 -36.3636
11 16 -3469.09
11 17 -3540.0
11 18 426.364
11 19 -3649.09
11 20 -3846.36
11 21 -833.636
11 22 -6109.09
11 23 -900.0
11 24 -952.727
11 25 -5724.55
11 26 -1075.45
12 27 20140.0
12 2 280.0
12 3 -2506.36
12 4 -962.727
12 5 -3290.0
12 6 -409.091
12 7 -70.0
12 8 -4700.0
12 9 -1836.36
12 10 -2203.64
12 11 -3266.36
12 13 -1602.73
12 14 -1869.09
12 15 1073.64
12 16 -2359.09
12 17 210.0
12 18 -543.636
12 19 -3439.09
12 20 -166.364
12 21 -2643.64
12 22 -2149.09
12 23 -3750.0
12 24 1057.27
12 25 -1834.55
12 26 -1425.45
13 27 18050.0
13 2 -830.0
13 3 -2366.36
13 4 427.273
13 5 -1620.0
13 6 -2699.09
13 7 -2220.0
13 8 -4900.0
13 9 -3916.36
13 10 -4003.64
13 11 -3336.36
13 12 -2300.0
13 14 -3599.09
13 15 -1216.36
13 16 -69.0909
13 17 -1940.0
13 18 -473.636
13 19 -5459.09
13 20 -376.364
13 21 -1253.64
13 22 -2769.09
13 23 -2850.0
13 24 2997.27
13 25 -2244.55
13 26 -35.4545
14 27 16530.0
14 2 -2080.0
14 3 -1606.36
14 4 -4302.73
14 5 -4540.0
14 6 -1239.09
14 7 -2570.0
14 8 -8170.0
14 9 -3706.36
14 10 -4703.64
14 11 -2226.36
14 12 -3480.0
14 13 -4512.73
14 15 3023.64
14 16 -4929.09
14 17 -2010.0
14 18 -1173.64
14 19 -599.091
14 20 -3776.36
14 21 -3473.64
14 22 -5619.09
14 23 -3820.0
14 24 -2272.73
14 25 -5304.55
14 26 -3025.45
15 27 14580.0
15 2 -4720.0
15 3 -5286.36
15 4 -6592.73
15 5 -8010.0
15 6 -2629.09
15 7 -4790.0
15 8 -8930.0
15 9 -3216.36
15 10 -4493.64
15 11 -5906.36
15 12 -5560.0
15 13 -7152.73
15 14 -1999.09
15 16 -7779.09
15 17 -2430.0
15 18 -4573.64
15 19 30.9091
15 20 -5516.36
15 21 -7013.64
15 22 -6659.09
15 23 -7430.0
15 24 -4492.73
15 25 -6064.55
15 26 -6215.45
16 27 17430.0
16 2 -1310.0
16 3 -2226.36
16 4 77.2727
16 5 -1070.0
16 6 -3189.09
16 7 -2710.0
16 8 -5390.0
16 9 -4536.36
16 10 -4563.64
16 11 -3196.36
16 12 -2850.0
16 13 137.273
16 14 -3809.09
16 15 -1636.36
16 17 -2560.0
16 18 -473.636
16 19 -5799.09
16 20 -996.364
16 21 -763.636
16 22 -3329.09
16 23 -2570.0
16 24 3067.27
16 25 -2664.55
16 26 244.545
17 27 18260.0
17 2 -1870.0
17 3 -4446.36
17 4 -2422.73
17 5 -5510.0
17 6 -549.091
17 7 -1740.0
17 8 -4140.0
17 9 253.636
17 10 -323.636
17 11 -5076.36
17 12 -2090.0
17 13 -3542.73
17 14 -2699.09
17 15 1903.64
17 16 -4369.09
17 18 -2633.64
17 19 -3169.09
17 20 -1066.36
17 21 -4863.64
17 22 -1869.09
17 23 -5830.0
17 24 17.2727
17 25 -1274.55
17 26 -3575.45
18 27 17570.0
18 2 -480.0
18 3 -6.36364
18 4 -2002.73
18 5 -1350.0
18 6 -2079.09
18 7 -2010.0
18 8 -6920.0
18 9 -4466.36
18 10 -4903.64
18 11 -836.364
18 12 -2570.0
18 13 -1802.73
18 14 -1589.09
18 15 33.6364
18 16 -2009.09
18 17 -2360.0
18 19 -3789.09
18 20 -2246.36
18 21 -353.636
18 22 -4509.09
18 23 -1110.0
18 24 437.273
18 25 -4194.55
18 26 174.545
19 27 15140.0
19 2 -3880.0
19 3 -3826.36
19 4 -5962.73
19 5 -6760.0
19 6 -2079.09
19 7 -4030.0
19 8 -9000.0
19 9 -3636.36
19 10 -4903.64
19 11 -4446.36
19 12 -5000.0
19 13 -6322.73
19 14 -549.091
19 15 5103.64
19 16 -6869.09
19 17 -2430.0
19 18 -3323.64
19 20 -5096.36
19 21 -5763.64
19 22 -6589.09
19 23 -6040.0
19 24 -3942.73
19 25 -6134.55
19 26 -5105.45
20 27 18610.0
20 2 -1310.0
20 3 -3896.36
20 4 217.273
20 5 -3710.0
20 6 -2079.09
20 7 -1880.0
20 8 -3030.0
20 9 -2176.36
20 10 -1993.64
20 11 -4726.36
20 12 -1810.0
20 13 -1322.73
20 14 -3809.09
20 15 -526.364
20 16 -2149.09
20 17 -410.0
20 18 -1863.64
20 19 -5179.09
20 21 -3263.64
20 22 -689.091
20 23 -4720.0
20 24 2727.27
20 25 -234.545
20 26 -1915.45
21 27 15830.0
21 2 -2360.0
21 3 -636.364
21 4 -2492.73
21 5 460.0
21 6 -4229.09
21 7 -3960.0
21 8 -7890.0
21 9 -6346.36
21 10 -6643.64
21 11 -1806.36
21 12 -4380.0
21 13 -2292.73
21 14 -3599.09
21 15 -2116.36
21 16 -2009.09
21 17 -4300.0
21 18 -63.6364
21 19 -5939.09
21 20 -3356.36
21 22 -5759.09
21 23 -420.0
21 24 1057.27
21 25 -5234.55
21 26 104.545
22 27 17430.0
22 2 -2700.0
22 3 -5356.36
22 4 -1102.73
22 5 -5300.0
22 6 -2839.09
22 7 -3060.0
22 8 -1640.0
22 9 -1556.36
22 10 -1093.64
22 11 -6186.36
22 12 -2990.0
22 13 -2912.73
22 14 -4849.09
22 15 -866.364
22 16 -3679.09
22 17 -410.0
22 18 -3323.64
22 19 -5869.09
22 20 113.636
22 21 -4863.64
22 23 -6320.0
22 24 2447.27
22 25 1225.45
22 26 -3575.45
23 27 15900.0
23 2 -2220.0
23 3 413.636
23 4 -2982.73
23 5 -650.0
23 6 -3809.09
23 7 -3750.0
23 8 -8310.0
23 9 -6206.36
23 10 -6643.64
23 11 -696.364
23 12 -4310.0
23 13 -2712.73
23 14 -2769.09
23 15 -1356.36
23 16 -2639.09
23 17 -4090.0
23 18 356.364
23 19 -5039.09
23 20 -3636.36
23 21 756.364
23 22 -6039.09
23 24 87.2727
23 25 -5584.55
23 26 -245.455
24 27 13750.0
24 2 -5620.0
24 3 -6946.36
24 4 -2422.73
24 5 -5160.0
24 6 -7079.09
24 7 -6670.0
24 8 -4970.0
24 9 -6896.36
24 10 -6503.64
24 11 -7916.36
24 12 -6670.0
24 13 -4032.73
24 14 -8389.09
24 15 -5586.36
24 16 -4169.09
24 17 -5410.0
24 18 -5263.64
24 19 -10109.1
24 20 -3356.36
24 21 -4933.64
24 22 -4439.09
24 23 -7080.0
24 25 -2524.55
24 26 -4345.45
25 27 15900.0
25 2 -4230.0
25 3 -6946.36
25 4 -2212.73
25 5 -6550.0
25 6 -4299.09
25 7 -4650.0
25 8 -180.0
25 9 -2386.36
25 10 -1853.64
25 11 -7646.36
25 12 -4520.0
25 13 -4232.73
25 14 -6379.09
25 15 -2116.36
25 16 -4859.09
25 17 -1660.0
25 18 -4853.64
25 19 -7259.09
25 20 -1276.36
25 21 -6183.64
25 22 -619.091
25 23 -7710.0
25 24 2517.27
25 26 -4895.45
26 27 17220.0
26 2 -1040.0
26 3 -906.364
26 4 -1172.73
26 5 -300.0
26 6 -2979.09
26 7 -2640.0
26 8 -6500.0
26 9 -4886.36
26 10 -5183.64
26 11 -1876.36
26 12 -2990.0
26 13 -902.727
26 14 -2979.09
26 15 -1146.36
26 16 -829.091
26 17 -2840.0
26 18 636.364
26 19 -5109.09
26 20 -1836.36
26 21 276.364
26 22 -4299.09
26 23 -1250.0
26 24 1817.27
26 25 -3774.55
27 2 0
27 3 0
27 4 0
27 5 0
27 6 0
27 7 0
27 8 0
27 9 0
27 10 0
27 11 0
27 12 0
27 13 0
27 14 0
27 15 0
27 16 0
27 17 0
27 18 0
27 19 0
27 20 0
27 21 0
27 22 0
27 23 0
27 24 0
27 25 0
27 26 0
2 1 0
3 1 0
4 1 0
5 1 0
6 1 0
7 1 0
8 1 0
9 1 0
10 1 0
11 1 0
12 1 0
13 1 0
14 1 0
15 1 0
16 1 0
17 1 0
18 1 0
19 1 0
20 1 0
21 1 0
22 1 0
23 1 0
24 1 0
25 1 0
26 1 0
27 1 0
