52 2406
1
2
3
4
5
6
7
8
9
10
11
12
13
14
15
16
17
18
19
20
21
22
23
24
25
26
27
28
29
30
31
32
33
34
35
36
37
38
39
40
41
42
43
44
45
46
47
48
49
50
51
52
1 52 -0.0
1 2 -24110.0
1 3 -24590.0
1 4 -24240.0
1 5 -20844.6
1 6 -20192.7
1 8 -24380.0
1 9 -25000.0
1 10 -23568.1
1 11 -22850.0
1 12 -20621.9
1 13 -22461.1
1 14 -21390.0
1 15 -24800.0
1 16 -20783.8
1 17 -20658.2
1 18 -20715.0
1 19 -20879.7
1 20 -21810.0
1 21 -24460.8
1 22 -23328.6
1 23 -23890.0
1 24 -23640.0
1 25 -21251.6
1 26 -24125.5
1 27 -23326.2
1 28 -21533.0
1 29 -22925.7
1 30 -24188.4
1 31 -20992.8
1 32 -20006.3
1 35 -24800.0
1 36 -23383.7
1 37 -24079.3
1 38 -22274.5
1 39 -22650.0
1 40 -23485.4
1 41 -22990.0
1 42 -20796.3
1 43 -25000.0
1 44 -21851.1
1 45 -21914.6
1 47 -23826.7
1 48 -21340.0
1 49 -19659.1
1 50 -20785.7
1 51 -25630.0
2 52 14758.8
2 3 -1450.0
2 4 -2630.0
2 5 -5188990.0
2 6 -5187990.0
2 7 -5188550.0
2 8 -5192740.0
2 9 -5191270.0
2 10 -5191590.0
2 11 -5189450.0
2 12 -5186650.0
2 13 -5185850.0
2 14 -5189030.0
2 15 -5190220.0
2 16 -5184610.0
2 17 -5189000.0
2 18 -5185480.0
2 19 -5189290.0
2 20 -5190370.0
2 21 -5192690.0
2 22 -5186090.0
2 23 -2700.0
2 24 -5186540.0
2 25 -5185400.0
2 26 -5187940.0
2 27 -5188750.0
2 28 -5188840.0
2 29 1324.34
2 30 -5191860.0
2 31 -5187650.0
2 32 -5187300.0
2 34 -5187370.0
2 35 -5193440.0
2 36 -5191950.0
2 37 -5191190.0
2 38 -5186710.0
2 39 -5187510.0
2 40 -5191220.0
2 41 -5188190.0
2 42 -5189140.0
2 43 -5191910.0
2 44 -5187830.0
2 45 -5190550.0
2 47 -5190790.0
2 48 -5190030.0
2 49 -5188000.0
2 50 2764.33
2 51 -5187000.0
3 52 15168.8
3 2 -560.0
3 4 -5187420.0
3 5 -5188220.0
3 6 -5188060.0
3 7 -5187990.0
3 8 -5192600.0
3 9 -5191760.0
3 10 -5191590.0
3 11 -5188470.0
3 12 -5186230.0
3 13 -721.14
3 14 -5188260.0
3 15 -5189030.0
3 16 -5183280.0
3 17 -5188860.0
3 18 -5184920.0
3 19 -5189150.0
3 20 -5190090.0
3 21 -5192550.0
3 22 -5184830.0
3 23 -1450.0
3 24 -5185210.0
3 25 -901.616
3 26 -5186680.0
3 27 -5187630.0
3 28 -5187860.0
3 29 424.337
3 30 -5190880.0
3 31 -5186810.0
3 32 -5186740.0
3 34 -5187510.0
3 35 -5193020.0
3 36 -5191320.0
3 37 -5191470.0
3 38 -5185520.0
3 39 -5188210.0
3 40 -5190380.0
3 41 -5188610.0
3 42 -5189000.0
3 43 -5192260.0
3 44 -5188320.0
3 45 -5190130.0
3 47 -5189740.0
3 48 -5189750.0
3 49 -5187790.0
3 50 2414.33
3 51 -5188190.0
4 52 15518.8
4 2 -5185620.0
4 3 -5187420.0
4 5 -5188710.0
4 6 -5186100.0
4 7 -5188060.0
4 8 -5191270.0
4 9 -5188960.0
4 10 -5189770.0
4 11 -5189870.0
4 12 -5186300.0
4 13 -5187250.0
4 14 -5188960.0
4 15 -5191270.0
4 16 -5186220.0
4 17 -5187530.0
4 18 -5185690.0
4 19 -5188170.0
4 20 -5189250.0
4 21 -5191010.0
4 22 -5187840.0
4 23 -5188120.0
4 24 -5188290.0
4 25 -5185890.0
4 26 -5189340.0
4 27 -5189730.0
4 28 -5189050.0
4 29 -825.663
4 30 -5191860.0
4 31 -5187930.0
4 32 -5187160.0
4 34 -5185620.0
4 35 -5192250.0
4 36 -5191180.0
4 37 -5189020.0
4 38 -5187900.0
4 39 -5185060.0
4 40 -5191220.0
4 41 -2150.0
4 42 -5187810.0
4 43 -5189740.0
4 44 -5185520.0
4 45 -5189430.0
4 47 -5191210.0
4 48 -5188980.0
4 49 -5186880.0
4 50 964.326
4 51 -1520.0
5 52 15098.8
5 2 -5191920.0
5 3 -5192040.0
5 4 -5192530.0
5 6 -5185540.0
5 7 -823.023
5 8 -5188470.0
5 9 -5191970.0
5 10 -5188230.0
5 11 -5187770.0
5 12 -5188820.0
5 13 -5189000.0
5 14 -5187350.0
5 15 -5188680.0
5 16 -5185170.0
5 17 -5187250.0
5 18 -5188560.0
5 19 -5188170.0
5 20 -5186730.0
5 21 -5188630.0
5 22 -5189660.0
5 23 -5190850.0
5 24 -5189760.0
5 25 -5188970.0
5 26 -5190110.0
5 27 -5188050.0
5 28 -3.04651
5 29 -5190800.0
5 30 -148.36
5 31 -5187230.0
5 32 -5187440.0
5 34 -5188770.0
5 35 -5187420.0
5 36 -1223.67
5 37 -5190140.0
5 38 -5188040.0
5 39 -5190520.0
5 40 -355.36
5 41 -5191270.0
5 42 -5188020.0
5 43 -5190930.0
5 44 -5189300.0
5 45 -5184460.0
5 47 -5186520.0
5 48 -5186810.0
5 49 -5187510.0
5 50 -5188660.0
5 51 -5193930.0
6 52 15028.8
6 2 -5191640.0
6 3 -5192600.0
6 4 -5190640.0
6 5 -5186260.0
6 7 -5186730.0
6 8 -1940.0
6 9 -5186720.0
6 10 671.86
6 11 -5190850.0
6 12 -5188890.0
6 13 -5190820.0
6 14 -5189380.0
6 15 -5192740.0
6 16 -5188880.0
6 17 -5185010.0
6 18 -5189050.0
6 19 -5187050.0
6 20 -5186100.0
6 21 -980.779
6 22 -5191760.0
6 23 -5192180.0
6 24 -5192000.0
6 25 -5189530.0
6 26 -5192490.0
6 27 -5191410.0
6 28 -5188560.0
6 29 -5190520.0
6 30 -5190040.0
6 31 -5189330.0
6 32 -5188490.0
6 34 -5186390.0
6 35 -5187280.0
6 36 -5187960.0
6 37 -319.291
6 38 -5190630.0
6 39 -5186460.0
6 40 -5189750.0
6 41 -5188680.0
6 42 -5186410.0
6 43 -5184910.0
6 44 -5184750.0
6 45 -5184670.0
6 47 -5191140.0
6 48 -5186460.0
6 49 -5186600.0
6 50 -5188520.0
6 51 -5191620.0
7 52 17738.8
7 2 -5189610.0
7 3 -5189940.0
7 4 -5190010.0
7 5 -5182830.0
7 6 -5184140.0
7 8 -5187630.0
7 9 -5189870.0
7 10 -5187180.0
7 11 -5186440.0
7 12 -5186370.0
7 13 -5187250.0
7 14 -1310.0
7 15 -5188190.0
7 16 -5184470.0
7 17 -5185080.0
7 18 -5186250.0
7 19 -1779.73
7 20 -1110.0
7 21 -5187790.0
7 22 -5188050.0
7 23 -5188960.0
7 24 -5188290.0
7 25 -5186730.0
7 26 -5188640.0
7 27 -5187070.0
7 28 -5184010.0
7 29 -5188490.0
7 30 -5186190.0
7 31 -5185340.0
7 32 -5185130.0
7 34 -5186320.0
7 35 -5187420.0
7 36 -1573.67
7 37 -5188460.0
7 38 -5186570.0
7 39 -5188070.0
7 40 -5185550.0
7 41 -5188750.0
7 42 -5185640.0
7 43 -5189320.0
7 44 -5187060.0
7 45 -5184460.0
7 47 -5186520.0
7 48 -840.0
7 49 -5184990.0
7 50 -5186350.0
7 51 -5191410.0
8 52 15378.8
8 2 -5191850.0
8 3 -5192600.0
8 4 -5191270.0
8 5 -5184650.0
8 6 -5181340.0
8 7 -5185680.0
8 9 -5188330.0
8 10 121.86
8 11 -5189940.0
8 12 -5188750.0
8 13 -5190400.0
8 14 -5188610.0
8 15 -5191760.0
8 16 -5188040.0
8 17 -5184870.0
8 18 -5188910.0
8 19 -5186840.0
8 20 -5185050.0
8 21 -290.779
8 22 -5191270.0
8 23 -5191900.0
8 24 -5191510.0
8 25 -5189320.0
8 26 -5191930.0
8 27 -5190570.0
8 28 -5187300.0
8 29 -5190730.0
8 30 -5188430.0
8 31 -5188630.0
8 32 -5188000.0
8 34 -5186880.0
8 35 -1590.0
8 36 -5186280.0
8 37 -5186010.0
8 38 -5189930.0
8 39 -5187650.0
8 40 -5188280.0
8 41 -5189380.0
8 42 -5186270.0
8 43 -5186660.0
8 44 -5186080.0
8 45 1015.36
8 47 -5189880.0
8 48 -5185620.0
8 49 -5186390.0
8 50 -5188660.0
8 51 -5192460.0
9 52 14688.8
9 2 -5190450.0
9 3 -5191830.0
9 4 -5189030.0
9 5 -5188220.0
9 6 1627.35
9 7 -5187990.0
9 8 -5188400.0
9 10 -5185990.0
9 11 -5191550.0
9 12 -5188610.0
9 13 -5190680.0
9 14 -5190150.0
9 15 -5193440.0
9 16 -5189230.0
9 17 -5185990.0
9 18 -5188700.0
9 19 -5187680.0
9 20 -5187780.0
9 21 -5187650.0
9 22 -5191550.0
9 23 -5191830.0
9 24 -5191860.0
9 25 -5189110.0
9 26 -5192560.0
9 27 -5192040.0
9 28 -5189890.0
9 29 -5189400.0
9 30 -5191860.0
9 31 -5189750.0
9 32 -5188770.0
9 34 -5185690.0
9 35 -5189800.0
9 36 -5189990.0
9 37 -389.291
9 38 -5190770.0
9 39 -140.0
9 40 -5191360.0
9 41 -5187280.0
9 42 -5187040.0
9 43 -900.0
9 44 1558.9
9 45 -5187120.0
9 47 -5192330.0
9 48 -5187860.0
9 49 -5186950.0
9 50 -5187540.0
9 51 -5189660.0
10 52 14618.8
10 2 -5192270.0
10 3 -5193160.0
10 4 -5191340.0
10 5 -5185980.0
10 6 3637.35
10 7 -5186800.0
10 8 -1450.0
10 9 -5187490.0
10 11 -5190990.0
10 12 -5189310.0
10 13 -5191170.0
10 14 -5189590.0
10 15 -5192880.0
10 16 -5189090.0
10 17 -5185360.0
10 18 -5189470.0
10 19 -5187470.0
10 20 -5186100.0
10 21 -290.779
10 22 -5192110.0
10 23 -5192600.0
10 24 -5192350.0
10 25 -5189950.0
10 26 -5192840.0
10 27 -5191620.0
10 28 -5188560.0
10 29 -5191150.0
10 30 -5189760.0
10 31 -5189610.0
10 32 -5188840.0
10 34 -5187020.0
10 35 -5186720.0
10 36 -5187610.0
10 37 -949.291
10 38 -5190910.0
10 39 -5187230.0
10 40 -5189610.0
10 41 -5189380.0
10 42 -5186830.0
10 43 -5185400.0
10 44 -5185520.0
10 45 -5184180.0
10 47 -5191070.0
10 48 -5186600.0
10 49 -5187020.0
10 50 -5189080.0
10 51 -5192390.0
11 52 16908.8
11 2 -5188560.0
11 3 -5188470.0
11 4 -5189870.0
11 5 -5183950.0
11 6 -5186310.0
11 7 -5184490.0
11 8 -5189940.0
11 9 -5191480.0
11 10 -5189420.0
11 12 -5186020.0
11 13 -5185290.0
11 14 -1030.0
11 15 -5186020.0
11 16 -5182160.0
11 17 -5187040.0
11 18 -5185410.0
11 19 -5187330.0
11 20 -5187360.0
11 21 -5190100.0
11 22 -5186020.0
11 23 -5187210.0
11 24 -5186120.0
11 25 -5185750.0
11 26 -5186400.0
11 27 -746.186
11 28 486.953
11 29 -5187440.0
11 30 -5186540.0
11 31 -12.8372
11 32 -5184850.0
11 34 -5187300.0
11 35 -5189730.0
11 36 -5187540.0
11 37 -5190420.0
11 38 -5184400.0
11 39 -5189050.0
11 40 -5185970.0
11 41 -5189380.0
11 42 -5187250.0
11 43 -5191280.0
11 44 -5188390.0
11 45 -5186770.0
11 47 -1526.65
11 48 -5187020.0
11 49 -5186250.0
11 50 -5185300.0
11 51 -5191200.0
12 52 18298.8
12 2 -5186600.0
12 3 -5187070.0
12 4 -5187140.0
12 5 -5185840.0
12 6 -5185190.0
12 7 -5185260.0
12 8 -5189590.0
12 9 -5189380.0
12 10 -5188580.0
12 11 -5186860.0
12 13 -5185290.0
12 14 -5185880.0
12 15 -5188470.0
12 16 -5183980.0
12 17 -5185850.0
12 18 545.035
12 19 -5186140.0
12 20 -5187080.0
12 21 -5189540.0
12 22 -5186160.0
12 23 -5186580.0
12 24 -5186540.0
12 25 138.384
12 26 -5187170.0
12 27 -5186930.0
12 28 -5186040.0
12 29 -5185410.0
12 30 -5188850.0
12 31 -982.837
12 32 -76.3488
12 34 -5184990.0
12 35 -5190080.0
12 36 -5188590.0
12 37 -5188810.0
12 38 -5185450.0
12 39 -5186460.0
12 40 -5188210.0
12 41 -5186720.0
12 42 -5185990.0
12 43 -5189670.0
12 44 -5186150.0
12 45 -5187190.0
12 47 -5188200.0
12 48 -5186740.0
12 49 -5184780.0
12 50 -5183340.0
12 51 -5188470.0
13 52 15868.8
13 2 -5186390.0
13 3 -5186090.0
13 4 -5188680.0
13 5 -5186610.0
13 6 -5187710.0
13 7 -5186730.0
13 8 -5191830.0
13 9 -5192040.0
13 10 -5191030.0
13 11 -5186720.0
13 12 -5185880.0
13 14 -5186930.0
13 15 -5187000.0
13 16 -5181600.0
13 17 -5188300.0
13 18 -5184570.0
13 19 -5188520.0
13 20 -5189180.0
13 21 -5191850.0
13 22 431.372
13 23 -760.0
13 24 120.0
13 25 -5184630.0
13 26 -785.477
13 27 -5185670.0
13 28 -5186040.0
13 29 -5185340.0
13 30 -5189130.0
13 31 -5185340.0
13 32 -5185690.0
13 34 -5187580.0
13 35 -5191970.0
13 36 -5189990.0
13 37 -5191400.0
13 38 435.477
13 39 -5188910.0
13 40 -5188630.0
13 41 -5189170.0
13 42 -5188440.0
13 43 -5192260.0
13 44 -5188670.0
13 45 -5189010.0
13 47 -5187920.0
13 48 -5188840.0
13 49 -5187230.0
13 50 -5183200.0
13 51 -5189730.0
14 52 18088.8
14 2 -5188420.0
14 3 -5188540.0
14 4 -5189240.0
14 5 -5183810.0
14 6 -5185120.0
14 7 356.977
14 8 -5188890.0
14 9 -5190360.0
14 10 -5188300.0
14 11 -1310.0
14 12 -5185320.0
14 13 -5185780.0
14 15 -5187210.0
14 16 -5183280.0
14 17 -5185850.0
14 18 -5185060.0
14 19 -5186140.0
14 20 -5186310.0
14 21 -5189050.0
14 22 -5186580.0
14 23 -5187490.0
14 24 -5186820.0
14 25 -5185470.0
14 26 -5187170.0
14 27 -5185880.0
14 28 -5183940.0
14 29 -5187300.0
14 30 -5186750.0
14 31 127.163
14 32 -6.34884
14 34 -5186180.0
14 35 -5188890.0
14 36 -5186910.0
14 37 -5189230.0
14 38 -5185170.0
14 39 -5188070.0
14 40 -5186110.0
14 41 -5188400.0
14 42 -5186130.0
14 43 -5190090.0
14 44 -5187270.0
14 45 -5185930.0
14 47 -5186240.0
14 48 -5185900.0
14 49 -5185060.0
14 50 -5185090.0
14 51 -5190570.0
15 52 14958.8
15 2 -5189330.0
15 3 -5189030.0
15 4 -5191270.0
15 5 -5184860.0
15 6 -5188200.0
15 7 -5186240.0
15 8 -5191760.0
15 9 -5193370.0
15 10 -5191310.0
15 11 -2080.0
15 12 -5187630.0
15 13 -5185570.0
15 14 -5186930.0
15 16 3386.19
15 17 -5188930.0
15 18 -5186740.0
15 19 -5189220.0
15 20 -5189180.0
15 21 -5191920.0
15 22 -5185880.0
15 23 -5187700.0
15 24 -5185840.0
15 25 -5187010.0
15 26 -5186330.0
15 27 -336.186
15 28 -5184150.0
15 29 -5188280.0
15 30 -5186960.0
15 31 -5185760.0
15 32 -5186600.0
15 34 -5189120.0
15 35 -5191340.0
15 36 -5189010.0
15 37 -5192380.0
15 38 -534.523
15 39 -5190870.0
15 40 -5186740.0
15 41 -5191130.0
15 42 -5189210.0
15 43 -5193240.0
15 44 -5190280.0
15 45 -5188380.0
15 47 -1806.65
15 48 -5188910.0
15 49 -5188140.0
15 50 -5186140.0
15 51 -5192460.0
16 52 13578.8
16 2 -5189120.0
16 3 -5188680.0
16 4 -5191620.0
16 5 -5186750.0
16 6 -5189740.0
16 7 -5187920.0
16 8 -5193440.0
16 9 -5194560.0
16 10 -5192920.0
16 11 -5187560.0
16 12 -5188540.0
16 13 -5185570.0
16 14 -5188400.0
16 15 -2010.0
16 17 -5190400.0
16 18 -5187370.0
16 19 -5190620.0
16 20 -5190790.0
16 21 -5193530.0
16 22 -5185320.0
16 23 -5187630.0
16 25 -5187500.0
16 26 -2315.48
16 27 -1726.19
16 28 -5186040.0
16 29 -5188140.0
16 30 -5188780.0
16 31 -5187020.0
16 32 -5187790.0
16 34 -5190170.0
16 35 -5193160.0
16 36 -5190830.0
16 37 -5193710.0
16 39 -5191710.0
16 40 -5188630.0
16 41 -5191970.0
16 42 -5190610.0
16 43 -5194570.0
16 44 -5191330.0
16 45 -5190130.0
16 47 -5187640.0
16 48 -5190450.0
16 49 -5189470.0
16 50 -5186070.0
16 51 -5192670.0
17 52 17598.8
17 2 -5189610.0
17 3 -5190360.0
17 4 -5189030.0
17 5 -5184930.0
17 6 -5181970.0
17 7 -5184630.0
17 8 -5186370.0
17 9 -5187420.0
17 10 -5185290.0
17 11 -5188540.0
17 12 -5186510.0
17 13 -5188370.0
17 14 -5187070.0
17 15 -5190430.0
17 16 -5186500.0
17 18 -5186740.0
17 19 -669.733
17 20 -620.0
17 21 -5186320.0
17 22 -5189310.0
17 23 -5189800.0
17 24 -5189620.0
17 25 -5187150.0
17 26 -5190110.0
17 27 -5189100.0
17 28 -5186530.0
17 29 -5188490.0
17 30 -5188500.0
17 31 -5186950.0
17 32 -5186040.0
17 34 -5184640.0
17 35 -5187350.0
17 36 -5186840.0
17 37 -5186010.0
17 38 -5188180.0
17 39 -5185970.0
17 40 -5188000.0
17 41 -5187140.0
17 42 -26.3488
17 43 -5186870.0
17 44 -5184680.0
17 45 -5184530.0
17 47 -5189040.0
17 48 -630.0
17 49 -279.093
17 50 -5186420.0
17 51 -5190220.0
18 52 17598.8
18 2 -5186040.0
18 3 -5186370.0
18 4 -5187140.0
18 5 -5186190.0
18 6 -5185960.0
18 7 -5185750.0
18 8 -5190360.0
18 9 -5190080.0
18 10 -5189350.0
18 11 -5186860.0
18 12 -61.9186
18 13 -651.14
18 14 -5186230.0
18 15 -5188190.0
18 16 -5183420.0
18 17 -5186690.0
18 19 -5186910.0
18 20 -5187780.0
18 21 -5190310.0
18 22 -5185460.0
18 23 -1870.0
18 24 -5185840.0
18 25 908.384
18 26 -5186610.0
18 27 -5186650.0
18 28 -5186180.0
18 29 -5184920.0
18 30 -5189130.0
18 31 -1052.84
18 32 -556.349
18 34 -5185690.0
18 35 -5190780.0
18 36 -5189150.0
18 37 -5189580.0
18 38 -5184960.0
18 39 -5187020.0
18 40 -5188490.0
18 41 -5187210.0
18 42 -5186760.0
18 43 -5190370.0
18 44 -5186780.0
18 45 -5187890.0
18 47 -5188200.0
18 48 -5187440.0
18 49 -5185550.0
18 50 -5182710.0
18 51 -5188470.0
19 52 18508.8
19 2 -5188770.0
19 3 -5189520.0
19 4 -5188540.0
19 5 -5184720.0
19 6 -5182880.0
19 7 -5184140.0
19 8 -5187210.0
19 9 -5187980.0
19 10 -5186270.0
19 11 -5187700.0
19 12 -5185670.0
19 13 -5187460.0
19 14 -5186230.0
19 15 -5189590.0
19 16 -5185590.0
19 17 461.849
19 18 -5185830.0
19 20 -5184840.0
19 21 -5187160.0
19 22 -5188400.0
19 23 -5188890.0
19 24 -5188710.0
19 25 -5186240.0
19 26 -5189130.0
19 27 -5188190.0
19 28 -5185970.0
19 29 -5187650.0
19 30 -5188150.0
19 31 -5186040.0
19 32 -5185130.0
19 34 -5184360.0
19 35 -5187840.0
19 36 -5186840.0
19 37 -5186850.0
19 38 -5187270.0
19 39 -5186110.0
19 40 -5187580.0
19 41 -5186860.0
19 42 323.651
19 43 -5187710.0
19 44 -5185030.0
19 45 -5185020.0
19 47 -5188410.0
19 48 -630.0
19 49 690.907
19 50 -5185580.0
19 51 -5189800.0
20 52 17118.8
20 2 -5190310.0
20 3 -5190920.0
20 4 -5190080.0
20 5 -5183740.0
20 6 -5182390.0
20 7 -5183930.0
20 8 -5185880.0
20 9 -5188540.0
20 10 -5185360.0
20 11 -5188190.0
20 12 -5187070.0
20 13 -5188580.0
20 14 -5186860.0
20 15 -5190010.0
20 16 -5186220.0
20 17 51.8488
20 18 -5187160.0
20 19 -1359.73
20 21 -5186040.0
20 22 -5189520.0
20 23 -5190150.0
20 24 -5189760.0
20 25 -5187640.0
20 26 -5190110.0
20 27 -5188820.0
20 28 -5185760.0
20 29 -5189190.0
20 30 -5187380.0
20 31 -5186880.0
20 32 -5186250.0
20 34 -5185830.0
20 35 -5186300.0
20 36 -5185580.0
20 37 -5186780.0
20 38 -5188180.0
20 39 -5187230.0
20 40 -5187020.0
20 41 -5188330.0
20 42 -996.349
20 43 -5187640.0
20 44 -5185870.0
20 45 -5183410.0
20 47 -5188340.0
20 48 200.0
20 49 -5184850.0
20 50 -5187120.0
20 51 -5191340.0
21 52 14758.8
21 2 -5192340.0
21 3 -5193090.0
21 4 -5191550.0
21 5 -5185350.0
21 6 3017.35
21 7 -5186380.0
21 8 -830.0
21 9 -5188120.0
21 10 741.86
21 11 -5190640.0
21 12 -5189240.0
21 13 -5190960.0
21 14 -5189310.0
21 15 -5192460.0
21 16 -5188670.0
21 17 -5185360.0
21 18 -5189400.0
21 19 -5187330.0
21 20 -5185750.0
21 22 -5191900.0
21 23 -5192460.0
21 24 -5192140.0
21 25 -5189880.0
21 26 -5192560.0
21 27 -5191270.0
21 28 -5188000.0
21 29 -5191220.0
21 30 -5189130.0
21 31 -5189260.0
21 32 -5188630.0
21 34 -5187160.0
21 35 -2080.0
21 36 -5186980.0
21 37 -5185590.0
21 38 -5190630.0
21 39 -5187650.0
21 40 -5188980.0
21 41 -5189590.0
21 42 -5186760.0
21 43 -5186170.0
21 44 -5186010.0
21 45 -5183480.0
21 47 -5190580.0
21 48 -5186250.0
21 49 -5186880.0
21 50 -5189150.0
21 51 -5192670.0
22 52 15098.8
22 2 -5186530.0
22 3 -5186160.0
22 4 -5189170.0
22 5 -5187170.0
22 6 -5188550.0
22 7 -5187430.0
22 8 -5192600.0
22 9 -5192810.0
22 10 -5191870.0
22 11 -5187350.0
22 12 -5186650.0
22 13 528.86
22 14 -5187630.0
22 15 -5187210.0
22 16 -5181250.0
22 17 -5189140.0
22 18 -5185340.0
22 19 -5189360.0
22 20 -5190020.0
22 21 -5192690.0
22 23 -1180.0
22 24 820.0
22 25 -5185330.0
22 26 -925.477
22 27 -5186020.0
22 28 -5186600.0
22 29 -5185550.0
22 30 -5189620.0
22 31 -5186110.0
22 32 -5186530.0
22 34 -5188350.0
22 35 -5192740.0
22 36 -5190690.0
22 37 -5192240.0
22 38 -44.5233
22 39 -5189610.0
22 40 -5189190.0
22 41 -5189870.0
22 42 -5189280.0
22 43 -5193100.0
22 44 -5189440.0
22 45 -5189780.0
22 47 -5188340.0
22 48 -5189610.0
22 49 -5188070.0
22 50 -5183480.0
22 51 -5190150.0
23 52 15868.8
23 2 -5185690.0
23 3 -1450.0
23 4 -5188120.0
23 5 -5187030.0
23 6 -5187640.0
23 7 -5187010.0
23 8 -5191900.0
23 9 -5191760.0
23 10 -5191030.0
23 11 -5187210.0
23 12 -5185740.0
23 13 668.86
23 14 -5187210.0
23 15 -5187700.0
23 16 -5182230.0
23 17 -5188300.0
23 18 -5184360.0
23 19 -5188520.0
23 20 -5189320.0
23 21 -5191920.0
23 22 151.372
23 24 -360.0
23 25 -5184350.0
23 26 -1545.48
23 27 -5186300.0
23 28 -5186600.0
23 29 -5184640.0
23 30 -5189690.0
23 31 -5185690.0
23 32 -5185830.0
23 34 -5187370.0
23 35 -5192180.0
23 36 -5190340.0
23 37 -5191260.0
23 38 -5184260.0
23 39 -5188490.0
23 40 -5189120.0
23 41 -5188750.0
23 42 -5188440.0
23 43 -5192120.0
23 44 -5188390.0
23 45 -5189290.0
23 47 -5188480.0
23 48 -5188980.0
23 49 -5187230.0
23 50 -5182570.0
23 51 -5189100.0
24 52 14958.8
24 2 -5186810.0
24 3 -5186370.0
24 4 -5189450.0
24 5 -5187100.0
24 6 -5188620.0
24 7 -5187500.0
24 8 -5192670.0
24 9 -5192950.0
24 10 -5191940.0
24 11 -5187280.0
24 12 -5186860.0
24 13 388.86
24 14 -5187700.0
24 15 -5187000.0
24 16 -5180970.0
24 17 -5189280.0
24 18 -5185550.0
24 19 -5189500.0
24 20 -5190090.0
24 21 -5192760.0
24 22 991.372
24 23 -1520.0
24 25 -5185540.0
24 26 -855.477
24 27 -5185880.0
24 28 -5186460.0
24 29 -5185830.0
24 30 -5189550.0
24 31 -5186110.0
24 32 -5186600.0
24 34 -5188560.0
24 35 -5192810.0
24 36 -5190690.0
24 37 -5192380.0
24 38 25.4767
24 39 -5189820.0
24 40 -5189120.0
24 41 -5190080.0
24 42 -5189420.0
24 43 -5193240.0
24 44 -5189650.0
24 45 -5189850.0
24 47 -5188270.0
24 48 -5189680.0
24 49 -5188210.0
24 50 -5183760.0
24 51 -5190360.0
25 52 17258.8
25 2 -5185760.0
25 3 -5186090.0
25 4 -5187140.0
25 5 -5186400.0
25 6 -5186240.0
25 7 -5186030.0
25 8 -5190570.0
25 9 -5190290.0
25 10 -5189630.0
25 11 -5187000.0
25 12 -271.919
25 13 -511.14
25 14 -5186440.0
25 15 -5188260.0
25 16 -5183350.0
25 17 -5186900.0
25 18 1105.03
25 19 -5187120.0
25 20 -5188060.0
25 21 -5190590.0
25 22 -5185250.0
25 23 -1660.0
25 24 -5185630.0
25 26 -5186470.0
25 27 -5186720.0
25 28 -5186320.0
25 29 -5184640.0
25 30 -5189340.0
25 31 -5185130.0
25 32 -836.349
25 34 -5185900.0
25 35 -5191060.0
25 36 -5189360.0
25 37 -5189790.0
25 38 -5184960.0
25 39 -5187090.0
25 40 -5188700.0
25 41 -5187350.0
25 42 -5187040.0
25 43 -5190650.0
25 44 -5186920.0
25 45 -5188100.0
25 47 -5188340.0
25 48 -5187720.0
25 49 -5185830.0
25 50 -5182500.0
25 51 -5188330.0
26 52 15588.8
26 2 -5187090.0
26 3 -5186720.0
26 4 -5189380.0
26 5 -5186330.0
26 6 -5187990.0
26 7 -5186730.0
26 8 -5191970.0
26 9 -5192530.0
26 10 -5191310.0
26 11 -5186440.0
26 12 -5186370.0
26 13 598.86
26 14 -5186930.0
26 15 -5186370.0
26 16 -5180900.0
26 17 -5188650.0
26 18 -5185200.0
26 19 -5188800.0
26 20 -5189320.0
26 21 -5192060.0
26 22 361.372
26 23 -1590.0
26 24 260.0
26 25 -5185260.0
26 27 -5185110.0
26 28 -5185690.0
26 29 -5186110.0
26 30 -5188710.0
26 31 -5185340.0
26 32 -5185970.0
26 34 -5188070.0
26 35 -5191970.0
26 36 -5189920.0
26 37 -5191820.0
26 38 925.477
26 39 -5189540.0
26 40 -5188280.0
26 41 -5189730.0
26 42 -5188790.0
26 43 -5192680.0
26 44 -5189230.0
26 45 -5189010.0
26 47 -5187430.0
26 48 -5188980.0
26 49 -5187580.0
26 50 -5183970.0
26 51 -5190500.0
27 52 15798.8
27 2 -5188490.0
27 3 -5188260.0
27 4 -5190360.0
27 5 -5184860.0
27 6 -5187500.0
27 7 -5185750.0
27 8 -5191200.0
27 9 -5192600.0
27 10 -5190680.0
27 11 -1380.0
27 12 -5186720.0
27 13 -5184870.0
27 14 -5186230.0
27 15 -970.0
27 16 -5180900.0
27 17 -5188230.0
27 18 -5185830.0
27 19 -5188450.0
27 20 -5188620.0
27 21 -5191360.0
27 22 -5185320.0
27 23 -5186930.0
27 24 -5185350.0
27 25 -5186100.0
27 26 -1755.48
27 28 -5184150.0
27 29 -5187440.0
27 30 -5187170.0
27 31 -982.837
27 32 -5185760.0
27 34 -5188280.0
27 35 -5190990.0
27 36 -5188660.0
27 37 -5191610.0
27 38 235.477
27 39 -5189960.0
27 40 -5186740.0
27 41 -5190220.0
27 42 -5188440.0
27 43 -5192470.0
27 44 -5189440.0
27 45 -5187960.0
27 47 -5185820.0
27 48 -5188280.0
27 49 -5187370.0
27 50 -5185300.0
27 51 -5191550.0
28 52 15868.8
28 2 -5190310.0
28 3 -5190220.0
28 4 -5191410.0
28 5 1455.43
28 6 -5186380.0
28 7 -5184420.0
28 8 -5189660.0
28 9 -5192180.0
28 10 -5189350.0
28 11 -1870.0
28 12 -5187560.0
28 13 -5186970.0
28 14 -2080.0
28 15 -5186510.0
28 16 -5183000.0
28 17 -5187390.0
28 18 -5187090.0
28 19 -5187960.0
28 20 -5187290.0
28 21 -5189820.0
28 22 -5187630.0
28 23 -5188960.0
28 24 -5187660.0
28 25 -5187430.0
28 26 -5188010.0
28 27 -5185880.0
28 29 -5189190.0
28 30 -848.36
28 31 -5185620.0
28 32 -5186180.0
28 34 -5188280.0
28 35 -5189030.0
28 36 -5186630.0
28 37 -5190770.0
28 38 -5185940.0
28 39 -5190170.0
28 40 -355.36
28 41 -5190570.0
28 42 -5187880.0
28 43 -5191630.0
28 44 -5189230.0
28 45 -5186070.0
28 47 -346.651
28 48 -5187090.0
28 49 -5187020.0
28 50 -5186980.0
28 51 -5192740.0
29 52 15098.8
29 2 480.0
29 3 -1310.0
29 4 -5186440.0
29 5 -5188710.0
29 6 -5187710.0
29 7 -5188270.0
29 8 -5192460.0
29 9 -5191060.0
29 10 -5191310.0
29 11 -5189170.0
29 12 -5186300.0
29 13 -5185640.0
29 14 -5188750.0
29 15 -5190010.0
29 16 -5184470.0
29 17 -5188720.0
29 18 -5185200.0
29 19 -5189010.0
29 20 -5190090.0
29 21 -5192410.0
29 22 -5185950.0
29 23 -2430.0
29 24 -5186400.0
29 25 -1181.62
29 26 -5187800.0
29 27 -5188540.0
29 28 -5188560.0
29 30 -5191580.0
29 31 -5187370.0
29 32 -5187020.0
29 34 -5187090.0
29 35 -5193160.0
29 36 -5191600.0
29 37 -5190910.0
29 38 -5186570.0
29 39 -5187300.0
29 40 -5190940.0
29 41 -5187980.0
29 42 -5188860.0
29 43 -5191700.0
29 44 -5187620.0
29 45 -5190270.0
29 47 -5190510.0
29 48 -5189750.0
29 49 -5187720.0
29 50 3044.33
29 51 -5187000.0
30 52 14408.8
30 2 -5192130.0
30 3 -5192040.0
30 4 -5193020.0
30 5 2505.43
30 6 -5186660.0
30 7 -5185400.0
30 8 -5189590.0
30 9 -5192950.0
30 10 -5189350.0
30 11 -5187700.0
30 12 -5189170.0
30 13 -5188860.0
30 14 -5187630.0
30 15 -5188120.0
30 16 -5184540.0
30 17 -5188160.0
30 18 -5188840.0
30 19 -5188940.0
30 20 -5187710.0
30 21 -5189750.0
30 22 -5189450.0
30 23 -5190850.0
30 24 -5189550.0
30 25 -5189250.0
30 26 -5189830.0
30 27 -5187700.0
30 28 346.953
30 29 -5191010.0
30 31 -5187370.0
30 32 -5187790.0
30 34 -5189540.0
30 35 -5188610.0
30 36 -2403.67
30 37 -5191190.0
30 38 -5187830.0
30 39 -5191360.0
30 40 -285.36
30 41 -5191970.0
30 42 -5188860.0
30 43 -5191980.0
30 44 -5190210.0
30 45 -5185580.0
30 47 -2086.65
30 48 -5187720.0
30 49 -5188210.0
30 50 -5188800.0
30 51 -5194420.0
31 52 17738.8
31 2 -5187790.0
31 3 -5187840.0
31 4 -5188960.0
31 5 -5184440.0
31 6 -5185820.0
31 7 -5184420.0
31 8 -5189660.0
31 9 -5190710.0
31 10 -5189070.0
31 11 -1040.0
31 12 -1171.92
31 13 -5184940.0
31 14 -620.0
31 15 -5186790.0
31 16 -5182650.0
31 17 -5186480.0
31 18 -5184570.0
31 19 -5186700.0
31 20 -5187080.0
31 21 -5189750.0
31 22 -5185810.0
31 23 -5186720.0
31 24 -5185980.0
31 25 -5184910.0
31 26 -5186330.0
31 27 -1376.19
31 28 -5184290.0
31 29 -5186670.0
31 30 -5187240.0
31 32 63.6512
31 34 -5186460.0
31 35 -5189730.0
31 36 -5187750.0
31 37 -5189790.0
31 38 -464.523
31 39 -5188210.0
31 40 -5186670.0
31 41 -5188470.0
31 42 -5186620.0
31 43 -5190650.0
31 44 -5187620.0
31 45 -5186770.0
31 47 -5186380.0
31 48 -5186670.0
31 49 -5185550.0
31 50 -5184530.0
31 51 -5190290.0
32 52 18708.8
32 2 -5187510.0
32 3 -5187840.0
32 4 -5188260.0
32 5 -5184720.0
32 6 -5185050.0
32 7 -5184280.0
32 8 -5189100.0
32 9 -5189800.0
32 10 -5188370.0
32 11 -5185950.0
32 12 -341.919
32 13 -5185360.0
32 14 -830.0
32 15 -5187700.0
32 16 -5183490.0
32 17 -5185640.0
32 18 -214.965
32 19 -5185860.0
32 20 -5186520.0
32 21 -5189190.0
32 22 -5186300.0
32 23 -5186930.0
32 24 -5186540.0
32 25 -5184630.0
32 26 -5187030.0
32 27 -5186230.0
32 28 -5184920.0
32 29 -5186390.0
32 30 -5187730.0
32 31 -12.8372
32 34 -5185480.0
32 35 -5189380.0
32 36 -5187610.0
32 37 -5188950.0
32 38 -5185100.0
32 39 -5187230.0
32 40 -5187090.0
32 41 -5187560.0
32 42 -5185850.0
32 43 -5189810.0
32 44 -5186640.0
32 45 -5186420.0
32 47 -5187080.0
32 48 -5186110.0
32 49 -5184640.0
32 50 -5184250.0
32 51 -5189590.0
33 52 16078.8
33 2 -5191150.0
33 3 -5191830.0
33 4 -5190570.0
33 5 -5184580.0
33 6 -5181270.0
33 7 -5185190.0
33 8 -830.0
33 9 -5187910.0
33 10 -158.14
33 11 -5189380.0
33 12 -5188050.0
33 13 -5189700.0
33 14 -5188050.0
33 15 -5191270.0
33 16 -5187480.0
33 17 -228.151
33 18 -5188140.0
33 19 -5186070.0
33 20 -550.0
33 21 -910.779
33 22 -5190640.0
33 23 -5191200.0
33 24 -5190880.0
33 25 -5188620.0
33 26 -5191300.0
33 27 -5190010.0
33 28 -5186950.0
33 29 -5190030.0
33 30 -5188360.0
33 31 -5188000.0
33 32 -5187370.0
33 34 -5186180.0
33 35 -5185950.0
33 36 -5186280.0
33 37 -5185870.0
33 38 -5189370.0
33 39 -5187090.0
33 40 -5188070.0
33 41 -5188680.0
33 42 -5185570.0
33 43 -5186590.0
33 44 -5185590.0
33 45 -5183270.0
33 47 -5189530.0
33 48 -5184990.0
33 49 -5185690.0
33 50 -5187960.0
33 51 -5191760.0
34 52 17668.8
35 33 -204.988
36 52 15798.8
36 2 -5191640.0
36 3 -5191900.0
36 4 -5191760.0
36 5 2015.43
36 6 -5184000.0
36 7 -203.023
36 8 -5186860.0
36 9 -5190500.0
36 10 -5186620.0
36 11 -5188120.0
36 12 -5188330.0
36 13 -5189140.0
36 14 -5187210.0
36 15 -5189590.0
36 16 -5186010.0
36 17 -5185920.0
36 18 -5188280.0
36 19 -5187050.0
36 20 -1390.0
36 21 -5187020.0
36 22 -5189940.0
36 23 -5190920.0
36 24 -5190110.0
36 25 -5188690.0
36 26 -5190460.0
36 27 -5188610.0
36 28 -5184850.0
36 29 -5190450.0
36 30 -5185700.0
36 31 -5187300.0
36 32 -5187090.0
36 34 -5187720.0
36 35 -2010.0
36 37 -5188600.0
36 38 -5188390.0
36 39 -5189260.0
36 40 -5185620.0
36 41 -5190220.0
36 42 -5186830.0
36 43 -5189320.0
36 44 -5187970.0
36 45 1015.36
36 47 -5187430.0
36 48 -5185550.0
36 49 -5186530.0
36 50 -5188310.0
36 51 -5193090.0
37 52 14338.8
37 2 -5191640.0
37 3 -5192810.0
37 4 -5190360.0
37 5 -5187660.0
37 6 2877.35
37 7 -5187850.0
37 8 -5187350.0
37 9 -1660.0
37 10 -718.14
37 11 -5191760.0
37 12 -5189310.0
37 13 -5191310.0
37 14 -5190290.0
37 15 -5193720.0
37 16 -5189650.0
37 17 -5185850.0
37 18 -5189470.0
37 19 -5187820.0
37 20 -5187290.0
37 21 -5186390.0
37 22 -5192250.0
37 23 -5192600.0
37 24 -5192560.0
37 25 -5189880.0
37 26 -5193120.0
37 27 -5192320.0
37 28 -5189750.0
37 29 -5190520.0
37 30 -5191370.0
37 31 -5190100.0
37 32 -5189190.0
37 34 -5186460.0
37 35 -5188750.0
37 36 -5189360.0
37 38 -5191330.0
37 39 -5185550.0
37 40 -5191010.0
37 41 -5188400.0
37 42 -5187110.0
37 43 350.0
37 44 -31.1047
37 45 -5186140.0
37 47 -5192260.0
37 48 -5187580.0
37 49 -5187230.0
37 50 -5188590.0
37 51 -5191130.0
38 52 15938.8
38 2 -5187370.0
38 3 -5187070.0
38 4 -5189450.0
38 5 -5185770.0
38 6 -5187640.0
38 7 -5186170.0
38 8 -5191480.0
38 9 -5192250.0
38 10 -5190890.0
38 11 -5185950.0
38 12 -5186160.0
38 13 318.86
38 14 -5186440.0
38 15 -5186020.0
38 16 -5181040.0
38 17 -5188230.0
38 18 -5185060.0
38 19 -5188450.0
38 20 -5188900.0
38 21 -5191640.0
38 22 -258.628
38 23 -5185810.0
38 24 -360.0
38 25 -5185260.0
38 26 -575.477
38 27 -676.186
38 28 -5185130.0
38 29 -5186390.0
38 30 -5188220.0
38 31 -5184920.0
38 32 -5185550.0
38 34 -5187860.0
38 35 -5191480.0
38 36 -5189360.0
38 37 -5191540.0
38 39 -5189400.0
38 40 -5187720.0
38 41 -5189590.0
38 42 -5188370.0
38 43 -5192400.0
38 44 -5189020.0
38 45 -5188520.0
38 47 -5186940.0
38 48 -5188490.0
38 49 -5187230.0
38 50 -5184180.0
38 51 -5190640.0
39 52 14958.8
39 2 -5188770.0
39 3 -5190360.0
39 4 -5187210.0
39 5 -5188850.0
39 6 -5184070.0
39 7 -5188270.0
39 8 -5189800.0
39 9 -2220.0
39 10 -5187810.0
39 11 -5191200.0
39 12 -5187770.0
39 13 -5189630.0
39 14 -5189940.0
39 15 -5193020.0
39 16 -5188460.0
39 17 -5186620.0
39 18 -5187720.0
39 19 -5187890.0
39 20 -5188550.0
39 21 -5189260.0
39 22 -5190430.0
39 23 -5190640.0
39 24 -5190810.0
39 25 -5187990.0
39 26 -5191650.0
39 27 -5191480.0
39 28 -5189960.0
39 29 -5187720.0
39 30 -5192350.0
39 31 -5189330.0
39 32 -5188280.0
39 35 -5191130.0
39 36 -5190830.0
39 37 -5186360.0
39 38 -5190000.0
39 40 -5191710.0
39 41 -2080.0
39 42 -5187320.0
39 43 -5186940.0
39 44 1148.9
39 45 -5188380.0
39 47 -5192260.0
39 48 -5188490.0
39 49 -5186880.0
39 50 -5185930.0
39 51 -5187630.0
40 52 15448.8
40 2 -5191150.0
40 3 -5191200.0
40 4 -5192040.0
40 5 2635.43
40 6 -5186030.0
40 7 -483.023
40 8 -5189100.0
40 9 -5192110.0
40 10 -5188860.0
40 11 -5186790.0
40 12 -5188190.0
40 13 -5188020.0
40 14 -5186650.0
40 15 -5187560.0
40 16 -5184050.0
40 17 -5187320.0
40 18 -5187860.0
40 19 -5188030.0
40 20 -5187010.0
40 21 -5189260.0
40 22 -5188680.0
40 23 -5189940.0
40 24 -5188780.0
40 25 -5188270.0
40 26 -5189060.0
40 27 -5186930.0
40 28 1176.95
40 29 -5190030.0
40 30 51.6395
40 31 -5186460.0
40 32 -5186810.0
40 34 -5188560.0
40 35 -5188260.0
40 36 -5185860.0
40 37 -5190490.0
40 38 -5186990.0
40 39 -5190380.0
40 41 -5190990.0
40 42 -5187950.0
40 43 -5191350.0
40 44 -5189370.0
40 45 -5185300.0
40 47 -1456.65
40 48 -5186880.0
40 49 -5187300.0
40 50 -5187890.0
40 51 -5193440.0
41 52 16768.8
41 2 -5187300.0
41 3 -5188610.0
41 4 -2150.0
41 5 -5187450.0
41 6 -5184140.0
41 7 -5186800.0
41 8 -5189380.0
41 9 -5187210.0
41 10 -5187810.0
41 11 -5189380.0
41 12 -5185880.0
41 13 -5187740.0
41 14 -5188120.0
41 15 -5191130.0
41 16 -5186570.0
41 17 -5185640.0
41 18 -5185760.0
41 19 -5186490.0
41 20 -5187500.0
41 21 -5189050.0
41 22 -5188540.0
41 23 -5188750.0
41 24 -5188920.0
41 25 -5186100.0
41 26 -5189690.0
41 27 -5189590.0
41 28 -5188210.0
41 29 -5186250.0
41 30 -5190810.0
41 31 -5187440.0
41 32 -5186460.0
41 34 273.651
41 35 -5190430.0
41 36 -5189640.0
41 37 -5187060.0
41 38 -5188040.0
41 39 70.0
41 40 -5190170.0
41 42 -5186060.0
41 43 -5187850.0
41 44 168.895
41 45 -5187610.0
41 47 -5190510.0
41 48 -5187370.0
41 49 -5185410.0
41 50 -5184320.0
41 51 -5187210.0
42 52 18228.8
42 2 -5188980.0
42 3 -5189730.0
42 4 -5188540.0
42 5 -5184930.0
42 6 -5182600.0
42 7 -5184420.0
42 8 -5187000.0
42 9 -5187700.0
42 10 -5185990.0
42 11 -5187980.0
42 12 -5185880.0
42 13 -5187740.0
42 14 -5186580.0
42 15 -5189940.0
42 16 -5185940.0
42 17 741.849
42 18 -5186040.0
42 19 -39.7326
42 20 -5184840.0
42 21 -5186950.0
42 22 -5188680.0
42 23 -5189170.0
42 24 -5188990.0
42 25 -5186520.0
42 26 -5189480.0
42 27 -5188540.0
42 28 -5186250.0
42 29 -5187860.0
42 30 -5188430.0
42 31 -5186320.0
42 32 -5185480.0
42 34 -5184220.0
42 35 -5187770.0
42 36 -5186980.0
42 37 -5186500.0
42 38 -5187550.0
42 39 -5185900.0
42 40 -5187860.0
42 41 -5186790.0
42 43 -5187360.0
42 44 -5184750.0
42 45 -5184950.0
42 47 -5188690.0
42 48 -700.0
42 49 480.907
42 50 -5185790.0
42 51 -5189800.0
43 52 13578.8
43 2 -5192200.0
43 3 -5193440.0
43 4 -5190920.0
43 5 -5188290.0
43 6 2387.35
43 7 -5188550.0
43 8 -5187840.0
43 9 -2010.0
43 10 -1128.14
43 11 -5192460.0
43 12 -5190010.0
43 13 -5192010.0
43 14 -5190990.0
43 15 -5194420.0
43 16 -5190350.0
43 17 -5186550.0
43 18 -5190100.0
43 19 -5188520.0
43 20 -5187990.0
43 21 -5186810.0
43 22 -5192950.0
43 23 -5193300.0
43 24 -5193260.0
43 25 -5190580.0
43 26 -5193820.0
43 27 -5193020.0
43 28 -5190450.0
43 29 -5191150.0
43 30 -5192000.0
43 31 -5190800.0
43 32 -5189890.0
43 34 -5187160.0
43 35 -5189240.0
43 36 -5189920.0
43 37 510.709
43 38 -5192030.0
43 39 -5185970.0
43 40 -5191710.0
43 41 -5189030.0
43 42 -5187810.0
43 44 -451.105
43 45 -5186630.0
43 47 -5192960.0
43 48 -5188280.0
43 49 -5187930.0
43 50 -5189220.0
43 51 -5191550.0
44 52 15308.8
44 2 -5189540.0
44 3 -5190920.0
44 4 -5188120.0
44 5 -5188080.0
44 6 -5182810.0
44 7 -5187710.0
44 8 -5188680.0
44 9 -970.0
44 10 -5186550.0
44 11 -5190990.0
44 12 -5187910.0
44 13 -5189840.0
44 14 -5189590.0
44 15 -5192880.0
44 16 -5188530.0
44 17 -5185780.0
44 18 -5187930.0
44 19 -5187260.0
44 20 -5187640.0
44 21 -5188070.0
44 22 -5190710.0
44 23 -5190990.0
44 24 -5191090.0
44 25 -5188270.0
44 26 -5191790.0
44 27 -5191410.0
44 28 -5189470.0
44 29 -5188490.0
44 30 -5191650.0
44 31 -5189190.0
44 32 -5188140.0
44 34 -1106.35
44 35 -5190010.0
44 36 -5189990.0
44 37 -1289.29
44 38 -5190070.0
44 39 700.0
44 40 -5191150.0
44 41 -2430.0
44 42 -5186620.0
44 43 -5185750.0
44 45 -5187330.0
44 47 -5191910.0
44 48 -5187720.0
44 49 -5186460.0
44 50 -5186560.0
44 51 -5188750.0
45 52 15098.8
45 2 -5192410.0
45 3 -5192880.0
45 4 -5192180.0
45 5 -5183390.0
45 6 -5182880.0
45 7 -5185260.0
45 8 -1730.0
45 9 -5189800.0
45 10 -5185360.0
45 11 -5189520.0
45 12 -5189100.0
45 13 -5190330.0
45 14 -5188400.0
45 15 -5191130.0
45 16 -5187480.0
45 17 -5185780.0
45 18 -5189190.0
45 19 -5187400.0
45 20 -1390.0
45 21 -5185690.0
45 22 -5191200.0
45 23 -5192040.0
45 24 -5191440.0
45 25 -5189600.0
45 26 -5191720.0
45 27 -5190080.0
45 28 -5186460.0
45 29 -5191290.0
45 30 -5187170.0
45 31 -5188490.0
45 32 -5188070.0
45 34 -5187790.0
45 35 -340.0
45 36 -1153.67
45 37 -5187550.0
45 38 -5189720.0
45 39 -5188980.0
45 40 -5187230.0
45 41 -5190360.0
45 42 -5186970.0
45 43 -5188200.0
45 44 -5187480.0
45 47 -5189040.0
45 48 -5185830.0
45 49 -5186950.0
45 50 -5189150.0
45 51 -5193440.0
46 52 16978.8
46 2 -5186250.0
46 3 -5187560.0
46 4 -1520.0
46 5 -5187380.0
46 6 -5185050.0
46 7 -5186730.0
46 8 -5190010.0
46 9 -5188330.0
46 10 -5188650.0
46 11 -5188820.0
46 12 -1241.92
46 13 -5186760.0
46 14 -5187770.0
46 15 -5190360.0
46 16 -5185660.0
46 17 -5186200.0
46 18 -914.965
46 19 -5186770.0
46 20 -5187920.0
46 21 -5189820.0
46 22 -5187490.0
46 23 -5187700.0
46 24 -5187870.0
46 25 -5185120.0
46 26 -5188780.0
46 27 -5188820.0
46 28 -5187860.0
46 29 -5185130.0
46 30 -5190600.0
46 31 -5186880.0
46 32 -5185970.0
46 34 -416.349
46 35 -5190920.0
46 36 -5189850.0
46 37 -5188110.0
46 38 -5187200.0
46 39 -5184850.0
46 40 -5189960.0
46 41 -1180.0
46 42 -5186480.0
46 43 -5188900.0
46 44 -5184890.0
46 45 -5188030.0
46 47 -5190090.0
46 48 -5187650.0
46 49 -5185550.0
46 50 -5183200.0
46 51 -5186790.0
47 52 15658.8
47 2 -5190170.0
47 3 -5190010.0
47 4 -5191480.0
47 5 -5182970.0
47 6 -5186870.0
47 7 -5184840.0
47 8 -5190150.0
47 9 -5192530.0
47 10 -5189770.0
47 11 -1800.0
47 12 -5187630.0
47 13 -5186760.0
47 14 -5186230.0
47 15 -2080.0
47 16 -5182510.0
47 17 -5187810.0
47 18 -5187020.0
47 19 -5188310.0
47 20 -5187780.0
47 21 -5190310.0
47 22 -5187280.0
47 23 -5188750.0
47 24 -5187380.0
47 25 -5187360.0
47 26 -5187660.0
47 27 -1516.19
47 28 1736.95
47 29 -5189050.0
47 30 -5185140.0
47 31 -5185620.0
47 32 -5186250.0
47 34 -5188560.0
47 35 -5189590.0
47 36 -5187120.0
47 37 -5191190.0
47 38 -5185660.0
47 39 -5190380.0
47 40 -905.36
47 41 -5190780.0
47 42 -5188230.0
47 43 -5192050.0
47 44 -5189580.0
47 45 -5186560.0
47 48 -5187510.0
47 49 -5187370.0
47 50 -5186910.0
47 51 -5192810.0
48 52 17668.8
48 2 -5189890.0
48 3 -5190500.0
48 4 -5189730.0
48 5 -5183740.0
48 6 -5182670.0
48 7 356.977
48 8 -5186370.0
48 9 -5188540.0
48 10 -5185780.0
48 11 -5187770.0
48 12 -5186650.0
48 13 -5188160.0
48 14 -5186370.0
48 15 -5189660.0
48 16 -5185800.0
48 17 121.849
48 18 -5186740.0
48 19 -1009.73
48 20 280.0
48 21 -5186460.0
48 22 -5189030.0
48 23 -5189730.0
48 24 -5189270.0
48 25 -5187220.0
48 26 -5189690.0
48 27 -5188400.0
48 28 -5185480.0
48 29 -5188770.0
48 30 -5187310.0
48 31 -5186390.0
48 32 -5185760.0
48 34 -5185550.0
48 35 -5186720.0
48 36 -5185720.0
48 37 -5186990.0
48 38 -5187690.0
48 39 -5187090.0
48 40 -5186810.0
48 41 -5188120.0
48 42 -716.349
48 43 -5187850.0
48 44 -5185870.0
48 45 -5183830.0
48 47 -5187990.0
48 49 -5184500.0
48 50 -5186700.0
48 51 -5191060.0
49 52 18918.8
49 2 -5188350.0
49 3 -5189030.0
49 4 -5188120.0
49 5 -5184930.0
49 6 -5183300.0
49 7 -5184280.0
49 8 -5187630.0
49 9 -5188120.0
49 10 -5186690.0
49 11 -5187490.0
49 12 -5185180.0
49 13 -5187040.0
49 14 -5186020.0
49 15 -5189380.0
49 16 -5185310.0
49 17 -18.1512
49 18 -5185340.0
49 19 -179.733
49 20 -5185260.0
49 21 -5187580.0
49 22 -5187980.0
49 23 -5188470.0
49 24 -5188290.0
49 25 -5185820.0
49 26 -5188780.0
49 27 -5187980.0
49 28 -5185900.0
49 29 -5187230.0
49 30 -5188290.0
49 31 -5185760.0
49 32 -5184780.0
49 34 -206.349
49 35 -5188330.0
49 36 -5187190.0
49 37 -5187130.0
49 38 -5186920.0
49 39 -5185970.0
49 40 -5187720.0
49 41 -5186650.0
49 42 -26.3488
49 43 -5187990.0
49 44 -5185100.0
49 45 -5185440.0
49 47 -5188340.0
49 48 -5184990.0
49 50 -5185160.0
49 51 -5189450.0
50 52 15448.8
50 2 130.0
50 3 -1110.0
50 4 -5186440.0
50 5 -5188360.0
50 6 -5187500.0
50 7 -5187920.0
50 8 -5192180.0
50 9 -5190990.0
50 10 -5191030.0
50 11 -5188820.0
50 12 -5186020.0
50 13 -5185290.0
50 14 -5188330.0
50 15 -5189660.0
50 16 -5184190.0
50 17 -5188440.0
50 18 -5184780.0
50 19 -5188730.0
50 20 -5189810.0
50 21 -5192130.0
50 22 -5185670.0
50 23 -2150.0
50 24 -5186120.0
50 25 -831.616
50 26 -5187450.0
50 27 -5188190.0
50 28 -5188140.0
50 29 1254.34
50 30 -5191160.0
50 31 -5187020.0
50 32 -5186670.0
50 34 -5186880.0
50 35 -5192810.0
50 36 -5191250.0
50 37 -5190770.0
50 38 -5186150.0
50 39 -5187300.0
50 40 -5190590.0
50 41 -5187840.0
50 42 -5188580.0
50 43 -5191560.0
50 44 -5187480.0
50 45 -5189920.0
50 47 -5190160.0
50 48 -5189470.0
50 49 -5187440.0
50 51 -5187210.0
51 46 3947.16
52 2 0
52 3 0
52 4 0
52 5 0
52 6 0
52 7 0
52 8 0
52 9 0
52 10 0
52 11 0
52 12 0
52 13 0
52 14 0
52 15 0
52 16 0
52 17 0
52 18 0
52 19 0
52 20 0
52 21 0
52 22 0
52 23 0
52 24 0
52 25 0
52 26 0
52 27 0
52 28 0
52 29 0
52 30 0
52 31 0
52 32 0
52 33 0
52 34 0
52 35 0
52 36 0
52 37 0
52 38 0
52 39 0
52 40 0
52 41 0
52 42 0
52 43 0
52 44 0
52 45 0
52 46 0
52 47 0
52 48 0
52 49 0
52 50 0
52 51 0
2 1 0
3 1 0
4 1 0
5 1 0
6 1 0
7 1 0
8 1 0
9 1 0
10 1 0
11 1 0
12 1 0
13 1 0
14 1 0
15 1 0
16 1 0
17 1 0
18 1 0
19 1 0
20 1 0
21 1 0
22 1 0
23 1 0
24 1 0
25 1 0
26 1 0
27 1 0
28 1 0
29 1 0
30 1 0
31 1 0
32 1 0
33 1 0
34 1 0
35 1 0
36 1 0
37 1 0
38 1 0
39 1 0
40 1 0
41 1 0
42 1 0
43 1 0
44 1 0
45 1 0
46 1 0
47 1 0
48 1 0
49 1 0
50 1 0
51 1 0
52 1 0
