50 2450
1
2
3
4
5
6
7
8
9
10
11
12
13
14
15
16
17
18
19
20
21
22
23
24
25
26
27
28
29
30
31
32
33
34
35
36
37
38
39
40
41
42
43
44
45
46
47
48
49
50
1 2 -125.536
1 3 764.585
1 4 816.065
1 5 782.294
1 6 674.937
1 7 162.214
1 8 -417.683
1 9 533.078
1 10 466.819
1 11 54.6745
1 12 893.193
1 13 -740.242
1 14 -552.886
1 15 213.084
1 16 -654.747
1 17 426.82
1 18 447.461
1 19 -506.658
1 20 -668.732
1 21 981.191
1 22 -740.486
1 23 -404.37
1 24 -490.414
1 25 675.426
1 26 439.034
1 27 425.049
1 28 468.651
1 29 -166.085
1 30 -255.121
1 31 -502.75
1 32 256.991
1 33 -493.223
1 34 -565.65
1 35 829.866
1 36 -523.635
1 37 948.215
1 38 -425.622
1 39 -261.594
1 40 617.961
1 41 353.356
1 42 -428.003
1 43 -994.71
1 44 -671.846
1 45 -196.374
1 46 -892.666
1 47 827.973
1 48 308.349
1 49 338.516
1 50 657.167
2 1 -0.896939
2 3 -494.567
2 4 105.3
2 5 789.867
2 6 766.478
2 7 -684.182
2 8 -476.674
2 9 435.064
2 10 781.439
2 11 460.713
2 12 394.576
2 13 -702.074
2 14 603.672
2 15 -764.363
2 16 898.933
2 17 617.656
2 18 179.497
2 19 -173.779
2 20 -581.649
2 21 -554.352
2 22 741.196
2 23 355.86
2 24 -877.277
2 25 653.686
2 26 -442.232
2 27 379.31
2 28 249.052
2 29 -175.184
2 30 -13.0494
2 31 492.04
2 32 20.8431
2 33 -747.02
2 34 246.304
2 35 -252.068
2 36 -854.377
2 37 207.16
2 38 -638.381
2 39 -424.034
2 40 819.912
2 41 -337.257
2 42 -281.624
2 43 -123.459
2 44 -822.011
2 45 692.586
2 46 652.526
2 47 -8.40825
2 48 -856.087
2 49 686.113
2 50 524.895
3 1 233.358
3 2 589.077
3 4 606.847
3 5 -284.861
3 6 657.961
3 7 760.676
3 8 -542.871
3 9 -31.3696
3 10 772.951
3 11 -88.3457
3 12 -849.553
3 13 534.787
3 14 866.995
3 15 63.4682
3 16 -31.2475
3 17 539.306
3 18 646.48
3 19 -159.245
3 20 -200.71
3 21 23.5301
3 22 -130.482
3 23 -676.365
3 24 -661.037
3 25 -912.086
3 26 664.067
3 27 -154.238
3 28 447.949
3 29 -419.149
3 30 212.595
3 31 678.235
3 32 -159.55
3 33 763.424
3 34 -496.643
3 35 -460.674
3 36 -688.701
3 37 -604.488
3 38 822.11
3 39 869.865
3 40 669.93
3 41 -317.776
3 42 -325.837
3 43 795.973
3 44 575.825
3 45 -499.391
3 46 -159.917
3 47 743.394
3 48 -527.788
3 49 369.539
3 50 -775.6
4 1 615.275
4 2 -209.565
4 3 -421.835
4 5 -787.08
4 6 -514.414
4 7 -382.386
4 8 -70.8193
4 9 -794.47
4 10 744.188
4 11 -977.184
4 12 -485.712
4 13 -975.352
4 14 -380.554
4 15 -780.546
4 16 980.519
4 17 881.651
4 18 40.1404
4 19 -245.839
4 20 704.25
4 21 -416.4
4 22 743.455
4 23 -87.735
4 24 -668.609
4 25 687.884
4 26 -408.889
4 27 -474.17
4 28 104.445
4 29 -742.501
4 30 23.9575
4 31 -628.915
4 32 416.5
4 33 946.993
4 34 581.443
4 35 342.364
4 36 -958.68
4 37 62.1858
4 38 -558.993
4 39 -410.416
4 40 467.308
4 41 325.387
4 42 907.422
4 43 815.454
4 44 764.951
4 45 994.076
4 46 -222.45
4 47 899.971
4 48 448.804
4 49 46.98
4 50 547.306
5 1 64.7507
5 2 748.707
5 3 -883.201
5 4 -639.114
5 6 -254.449
5 7 736.799
5 8 -147.459
5 9 -322.723
5 10 -633.068
5 11 -249.32
5 12 402.576
5 13 -442.232
5 14 210.152
5 15 546.879
5 16 -289.075
5 17 -460.552
5 18 -446.873
5 19 -383.851
5 20 308.166
5 21 -986.466
5 22 -716.364
5 23 115.498
5 24 -719.723
5 25 57.5447
5 26 156.352
5 27 -169.443
5 28 119.284
5 29 648.007
5 30 -107.521
5 31 -371.027
5 32 -880.819
5 33 204.29
5 34 310.975
5 35 825.896
5 36 -967.596
5 37 -608.885
5 38 -332.86
5 39 904.246
5 40 -352.585
5 41 -880.636
5 42 -598.931
5 43 33.3619
5 44 -6.08768
5 45 685.014
5 46 -530.047
5 47 -185.626
5 48 -144.1
5 49 -21.5988
5 50 -539.574
6 1 692.464
6 2 -719.845
6 3 -284.739
6 4 -333.41
6 5 -524.856
6 7 -230.999
6 8 605.443
6 9 -682.227
6 10 -600.458
6 11 -159.062
6 12 -587.634
6 13 149.818
6 14 169.787
6 15 655.823
6 16 843.728
6 17 498.269
6 18 419.492
6 19 379.371
6 20 -811.813
6 21 112.261
6 22 28.6597
6 23 988.641
6 24 672.312
6 25 868.583
6 26 733.196
6 27 190.244
6 28 430.912
6 29 -428.797
6 30 461.812
6 31 156.108
6 32 -927.841
6 33 38.4916
6 34 -153.26
6 35 -253.289
6 36 744.432
6 37 642.266
6 38 335.891
6 39 -75.1551
6 40 -353.257
6 41 509.383
6 42 346.822
6 43 -964.97
6 44 943.818
6 45 559.52
6 46 906.2
6 47 -352.218
6 48 983.817
6 49 569.413
6 50 -799.294
7 1 -358.447
7 2 795.668
7 3 453.201
7 4 -506.964
7 5 -773.279
7 6 -225.503
7 8 945.283
7 9 -182.634
7 10 586.695
7 11 -489.743
7 12 -129.444
7 13 -82.9106
7 14 -176.344
7 15 685.502
7 16 -802.347
7 17 845.988
7 18 -88.4678
7 19 986.687
7 20 -949.703
7 21 -327.914
7 22 319.891
7 23 968.123
7 24 -124.986
7 25 -267.09
7 26 16.6294
7 27 -202.42
7 28 947.177
7 29 -140.07
7 30 -471.911
7 31 -169.26
7 32 404.775
7 33 -970.588
7 34 744.432
7 35 -58.7279
7 36 -1000.94
7 37 -132.436
7 38 155.192
7 39 556.65
7 40 746.448
7 41 -557.283
7 42 215.343
7 43 326.059
7 44 662.541
7 45 798.233
7 46 509.261
7 47 -634.167
7 48 789.195
7 49 -359.241
7 50 -583.603
8 1 -985.0
8 2 672.495
8 3 -351.486
8 4 -37.11
8 5 -961.123
8 6 -500.552
8 7 809.042
8 9 536.131
8 10 221.572
8 11 75.3764
8 12 243.312
8 13 165.329
8 14 -720.578
8 15 -177.932
8 16 -48.0411
8 17 -953.612
8 18 44.293
8 19 -1000.82
8 20 909.437
8 21 0.202277
8 22 -167.062
8 23 -676.182
8 24 -47.2472
8 25 -453.285
8 26 966.779
8 27 -822.316
8 28 908.399
8 29 299.25
8 30 353.722
8 31 597.443
8 32 373.325
8 33 -658.472
8 34 -907.139
8 35 222.366
8 36 -384.157
8 37 301.387
8 38 -978.71
8 39 -596.489
8 40 -990.252
8 41 -218.053
8 42 147.68
8 43 -354.295
8 44 453.323
8 45 -135.246
8 46 -88.1625
8 47 577.596
8 48 201.359
8 49 -651.694
8 50 209.236
9 1 638.663
9 2 -438.202
9 3 -572.489
9 4 -892.422
9 5 -331.211
9 6 -122.543
9 7 489.598
9 8 -792.027
9 10 -412.431
9 11 -761.371
9 12 -281.136
9 13 -427.698
9 14 347.493
9 15 -630.564
9 16 204.29
9 17 -832.026
9 18 -645.343
9 19 113.055
9 20 -781.462
9 21 762.569
9 22 -454.201
9 23 -37.4153
9 24 381.997
9 25 -803.569
9 26 296.624
9 27 75.2543
9 28 -629.587
9 29 996.58
9 30 363.066
9 31 199.16
9 32 -114.91
9 33 -771.997
9 34 -962.527
9 35 -40.774
9 36 -459.209
9 37 572.71
9 38 708.036
9 39 -64.5904
9 40 387.676
9 41 517.017
9 42 998.718
9 43 -29.5987
9 44 -268.922
9 45 -364.249
9 46 -299.273
9 47 -854.438
9 48 -41.8122
9 49 877.376
9 50 661.991
10 1 865.896
10 2 -962.65
10 3 795.485
10 4 -177.749
10 5 -522.658
10 6 399.218
10 7 677.624
10 8 -397.47
10 9 -117.536
10 11 -135.917
10 12 489.109
10 13 809.714
10 14 554.634
10 15 329.906
10 16 -418.171
10 17 258.945
10 18 -579.878
10 19 -119.612
10 20 -896.086
10 21 -695.418
10 22 -968.146
10 23 24.1408
10 24 43.1328
10 25 -546.596
10 26 468.957
10 27 -264.648
10 28 -155.947
10 29 257.174
10 30 404.714
10 31 -3.95032
10 32 -457.682
10 33 -329.135
10 34 787.546
10 35 517.505
10 36 342.852
10 37 66.2163
10 38 -445.469
10 39 -665.19
10 40 -415.729
10 41 78.0023
10 42 -164.68
10 43 964.153
10 44 -966.192
10 45 -515.941
10 46 63.5293
10 47 -206.878
10 48 -562.779
10 49 -702.013
10 50 453.079
11 1 424.194
11 2 270.182
11 3 263.22
11 4 261.693
11 5 -380.676
11 6 627.244
11 7 -63.7965
11 8 -712.212
11 9 -430.935
11 10 184.932
11 12 -447.911
11 13 35.3161
11 14 -853.217
11 15 176.687
11 16 849.896
11 17 -20.9882
11 18 854.293
11 19 -685.708
11 20 48.6288
11 21 381.386
11 22 129.299
11 23 601.84
11 24 -827.69
11 25 -918.62
11 26 725.868
11 27 -36.0108
11 28 -106.666
11 29 -289.746
11 30 824.37
11 31 650.144
11 32 91.6204
11 33 751.76
11 34 -413.042
11 35 322.883
11 36 321.967
11 37 904.246
11 38 831.82
11 39 795.302
11 40 365.508
11 41 170.581
11 42 -492.735
11 43 -667.022
11 44 -939.627
11 45 -884.361
11 46 -321.196
11 47 -522.536
11 48 -399.546
11 49 -270.388
11 50 -318.265
12 1 308.41
12 2 -522.292
12 3 331.372
12 4 -842.774
12 5 99.1317
12 6 -725.036
12 7 -42.7282
12 8 -356.921
12 9 -703.357
12 10 -520.887
12 11 666.754
12 13 -592.519
12 14 761.837
12 15 -489.071
12 16 -802.103
12 17 223.221
12 18 203.435
12 19 158.55
12 20 427.431
12 21 755.302
12 22 761.898
12 23 -402.416
12 24 44.8426
12 25 262.793
12 26 652.77
12 27 194.458
12 28 912.551
12 29 -704.578
12 30 -167.795
12 31 266.212
12 32 515.673
12 33 -927.169
12 34 608.374
12 35 0.507614
12 36 -33.0185
12 37 234.579
12 38 135.284
12 39 -288.769
12 40 -15.2478
12 41 648.434
12 42 -260.312
12 43 -377.562
12 44 290.578
12 45 968.611
12 46 -998.252
12 47 -633.251
12 48 -136.528
12 49 -377.928
12 50 -459.881
13 1 387.859
13 2 487.949
13 3 -77.2314
13 4 428.774
13 5 -572.123
13 6 -972.604
13 7 984.977
13 8 192.504
13 9 302.059
13 10 876.216
13 11 -860.728
13 12 -686.502
13 14 124.536
13 15 -0.530534
13 16 -462.995
13 17 186.336
13 18 -800.943
13 19 38.0031
13 20 611.366
13 21 455.766
13 22 744.432
13 23 -125.475
13 24 -891.75
13 25 686.846
13 26 -359.18
13 27 128.933
13 28 365.814
13 29 290.09
13 30 407.156
13 31 4.2938
13 32 -487.544
13 33 649.961
13 34 -438.507
13 35 928.917
13 36 305.418
13 37 -614.931
13 38 588.649
13 39 424.194
13 40 -739.997
13 41 691.487
13 42 670.419
13 43 647.701
13 44 -209.626
13 45 -316.372
13 46 -608.275
13 47 -967.413
13 48 20.5988
13 49 -297.685
13 50 596.405
14 1 -519.055
14 2 976.916
14 3 493.384
14 4 -426.171
14 5 -475.514
14 6 831.637
14 7 218.641
14 8 790.355
14 9 -84.4984
14 10 -101.231
14 11 -771.081
14 12 315.983
14 13 65.4835
14 15 59.9874
14 16 534.91
14 17 170.459
14 18 -219.824
14 19 -690.288
14 20 909.376
14 21 748.157
14 22 725.074
14 23 -885.094
14 24 -426.416
14 25 523.246
14 26 54.5524
14 27 -735.356
14 28 390.973
14 29 -777.615
14 30 -345.318
14 31 -92.5593
14 32 504.193
14 33 -351.547
14 34 -579.084
14 35 -543.299
14 36 -631.725
14 37 339.799
14 38 20.782
14 39 59.3157
14 40 -895.475
14 41 262.426
14 42 -428.309
14 43 -696.945
14 44 112.994
14 45 -283.945
14 46 -320.891
14 47 -133.047
14 48 886.72
14 49 641.228
14 50 -738.959
15 1 -217.687
15 2 -36.5604
15 3 513.597
15 4 -390.996
15 5 -988.786
15 6 953.711
15 7 -978.222
15 8 -888.147
15 9 -982.435
15 10 571.367
15 11 -292.311
15 12 -909.704
15 13 -980.726
15 14 625.595
15 16 -246.877
15 17 -830.499
15 18 -383.485
15 19 -109.902
15 20 116.353
15 21 -364.676
15 22 -526.261
15 23 802.935
15 24 -812.057
15 25 -793.554
15 26 -247.243
15 27 921.284
15 28 168.26
15 29 -334.509
15 30 -25.5682
15 31 82.9488
15 32 -662.319
15 33 -222.511
15 34 4.96554
15 35 -799.599
15 36 -570.779
15 37 -55.7356
15 38 -150.573
15 39 -370.417
15 40 -733.28
15 41 23.469
15 42 -58.4226
15 43 -952.207
15 44 -123.887
15 45 -245.656
15 46 -383.363
15 47 789.134
15 48 243.556
15 49 227.068
15 50 457.415
16 1 553.535
16 2 917.925
16 3 -170.665
16 4 194.214
16 5 -545.314
16 6 636.404
16 7 -883.75
16 8 -142.146
16 9 -680.09
16 10 169.42
16 11 31.9574
16 12 -139.826
16 13 -809.92
16 14 564.222
16 15 -77.9031
16 17 -302.143
16 18 960.978
16 19 -21.782
16 20 -216.038
16 21 966.535
16 22 -909.338
16 23 294.181
16 24 -822.377
16 25 365.447
16 26 333.997
16 27 -306.235
16 28 -753.371
16 29 395.492
16 30 404.103
16 31 390.302
16 32 279.403
16 33 417.416
16 34 -459.148
16 35 -306.601
16 36 -749.829
16 37 -224.404
16 38 -105.994
16 39 -389.409
16 40 -214.694
16 41 -333.226
16 42 666.816
16 43 -845.766
16 44 -27.0949
16 45 -560.398
16 46 -37.5375
16 47 558.726
16 48 476.041
16 49 19.2553
16 50 -731.204
17 1 -421.347
17 2 370.577
17 3 136.261
17 4 -487.605
17 5 -923.261
17 6 -846.743
17 7 56.2012
17 8 626.633
17 9 65.056
17 10 357.203
17 11 489.72
17 12 -432.278
17 13 -598.565
17 14 -799.111
17 15 -626.961
17 16 724.646
17 18 333.142
17 19 -265.869
17 20 212.656
17 21 -361.44
17 22 -945.123
17 23 -115.704
17 24 666.144
17 25 1.79003
17 26 -503.422
17 27 -129.2
17 28 -933.948
17 29 840.247
17 30 -501.468
17 31 407.034
17 32 -436.431
17 33 -158.695
17 34 588.771
17 35 132.352
17 36 -427.881
17 37 -242.969
17 38 528.62
17 39 715.975
17 40 218.946
17 41 -188.13
17 42 831.209
17 43 -940.055
17 44 -529.131
17 45 -934.925
17 46 424.683
17 47 -945.306
17 48 639.885
17 49 -339.272
17 50 -338.845
18 1 303.708
18 2 -64.4072
18 3 896.124
18 4 -149.841
18 5 272.563
18 6 -222.267
18 7 56.2623
18 8 506.086
18 9 -704.7
18 10 -469.59
18 11 951.329
18 12 -500.552
18 13 871.453
18 14 364.653
18 15 78.8573
18 16 301.51
18 17 686.846
18 19 -75.5215
18 20 -625.435
18 21 -503.849
18 22 816.797
18 23 -504.887
18 24 -535.726
18 25 770.264
18 26 521.169
18 27 -650.717
18 28 369.172
18 29 541.932
18 30 90.4601
18 31 967.756
18 32 -403.698
18 33 -558.505
18 34 -831.66
18 35 -186.42
18 36 558.97
18 37 813.622
18 38 -4.07245
18 39 -636.488
18 40 -753.127
18 41 429.446
18 42 -995.87
18 43 60.2317
18 44 111.528
18 45 613.809
18 46 -788.912
18 47 -108.559
18 48 -929.551
18 49 950.047
18 50 837.744
19 1 280.136
19 2 603.977
19 3 768.493
19 4 596.405
19 5 -34.6062
19 6 845.743
19 7 -401.439
19 8 -910.925
19 9 571.978
19 10 -362.478
19 11 774.783
19 12 744.31
19 13 545.78
19 14 -535.971
19 15 375.218
19 16 -272.098
19 17 -847.598
19 18 209.603
19 20 700.036
19 21 288.93
19 22 -778.226
19 23 -320.219
19 24 452.285
19 25 943.085
19 26 320.99
19 27 825.591
19 28 830.232
19 29 959.634
19 30 -947.993
19 31 -405.714
19 32 -297.746
19 33 576.619
19 34 163.863
19 35 368.928
19 36 -932.971
19 37 -617.801
19 38 -854.438
19 39 903.452
19 40 -28.8048
19 41 305.051
19 42 21.5759
19 43 -281.075
19 44 81.1168
19 45 -359.913
19 46 -999.901
19 47 -115.215
19 48 99.3149
19 49 566.909
19 50 -303.426
20 1 117.147
20 2 202.58
20 3 572.772
20 4 589.015
20 5 -853.827
20 6 697.288
20 7 241.969
20 8 415.645
20 9 282.945
20 10 75.926
20 11 -167.856
20 12 192.87
20 13 114.032
20 14 667.304
20 15 -917.765
20 16 -462.079
20 17 283.128
20 18 -944.207
20 19 691.059
20 21 -8.22504
20 22 273.907
20 23 -521.803
20 24 893.498
20 25 -979.443
20 26 147.741
20 27 -642.534
20 28 -408.706
20 29 -603.634
20 30 -834.225
20 31 -810.225
20 32 -542.688
20 33 -373.592
20 34 -762.409
20 35 -48.0411
20 36 456.01
20 37 136.749
20 38 -873.064
20 39 223.893
20 40 -778.165
20 41 885.071
20 42 363.066
20 43 216.687
20 44 -263.671
20 45 -905.49
20 46 781.561
20 47 888.002
20 48 723.73
20 49 803.546
20 50 646.907
21 1 -666.777
21 2 223.343
21 3 895.269
21 4 -719.051
21 5 649.717
21 6 767.943
21 7 -670.869
21 8 -854.804
21 9 -562.291
21 10 -403.088
21 11 235.251
21 12 -696.334
21 13 -839.537
21 14 -638.992
21 15 -439.179
21 16 -784.149
21 17 516.406
21 18 -265.014
21 19 -22.9423
21 20 790.111
21 22 -970.161
21 23 -609.252
21 24 706.754
21 25 -368.951
21 26 -946.467
21 27 765.562
21 28 979.909
21 29 -564.856
21 30 346.272
21 31 -948.238
21 32 796.523
21 33 447.644
21 34 436.163
21 35 -129.749
21 36 -315.578
21 37 -62.9416
21 38 950.841
21 39 -971.077
21 40 -856.942
21 41 -377.439
21 42 -907.811
21 43 844.522
21 44 -545.375
21 45 -18.5455
21 46 462.484
21 47 426.087
21 48 556.528
21 49 383.645
21 50 400.439
22 1 394.638
22 2 -342.02
22 3 989.069
22 4 51.6211
22 5 -557.1
22 6 -704.029
22 7 -659.022
22 8 328.257
22 9 -801.431
22 10 503.948
22 11 -396.615
22 12 -37.9039
22 13 811.668
22 14 792.309
22 15 -639.602
22 16 837.927
22 17 -290.54
22 18 -371.821
22 19 -60.4378
22 20 785.409
22 21 -32.6521
22 23 -902.926
22 24 -824.393
22 25 -970.161
22 26 707.303
22 27 432.744
22 28 569.291
22 29 482.453
22 30 -13.4158
22 31 105.788
22 32 -241.503
22 33 47.2243
22 34 605.321
22 35 165.879
22 36 266.457
22 37 -840.392
22 38 -739.448
22 39 507.674
22 40 -566.26
22 41 -284.25
22 42 -493.956
22 43 -237.045
22 44 500.345
22 45 -407.729
22 46 -70.6361
22 47 503.216
22 48 -250.785
22 49 950.413
22 50 6.24796
23 1 -569.619
23 2 675.487
23 3 -505.498
23 4 -943.108
23 5 263.464
23 6 90.338
23 7 -103.063
23 8 748.035
23 9 -18.118
23 10 124.902
23 11 -453.652
23 12 566.726
23 13 140.902
23 14 -952.207
23 15 -162.726
23 16 726.173
23 17 -76.8039
23 18 853.56
23 19 -834.591
23 20 -85.903
23 21 630.48
23 22 538.085
23 24 832.675
23 25 343.035
23 26 290.456
23 27 -973.825
23 28 31.7131
23 29 -476.735
23 30 79.2237
23 31 663.945
23 32 -878.132
23 33 -787.63
23 34 -766.867
23 35 -782.928
23 36 -641.923
23 37 963.543
23 38 150.123
23 39 -662.747
23 40 276.289
23 41 716.158
23 42 354.699
23 43 -605.771
23 44 919.086
23 45 -124.192
23 46 -970.466
23 47 646.785
23 48 88.6891
23 49 -697.189
23 50 791.882
24 1 666.632
24 2 -183.611
24 3 -340.127
24 4 392.805
24 5 -31.4307
24 6 -771.02
24 7 552.192
24 8 -944.94
24 9 -227.335
24 10 -988.909
24 11 -102.269
24 12 108.048
24 13 -158.94
24 14 -358.875
24 15 -30.5758
24 16 616.984
24 17 328.013
24 18 -407.912
24 19 -464.827
24 20 704.983
24 21 577.962
24 22 689.105
24 23 548.65
24 25 -761.066
24 26 811.668
24 27 799.271
24 28 813.317
24 29 -420.553
24 30 -365.409
24 31 -944.146
24 32 -929.49
24 33 68.7201
24 34 -689.433
24 35 -203.092
24 36 -56.4684
24 37 960.795
24 38 -270.449
24 39 397.324
24 40 -836.301
24 41 466.819
24 42 -985.306
24 43 -798.683
24 44 544.192
24 45 -385.928
24 46 -292.739
24 47 731.364
24 48 -896.636
24 49 597.321
24 50 455.155
25 1 350.364
25 2 -186.97
25 3 311.341
25 4 157.695
25 5 -406.874
25 6 370.088
25 7 -237.35
25 8 495.826
25 9 325.692
25 10 -537.436
25 11 -967.291
25 12 -217.931
25 13 933.864
25 14 951.207
25 15 491.124
25 16 79.5901
25 17 730.448
25 18 -603.389
25 19 -63.7965
25 20 512.437
25 21 -237.595
25 22 -602.412
25 23 368.684
25 24 718.784
25 26 209.053
25 27 141.085
25 28 60.4759
25 29 -625.19
25 30 553.291
25 31 -369.134
25 32 -370.905
25 33 -265.197
25 34 723.792
25 35 22.1866
25 36 -208.527
25 37 -888.269
25 38 -614.442
25 39 492.59
25 40 489.17
25 41 255.648
25 42 -425.866
25 43 -901.704
25 44 -928.513
25 45 -454.995
25 46 -149.963
25 47 51.1937
25 48 231.343
25 49 -48.0411
25 50 -824.759
26 1 -159.978
26 2 -639.419
26 3 -305.807
26 4 690.937
26 5 659.304
26 6 44.1709
26 7 534.36
26 8 578.023
26 9 556.161
26 10 -654.014
26 11 644.953
26 12 -793.981
26 13 754.203
26 14 -394.721
26 15 -8.28611
26 16 741.135
26 17 -424.034
26 18 405.385
26 19 -836.973
26 20 400.134
26 21 -585.069
26 22 -581.161
26 23 -413.408
26 24 -441.743
26 25 181.206
26 27 -185.626
26 28 68.1094
26 29 -125.597
26 30 -331.456
26 31 901.193
26 32 -404.431
26 33 631.641
26 34 280.38
26 35 -287.67
26 36 -658.106
26 37 483.552
26 38 540.772
26 39 213.755
26 40 -198.389
26 41 -210.175
26 42 843.056
26 43 -190.634
26 44 3.62206
26 45 728.311
26 46 -137.871
26 47 -144.833
26 48 736.799
26 49 -631.786
26 50 -924.238
27 1 -151.489
27 2 721.593
27 3 906.811
27 4 -174.451
27 5 -7.61437
27 6 -327.669
27 7 228.778
27 8 357.936
27 9 -183.184
27 10 -818.286
27 11 -988.848
27 12 -713.067
27 13 -452.675
27 14 -634.351
27 15 -468.064
27 16 912.796
27 17 -93.6585
27 18 209.236
27 19 380.836
27 20 823.759
27 21 -965.703
27 22 -452.125
27 23 265.174
27 24 -757.341
27 25 224.809
27 26 627.854
27 28 -908.849
27 29 534.116
27 30 -854.743
27 31 -832.759
27 32 510.849
27 33 311.036
27 34 256.32
27 35 882.995
27 36 -886.682
27 37 598.298
27 38 -915.261
27 39 -617.129
27 40 473.231
27 41 464.438
27 42 72.9948
27 43 -593.802
27 44 -795.63
27 45 578.634
27 46 658.022
27 47 -695.357
27 48 -749.707
27 49 -881.918
27 50 -704.7
28 1 -264.098
28 2 -440.583
28 3 -524.551
28 4 102.796
28 5 487.949
28 6 -640.335
28 7 -814.133
28 8 -195.763
28 9 379.187
28 10 209.298
28 11 534.238
28 12 -318.815
28 13 171.985
28 14 -992.389
28 15 256.32
28 16 199.832
28 17 -568.214
28 18 -832.27
28 19 794.752
28 20 -989.031
28 21 -723.387
28 22 117.269
28 23 523.673
28 24 13.7593
28 25 -52.3158
28 26 334.181
28 27 -599.725
28 29 154.459
28 30 -857.613
28 31 97.1165
28 32 -531.452
28 33 -329.379
28 34 51.3158
28 35 -865.247
28 36 653.747
28 37 450.514
28 38 -978.344
28 39 -631.114
28 40 -711.357
28 41 198.55
28 42 -191.672
28 43 -70.3918
28 44 -185.077
28 45 -896.147
28 46 322.944
28 47 640.434
28 48 -924.727
28 49 688.861
28 50 842.568
29 1 -847.476
29 2 -335.975
29 3 -477.529
29 4 -400.645
29 5 -75.5825
29 6 -254.327
29 7 -492.307
29 8 700.219
29 9 217.481
29 10 -199.55
29 11 -601.802
29 12 297.113
29 13 -681.678
29 14 -279.67
29 15 -740.486
29 16 -29.1101
29 17 159.65
29 18 700.036
29 19 547.795
29 20 -759.356
29 21 -475.575
29 22 -644.793
29 23 -505.987
29 24 153.665
29 25 39.6519
29 26 517.628
29 27 494.483
29 28 -118.635
29 30 122.826
29 31 120.75
29 32 -831.171
29 33 272.319
29 34 -911.231
29 35 644.892
29 36 -192.16
29 37 284.044
29 38 -404.798
29 39 529.597
29 40 862.171
29 41 244.533
29 42 610.389
29 43 12.1104
29 44 -811.996
29 45 -127.673
29 46 -899.75
29 47 818.69
29 48 728.799
29 49 998.84
29 50 -377.806
30 1 145.36
30 2 302.364
30 3 921.528
30 4 -4.25565
30 5 377.661
30 6 216.992
30 7 -660.548
30 8 263.464
30 9 968.978
30 10 368.317
30 11 797.134
30 12 -890.651
30 13 -70.575
30 14 -473.926
30 15 -430.69
30 16 935.94
30 17 -640.396
30 18 493.75
30 19 951.207
30 20 -231.793
30 21 459.674
30 22 819.118
30 23 -149.719
30 24 -795.325
30 25 456.865
30 26 -240.16
30 27 661.93
30 28 566.054
30 29 895.025
30 31 -821.034
30 32 -676.06
30 33 451.186
30 34 -291.701
30 35 -940.91
30 36 -473.621
30 37 -110.635
30 38 534.238
30 39 -671.846
30 40 -20.2553
30 41 262.426
30 42 -316.616
30 43 680.983
30 44 705.105
30 45 192.87
30 46 228.351
30 47 81.4832
30 48 -731.57
30 49 587.855
30 50 -377.806
31 1 -356.799
31 2 908.521
31 3 18.8279
31 4 309.204
31 5 560.314
31 6 -525.895
31 7 -367.363
31 8 -257.197
31 9 786.874
31 10 -856.026
31 11 -226.358
31 12 -731.204
31 13 153.543
31 14 -172.68
31 15 -490.231
31 16 295.158
31 17 -397.836
31 18 209.725
31 19 -750.318
31 20 -808.576
31 21 229.267
31 22 -626.473
31 23 -364.493
31 24 -635.144
31 25 824.248
31 26 929.833
31 27 900.704
31 28 -69.5369
31 29 -406.324
31 30 592.496
31 32 -120.956
31 33 -568.886
31 34 759.516
31 35 -848.881
31 36 860.583
31 37 38.7359
31 38 -295.792
31 39 -239.61
31 40 -539.268
31 41 667.854
31 42 -621.587
31 43 -511.666
31 44 -277.838
31 45 449.72
31 46 -371.699
31 47 73.4833
31 48 -398.386
31 49 998.718
31 50 150.917
32 1 -190.695
32 2 -940.848
32 3 905.712
32 4 756.646
32 5 -490.475
32 6 -79.9183
32 7 904.124
32 8 -372.981
32 9 481.964
32 10 -301.532
32 11 -862.987
32 12 -739.997
32 13 -550.932
32 14 581.443
32 15 974.474
32 16 780.035
32 17 364.47
32 18 -257.258
32 19 796.706
32 20 307.983
32 21 40.2015
32 22 195.313
32 23 214.244
32 24 85.2083
32 25 -451.331
32 26 346.699
32 27 130.276
32 28 20.1103
32 29 316.105
32 30 -534.139
32 31 -901.704
32 33 362.76
32 34 853.194
32 35 -762.776
32 36 -584.458
32 37 -815.843
32 38 -937.551
32 39 589.993
32 40 -623.908
32 41 -642.289
32 42 60.6591
32 43 -8.22504
32 44 -862.865
32 45 715.731
32 46 437.629
32 47 402.271
32 48 624.923
32 49 81.4221
32 50 917.376
33 1 -945.184
33 2 917.681
33 3 864.613
33 4 332.715
33 5 -722.288
33 6 -445.896
33 7 891.972
33 8 868.338
33 9 519.154
33 10 -806.744
33 11 181.39
33 12 -504.521
33 13 -219.946
33 14 64.9949
33 15 -667.571
33 16 -446.14
33 17 641.228
33 18 -347.333
33 19 226.763
33 20 -604.183
33 21 -944.451
33 22 48.6899
33 23 -279.304
33 24 52.2318
33 25 120.994
33 26 407.156
33 27 30.4918
33 28 841.53
33 29 988.397
33 30 945.772
33 31 478.605
33 32 867.85
33 34 123.131
33 35 -75.5825
33 36 304.624
33 37 -656.335
33 38 90.2769
33 39 46.9189
33 40 -779.203
33 41 675.915
33 42 49.5448
33 43 -290.296
33 44 -597.71
33 45 -759.05
33 46 -841.797
33 47 -447.667
33 48 -405.897
33 49 -184.832
33 50 -936.574
34 1 -267.151
34 2 -968.207
34 3 559.825
34 4 668.709
34 5 373.264
34 6 -142.451
34 7 530.574
34 8 -635.45
34 9 609.534
34 10 -285.166
34 11 632.862
34 12 -77.9031
34 13 685.93
34 14 -778.409
34 15 -38.5145
34 16 -791.111
34 17 528.803
34 18 -2.6679
34 19 469.018
34 20 -50.728
34 21 -762.226
34 22 -65.0179
34 23 -110.696
34 24 -314.234
34 25 936.429
34 26 -588.245
34 27 -131.52
34 28 153.97
34 29 -595.512
34 30 -883.14
34 31 -774.806
34 32 -761.798
34 33 960.978
34 35 -811.446
34 36 -709.341
34 37 713.471
34 38 -10.2403
34 39 348.287
34 40 -744.333
34 41 -60.0103
34 42 595.672
34 43 716.158
34 44 471.644
34 45 726.173
34 46 782.905
34 47 -999.29
34 48 -367.852
34 49 -485.468
34 50 627.671
35 1 -251.091
35 2 -211.824
35 3 110.857
35 4 862.659
35 5 -668.976
35 6 -886.193
35 7 -887.292
35 8 -683.571
35 9 375.401
35 10 381.081
35 11 -744.761
35 12 -347.638
35 13 -690.838
35 14 -938.528
35 15 834.873
35 16 -173.107
35 17 721.96
35 18 -984.695
35 19 414.79
35 20 726.784
35 21 -791.172
35 22 -321.929
35 23 -1000.45
35 24 404.164
35 25 417.232
35 26 -295.304
35 27 857.835
35 28 360.745
35 29 -57.3844
35 30 -1000.15
35 31 -822.744
35 32 -694.013
35 33 -196.985
35 34 71.7124
35 36 -232.526
35 37 840.675
35 38 -854.438
35 39 643.121
35 40 954.383
35 41 484.956
35 42 895.513
35 43 469.445
35 44 891.544
35 45 514.208
35 46 -984.39
35 47 288.93
35 48 458.514
35 49 11.683
35 50 92.5364
36 1 -153.26
36 2 934.719
36 3 598.359
36 4 -104.284
36 5 933.559
36 6 636.77
36 7 -739.203
36 8 640.862
36 9 367.829
36 10 -287.304
36 11 732.097
36 12 -390.08
36 13 874.323
36 14 -726.807
36 15 838.904
36 16 841.224
36 17 775.76
36 18 50.0334
36 19 -719.234
36 20 552.68
36 21 455.094
36 22 768.493
36 23 -740.791
36 24 12.1104
36 25 512.193
36 26 -575.359
36 27 394.943
36 28 520.07
36 29 -442.476
36 30 -345.562
36 31 381.508
36 32 201.725
36 33 584.558
36 34 -628.977
36 35 -192.649
36 37 -700.731
36 38 -155.764
36 39 -122.238
36 40 -419.698
36 41 -354.539
36 42 -818.652
36 43 626.022
36 44 -604.794
36 45 -995.443
36 46 -251.885
36 47 -184.283
36 48 684.464
36 49 -19.2783
36 50 43.4992
37 1 25.9117
37 2 481.72
37 3 161.298
37 4 218.152
37 5 -947.199
37 6 -351.486
37 7 -795.996
37 8 -425.255
37 9 -840.881
37 10 -111.735
37 11 -459.392
37 12 -792.027
37 13 905.834
37 14 990.535
37 15 386.516
37 16 716.341
37 17 762.814
37 18 744.982
37 19 -249.564
37 20 923.605
37 21 690.998
37 22 963.543
37 23 129.116
37 24 -443.148
37 25 867.422
37 26 39.0412
37 27 566.909
37 28 -193.321
37 29 -245.228
37 30 -508.918
37 31 779.424
37 32 707.914
37 33 701.074
37 34 925.437
37 35 20.9042
37 36 -713.189
37 38 -755.814
37 39 847.27
37 40 387.676
37 41 -588.489
37 42 334.791
37 43 -224.771
37 44 -763.508
37 45 -732.914
37 46 -370.294
37 47 -920.879
37 48 421.813
37 49 417.355
37 50 81.6664
38 1 -12.744
38 2 -985.0
38 3 368.501
38 4 -21.4156
38 5 197.511
38 6 -775.355
38 7 -409.561
38 8 -355.028
38 9 536.925
38 10 171.13
38 11 920.49
38 12 979.665
38 13 -904.941
38 14 -771.081
38 15 286.731
38 16 -983.29
38 17 -717.341
38 18 -382.874
38 19 705.288
38 20 -285.594
38 21 -763.997
38 22 -85.6587
38 23 463.522
38 24 -873.125
38 25 -976.451
38 26 203.374
38 27 -550.871
38 28 185.359
38 29 -921.307
38 30 520.07
38 31 550.97
38 32 240.747
38 33 300.655
38 34 299.311
38 35 66.0941
38 36 -417.194
38 37 -740.791
38 39 505.719
38 40 67.1934
38 41 106.216
38 42 950.963
38 43 -867.995
38 44 646.419
38 45 314.395
38 46 519.948
38 47 -237.289
38 48 987.664
38 49 -144.161
38 50 414.79
39 1 -126.33
39 2 -799.294
39 3 -226.908
39 4 387.309
39 5 575.947
39 6 -142.207
39 7 -347.638
39 8 790.783
39 9 472.804
39 10 -844.484
39 11 -134.268
39 12 605.748
39 13 -669.586
39 14 667.182
39 15 88.5059
39 16 637.32
39 17 243.679
39 18 -410.111
39 19 282.945
39 20 -687.113
39 21 -20.4996
39 22 459.064
39 23 -666.716
39 24 -470.262
39 25 202.336
39 26 230.61
39 27 -476.979
39 28 -25.8736
39 29 -752.211
39 30 -296.83
39 31 34.5833
39 32 -634.351
39 33 -849.43
39 34 -807.05
39 35 -332.005
39 36 -944.085
39 37 -401.011
39 38 -588.855
39 40 -37.5375
39 41 417.599
39 42 -485.224
39 43 -523.696
39 44 904.002
39 45 462.911
39 46 -57.9951
39 47 -997.153
39 48 411.981
39 49 136.871
39 50 928.795
40 1 201.847
40 2 -205.962
40 3 709.746
40 4 94.0631
40 5 925.742
40 6 348.593
40 7 712.555
40 8 -430.873
40 9 606.786
40 10 -693.403
40 11 857.407
40 12 992.061
40 13 16.5684
40 14 308.715
40 15 -629.16
40 16 -752.883
40 17 786.935
40 18 584.741
40 19 -811.324
40 20 650.999
40 21 -372.737
40 22 46.8579
40 23 -564.428
40 24 238.61
40 25 -812.423
40 26 468.041
40 27 642.816
40 28 -121.689
40 29 485.872
40 30 -65.3232
40 31 127.711
40 32 -129.566
40 33 850.018
40 34 771.363
40 35 987.176
40 36 -266.907
40 37 313.723
40 38 109.147
40 39 -878.865
40 41 860.827
40 42 394.76
40 43 -696.823
40 44 -246.572
40 45 736.921
40 46 196.107
40 47 -629.526
40 48 -148.558
40 49 -601.252
40 50 -226.969
41 1 644.892
41 2 -82.6053
41 3 -167.001
41 4 -303.303
41 5 -167.245
41 6 -436.003
41 7 988.519
41 8 755.119
41 9 665.961
41 10 324.227
41 11 -898.223
41 12 726.723
41 13 -681.495
41 14 124.719
41 15 24.7514
41 16 170.031
41 17 804.889
41 18 871.453
41 19 219.068
41 20 158.611
41 21 -488.582
41 22 -429.957
41 23 -861.339
41 24 -97.2004
41 25 88.7502
41 26 437.141
41 27 664.678
41 28 -802.286
41 29 -148.375
41 30 416.072
41 31 279.159
41 32 -366.997
41 33 909.132
41 34 -438.995
41 35 -313.257
41 36 -502.322
41 37 -815.11
41 38 708.464
41 39 -453.896
41 40 328.685
41 42 541.627
41 43 -125.841
41 44 13.6371
41 45 25.9117
41 46 -837.034
41 47 -169.627
41 48 -217.015
41 49 486.788
41 50 423.767
42 1 276.289
42 2 -689.922
42 3 682.632
42 4 -610.717
42 5 -942.803
42 6 907.605
42 7 -873.491
42 8 -824.942
42 9 -132.681
42 10 -606.809
42 11 667.365
42 12 319.219
42 13 861.071
42 14 -1.87402
42 15 -466.109
42 16 -626.106
42 17 -372.249
42 18 -810.225
42 19 -403.454
42 20 -93.5975
42 21 961.283
42 22 -866.712
42 23 -251.335
42 24 76.9642
42 25 847.514
42 26 -550.505
42 27 -628.305
42 28 4.90448
42 29 -865.308
42 30 975.695
42 31 -189.535
42 32 -906.04
42 33 303.219
42 34 -795.996
42 35 794.935
42 36 514.147
42 37 771.241
42 38 103.406
42 39 -250.052
42 40 -985.733
42 41 193.115
42 43 -19.6447
42 44 934.719
42 45 -722.166
42 46 -830.805
42 47 104.933
42 48 331.127
42 49 976.916
42 50 812.706
43 1 -241.564
43 2 -753.738
43 3 -264.098
43 4 603.305
43 5 408.133
43 6 542.604
43 7 191.954
43 8 -15.6753
43 9 686.052
43 10 440.255
43 11 317.631
43 12 116.475
43 13 868.461
43 14 -159.306
43 15 -779.386
43 16 -760.027
43 17 535.581
43 18 92.3532
43 19 -407.179
43 20 84.2923
43 21 104.322
43 22 -857.797
43 23 995.115
43 24 749.623
43 25 -81.5672
43 26 -981.825
43 27 -828.301
43 28 -485.834
43 29 -415.179
43 30 566.42
43 31 -412.553
43 32 997.13
43 33 -755.508
43 34 388.775
43 35 351.463
43 36 103.162
43 37 -536.215
43 38 -76.4986
43 39 743.394
43 40 -785.248
43 41 -566.566
43 42 -407.546
43 44 513.047
43 45 -961.184
43 46 166.367
43 47 -36.5604
43 48 144.627
43 49 564.466
43 50 374.974
44 1 860.888
44 2 -727.295
44 3 560.192
44 4 -276.312
44 5 363.127
44 6 -559.604
44 7 58.9492
44 8 -861.522
44 9 627.427
44 10 381.325
44 11 253.877
44 12 862.354
44 13 469.934
44 14 18.1561
44 15 -749.707
44 16 -60.2546
44 17 -349.287
44 18 -633.434
44 19 116.78
44 20 -165.169
44 21 794.691
44 22 525.139
44 23 -343.852
44 24 -156.253
44 25 -119.795
44 26 940.459
44 27 356.837
44 28 -988.481
44 29 -748.119
44 30 143.894
44 31 938.444
44 32 232.198
44 33 71.0406
44 34 137.482
44 35 -52.6822
44 36 -786.897
44 37 156.535
44 38 -383.913
44 39 -167.489
44 40 10.5227
44 41 153.482
44 42 -777.31
44 43 -66.056
44 45 -203.702
44 46 -40.9572
44 47 15.347
44 48 -168.161
44 49 571.55
44 50 349.814
45 1 335.402
45 2 -513.009
45 3 490.88
45 4 -256.281
45 5 -731.081
45 6 -388.187
45 7 503.643
45 8 -959.84
45 9 -114.544
45 10 708.769
45 11 985.344
45 12 468.712
45 13 435.431
45 14 212.962
45 15 54.1249
45 16 -616.641
45 17 707.548
45 18 183.71
45 19 262.365
45 20 956.825
45 21 -278.144
45 22 968.733
45 23 -661.098
45 24 679.518
45 25 -46.6365
45 26 -711.296
45 27 -313.318
45 28 639.579
45 29 264.503
45 30 185.237
45 31 304.99
45 32 488.376
45 33 746.387
45 34 -755.02
45 35 -161.077
45 36 -951.352
45 37 -354.356
45 38 574.237
45 39 437.507
45 40 -501.162
45 41 -426.477
45 42 922.688
45 43 -898.651
45 44 60.7813
45 46 -827.996
45 47 -572.855
45 48 225.114
45 49 -854.804
45 50 -559.604
46 1 -607.114
46 2 -3.46178
46 3 883.666
46 4 896.491
46 5 -449.072
46 6 369.111
46 7 -26.5453
46 8 765.256
46 9 -759.905
46 10 -731.387
46 11 -197.412
46 12 387.92
46 13 943.146
46 14 743.944
46 15 757.623
46 16 26.4003
46 17 609.717
46 18 -274.907
46 19 674.937
46 20 -739.081
46 21 -779.203
46 22 -892.544
46 23 368.562
46 24 166.184
46 25 13.3318
46 26 -182.573
46 27 165.451
46 28 -553.375
46 29 808.187
46 30 -433.622
46 31 391.828
46 32 734.478
46 33 -111.979
46 34 980.886
46 35 -255.06
46 36 -786.348
46 37 854.904
46 38 780.951
46 39 493.017
46 40 -212.191
46 41 897.407
46 42 716.647
46 43 429.629
46 44 945.955
46 45 -75.8268
46 47 -72.1628
46 48 535.826
46 49 -459.087
46 50 985.588
47 1 -568.336
47 2 272.014
47 3 660.587
47 4 -579.695
47 5 415.462
47 6 -551.543
47 7 -238.328
47 8 -816.149
47 9 -976.451
47 10 606.359
47 11 -713.005
47 12 -232.709
47 13 -662.075
47 14 844.156
47 15 921.345
47 16 167.894
47 17 -785.309
47 18 -962.833
47 19 -310.876
47 20 -661.831
47 21 693.197
47 22 -619.145
47 23 -910.07
47 24 -445.285
47 25 -360.646
47 26 -813.523
47 27 -565.1
47 28 137.299
47 29 336.135
47 30 -111.246
47 31 592.924
47 32 -34.423
47 33 -320.647
47 34 -819.935
47 35 -675.876
47 36 226.396
47 37 696.983
47 38 -772.363
47 39 397.691
47 40 -174.817
47 41 51.1326
47 42 894.536
47 43 -340.066
47 44 907.971
47 45 -763.753
47 46 912.002
47 48 272.075
47 49 919.879
47 50 139.925
48 1 -55.9799
48 2 272.563
48 3 651.61
48 4 662.358
48 5 470.483
48 6 678.113
48 7 698.693
48 8 -913.429
48 9 430.362
48 10 292.105
48 11 -223.671
48 12 883.727
48 13 -429.713
48 14 420.652
48 15 -668.548
48 16 625.9
48 17 427.492
48 18 -326.692
48 19 -120.04
48 20 727.272
48 21 882.018
48 22 47.2243
48 23 -486.384
48 24 -334.57
48 25 228.228
48 26 469.262
48 27 16.5684
48 28 -604.244
48 29 -307.822
48 30 996.336
48 31 -983.229
48 32 631.274
48 33 -665.556
48 34 -148.497
48 35 -372.004
48 36 -318.57
48 37 279.098
48 38 493.078
48 39 -1.56868
48 40 -455.545
48 41 201.664
48 42 888.796
48 43 224.442
48 44 923.238
48 45 -978.894
48 46 202.03
48 47 -948.543
48 49 -134.818
48 50 726.967
49 1 -936.268
49 2 -189.168
49 3 -281.563
49 4 272.258
49 5 622.969
49 6 15.286
49 7 72.262
49 8 -505.864
49 9 555.673
49 10 70.6742
49 11 388.531
49 12 971.359
49 13 -761.86
49 14 -476.674
49 15 -998.069
49 16 -232.099
49 17 252.655
49 18 292.41
49 19 -817.614
49 20 13.8814
49 21 416.072
49 22 -686.075
49 23 936.307
49 24 231.282
49 25 -465.926
49 26 50.583
49 27 245.205
49 28 370.699
49 29 -948.726
49 30 -718.624
49 31 431.583
49 32 480.437
49 33 -209.015
49 34 636.037
49 35 -678.869
49 36 -50.0563
49 37 -27.217
49 38 -718.257
49 39 913.528
49 40 -733.707
49 41 -302.204
49 42 -767.05
49 43 -777.737
49 44 -781.34
49 45 -916.91
49 46 -312.402
49 47 -994.771
49 48 -510.872
49 50 238.488
50 1 -146.177
50 2 -966.192
50 3 -431.118
50 4 264.991
50 5 692.525
50 6 621.564
50 7 -63.6133
50 8 -522.719
50 9 -988.054
50 10 -922.284
50 11 433.293
50 12 22.2477
50 13 364.714
50 14 794.569
50 15 -222.572
50 16 -914.406
50 17 158.734
50 18 -377.073
50 19 -847.537
50 20 -115.582
50 21 -545.803
50 22 -732.73
50 23 -193.931
50 24 613.381
50 25 856.186
50 26 -654.442
50 27 -403.393
50 28 552.253
50 29 947.299
50 30 -170.237
50 31 432.133
50 32 -490.475
50 33 711.395
50 34 -457.987
50 35 -474.17
50 36 -204.924
50 37 366.18
50 38 -601.008
50 39 422.545
50 40 903.513
50 41 55.0409
50 42 87.651
50 43 713.105
50 44 103.162
50 45 831.454
50 46 861.682
50 47 395.615
50 48 -881.918
50 49 -628.977
