25 600
1
2
3
4
5
6
7
8
9
10
11
12
13
14
15
16
17
18
19
20
21
22
23
24
25
1 2 -72.9566
1 3 565.321
1 4 -798.805
1 5 -733.891
1 6 -730.288
1 7 -702.258
1 8 196.229
1 9 260.472
1 10 -319.608
1 11 -81.7504
1 12 699.242
1 13 -91.8265
1 14 530.574
1 15 203.74
1 16 695.517
1 17 -704.334
1 18 436.163
1 19 -318.326
1 20 468.163
1 21 -23.553
1 22 535.52
1 23 552.497
1 24 -417.622
1 25 -236.251
2 1 853.255
2 3 -662.991
2 4 -319.181
2 5 -897.368
2 6 944.123
2 7 -296.403
2 8 -229.29
2 9 -49.6288
2 10 -999.534
2 11 -113.261
2 12 -300.8
2 13 102.674
2 14 617.412
2 15 -840.759
2 16 498.147
2 17 914.994
2 18 -616.946
2 19 782.477
2 20 -715.815
2 21 -661.403
2 22 518.666
2 23 -132.803
2 24 -586.474
2 25 229.755
3 1 -290.235
3 2 -395.576
3 4 -441.072
3 5 -157.352
3 6 360.318
3 7 274.884
3 8 416.866
3 9 475.735
3 10 -579.878
3 11 495.704
3 12 718.173
3 13 -821.767
3 14 -997.336
3 15 -864.88
3 16 -762.592
3 17 481.109
3 18 -41.2626
3 19 -666.045
3 20 488.193
3 21 62.4301
3 22 605.259
3 23 -937.123
3 24 778.997
3 25 -685.037
4 1 796.095
4 2 -330.356
4 3 341.326
4 5 -272.037
4 6 518.177
4 7 837.072
4 8 196.046
4 9 -968.817
4 10 -797.95
4 11 -601.313
4 12 -546.596
4 13 45.3312
4 14 938.566
4 15 453.507
4 16 -261.961
4 17 158.184
4 18 -225.687
4 19 196.901
4 20 417.782
4 21 386.393
4 22 303.525
4 23 935.818
4 24 -668.976
4 25 -59.8271
5 1 -295.853
5 2 -304.097
5 3 701.99
5 4 -757.463
5 6 442.392
5 7 884.277
5 8 915.299
5 9 -667.022
5 10 -194.542
5 11 417.294
5 12 -137.81
5 13 595.061
5 14 -528.643
5 15 -217.015
5 16 527.459
5 17 745.226
5 18 -714.166
5 19 -553.07
5 20 504.742
5 21 -975.535
5 22 446.362
5 23 56.0791
5 24 142.612
5 25 526.36
6 1 271.831
6 2 871.147
6 3 993.344
6 4 -411.637
6 5 -244.373
6 7 -131.887
6 8 -744.272
6 9 214.733
6 10 78.7962
6 11 948.764
6 12 -87.8571
6 13 429.202
6 14 -725.585
6 15 683.243
6 16 220.534
6 17 526.971
6 18 -761.615
6 19 46.7968
6 20 279.22
6 21 145.482
6 22 260.167
6 23 -434.66
6 24 -669.403
6 25 99.0096
7 1 -729.249
7 2 -681.189
7 3 -498.109
7 4 -89.7502
7 5 999.695
7 6 238.915
7 8 -337.868
7 9 981.68
7 10 206.733
7 11 133.879
7 12 -907.139
7 13 336.257
7 14 209.664
7 15 887.269
7 16 -346.051
7 17 878.292
7 18 -139.032
7 19 254.426
7 20 128.994
7 21 -907.933
7 22 186.397
7 23 710.479
7 24 -553.375
7 25 140.963
8 1 858.934
8 2 769.775
8 3 460.468
8 4 -726.196
8 5 -299.273
8 6 -770.043
8 7 968.611
8 9 -488.643
8 10 -595.512
8 11 -227.946
8 12 -325.532
8 13 517.383
8 14 649.778
8 15 344.99
8 16 -232.282
8 17 613.137
8 18 -188.863
8 19 790.722
8 20 -193.443
8 21 866.934
8 22 451.614
8 23 -869.155
8 24 605.321
8 25 -809.309
9 1 767.821
9 2 -34.6062
9 3 -201.504
9 4 -606.87
9 5 197.817
9 6 -597.71
9 7 783.76
9 8 -891.323
9 10 -635.022
9 11 -17.263
9 12 -288.281
9 13 -437.713
9 14 549.871
9 15 11.4387
9 16 -763.447
9 17 -912.818
9 18 872.796
9 19 751.394
9 20 687.945
9 21 -651.51
9 22 -613.71
9 23 -95.1852
9 24 -633.618
9 25 197.878
10 1 255.037
10 2 832.37
10 3 657.9
10 4 105.116
10 5 -795.202
10 6 -70.7582
10 7 -374.386
10 8 103.162
10 9 -548.551
10 11 -380.126
10 12 -194.603
10 13 178.825
10 14 267.617
10 15 -615.542
10 16 -144.039
10 17 52.0486
10 18 397.752
10 19 272.563
10 20 -222.45
10 21 -720.822
10 22 -501.223
10 23 -670.258
10 24 -626.961
10 25 620.038
11 1 -203.824
11 2 -612.305
11 3 644.221
11 4 -403.759
11 5 -862.499
11 6 637.503
11 7 804.645
11 8 200.626
11 9 -355.638
11 10 -562.413
11 12 -391.668
11 13 -335.547
11 14 -867.567
11 15 796.34
11 16 -329.013
11 17 250.274
11 18 -494.994
11 19 -55.6135
11 20 -528.887
11 21 983.695
11 22 -708.731
11 23 -531.574
11 24 -271.121
11 25 -722.776
12 1 531.062
12 2 -589.038
12 3 839.209
12 4 -618.534
12 5 -820.79
12 6 795.729
12 7 50.7051
12 8 -412.553
12 9 -763.753
12 10 3.07245
12 11 84.1701
12 13 -862.193
12 14 -231.854
12 15 447.827
12 16 -137.016
12 17 773.317
12 18 -975.84
12 19 975.329
12 20 -941.093
12 21 -154.543
12 22 833.774
12 23 -566.504
12 24 -867.323
12 25 -44.1328
13 1 -543.421
13 2 852.461
13 3 555.856
13 4 28.9651
13 5 103.712
13 6 654.175
13 7 904.246
13 8 781.928
13 9 -722.105
13 10 360.073
13 11 -486.445
13 12 -486.933
13 14 159.283
13 15 203.557
13 16 -620.61
13 17 -841.431
13 18 -809.431
13 19 103.467
13 20 -13.599
13 21 540.589
13 22 -920.757
13 23 -571.085
13 24 -236.679
13 25 -245.961
14 1 377.416
14 2 997.496
14 3 -152.467
14 4 -364.676
14 5 843.728
14 6 -267.029
14 7 -158.757
14 8 -768.821
14 9 773.195
14 10 -556.428
14 11 -745.616
14 12 225.725
14 13 -525.772
14 15 127.284
14 16 -681.128
14 17 247.037
14 18 -909.826
14 19 -734.318
14 20 859.361
14 21 5.57622
14 22 943.574
14 23 -461.835
14 24 909.254
14 25 188.84
15 1 594.756
15 2 384.134
15 3 -233.992
15 4 -944.574
15 5 812.584
15 6 -137.078
15 7 -837.339
15 8 671.579
15 9 621.87
15 10 246.182
15 11 -752.333
15 12 710.235
15 13 -363.333
15 14 -228.618
15 16 -937.673
15 17 -224.099
15 18 -143.245
15 19 8.6296
15 20 203.374
15 21 -830.072
15 22 112.811
15 23 -737.005
15 24 352.073
15 25 -956.237
16 1 -644.182
16 2 -534.994
16 3 368.012
16 4 -122.36
16 5 -25.8125
16 6 972.031
16 7 -376.401
16 8 -781.096
16 9 -680.884
16 10 727.333
16 11 -723.998
16 12 626.389
16 13 643.06
16 14 217.175
16 15 157.329
16 17 738.875
16 18 -385.622
16 19 651.61
16 20 973.741
16 21 -568.947
16 22 -374.569
16 23 -185.993
16 24 -498.109
16 25 975.817
17 1 50.3998
17 2 22.3087
17 3 473.17
17 4 -852.484
17 5 664.678
17 6 -375.852
17 7 816.126
17 8 231.954
17 9 400.622
17 10 -519.727
17 11 -28.3773
17 12 836.583
17 13 -367.302
17 14 862.171
17 15 -51.9494
17 16 481.048
17 18 176.321
17 19 202.397
17 20 808.126
17 21 -120.956
17 22 186.275
17 23 -853.217
17 24 278.731
17 25 858.201
18 1 150.917
18 2 -671.113
18 3 -827.568
18 4 850.751
18 5 -841.736
18 6 313.662
18 7 -698.838
18 8 -96.773
18 9 -367.974
18 10 148.657
18 11 -427.332
18 12 -869.949
18 13 -287.365
18 14 960.062
18 15 962.627
18 16 555.428
18 17 -513.62
18 19 -978.222
18 20 38.9802
18 21 -725.341
18 22 237.144
18 23 -244.74
18 24 -257.747
18 25 -109.475
19 1 912.673
19 2 -933.276
19 3 -912.391
19 4 131.131
19 5 995.359
19 6 -503.483
19 7 497.597
19 8 -381.836
19 9 -37.8428
19 10 584.558
19 11 434.698
19 12 704.922
19 13 523.063
19 14 -90.1777
19 15 40.4458
19 16 -679.235
19 17 -181.474
19 18 238.549
19 20 -550.199
19 21 778.081
19 22 -221.045
19 23 -794.347
19 24 480.376
19 25 447.522
20 1 815.942
20 2 989.008
20 3 -624.274
20 4 276.044
20 5 42.0335
20 6 386.577
20 7 305.357
20 8 -946.833
20 9 212.595
20 10 767.027
20 11 -717.28
20 12 -615.053
20 13 558.726
20 14 296.563
20 15 -779.264
20 16 -703.174
20 17 -282.052
20 18 -92.1318
20 19 -217.259
20 21 -580.977
20 22 -58.1172
20 23 -569.436
20 24 736.433
20 25 -322.601
21 1 763.791
21 2 -669.953
21 3 488.926
21 4 436.835
21 5 -678.624
21 6 488.62
21 7 496.376
21 8 28.9651
21 9 -475.086
21 10 -535.726
21 11 -773.951
21 12 -392.401
21 13 -759.661
21 14 -324.066
21 15 372.409
21 16 -737.86
21 17 -300.555
21 18 -67.2774
21 19 996.275
21 20 332.837
21 22 304.319
21 23 764.829
21 24 295.525
21 25 -141.413
22 1 -975.046
22 2 -20.4996
22 3 680.922
22 4 107.498
22 5 -422.446
22 6 -108.498
22 7 -157.23
22 8 -891.628
22 9 -442.354
22 10 -349.47
22 11 -489.743
22 12 -858.407
22 13 737.104
22 14 -881.918
22 15 -426.049
22 16 -892.361
22 17 -308.799
22 18 -276.739
22 19 -729.005
22 20 -272.953
22 21 -36.4993
22 23 733.868
22 24 116.963
22 25 -503.116
23 1 -66.4224
23 2 385.722
23 3 266.701
23 4 351.829
23 5 -403.454
23 6 306.7
23 7 -997.886
23 8 955.054
23 9 428.957
23 10 666.083
23 11 -973.092
23 12 569.474
23 13 -470.812
23 14 494.91
23 15 -747.325
23 16 -561.619
23 17 230.977
23 18 613.137
23 19 -225.32
23 20 616.435
23 21 357.753
23 22 -404.187
23 24 -284.434
23 25 -819.935
24 1 327.402
24 2 225.603
24 3 -370.661
24 4 -221.9
24 5 278.365
24 6 855.27
24 7 -850.469
24 8 425.293
24 9 412.347
24 10 -868.239
24 11 -426.721
24 12 -492.124
24 13 -261.594
24 14 516.406
24 15 63.1629
24 16 -75.8879
24 17 -590.443
24 18 -979.748
24 19 -839.598
24 20 -708.059
24 21 -166.512
24 22 630.602
24 23 296.319
24 25 178.458
25 1 -251.518
25 2 818.263
25 3 978.871
25 4 -731.997
25 5 455.461
25 6 608.13
25 7 359.829
25 8 -571.146
25 9 -616.824
25 10 619.183
25 11 857.407
25 12 -407.851
25 13 190.367
25 14 -476.186
25 15 520.131
25 16 401.416
25 17 -430.08
25 18 367.89
25 19 -167.856
25 20 555.856
25 21 -30.82
25 22 -826.591
25 23 -365.531
25 24 -205.656
