25 600
1
2
3
4
5
6
7
8
9
10
11
12
13
14
15
16
17
18
19
20
21
22
23
24
25
1 2 378.149
1 3 432.438
1 4 495.277
1 5 -963.321
1 6 -2.72897
1 7 22.4919
1 8 235.312
1 9 717.807
1 10 954.26
1 11 -936.94
1 12 -326.753
1 13 -160.711
1 14 -85.5365
1 15 -709.036
1 16 -610.29
1 17 298.151
1 18 -713.189
1 19 204.962
1 20 -276.983
1 21 -426.171
1 22 144.444
1 23 -958.314
1 24 590.237
1 25 20.721
2 1 113.116
2 3 -137.2
2 4 -8.95785
2 5 99.6813
2 6 -583.848
2 7 171.985
2 8 -113.567
2 9 -496.277
2 10 -744.822
2 11 525.933
2 12 -870.438
2 13 -895.292
2 14 -282.113
2 15 -445.652
2 16 149.512
2 17 -338.295
2 18 -598.199
2 19 -157.963
2 20 -939.871
2 21 227.923
2 22 -57.5676
2 23 -904.147
2 24 -97.3836
2 25 196.595
3 1 -373.714
3 2 51.8043
3 4 681.96
3 5 -80.1015
3 6 -713.005
3 7 -460.308
3 8 -90.0555
3 9 -160.405
3 10 662.785
3 11 164.474
3 12 -669.648
3 13 -934.314
3 14 403.675
3 15 -980.909
3 16 -489.132
3 17 -654.625
3 18 -73.0177
3 19 890.14
3 20 -3.82818
3 21 -649.495
3 22 292.655
3 23 365.63
3 24 708.036
3 25 -767.233
4 1 294.304
4 2 317.082
4 3 277.205
4 5 375.096
4 6 956.764
4 7 -841.98
4 8 -0.958007
4 9 277.449
4 10 618.206
4 11 345.051
4 12 -905.979
4 13 -476.918
4 14 -205.473
4 15 535.276
4 16 -31.5528
4 17 752.432
4 18 5.88156
4 19 -138.91
4 20 -847.782
4 21 582.481
4 22 -246.144
4 23 741.868
4 24 619.0
4 25 422.545
5 1 -156.924
5 2 672.617
5 3 -850.835
5 4 -894.742
5 6 -774.378
5 7 -561.192
5 8 458.392
5 9 -714.105
5 10 -435.27
5 11 182.916
5 12 -262.022
5 13 534.299
5 14 -304.464
5 15 759.089
5 16 -663.48
5 17 -933.154
5 18 180.84
5 19 826.263
5 20 -763.569
5 21 -940.971
5 22 -860.361
5 23 -895.414
5 24 -968.085
5 25 -543.787
6 1 -453.041
6 2 241.908
6 3 -909.338
6 4 -755.753
6 5 -823.843
6 7 -288.098
6 8 -414.63
6 9 -896.025
6 10 -608.336
6 11 208.931
6 12 -916.544
6 13 389.141
6 14 -38.6367
6 15 -53.1708
6 16 -613.588
6 17 -636.61
6 18 87.1014
6 19 322.334
6 20 297.052
6 21 -354.112
6 22 838.415
6 23 -635.205
6 24 -989.153
6 25 781.439
7 1 -828.423
7 2 424.011
7 3 -179.092
7 4 -108.742
7 5 735.883
7 6 515.551
7 8 806.843
7 9 339.555
7 10 -372.554
7 11 -217.809
7 12 -782.561
7 13 338.578
7 14 317.387
7 15 493.567
7 16 225.969
7 17 -550.138
7 18 -100.742
7 19 -978.1
7 20 730.814
7 21 -93.1089
7 22 -121.017
7 23 -752.76
7 24 917.192
7 25 695.762
8 1 -329.623
8 2 805.195
8 3 -756.486
8 4 -660.793
8 5 998.412
8 6 633.961
8 7 -444.98
8 9 -680.212
8 10 -614.137
8 11 -744.822
8 12 -3.09537
8 13 69.0254
8 14 -70.1475
8 15 218.336
8 16 432.866
8 17 -525.956
8 18 -474.231
8 19 146.337
8 20 42.2167
8 21 -164.558
8 22 759.821
8 23 -165.291
8 24 -209.198
8 25 -795.386
9 1 -371.882
9 2 -176.71
9 3 -542.688
9 4 -946.711
9 5 297.052
9 6 888.307
9 7 -91.0326
9 8 198.977
9 10 -937.551
9 11 888.369
9 12 307.372
9 13 -69.7811
9 14 728.005
9 15 407.584
9 16 939.238
9 17 274.212
9 18 -445.102
9 19 625.534
9 20 -648.396
9 21 330.578
9 22 9.97308
9 23 -145.993
9 24 490.819
9 25 622.847
10 1 -541.589
10 2 184.871
10 3 511.093
10 4 395.92
10 5 24.1408
10 6 673.899
10 7 970.199
10 8 -197.901
10 9 -220.496
10 11 509.933
10 12 -928.757
10 13 -89.0174
10 14 470.483
10 15 601.595
10 16 662.235
10 17 479.338
10 18 -50.667
10 19 -984.084
10 20 -347.883
10 21 421.935
10 22 517.2
10 23 717.624
10 24 569.84
10 25 920.124
11 1 -651.999
11 2 -975.962
11 3 -89.0174
11 4 100.842
11 5 199.954
11 6 -749.89
11 7 997.924
11 8 -767.539
11 9 579.733
11 10 -63.6133
11 12 8.14106
11 13 -634.228
11 14 -430.324
11 15 134.123
11 16 -111.307
11 17 362.455
11 18 491.674
11 19 166.917
11 20 -183.733
11 21 -752.699
11 22 -408.217
11 23 309.57
11 24 911.757
11 25 -171.581
12 1 952.795
12 2 823.087
12 3 -117.841
12 4 505.048
12 5 793.531
12 6 -218.725
12 7 -707.57
12 8 221.389
12 9 -627.633
12 10 132.78
12 11 136.627
12 13 -507.33
12 14 -339.15
12 15 422.79
12 16 -592.702
12 17 441.66
12 18 980.092
12 19 627.549
12 20 355.982
12 21 781.867
12 22 793.103
12 23 -471.972
12 24 112.078
12 25 -306.784
13 1 839.881
13 2 -932.788
13 3 372.959
13 4 520.681
13 5 792.92
13 6 121.177
13 7 -169.688
13 8 227.312
13 9 -368.401
13 10 -874.041
13 11 37.5145
13 12 558.176
13 14 -79.1855
13 15 5.57622
13 16 -608.946
13 17 831.209
13 18 -827.812
13 19 816.858
13 20 928.917
13 21 -693.22
13 22 -507.513
13 23 -427.27
13 24 613.748
13 25 -928.513
14 1 -312.28
14 2 671.151
14 3 -186.97
14 4 -636.549
14 5 -974.497
14 6 355.982
14 7 641.228
14 8 291.25
14 9 837.255
14 10 673.167
14 11 -140.619
14 12 -127.001
14 13 -860.85
14 15 332.898
14 16 30.2475
14 17 -657.862
14 18 485.75
14 19 -64.9568
14 20 -404.126
14 21 -353.257
14 22 202.58
14 23 -16.8356
14 24 585.718
14 25 -913.063
15 1 -770.287
15 2 -870.56
15 3 -376.157
15 4 -969.306
15 5 732.036
15 6 -908.666
15 7 944.795
15 8 -364.371
15 9 671.09
15 10 -331.944
15 11 -923.505
15 12 523.185
15 13 -459.453
15 14 303.769
15 16 -85.5976
15 17 338.639
15 18 -566.016
15 19 -370.172
15 20 -167.428
15 21 137.421
15 22 -361.44
15 23 -572.123
15 24 -441.255
15 25 529.78
16 1 948.886
16 2 443.675
16 3 473.903
16 4 -474.903
16 5 -122.421
16 6 495.094
16 7 32.5681
16 8 -982.313
16 9 965.13
16 10 314.944
16 11 -1.75188
16 12 840.858
16 13 351.951
16 14 -443.514
16 15 167.466
16 17 331.799
16 18 832.309
16 19 408.317
16 20 -718.868
16 21 356.104
16 22 -454.568
16 23 -754.226
16 24 -191.061
16 25 -293.899
17 1 520.253
17 2 -225.259
17 3 286.182
17 4 832.675
17 5 -767.661
17 6 78.9183
17 7 -97.5058
17 8 831.087
17 9 -607.237
17 10 -966.741
17 11 -977.367
17 12 634.45
17 13 -876.789
17 14 509.078
17 15 328.318
17 16 337.661
17 18 733.318
17 19 800.737
17 20 263.709
17 21 -402.599
17 22 -735.662
17 23 -267.274
17 24 -513.009
17 25 -954.894
18 1 12.599
18 2 866.873
18 3 -1.44655
18 4 -352.707
18 5 186.641
18 6 -754.837
18 7 -361.44
18 8 -47.6136
18 9 920.124
18 10 130.337
18 11 -349.47
18 12 164.413
18 13 802.447
18 14 -856.758
18 15 -15.7364
18 16 976.428
18 17 -870.865
18 19 -724.425
18 20 35.0718
18 21 101.635
18 22 55.2852
18 23 -819.446
18 24 -495.483
18 25 447.217
19 1 -170.42
19 2 203.313
19 3 -930.711
19 4 853.499
19 5 319.891
19 6 573.199
19 7 -454.201
19 8 -648.824
19 9 992.305
19 10 206.916
19 11 -763.02
19 12 -130.238
19 13 547.184
19 14 551.581
19 15 155.008
19 16 322.761
19 17 396.592
19 18 907.116
19 20 795.79
19 21 -972.97
19 22 -836.057
19 23 -331.211
19 24 165.085
19 25 -617.557
20 1 405.752
20 2 -72.7124
20 3 737.898
20 4 -256.465
20 5 725.013
20 6 -145.566
20 7 -967.779
20 8 436.408
20 9 486.849
20 10 -672.762
20 11 -495.849
20 12 844.95
20 13 303.525
20 14 -783.477
20 15 423.522
20 16 510.849
20 17 -514.597
20 18 780.706
20 19 -555.512
20 21 -817.92
20 22 -352.402
20 23 -399.912
20 24 -453.652
20 25 -250.175
21 1 -349.287
21 2 -498.231
21 3 -974.375
21 4 -996.97
21 5 -925.276
21 6 889.101
21 7 243.19
21 8 156.352
21 9 406.118
21 10 933.131
21 11 796.34
21 12 63.8347
21 13 -878.865
21 14 60.1706
21 15 -180.374
21 16 -918.681
21 17 -126.757
21 18 165.329
21 19 -908.238
21 20 497.536
21 22 -60.3157
21 23 993.099
21 24 -364.066
21 25 -528.704
22 1 148.23
22 2 125.574
22 3 -495.239
22 4 433.049
22 5 447.888
22 6 -983.351
22 7 -560.031
22 8 855.514
22 9 321.601
22 10 502.055
22 11 86.735
22 12 361.539
22 13 -772.974
22 14 224.137
22 15 -545.986
22 16 -911.658
22 17 -747.142
22 18 -576.031
22 19 313.601
22 20 253.083
22 21 -827.08
22 23 -484.002
22 24 211.13
22 25 848.797
23 1 96.6279
23 2 -104.712
23 3 -204.313
23 4 -576.092
23 5 -109.658
23 6 -585.313
23 7 139.192
23 8 871.147
23 9 570.756
23 10 969.039
23 11 740.28
23 12 -845.095
23 13 -157.596
23 14 -386.294
23 15 900.277
23 16 -54.0257
23 17 984.122
23 18 -321.318
23 19 158.245
23 20 57.4836
23 21 251.556
23 22 -716.303
23 24 472.315
23 25 -339.822
24 1 7.71358
24 2 -278.082
24 3 -169.627
24 4 189.512
24 5 745.104
24 6 128.566
24 7 -10.7899
24 8 -112.406
24 9 201.053
24 10 885.01
24 11 14.8585
24 12 -74.5444
24 13 754.936
24 14 186.886
24 15 324.532
24 16 -968.878
24 17 -718.929
24 18 -777.493
24 19 909.07
24 20 -427.942
24 21 666.205
24 22 390.241
24 23 426.942
24 25 -982.13
25 1 -849.797
25 2 -6.27088
25 3 -140.864
25 4 -264.22
25 5 715.364
25 6 -134.879
25 7 -593.13
25 8 -962.039
25 9 667.121
25 10 -667.083
25 11 325.265
25 12 439.461
25 13 -362.295
25 14 -9.8128
25 15 374.791
25 16 38.9802
25 17 168.443
25 18 687.456
25 19 587.183
25 20 989.557
25 21 -931.688
25 22 -802.286
25 23 21.4538
25 24 -34.3619
