25 600
1
2
3
4
5
6
7
8
9
10
11
12
13
14
15
16
17
18
19
20
21
22
23
24
25
1 2 -419.393
1 3 -846.011
1 4 -117.414
1 5 571.123
1 6 -771.569
1 7 64.6285
1 8 -805.34
1 9 -311.975
1 10 -838.621
1 11 -937.856
1 12 -147.093
1 13 629.748
1 14 -20.0721
1 15 523.124
1 16 -791.355
1 17 910.292
1 18 -582.932
1 19 -598.382
1 20 916.215
1 21 -996.115
1 22 751.699
1 23 762.325
1 24 106.032
1 25 -443.637
2 1 926.047
2 3 149.329
2 4 6.91971
2 5 286.243
2 6 -423.423
2 7 -734.379
2 8 675.609
2 9 533.933
2 10 -849.797
2 11 372.531
2 12 -459.453
2 13 380.103
2 14 -705.555
2 15 -143.978
2 16 446.606
2 17 276.166
2 18 -282.968
2 19 409.172
2 20 871.453
2 21 123.681
2 22 696.861
2 23 244.533
2 24 24.6904
2 25 -259.029
3 1 -567.604
3 2 797.439
3 4 -499.086
3 5 -345.501
3 6 -575.848
3 7 -661.098
3 8 -823.049
3 9 150.734
3 10 -938.711
3 11 -46.0258
3 12 46.1251
3 13 -473.01
3 14 621.259
3 15 -700.67
3 16 669.991
3 17 -517.345
3 18 -150.94
3 19 606.969
3 20 943.024
3 21 579.55
3 22 -673.861
3 23 340.41
3 24 -149.963
3 25 -285.105
4 1 -207.0
4 2 971.298
4 3 910.78
4 5 550.299
4 6 628.526
4 7 285.571
4 8 -12.744
4 9 815.576
4 10 -331.028
4 11 681.35
4 12 -837.461
4 13 -553.314
4 14 -442.049
4 15 875.117
4 16 -645.159
4 17 -515.941
4 18 803.79
4 19 -530.169
4 20 -631.297
4 21 -336.952
4 22 742.661
4 23 817.164
4 24 69.575
4 25 649.594
5 1 595.977
5 2 599.397
5 3 -637.526
5 4 844.705
5 6 -202.114
5 7 -405.53
5 8 673.716
5 9 -296.097
5 10 -206.695
5 11 -963.749
5 12 605.504
5 13 -494.445
5 14 483.735
5 15 20.4767
5 16 473.537
5 17 -497.865
5 18 -485.285
5 19 389.447
5 20 -605.588
5 21 -599.908
5 22 -404.798
5 23 -460.797
5 24 -375.058
5 25 100.231
6 1 22.7973
6 2 580.222
6 3 -171.336
6 4 635.305
6 5 -382.203
6 7 285.449
6 8 970.688
6 9 -753.371
6 10 -753.249
6 11 279.098
6 12 514.208
6 13 -462.506
6 14 -879.476
6 15 -115.46
6 16 -379.394
6 17 -371.027
6 18 -941.032
6 19 83.0099
6 20 -973.153
6 21 -724.73
6 22 908.826
6 23 -988.97
6 24 296.868
6 25 861.56
7 1 -704.578
7 2 445.079
7 3 127.772
7 4 -778.958
7 5 -83.5824
7 6 -307.578
7 8 410.759
7 9 228.167
7 10 -470.079
7 11 353.539
7 12 -284.372
7 13 -929.612
7 14 863.392
7 15 361.417
7 16 904.735
7 17 178.153
7 18 598.42
7 19 763.241
7 20 546.146
7 21 -290.296
7 22 -355.577
7 23 -337.623
7 24 834.934
7 25 564.527
8 1 -129.994
8 2 773.317
8 3 -313.929
8 4 832.125
8 5 486.605
8 6 -992.389
8 7 -291.151
8 9 -363.394
8 10 275.006
8 11 558.421
8 12 -269.716
8 13 -696.212
8 14 839.698
8 15 -119.612
8 16 -427.881
8 17 -214.572
8 18 -927.475
8 19 -952.879
8 20 -241.992
8 21 287.037
8 22 29.2704
8 23 -112.345
8 24 842.385
8 25 31.7131
9 1 380.592
9 2 355.188
9 3 46.0029
9 4 -902.01
9 5 -344.768
9 6 -431.484
9 7 -106.116
9 8 -729.982
9 10 -558.871
9 11 958.23
9 12 528.742
9 13 -166.512
9 14 -261.716
9 15 -52.7433
9 16 399.279
9 17 262.732
9 18 653.075
9 19 -373.165
9 20 -991.351
9 21 730.448
9 22 619.427
9 23 837.316
9 24 409.049
9 25 377.783
10 1 -663.968
10 2 107.681
10 3 -879.109
10 4 286.609
10 5 607.03
10 6 -104.406
10 7 -809.37
10 8 -915.689
10 9 -736.883
10 11 547.367
10 12 39.2244
10 13 128.994
10 14 -622.809
10 15 431.034
10 16 -183.733
10 17 196.534
10 18 -72.5292
10 19 -324.188
10 20 -61.5981
10 21 628.832
10 22 -877.399
10 23 -46.5755
10 24 -506.78
10 25 859.606
11 1 -432.461
11 2 -262.999
11 3 -792.943
11 4 -732.181
11 5 -551.421
11 6 -516.979
11 7 -344.402
11 8 -703.723
11 9 -57.1401
11 10 165.695
11 12 -591.847
11 13 -239.671
11 14 22.6141
11 15 -397.042
11 16 -203.336
11 17 -698.594
11 18 854.781
11 19 18.4004
11 20 -12.1334
11 21 -86.0862
11 22 973.13
11 23 -736.578
11 24 -944.268
11 25 -521.742
12 1 419.675
12 2 -846.743
12 3 738.203
12 4 251.251
12 5 -964.115
12 6 -661.587
12 7 -444.064
12 8 -765.951
12 9 -904.941
12 10 161.36
12 11 6.61437
12 13 -625.129
12 14 -541.284
12 15 929.101
12 16 -513.681
12 17 -477.529
12 18 -547.696
12 19 -958.986
12 20 660.342
12 21 87.3457
12 22 -358.57
12 23 416.255
12 24 -58.3004
12 25 334.608
13 1 -302.876
13 2 635.854
13 3 -208.099
13 4 253.999
13 5 540.039
13 6 -729.921
13 7 -494.567
13 8 940.948
13 9 946.749
13 10 804.95
13 11 186.031
13 12 423.889
13 14 -188.374
13 15 602.878
13 16 588.832
13 17 884.704
13 18 249.358
13 19 -640.396
13 20 -475.147
13 21 195.13
13 22 717.746
13 23 469.384
13 24 -488.094
13 25 -276.8
14 1 -637.343
14 2 -257.564
14 3 -646.381
14 4 -667.449
14 5 766.478
14 6 -72.4681
14 7 346.455
14 8 -478.201
14 9 -726.013
14 10 -547.635
14 11 -211.152
14 12 -363.699
14 13 115.62
14 15 -159.184
14 16 494.666
14 17 93.5135
14 18 474.27
14 19 -770.898
14 20 -20.4386
14 21 -444.492
14 22 -279.976
14 23 432.255
14 24 29.6368
14 25 992.061
15 1 980.092
15 2 981.558
15 3 319.341
15 4 -441.072
15 5 -771.142
15 6 -411.393
15 7 781.134
15 8 253.571
15 9 109.208
15 10 463.827
15 11 406.057
15 12 250.885
15 13 635.976
15 14 -81.5061
15 16 -832.454
15 17 -108.437
15 18 5.02661
15 19 711.944
15 20 754.02
15 21 -763.386
15 22 -325.959
15 23 552.986
15 24 789.744
15 25 136.322
16 1 907.177
16 2 217.297
16 3 253.144
16 4 744.921
16 5 970.688
16 6 -298.601
16 7 756.218
16 8 427.186
16 9 174.794
16 10 -140.009
16 11 -617.862
16 12 -13.2326
16 13 938.078
16 14 -40.9572
16 15 -221.961
16 17 -844.972
16 18 -936.818
16 19 587.306
16 20 -831.66
16 21 281.785
16 22 427.858
16 23 357.386
16 24 2.21751
16 25 157.573
17 1 -754.287
17 2 -158.634
17 3 -101.719
17 4 918.841
17 5 -873.125
17 6 -829.4
17 7 595.428
17 8 -44.9877
17 9 -914.895
17 10 744.127
17 11 -422.141
17 12 -225.442
17 13 -292.372
17 14 -526.994
17 15 -919.292
17 16 -251.518
17 18 -339.883
17 19 19.9882
17 20 146.215
17 21 684.769
17 22 -277.472
17 23 -561.619
17 24 428.041
17 25 159.527
18 1 536.864
18 2 682.876
18 3 -567.115
18 4 -446.14
18 5 -743.661
18 6 -601.008
18 7 -118.513
18 8 721.776
18 9 -708.303
18 10 -541.284
18 11 873.59
18 12 -769.676
18 13 324.166
18 14 -351.608
18 15 -446.385
18 16 123.62
18 17 789.867
18 19 973.069
18 20 964.459
18 21 -882.04
18 22 16.4462
18 23 997.069
18 24 757.501
18 25 -798.256
19 1 199.71
19 2 671.518
19 3 479.094
19 4 -454.262
19 5 -597.771
19 6 74.1551
19 7 90.5822
19 8 683.182
19 9 -224.648
19 10 507.735
19 11 -573.1
19 12 884.46
19 13 175.283
19 14 -612.244
19 15 -724.059
19 16 -327.364
19 17 -625.435
19 18 -631.969
19 20 -234.847
19 21 -588.367
19 22 -949.703
19 23 125.513
19 24 745.532
19 25 903.574
20 1 734.967
20 2 255.037
20 3 -142.635
20 4 -64.7125
20 5 -82.8496
20 6 -291.639
20 7 973.069
20 8 721.043
20 9 -506.964
20 10 211.801
20 11 687.09
20 12 -847.293
20 13 -267.762
20 14 99.3149
20 15 -435.576
20 16 -169.443
20 17 965.863
20 18 -993.733
20 19 -183.855
20 21 -225.381
20 22 172.901
20 23 854.72
20 24 94.1852
20 25 788.89
21 1 -336.219
21 2 561.596
21 3 -900.666
21 4 -613.038
21 5 -968.573
21 6 929.711
21 7 686.418
21 8 242.396
21 9 575.153
21 10 -871.231
21 11 142.856
21 12 72.6894
21 13 -631.847
21 14 -766.806
21 15 354.211
21 16 -75.3993
21 17 179.619
21 18 227.007
21 19 -486.811
21 20 775.333
21 22 405.385
21 23 -64.5293
21 24 -914.467
21 25 395.492
22 1 -771.63
22 2 312.868
22 3 -296.708
22 4 417.538
22 5 176.932
22 6 516.528
22 7 -319.914
22 8 -467.392
22 9 -734.196
22 10 -783.416
22 11 -161.077
22 12 -230.572
22 13 -71.0635
22 14 575.397
22 15 -669.159
22 16 -222.694
22 17 901.987
22 18 -678.686
22 19 141.94
22 20 65.056
22 21 266.518
22 23 -616.458
22 24 966.046
22 25 122.398
23 1 -166.146
23 2 -510.567
23 3 140.23
23 4 368.012
23 5 -949.215
23 6 191.771
23 7 328.135
23 8 857.285
23 9 626.206
23 10 -255.121
23 11 629.564
23 12 -310.143
23 13 -948.604
23 14 -720.7
23 15 817.836
23 16 -942.681
23 17 226.213
23 18 702.479
23 19 -617.496
23 20 -140.986
23 21 -659.266
23 22 -234.48
23 24 72.6894
23 25 832.675
24 1 -757.035
24 2 -254.327
24 3 614.236
24 4 -865.858
24 5 444.53
24 6 158.856
24 7 308.593
24 8 309.509
24 9 970.321
24 10 -39.3695
24 11 185.603
24 12 576.191
24 13 -761.921
24 14 -335.975
24 15 401.538
24 16 -617.618
24 17 154.215
24 18 -188.924
24 19 571.978
24 20 -841.553
24 21 -399.79
24 22 237.999
24 23 -274.357
24 25 202.702
25 1 -474.659
25 2 -429.286
25 3 -431.484
25 4 -356.554
25 5 805.256
25 6 -609.191
25 7 -260.129
25 8 418.149
25 9 66.888
25 10 502.91
25 11 756.096
25 12 -809.309
25 13 -326.937
25 14 -254.755
25 15 -678.624
25 16 -831.782
25 17 -962.772
25 18 788.096
25 19 -294.571
25 20 731.059
25 21 472.56
25 22 -663.419
25 23 -145.627
25 24 -172.191
