50 2450
1
2
3
4
5
6
7
8
9
10
11
12
13
14
15
16
17
18
19
20
21
22
23
24
25
26
27
28
29
30
31
32
33
34
35
36
37
38
39
40
41
42
43
44
45
46
47
48
49
50
1 2 987.603
1 3 979.115
1 4 -906.04
1 5 445.751
1 6 387.187
1 7 305.967
1 8 -863.415
1 9 428.225
1 10 -442.415
1 11 -909.154
1 12 930.2
1 13 -526.383
1 14 535.765
1 15 -348.188
1 16 -753.371
1 17 -918.253
1 18 353.478
1 19 -703.113
1 20 -66.7277
1 21 -597.16
1 22 513.414
1 23 665.106
1 24 645.381
1 25 -241.198
1 26 -828.362
1 27 -88.651
1 28 27.6827
1 29 -135.429
1 30 -769.615
1 31 -802.897
1 32 13.0875
1 33 -314.784
1 34 512.193
1 35 902.17
1 36 926.414
1 37 867.85
1 38 -784.21
1 39 2.82818
1 40 85.7579
1 41 -318.753
1 42 843.301
1 43 68.9033
1 44 -407.24
1 45 415.278
1 46 -237.534
1 47 -713.25
1 48 -14.0875
1 49 -848.759
1 50 -369.501
2 1 -23.7973
2 3 -544.032
2 4 874.201
2 5 -173.107
2 6 15.347
2 7 -689.494
2 8 -172.375
2 9 110.857
2 10 -371.088
2 11 -633.434
2 12 88.5059
2 13 678.907
2 14 -34.3619
2 15 -31.675
2 16 260.167
2 17 -189.168
2 18 905.162
2 19 310.792
2 20 -749.585
2 21 297.418
2 22 534.421
2 23 -238.083
2 24 -939.994
2 25 825.652
2 26 -268.434
2 27 -131.704
2 28 -484.246
2 29 -478.018
2 30 289.785
2 31 -271.976
2 32 894.964
2 33 -162.726
2 34 20.0492
2 35 427.858
2 36 -630.198
2 37 -49.9952
2 38 -722.349
2 39 -779.691
2 40 -777.371
2 41 -105.994
2 42 340.654
2 43 -857.186
2 44 747.486
2 45 -416.828
2 46 77.4527
2 47 748.402
2 48 -205.229
2 49 -71.5521
2 50 -645.953
3 1 -351.852
3 2 -103.857
3 4 229.45
3 5 -397.836
3 6 558.421
3 7 889.407
3 8 33.7894
3 9 -6.63729
3 10 -485.163
3 11 999.45
3 12 648.19
3 13 -341.226
3 14 975.817
3 15 306.395
3 16 486.544
3 17 389.325
3 18 -534.2
3 19 536.681
3 20 -550.077
3 21 249.419
3 22 485.689
3 23 -888.086
3 24 519.704
3 25 -447.484
3 26 334.852
3 27 406.79
3 28 -252.617
3 29 -374.081
3 30 -427.881
3 31 129.36
3 32 846.965
3 33 -195.214
3 34 -223.61
3 35 -208.893
3 36 -451.27
3 37 -902.864
3 38 303.708
3 39 -822.5
3 40 -65.2621
3 41 -44.9877
3 42 730.448
3 43 -226.786
3 44 -89.6281
3 45 582.481
3 46 -333.898
3 47 -930.406
3 48 28.3544
3 49 -768.943
3 50 -372.493
4 1 704.433
4 2 833.286
4 3 913.467
4 5 653.686
4 6 350.913
4 7 922.505
4 8 -39.1863
4 9 356.898
4 10 320.44
4 11 911.208
4 12 892.949
4 13 -901.399
4 14 790.599
4 15 -515.757
4 16 998.473
4 17 -29.9651
4 18 611.61
4 19 730.692
4 20 -902.926
4 21 265.541
4 22 -373.959
4 23 932.52
4 24 -94.8799
4 25 147.558
4 26 -563.817
4 27 18.5225
4 28 434.026
4 29 -822.866
4 30 556.894
4 31 -148.558
4 32 -117.536
4 33 406.485
4 34 892.704
4 35 541.139
4 36 -559.848
4 37 710.601
4 38 -519.727
4 39 974.84
4 40 -553.253
4 41 -938.1
4 42 429.324
4 43 750.6
4 44 344.99
4 45 -576.886
4 46 992.305
4 47 -300.8
4 48 863.148
4 49 -58.6668
4 50 719.578
5 1 185.115
5 2 -132.742
5 3 -852.239
5 4 -380.065
5 6 367.096
5 7 -680.518
5 8 839.515
5 9 273.235
5 10 -382.142
5 11 776.249
5 12 323.311
5 13 -176.283
5 14 281.785
5 15 865.651
5 16 -267.274
5 17 807.82
5 18 955.054
5 19 190.733
5 20 -920.94
5 21 732.28
5 22 -513.803
5 23 -919.292
5 24 742.661
5 25 -638.87
5 26 881.163
5 27 639.213
5 28 78.1245
5 29 -364.127
5 30 285.693
5 31 516.162
5 32 -159.734
5 33 -835.324
5 34 262.365
5 35 -140.558
5 36 -906.284
5 37 233.358
5 38 518.421
5 39 863.209
5 40 314.395
5 41 -745.127
5 42 -707.754
5 43 -642.595
5 44 -645.953
5 45 -382.752
5 46 582.176
5 47 -110.086
5 48 -23.9194
5 49 844.034
5 50 392.073
6 1 -290.296
6 2 -378.172
6 3 22.1866
6 4 206.061
6 5 -879.903
6 7 124.414
6 8 433.599
6 9 854.965
6 10 618.267
6 11 33.2398
6 12 -688.029
6 13 975.451
6 14 261.877
6 15 254.549
6 16 -313.257
6 17 -751.906
6 18 -285.838
6 19 -317.349
6 20 227.007
6 21 602.45
6 22 385.05
6 23 519.887
6 24 42.7053
6 25 -437.102
6 26 116.658
6 27 -39.6138
6 28 370.821
6 29 953.344
6 30 -145.261
6 31 -57.873
6 32 82.3992
6 33 -892.361
6 34 732.524
6 35 -364.066
6 36 956.886
6 37 -182.268
6 38 -990.496
6 39 374.363
6 40 -352.035
6 41 161.482
6 42 -687.662
6 43 -303.487
6 44 297.662
6 45 437.263
6 46 -408.278
6 47 208.565
6 48 710.296
6 49 -632.396
6 50 259.495
7 1 -68.743
7 2 49.7891
7 3 773.073
7 4 925.192
7 5 -160.466
7 6 983.023
7 8 888.613
7 9 -823.538
7 10 -732.791
7 11 203.924
7 12 533.017
7 13 845.56
7 14 875.239
7 15 292.899
7 16 -704.212
7 17 178.825
7 18 -142.513
7 19 827.423
7 20 -55.3081
7 21 -618.473
7 22 -905.735
7 23 -303.426
7 24 228.656
7 25 -58.5447
7 26 914.078
7 27 556.1
7 28 278.853
7 29 -814.805
7 30 -835.568
7 31 -653.465
7 32 782.661
7 33 509.994
7 34 294.242
7 35 -161.932
7 36 120.994
7 37 708.891
7 38 -904.574
7 39 -891.017
7 40 -336.585
7 41 851.056
7 42 -160.161
7 43 925.681
7 44 -603.023
7 45 133.94
7 46 455.216
7 47 -68.6819
7 48 -914.04
7 49 -841.919
7 50 460.041
8 1 614.297
8 2 -853.766
8 3 55.9569
8 4 326.791
8 5 -42.4839
8 6 420.897
8 7 -89.9945
8 9 967.146
8 10 -260.923
8 11 -956.054
8 12 910.048
8 13 -976.939
8 14 -602.229
8 15 -409.744
8 16 -332.066
8 17 663.762
8 18 -584.642
8 19 676.22
8 20 -850.713
8 21 -452.43
8 22 145.726
8 23 223.16
8 24 -362.905
8 25 -321.379
8 26 30.4307
8 27 559.947
8 28 181.634
8 29 801.897
8 30 142.184
8 31 547.123
8 32 968.55
8 33 -946.955
8 34 985.405
8 35 921.65
8 36 39.5908
8 37 548.1
8 38 496.742
8 39 40.1404
8 40 812.034
8 41 576.436
8 42 -813.401
8 43 216.259
8 44 -182.206
8 45 122.032
8 46 -648.946
8 47 -170.848
8 48 -875.812
8 49 368.928
8 50 293.815
9 1 -596.55
9 2 849.957
9 3 892.643
9 4 500.956
9 5 837.866
9 6 224.076
9 7 223.404
9 8 702.906
9 10 -29.4765
9 11 636.343
9 12 470.728
9 13 757.073
9 14 -317.532
9 15 -909.46
9 16 687.578
9 17 294.731
9 18 -296.769
9 19 -472.644
9 20 674.144
9 21 67.0102
9 22 326.73
9 23 427.186
9 24 -100.376
9 25 -73.9337
9 26 213.328
9 27 152.505
9 28 -765.524
9 29 382.18
9 30 -527.543
9 31 457.171
9 32 177.298
9 33 -329.379
9 34 208.504
9 35 -403.882
9 36 -737.249
9 37 -728.517
9 38 -284.922
9 39 -515.208
9 40 349.936
9 41 -187.947
9 42 518.36
9 43 332.959
9 44 455.766
9 45 294.181
9 46 436.957
9 47 -801.492
9 48 -153.383
9 49 585.962
9 50 866.262
10 1 -97.7501
10 2 57.7279
10 3 110.063
10 4 457.476
10 5 724.769
10 6 532.894
10 7 671.151
10 8 392.867
10 9 -658.167
10 11 -425.377
10 12 352.928
10 13 432.805
10 14 -570.169
10 15 293.571
10 16 433.538
10 17 -68.9872
10 18 366.546
10 19 -767.844
10 20 243.984
10 21 -998.008
10 22 482.941
10 23 372.47
10 24 -82.6053
10 25 28.0491
10 26 -705.555
10 27 187.924
10 28 -39.2474
10 29 689.838
10 30 -849.858
10 31 455.461
10 32 -412.187
10 33 718.845
10 34 -266.602
10 35 490.269
10 36 754.325
10 37 -453.285
10 38 -140.497
10 39 -492.735
10 40 -177.138
10 41 -951.657
10 42 4.04953
10 43 792.126
10 44 -186.176
10 45 558.115
10 46 -3.09537
10 47 359.646
10 48 -845.522
10 49 350.791
10 50 -677.22
11 1 -190.39
11 2 -111.368
11 3 783.149
11 4 466.575
11 5 42.2167
11 6 -736.516
11 7 -736.883
11 8 732.952
11 9 -464.216
11 10 -349.348
11 12 259.007
11 13 992.977
11 14 -126.391
11 15 719.639
11 16 509.2
11 17 779.058
11 18 198.794
11 19 815.087
11 20 648.312
11 21 175.955
11 22 -705.616
11 23 -528.276
11 24 -586.535
11 25 -57.934
11 26 973.313
11 27 3.31672
11 28 -365.104
11 29 297.54
11 30 -545.314
11 31 96.9333
11 32 183.466
11 33 -182.329
11 34 441.598
11 35 -634.167
11 36 -923.566
11 37 873.407
11 38 548.833
11 39 -215.427
11 40 -74.8497
11 41 -956.604
11 42 806.721
11 43 -54.1478
11 44 900.582
11 45 958.902
11 46 900.887
11 47 -916.299
11 48 422.545
11 49 -17.6294
11 50 -150.696
12 1 -204.496
12 2 750.356
12 3 204.107
12 4 -198.206
12 5 -605.588
12 6 -343.364
12 7 148.169
12 8 643.427
12 9 846.659
12 10 -611.756
12 11 659.487
12 13 96.9333
12 14 -792.454
12 15 -917.46
12 16 388.958
12 17 -988.725
12 18 523.612
12 19 -156.558
12 20 -673.251
12 21 518.055
12 22 -900.055
12 23 651.671
12 24 -185.748
12 25 742.661
12 26 114.948
12 27 306.334
12 28 -530.475
12 29 -228.862
12 30 -524.856
12 31 -419.026
12 32 -523.147
12 33 545.291
12 34 -112.345
12 35 780.584
12 36 662.541
12 37 374.424
12 38 -945.001
12 39 885.437
12 40 801.653
12 41 765.44
12 42 955.909
12 43 -520.46
12 44 -402.843
12 45 240.076
12 46 124.414
12 47 -359.119
12 48 762.63
12 49 -157.352
12 50 -105.078
13 1 979.054
13 2 -359.363
13 3 13.8814
13 4 519.46
13 5 -982.985
13 6 -183.306
13 7 525.383
13 8 114.46
13 9 107.498
13 10 -864.942
13 11 159.65
13 12 373.081
13 14 45.5755
13 15 583.031
13 16 -173.962
13 17 -30.5758
13 18 -396.798
13 19 456.499
13 20 -205.656
13 21 -394.05
13 22 -857.858
13 23 -732.181
13 24 738.814
13 25 -368.951
13 26 -492.246
13 27 -185.443
13 28 -724.181
13 29 169.848
13 30 -614.198
13 31 -148.375
13 32 -306.601
13 33 703.639
13 34 315.677
13 35 -186.542
13 36 538.635
13 37 -963.932
13 38 -463.178
13 39 -988.786
13 40 -226.725
13 41 588.771
13 42 -128.406
13 43 752.371
13 44 -824.332
13 45 -55.9799
13 46 813.378
13 47 -193.687
13 48 -329.318
13 49 -393.561
13 50 21.8813
14 1 679.823
14 2 282.945
14 3 -113.994
14 4 -588.672
14 5 103.223
14 6 400.927
14 7 861.926
14 8 -990.802
14 9 201.298
14 10 35.255
14 11 355.615
14 12 785.042
14 13 -241.808
14 15 -239.121
14 16 858.201
14 17 -374.752
14 18 32.4459
14 19 -970.466
14 20 -664.64
14 21 -339.639
14 22 547.428
14 23 543.703
14 24 869.071
14 25 -896.086
14 26 -697.372
14 27 -630.992
14 28 43.9266
14 29 -181.596
14 30 843.545
14 31 494.849
14 32 -947.749
14 33 775.76
14 34 612.893
14 35 -503.3
14 36 422.362
14 37 -388.615
14 38 -952.696
14 39 26.8277
14 40 -678.991
14 41 -541.223
14 42 -165.474
14 43 784.554
14 44 -620.244
14 45 -760.027
14 46 -229.473
14 47 -320.83
14 48 956.215
14 49 617.107
14 50 672.128
15 1 -134.574
15 2 -212.862
15 3 -223.916
15 4 758.844
15 5 -671.602
15 6 974.474
15 7 -752.089
15 8 -39.9191
15 9 725.44
15 10 215.038
15 11 -65.3232
15 12 575.397
15 13 -850.041
15 14 -751.722
15 16 541.322
15 17 -276.373
15 18 532.467
15 19 -571.695
15 20 599.641
15 21 -969.062
15 22 329.356
15 23 373.936
15 24 267.861
15 25 -19.95
15 26 -772.974
15 27 -370.172
15 28 -905.857
15 29 364.959
15 30 -479.972
15 31 281.846
15 32 936.001
15 33 293.937
15 34 859.056
15 35 449.476
15 36 -790.744
15 37 -831.904
15 38 -939.994
15 39 -389.225
15 40 -316.189
15 41 82.0938
15 42 666.877
15 43 -313.013
15 44 972.214
15 45 -928.269
15 46 929.345
15 47 -177.26
15 48 -66.3613
15 49 -331.272
15 50 -78.8802
16 1 807.882
16 2 169.42
16 3 170.764
16 4 457.842
16 5 68.9033
16 6 785.225
16 7 90.1548
16 8 507.612
16 9 -821.584
16 10 -374.02
16 11 -796.241
16 12 -206.878
16 13 808.431
16 14 165.268
16 15 -352.341
16 17 -739.448
16 18 -933.215
16 19 224.259
16 20 488.193
16 21 -893.033
16 22 173.817
16 23 -271.06
16 24 -785.187
16 25 54.7356
16 26 -622.32
16 27 -323.211
16 28 -408.462
16 29 -442.293
16 30 -909.277
16 31 -494.689
16 32 291.311
16 33 -366.081
16 34 148.047
16 35 -947.016
16 36 -230.389
16 37 -0.469466
16 38 -855.842
16 39 297.052
16 40 -195.153
16 41 -797.034
16 42 -212.191
16 43 -949.093
16 44 -860.423
16 45 -555.451
16 46 -806.195
16 47 -173.352
16 48 -329.135
16 49 -238.694
16 50 -926.009
17 1 20.3546
17 2 614.908
17 3 -724.792
17 4 744.127
17 5 639.457
17 6 -906.834
17 7 -812.546
17 8 -107.582
17 9 -264.525
17 10 578.878
17 11 -797.218
17 12 57.1172
17 13 -253.655
17 14 -378.783
17 15 -921.795
17 16 727.456
17 18 921.772
17 19 320.44
17 20 980.397
17 21 -974.313
17 22 28.1101
17 23 952.734
17 24 -667.754
17 25 906.383
17 26 524.345
17 27 211.007
17 28 -140.558
17 29 788.035
17 30 -621.587
17 31 -512.399
17 32 486.788
17 33 -408.767
17 34 736.86
17 35 634.205
17 36 -191.367
17 37 90.0937
17 38 -393.256
17 39 -361.623
17 40 -198.267
17 41 -477.224
17 42 -230.022
17 43 -335.242
17 44 467.919
17 45 411.736
17 46 -916.91
17 47 -122.299
17 48 -900.239
17 49 -491.269
17 50 379.798
18 1 -498.658
18 2 -139.093
18 3 -173.718
18 4 -860.361
18 5 -453.224
18 6 349.814
18 7 -331.15
18 8 135.589
18 9 -357.409
18 10 859.361
18 11 -377.5
18 12 217.236
18 13 410.515
18 14 -1000.39
18 15 -573.955
18 16 -552.215
18 17 819.24
18 19 -612.427
18 20 -330.906
18 21 -237.228
18 22 959.39
18 23 -930.528
18 24 249.785
18 25 -659.694
18 26 -329.379
18 27 392.012
18 28 533.139
18 29 -118.452
18 30 -534.139
18 31 -18.6065
18 32 -854.743
18 33 973.436
18 34 180.413
18 35 -457.377
18 36 345.783
18 37 732.341
18 38 -208.099
18 39 -853.827
18 40 901.559
18 41 914.994
18 42 -150.696
18 43 702.723
18 44 421.996
18 45 -324.799
18 46 -62.1477
18 47 304.013
18 48 -925.765
18 49 168.627
18 50 630.175
19 1 -868.667
19 2 -374.875
19 3 174.917
19 4 -649.251
19 5 -397.042
19 6 -260.251
19 7 945.222
19 8 603.611
19 9 453.995
19 10 -513.254
19 11 443.125
19 12 980.214
19 13 -557.955
19 14 -23.4919
19 15 -817.309
19 16 410.82
19 17 -637.465
19 18 71.5292
19 20 -159.795
19 21 77.3916
19 22 53.0868
19 23 -887.231
19 24 827.851
19 25 431.828
19 26 86.6739
19 27 594.756
19 28 -975.962
19 29 -242.48
19 30 837.011
19 31 720.066
19 32 -151.734
19 33 715.303
19 34 596.893
19 35 790.294
19 36 -151.917
19 37 -701.403
19 38 -550.627
19 39 -651.694
19 40 17.3623
19 41 -342.753
19 42 569.291
19 43 -973.031
19 44 -993.428
19 45 -801.187
19 46 641.228
19 47 28.2933
19 48 429.873
19 49 -566.077
19 50 -904.574
20 1 -821.034
20 2 -561.008
20 3 981.191
20 4 836.522
20 5 504.437
20 6 778.386
20 7 178.275
20 8 146.154
20 9 237.999
20 10 -527.116
20 11 -256.098
20 12 474.941
20 13 231.954
20 14 376.073
20 15 909.925
20 16 -224.221
20 17 682.266
20 18 -274.418
20 19 -526.383
20 21 95.4066
20 22 118.49
20 23 931.665
20 24 -785.004
20 25 -909.948
20 26 -405.103
20 27 -248.648
20 28 -907.445
20 29 172.23
20 30 -985.184
20 31 -931.017
20 32 -319.792
20 33 954.81
20 34 532.467
20 35 440.805
20 36 -733.341
20 37 700.647
20 38 960.734
20 39 607.824
20 40 -935.413
20 41 452.591
20 42 136.81
20 43 167.161
20 44 -40.8962
20 45 532.528
20 46 -831.171
20 47 576.924
20 48 236.534
20 49 -899.506
20 50 -492.246
21 1 688.311
21 2 735.272
21 3 463.827
21 4 779.607
21 5 996.702
21 6 847.575
21 7 809.286
21 8 318.425
21 9 791.271
21 10 -183.306
21 11 68.9643
21 12 339.738
21 13 397.202
21 14 766.172
21 15 -412.126
21 16 -320.097
21 17 -306.967
21 18 -110.941
21 19 287.953
21 20 55.1631
21 22 -905.613
21 23 256.075
21 24 -985.733
21 25 -236.923
21 26 190.061
21 27 652.77
21 28 -239.366
21 29 778.081
21 30 214.0
21 31 906.689
21 32 -559.97
21 33 162.214
21 34 -447.606
21 35 128.261
21 36 915.666
21 37 -251.701
21 38 460.224
21 39 -690.472
21 40 952.612
21 41 -987.565
21 42 177.542
21 43 714.265
21 44 -198.756
21 45 -910.132
21 46 644.526
21 47 -505.742
21 48 84.5976
21 49 861.316
21 50 -16.2249
22 1 -12.8662
22 2 -322.051
22 3 -950.497
22 4 -43.7053
22 5 101.819
22 6 280.319
22 7 -723.387
22 8 562.94
22 9 261.022
22 10 349.264
22 11 -9.996
22 12 -11.6448
22 13 317.021
22 14 100.231
22 15 226.03
22 16 -925.276
22 17 888.246
22 18 -751.906
22 19 -869.277
22 20 507.857
22 21 548.772
22 23 -814.744
22 24 182.733
22 25 -99.0935
22 26 -685.464
22 27 277.327
22 28 44.5373
22 29 980.947
22 30 -141.658
22 31 -31.3086
22 32 -1000.69
22 33 36.5375
22 34 889.101
22 35 388.592
22 36 894.17
22 37 -154.36
22 38 141.268
22 39 -867.69
22 40 -475.025
22 41 243.923
22 42 -591.237
22 43 -76.3153
22 44 -573.283
22 45 -462.14
22 46 -946.711
22 47 824.553
22 48 -31.675
22 49 -51.5219
22 50 435.186
23 1 699.731
23 2 720.189
23 3 -738.837
23 4 -304.891
23 5 -387.516
23 6 -982.435
23 7 -111.429
23 8 -662.075
23 9 -158.451
23 10 -333.776
23 11 -487.544
23 12 -963.871
23 13 -797.584
23 14 -290.296
23 15 513.231
23 16 108.841
23 17 -627.206
23 18 222.427
23 19 354.516
23 20 -900.177
23 21 894.781
23 22 42.5831
23 24 129.299
23 25 909.498
23 26 -451.575
23 27 -603.572
23 28 -561.314
23 29 890.445
23 30 -206.695
23 31 346.15
23 32 803.301
23 33 378.943
23 34 -58.9111
23 35 -5.59914
23 36 -218.114
23 37 -930.406
23 38 774.111
23 39 -602.473
23 40 5.27088
23 41 690.021
23 42 277.571
23 43 107.925
23 44 -714.96
23 45 -604.427
23 46 187.008
23 47 -709.28
23 48 12.2936
23 49 -650.167
23 50 -975.962
24 1 -640.64
24 2 11.0112
24 3 893.132
24 4 -676.182
24 5 -949.337
24 6 -947.932
24 7 -239.976
24 8 -274.785
24 9 -105.261
24 10 -796.424
24 11 786.203
24 12 -373.531
24 13 -997.702
24 14 206.366
24 15 515.673
24 16 -915.872
24 17 122.459
24 18 66.4606
24 19 180.352
24 20 -353.562
24 21 -112.345
24 22 53.0868
24 23 -537.925
24 25 805.195
24 26 -792.149
24 27 280.624
24 28 490.575
24 29 -241.808
24 30 731.852
24 31 -929.429
24 32 503.338
24 33 -828.24
24 34 317.204
24 35 282.151
24 36 619.61
24 37 619.427
24 38 -539.574
24 39 -215.305
24 40 -850.835
24 41 392.989
24 42 604.649
24 43 -716.364
24 44 889.712
24 45 -620.305
24 46 270.609
24 47 664.312
24 48 829.255
24 49 -321.99
24 50 -41.2626
25 1 -950.558
25 2 -279.609
25 3 -353.134
25 4 -258.907
25 5 -228.312
25 6 -62.9416
25 7 81.4221
25 8 494.788
25 9 -582.932
25 10 -938.894
25 11 -808.393
25 12 -293.96
25 13 163.497
25 14 -355.211
25 15 -917.337
25 16 793.531
25 17 -429.041
25 18 569.107
25 19 -586.962
25 20 868.888
25 21 -966.192
25 22 451.98
25 23 927.879
25 24 896.307
25 26 -933.459
25 27 536.009
25 28 547.367
25 29 -832.454
25 30 619.244
25 31 -509.834
25 32 707.975
25 33 46.064
25 34 605.382
25 35 -426.965
25 36 628.343
25 37 899.727
25 38 839.148
25 39 582.481
25 40 202.58
25 41 -819.568
25 42 553.291
25 43 -961.428
25 44 200.443
25 45 578.39
25 46 -299.151
25 47 -959.474
25 48 -538.291
25 49 174.123
25 50 -780.607
26 1 217.42
26 2 779.058
26 3 -441.377
26 4 -553.009
26 5 -771.691
26 6 143.222
26 7 -172.558
26 8 879.331
26 9 248.442
26 10 -941.398
26 11 -598.443
26 12 451.675
26 13 859.606
26 14 596.649
26 15 614.42
26 16 -458.354
26 17 808.798
26 18 880.491
26 19 -9.75173
26 20 869.01
26 21 53.3921
26 22 701.135
26 23 169.359
26 24 482.086
26 25 -460.919
26 27 933.681
26 28 397.691
26 29 32.9955
26 30 -856.453
26 31 451.003
26 32 -466.598
26 33 -493.59
26 34 228.412
26 35 224.503
26 36 504.559
26 37 -393.195
26 38 -770.47
26 39 291.678
26 40 145.054
26 41 -17.3241
26 42 -262.816
26 43 -715.754
26 44 -634.167
26 45 479.705
26 46 -518.933
26 47 -795.263
26 48 -419.698
26 49 -392.279
26 50 -317.105
27 1 -869.338
27 2 330.211
27 3 -586.779
27 4 -806.5
27 5 546.757
27 6 49.0563
27 7 936.245
27 8 867.056
27 9 -22.0263
27 10 902.536
27 11 -554.474
27 12 594.206
27 13 -371.027
27 14 -367.058
27 15 -352.035
27 16 453.14
27 17 -302.937
27 18 -635.999
27 19 34.7054
27 20 392.683
27 21 -939.016
27 22 281.418
27 23 579.428
27 24 -99.3378
27 25 29.9422
27 26 142.49
27 28 958.779
27 29 90.8876
27 30 -167.733
27 31 550.543
27 32 -511.971
27 33 -357.959
27 34 547.123
27 35 -77.9031
27 36 -36.6214
27 37 -965.947
27 38 147.375
27 39 -903.414
27 40 584.558
27 41 512.803
27 42 359.829
27 43 517.505
27 44 163.924
27 45 218.458
27 46 14.1867
27 47 921.711
27 48 -202.114
27 49 -70.3307
27 50 -418.66
28 1 486.483
28 2 -811.813
28 3 841.285
28 4 -420.736
28 5 357.264
28 6 -193.748
28 7 824.492
28 8 538.818
28 9 -500.613
28 10 80.8114
28 11 -391.119
28 12 -786.531
28 13 816.187
28 14 805.927
28 15 -682.227
28 16 730.57
28 17 -542.871
28 18 -54.5753
28 19 794.019
28 20 -651.938
28 21 -722.776
28 22 -966.314
28 23 -843.995
28 24 -459.697
28 25 355.921
28 26 348.654
28 27 -967.901
28 29 60.537
28 30 -466.109
28 31 -952.94
28 32 885.193
28 33 699.426
28 34 904.979
28 35 -535.36
28 36 887.453
28 37 409.66
28 38 180.474
28 39 -260.007
28 40 -219.946
28 41 491.979
28 42 -105.567
28 43 -22.637
28 44 -855.476
28 45 -477.285
28 46 -643.266
28 47 119.65
28 48 531.001
28 49 -278.449
28 50 314.456
29 1 724.769
29 2 -123.276
29 3 -567.665
29 4 242.763
29 5 830.538
29 6 665.289
29 7 -579.756
29 8 217.969
29 9 99.0706
29 10 239.343
29 11 -340.066
29 12 -704.7
29 13 -574.688
29 14 731.975
29 15 309.204
29 16 341.631
29 17 -803.324
29 18 -970.039
29 19 -447.301
29 20 -753.493
29 21 -606.748
29 22 -770.836
29 23 8.01892
29 24 471.094
29 25 716.341
29 26 -5.17167
29 27 370.699
29 28 842.018
29 30 928.673
29 31 287.342
29 32 -0.591601
29 33 558.97
29 34 -397.714
29 35 -122.727
29 36 -880.331
29 37 -668.915
29 38 -546.474
29 39 92.2311
29 40 337.356
29 41 591.702
29 42 -548.367
29 43 -772.119
29 44 142.734
29 45 -283.212
29 46 -101.536
29 47 71.407
29 48 108.353
29 49 -793.737
29 50 656.434
30 1 -41.6901
30 2 449.049
30 3 740.097
30 4 717.807
30 5 820.584
30 6 -356.554
30 7 -940.116
30 8 301.937
30 9 -357.531
30 10 805.317
30 11 -375.852
30 12 -333.898
30 13 782.783
30 14 479.033
30 15 944.551
30 16 -180.619
30 17 576.374
30 18 568.863
30 19 -429.347
30 20 -675.571
30 21 -320.219
30 22 -935.23
30 23 652.037
30 24 381.63
30 25 -422.629
30 26 275.373
30 27 -3.21751
30 28 370.21
30 29 692.952
30 31 231.282
30 32 597.687
30 33 50.3998
30 34 545.291
30 35 -26.3621
30 36 -470.873
30 37 600.13
30 38 -612.916
30 39 392.439
30 40 182.184
30 41 678.235
30 42 -240.465
30 43 -688.517
30 44 -252.312
30 45 -293.655
30 46 -601.679
30 47 513.231
30 48 911.696
30 49 552.925
30 50 -58.789
31 1 -627.083
31 2 -324.86
31 3 -200.099
31 4 857.896
31 5 817.591
31 6 261.571
31 7 799.576
31 8 -948.36
31 9 262.609
31 10 -979.138
31 11 -318.753
31 12 -428.797
31 13 -751.112
31 14 298.334
31 15 -474.231
31 16 -147.52
31 17 441.537
31 18 174.184
31 19 866.934
31 20 954.81
31 21 -315.212
31 22 -958.008
31 23 -275.701
31 24 205.023
31 25 -185.321
31 26 942.474
31 27 -641.495
31 28 706.204
31 29 -107.643
31 30 589.015
31 32 917.131
31 33 128.627
31 34 567.092
31 35 46.6136
31 36 -826.591
31 37 241.48
31 38 -757.524
31 39 -28.988
31 40 554.451
31 41 -395.576
31 42 -253.778
31 43 -635.877
31 44 -388.615
31 45 871.758
31 46 172.107
31 47 781.684
31 48 -833.98
31 49 -869.949
31 50 -396.859
32 1 919.818
32 2 280.685
32 3 731.608
32 4 -609.862
32 5 -464.522
32 6 -740.913
32 7 -975.84
32 8 -325.654
32 9 624.618
32 10 -129.139
32 11 461.506
32 12 845.56
32 13 792.798
32 14 -36.255
32 15 -518.933
32 16 619.794
32 17 774.539
32 18 678.663
32 19 -364.371
32 20 429.935
32 21 -982.313
32 22 -567.237
32 23 -625.19
32 24 -193.565
32 25 -713.067
32 26 877.254
32 27 -56.5905
32 28 446.362
32 29 -794.042
32 30 993.283
32 31 -184.283
32 33 648.984
32 34 -301.838
32 35 542.971
32 36 -884.239
32 37 -185.199
32 38 243.373
32 39 -962.161
32 40 453.14
32 41 -310.754
32 42 -100.254
32 43 -572.55
32 44 -390.508
32 45 36.7207
32 46 -974.863
32 47 684.159
32 48 530.635
32 49 -561.314
32 50 -365.47
33 1 483.002
33 2 32.6291
33 3 903.147
33 4 -672.029
33 5 -840.392
33 6 691.731
33 7 960.611
33 8 738.936
33 9 -869.583
33 10 -674.044
33 11 -44.1328
33 12 -579.695
33 13 963.848
33 14 -467.209
33 15 203.801
33 16 131.681
33 17 291.311
33 18 -305.563
33 19 -298.235
33 20 434.27
33 21 754.264
33 22 911.391
33 23 95.3455
33 24 -439.362
33 25 -848.575
33 26 283.739
33 27 570.39
33 28 -520.765
33 29 3.9274
33 30 -6.20981
33 31 370.821
33 32 92.7807
33 34 -305.99
33 35 -389.286
33 36 -376.157
33 37 -486.201
33 38 -603.634
33 39 68.4758
33 40 -838.805
33 41 -645.831
33 42 965.619
33 43 746.448
33 44 -977.489
33 45 -41.3847
33 46 974.779
33 47 94.2463
33 48 332.654
33 49 -472.949
33 50 -898.895
34 1 -760.944
34 2 232.809
34 3 64.8117
34 4 36.4153
34 5 -992.878
34 6 565.81
34 7 87.651
34 8 -897.063
34 9 -197.534
34 10 -14.1486
34 11 -968.268
34 12 789.378
34 13 777.897
34 14 197.084
34 15 -700.365
34 16 357.142
34 17 -262.755
34 18 -6.20981
34 19 876.277
34 20 -257.991
34 21 209.114
34 22 -196.924
34 23 459.125
34 24 -91.7044
34 25 -884.239
34 26 407.156
34 27 42.6442
34 28 859.423
34 29 -501.529
34 30 536.742
34 31 881.468
34 32 -513.07
34 33 -289.014
34 35 -974.68
34 36 -220.618
34 37 454.117
34 38 -460.735
34 39 211.007
34 40 -352.768
34 41 280.075
34 42 674.51
34 43 262.182
34 44 -750.501
34 45 -159.001
34 46 -25.324
34 47 -862.132
34 48 95.9562
34 49 -547.268
34 50 966.84
35 1 -150.696
35 2 -599.053
35 3 -267.151
35 4 3.13352
35 5 -285.716
35 6 -937.612
35 7 427.064
35 8 538.146
35 9 -696.029
35 10 -417.988
35 11 388.653
35 12 -66.2392
35 13 -245.533
35 14 876.277
35 15 899.116
35 16 257.785
35 17 137.543
35 18 910.109
35 19 -488.582
35 20 -509.895
35 21 -420.492
35 22 95.4066
35 23 616.679
35 24 593.351
35 25 -185.871
35 26 386.027
35 27 -99.9485
35 28 866.628
35 29 852.827
35 30 -993.183
35 31 902.353
35 32 -961.245
35 33 -534.688
35 34 -234.297
35 36 843.789
35 37 528.803
35 38 -838.011
35 39 -134.818
35 40 -75.6436
35 41 299.739
35 42 -650.839
35 43 -825.736
35 44 -729.127
35 45 -226.419
35 46 363.554
35 47 -117.658
35 48 -276.006
35 49 -785.981
35 50 61.3919
36 1 -525.956
36 2 652.892
36 3 31.591
36 4 658.327
36 5 974.291
36 6 985.954
36 7 441.843
36 8 -504.948
36 9 -619.389
36 10 -356.982
36 11 920.612
36 12 434.576
36 13 248.686
36 14 -439.85
36 15 886.048
36 16 -445.346
36 17 -668.06
36 18 485.14
36 19 -950.192
36 20 -148.314
36 21 -748.119
36 22 742.784
36 23 877.865
36 24 614.481
36 25 104.628
36 26 -847.11
36 27 -419.576
36 28 176.81
36 29 -41.2015
36 30 -711.051
36 31 104.445
36 32 -271.548
36 33 180.107
36 34 -743.417
36 35 522.33
36 37 869.377
36 38 -487.483
36 39 -803.385
36 40 289.785
36 41 596.221
36 42 -136.406
36 43 -314.967
36 44 -207.733
36 45 417.171
36 46 -278.632
36 47 -777.371
36 48 622.175
36 49 -733.219
36 50 150.917
37 1 6.67544
37 2 -979.443
37 3 924.948
37 4 -702.746
37 5 159.711
37 6 -65.0179
37 7 -392.523
37 8 344.318
37 9 -381.958
37 10 104.078
37 11 446.362
37 12 851.117
37 13 -142.696
37 14 -362.172
37 15 508.04
37 16 421.08
37 17 643.182
37 18 508.467
37 19 -927.169
37 20 630.053
37 21 -1.08014
37 22 -605.832
37 23 844.461
37 24 150.062
37 25 578.573
37 26 -674.228
37 27 770.752
37 28 -985.0
37 29 622.053
37 30 -447.911
37 31 189.939
37 32 959.879
37 33 695.762
37 34 81.0557
37 35 960.734
37 36 -237.595
37 38 392.561
37 39 323.555
37 40 -723.631
37 41 553.352
37 42 187.008
37 43 281.052
37 44 -139.52
37 45 -8.95785
37 46 629.381
37 47 -286.876
37 48 205.267
37 49 278.548
37 50 65.4835
38 1 -276.312
38 2 -430.568
38 3 930.2
38 4 -924.543
38 5 201.114
38 6 405.385
38 7 -757.218
38 8 812.584
38 9 -447.972
38 10 902.842
38 11 -592.825
38 12 -574.382
38 13 168.749
38 14 347.982
38 15 -817.37
38 16 -224.954
38 17 57.789
38 18 -23.9805
38 19 95.773
38 20 594.695
38 21 81.1168
38 22 -994.771
38 23 78.4298
38 24 318.059
38 25 -764.608
38 26 546.696
38 27 500.834
38 28 -257.625
38 29 -584.764
38 30 -936.207
38 31 521.841
38 32 718.112
38 33 90.4601
38 34 93.6967
38 35 705.593
38 36 -949.703
38 37 341.692
38 39 -117.658
38 40 834.751
38 41 814.599
38 42 689.288
38 43 -342.02
38 44 -138.421
38 45 242.64
38 46 150.245
38 47 203.557
38 48 935.329
38 49 407.706
38 50 966.901
39 1 -573.71
39 2 -566.871
39 3 857.529
39 4 434.515
39 5 616.679
39 6 955.36
39 7 -593.191
39 8 280.808
39 9 67.804
39 10 -813.034
39 11 273.541
39 12 -982.68
39 13 -233.747
39 14 607.275
39 15 -270.144
39 16 -283.334
39 17 -181.352
39 18 -63.9186
39 19 -516.795
39 20 636.099
39 21 316.349
39 22 -698.655
39 23 949.497
39 24 -858.591
39 25 -679.968
39 26 -970.527
39 27 616.313
39 28 363.554
39 29 657.045
39 30 -985.611
39 31 -308.555
39 32 -990.924
39 33 203.985
39 34 599.702
39 35 209.298
39 36 -203.641
39 37 368.073
39 38 -95.3684
39 40 788.584
39 41 915.544
39 42 -574.26
39 43 547.367
39 44 235.007
39 45 -19.4004
39 46 -570.169
39 47 679.029
39 48 170.214
39 49 899.849
39 50 -644.671
40 1 290.09
40 2 872.064
40 3 -909.338
40 4 -815.782
40 5 -288.769
40 6 -481.315
40 7 -495.788
40 8 -390.813
40 9 -748.608
40 10 -972.298
40 11 863.087
40 12 -955.627
40 13 911.635
40 14 664.495
40 15 577.84
40 16 637.87
40 17 104.933
40 18 617.351
40 19 -231.366
40 20 957.619
40 21 337.661
40 22 -268.19
40 23 826.446
40 24 -940.36
40 25 763.119
40 26 577.962
40 27 952.245
40 28 -388.615
40 29 -432.034
40 30 -956.97
40 31 122.093
40 32 753.226
40 33 -878.743
40 34 650.572
40 35 902.903
40 36 403.492
40 37 -183.489
40 38 764.096
40 39 557.688
40 41 -317.41
40 42 554.207
40 43 899.116
40 44 890.017
40 45 -857.43
40 46 799.149
40 47 299.311
40 48 247.892
40 49 494.91
40 50 148.657
41 1 984.977
41 2 -860.789
41 3 -481.865
41 4 350.608
41 5 -553.314
41 6 -112.101
41 7 847.087
41 8 -295.242
41 9 -810.408
41 10 -233.32
41 11 304.624
41 12 794.996
41 13 -707.326
41 14 56.2012
41 15 -504.216
41 16 -526.383
41 17 -808.637
41 18 452.285
41 19 325.204
41 20 58.4607
41 21 861.01
41 22 -731.509
41 23 135.894
41 24 651.06
41 25 584.558
41 26 873.834
41 27 -836.973
41 28 -459.697
41 29 -491.941
41 30 785.897
41 31 980.397
41 32 617.045
41 33 -847.659
41 34 -114.727
41 35 -376.829
41 36 728.555
41 37 -921.185
41 38 163.069
41 39 99.437
41 40 932.276
41 42 897.956
41 43 -551.726
41 44 -60.1325
41 45 564.65
41 46 -201.015
41 47 -439.545
41 48 508.956
41 49 76.4756
41 50 -193.565
42 1 -690.655
42 2 -259.579
42 3 -435.026
42 4 -75.8268
42 5 795.241
42 6 -999.351
42 7 944.551
42 8 -620.916
42 9 431.034
42 10 -244.068
42 11 687.212
42 12 -859.812
42 13 -857.125
42 14 735.578
42 15 -917.46
42 16 -99.2767
42 17 -831.11
42 18 -718.99
42 19 943.39
42 20 -287.792
42 21 -99.4599
42 22 -430.324
42 23 -311.181
42 24 -536.948
42 25 207.771
42 26 -613.771
42 27 -228.496
42 28 -620.855
42 29 -318.265
42 30 151.711
42 31 -653.465
42 32 742.234
42 33 232.87
42 34 -122.238
42 35 152.932
42 36 6.91971
42 37 478.605
42 38 -250.969
42 39 523.612
42 40 -484.124
42 41 366.18
42 43 8.32426
42 44 475.674
42 45 -17.0798
42 46 461.69
42 47 -159.856
42 48 809.164
42 49 945.222
42 50 -657.617
43 1 939.726
43 2 -846.133
43 3 367.401
43 4 -462.506
43 5 -553.07
43 6 909.986
43 7 -411.943
43 8 -558.382
43 9 -49.4456
43 10 -2.17936
43 11 789.989
43 12 -346.417
43 13 223.221
43 14 -610.229
43 15 -817.553
43 16 -834.347
43 17 402.515
43 18 324.959
43 19 -902.01
43 20 -149.841
43 21 -713.005
43 22 165.451
43 23 163.863
43 24 671.029
43 25 -555.268
43 26 -168.527
43 27 759.577
43 28 67.4376
43 29 -188.008
43 30 743.028
43 31 938.994
43 32 -55.9799
43 33 -519.116
43 34 209.664
43 35 2.27857
43 36 -301.166
43 37 -642.656
43 38 -786.348
43 39 910.841
43 40 -263.304
43 41 -624.702
43 42 -488.155
43 44 722.692
43 45 898.078
43 46 -41.0794
43 47 -1.32441
43 48 -748.18
43 49 -758.44
43 50 -583.237
44 1 -728.456
44 2 -874.346
44 3 629.198
44 4 -38.942
44 5 334.669
44 6 -570.962
44 7 524.345
44 8 28.6597
44 9 368.256
44 10 131.07
44 11 -523.879
44 12 -394.844
44 13 -479.361
44 14 -526.933
44 15 -300.739
44 16 229.022
44 17 -356.921
44 18 -486.689
44 19 -804.057
44 20 365.508
44 21 911.208
44 22 5.45408
44 23 865.774
44 24 -157.23
44 25 -729.433
44 26 -192.038
44 27 -978.161
44 28 32.6291
44 29 652.892
44 30 9.85095
44 31 780.584
44 32 -537.558
44 33 873.224
44 34 -45.5373
44 35 720.25
44 36 -447.24
44 37 -817.858
44 38 357.386
44 39 292.96
44 40 159.222
44 41 385.477
44 42 697.899
44 43 391.218
44 45 -388.126
44 46 -533.039
44 47 -922.345
44 48 522.635
44 49 942.352
44 50 -322.54
45 1 -265.503
45 2 -971.138
45 3 972.092
45 4 -4.9274
45 5 386.821
45 6 -212.191
45 7 -29.1712
45 8 918.963
45 9 614.969
45 10 -175.672
45 11 555.184
45 12 519.46
45 13 -546.963
45 14 -712.212
45 15 -483.086
45 16 -307.029
45 17 -614.32
45 18 216.687
45 19 -717.036
45 20 549.261
45 21 929.772
45 22 -469.102
45 23 674.144
45 24 871.392
45 25 995.97
45 26 701.807
45 27 -338.234
45 28 593.229
45 29 -781.279
45 30 -486.262
45 31 -183.367
45 32 -778.103
45 33 -563.817
45 34 385.172
45 35 -885.033
45 36 150.367
45 37 504.803
45 38 652.831
45 39 816.309
45 40 786.508
45 41 -352.768
45 42 -712.7
45 43 -926.375
45 44 453.812
45 46 518.055
45 47 -539.635
45 48 996.519
45 49 986.932
45 50 -840.209
46 1 -600.641
46 2 -190.267
46 3 -39.4306
46 4 65.1171
46 5 981.313
46 6 848.003
46 7 -499.941
46 8 -501.406
46 9 485.567
46 10 -978.527
46 11 596.954
46 12 300.288
46 13 963.421
46 14 -512.46
46 15 -125.536
46 16 -672.823
46 17 638.053
46 18 173.451
46 19 747.241
46 20 -252.739
46 21 794.874
46 22 -128.528
46 23 -107.093
46 24 -651.022
46 25 -416.767
46 26 576.436
46 27 998.718
46 28 -924.788
46 29 -820.423
46 30 -247.915
46 31 694.052
46 32 955.054
46 33 737.898
46 34 -772.73
46 35 632.007
46 36 -378.722
46 37 571.245
46 38 393.05
46 39 636.587
46 40 619.671
46 41 7.77465
46 42 397.019
46 43 865.163
46 44 -337.684
46 45 345.356
46 47 -973.703
46 48 -81.1397
46 49 53.8196
46 50 -650.778
47 1 959.818
47 2 843.423
47 3 441.171
47 4 737.287
47 5 -931.566
47 6 -54.5142
47 7 100.719
47 8 -929.795
47 9 -516.063
47 10 383.279
47 11 -62.8194
47 12 -484.246
47 13 76.4146
47 14 -557.1
47 15 383.89
47 16 886.292
47 17 -930.894
47 18 -536.093
47 19 393.172
47 20 -582.077
47 21 -540.734
47 22 -671.357
47 23 706.387
47 24 -278.754
47 25 -71.6131
47 26 470.972
47 27 -415.179
47 28 324.471
47 29 -56.8959
47 30 327.769
47 31 198.916
47 32 270.243
47 33 -275.396
47 34 -816.21
47 35 -151.734
47 36 190.244
47 37 777.226
47 38 -662.442
47 39 219.435
47 40 295.952
47 41 -340.86
47 42 525.933
47 43 850.262
47 44 726.417
47 45 696.861
47 46 551.215
47 48 -1000.69
47 49 688.25
47 50 305.967
48 1 -953.062
48 2 111.467
48 3 -173.168
48 4 635.427
48 5 -683.937
48 6 45.5755
48 7 266.518
48 8 -803.874
48 9 176.138
48 10 -716.425
48 11 751.822
48 12 183.527
48 13 760.676
48 14 283.678
48 15 -664.029
48 16 158.734
48 17 203.801
48 18 170.336
48 19 52.1708
48 20 -198.878
48 21 -848.82
48 22 -39.2474
48 23 -7.43117
48 24 399.889
48 25 -969.611
48 26 498.819
48 27 255.037
48 28 778.508
48 29 20.3546
48 30 292.899
48 31 -826.042
48 32 -656.396
48 33 -341.837
48 34 -553.986
48 35 -711.723
48 36 944.856
48 37 -976.756
48 38 862.476
48 39 470.606
48 40 -782.256
48 41 429.568
48 42 913.712
48 43 665.472
48 44 132.169
48 45 -436.125
48 46 766.905
48 47 673.105
48 49 -612.916
48 50 22.0645
49 1 545.108
49 2 408.683
49 3 -614.381
49 4 -844.667
49 5 -482.537
49 6 -918.009
49 7 441.476
49 8 -809.126
49 9 506.33
49 10 735.333
49 11 -75.8268
49 12 542.604
49 13 -310.448
49 14 -436.553
49 15 29.3926
49 16 -739.265
49 17 4.53807
49 18 482.941
49 19 -150.329
49 20 -436.431
49 21 -683.266
49 22 -651.938
49 23 448.194
49 24 -633.434
49 25 -436.247
49 26 291.555
49 27 611.122
49 28 -226.358
49 29 43.6824
49 30 591.641
49 31 -24.8965
49 32 447.522
49 33 -952.696
49 34 532.223
49 35 -788.424
49 36 -193.321
49 37 -979.871
49 38 674.754
49 39 -42.7893
49 40 -13.1715
49 41 -567.909
49 42 -14.0875
49 43 175.466
49 44 -505.009
49 45 555.734
49 46 -738.898
49 47 -355.455
49 48 -492.491
49 50 330.761
50 1 -724.669
50 2 -749.219
50 3 737.226
50 4 -490.414
50 5 103.284
50 6 778.325
50 7 812.767
50 8 -735.234
50 9 -956.543
50 10 879.331
50 11 -889.002
50 12 448.743
50 13 -408.584
50 14 -76.926
50 15 975.634
50 16 692.708
50 17 883.483
50 18 -602.229
50 19 248.93
50 20 537.658
50 21 64.6896
50 22 558.848
50 23 85.0862
50 24 775.455
50 25 -985.306
50 26 9.60668
50 27 945.589
50 28 192.321
50 29 -139.032
50 30 910.658
50 31 -262.571
50 32 -93.7196
50 33 722.326
50 34 -514.231
50 35 -969.856
50 36 -523.33
50 37 125.024
50 38 -462.568
50 39 277.144
50 40 983.573
50 41 -476.552
50 42 633.412
50 43 -13.1715
50 44 252.228
50 45 360.867
50 46 670.846
50 47 789.012
50 48 -571.146
50 49 -890.712
