25 600
1
2
3
4
5
6
7
8
9
10
11
12
13
14
15
16
17
18
19
20
21
22
23
24
25
1 2 732.219
1 3 -683.266
1 4 352.562
1 5 874.873
1 6 -578.291
1 7 -553.497
1 8 -657.19
1 9 -178.726
1 10 647.64
1 11 99.6202
1 12 817.347
1 13 -150.512
1 14 976.428
1 15 589.565
1 16 777.287
1 17 116.597
1 18 434.087
1 19 -659.632
1 20 -560.825
1 21 499.246
1 22 812.767
1 23 -282.418
1 24 -499.025
1 25 -456.949
2 1 -435.392
2 3 -918.803
2 4 713.776
2 5 -509.406
2 6 481.903
2 7 -482.781
2 8 -547.268
2 9 315.189
2 10 -670.869
2 11 -334.753
2 12 978.138
2 13 -293.227
2 14 -357.104
2 15 96.2004
2 16 -949.52
2 17 949.131
2 18 857.346
2 19 -334.448
2 20 627.793
2 21 -390.447
2 22 -36.255
2 23 -711.479
2 24 282.334
2 25 -993.855
3 1 889.529
3 2 567.886
3 4 75.4986
3 5 -640.396
3 6 766.966
3 7 -287.426
3 8 -462.69
3 9 589.87
3 10 -695.907
3 11 196.412
3 12 -537.742
3 13 -316.921
3 14 429.08
3 15 571.733
3 16 198.183
3 17 577.962
3 18 391.767
3 19 898.2
3 20 118.918
3 21 -512.46
3 22 -469.285
3 23 210.152
3 24 971.298
3 25 -376.462
4 1 -127.978
4 2 467.613
4 3 -225.564
4 5 231.404
4 6 -245.656
4 7 -580.611
4 8 -25.6293
4 9 -105.383
4 10 -325.532
4 11 -169.504
4 12 -479.178
4 13 -962.344
4 14 531.062
4 15 -508.002
4 16 575.825
4 17 -436.003
4 18 458.148
4 19 -528.337
4 20 521.963
4 21 567.092
4 22 -560.886
4 23 -975.413
4 24 975.084
4 25 54.8577
5 1 -115.643
5 2 615.397
5 3 472.987
5 4 -373.531
5 6 356.776
5 7 -524.795
5 8 -458.781
5 9 29.759
5 10 643.976
5 11 -848.087
5 12 -185.687
5 13 545.902
5 14 -646.869
5 15 -534.688
5 16 -98.2386
5 17 135.711
5 18 225.786
5 19 324.654
5 20 -308.372
5 21 -713.433
5 22 345.112
5 23 -162.909
5 24 -227.152
5 25 494.605
6 1 444.774
6 2 150.306
6 3 -334.509
6 4 316.837
6 5 487.765
6 7 -544.215
6 8 -450.781
6 9 945.711
6 10 712.189
6 11 -394.05
6 12 -826.835
6 13 220.778
6 14 -671.907
6 15 -233.198
6 16 639.763
6 17 37.4535
6 18 -940.848
6 19 -444.003
6 20 741.074
6 21 71.8345
6 22 -296.586
6 23 98.0325
6 24 -449.865
6 25 772.401
7 1 915.238
7 2 431.95
7 3 941.253
7 4 547.612
7 5 386.271
7 6 -284.434
7 8 -275.151
7 9 -906.406
7 10 -378.844
7 11 660.77
7 12 -893.46
7 13 -204.313
7 14 485.017
7 15 629.87
7 16 -873.064
7 17 -865.43
7 18 715.425
7 19 -153.138
7 20 -206.878
7 21 54.4913
7 22 -407.607
7 23 -854.01
7 24 -421.53
7 25 -795.691
8 1 -54.1478
8 2 702.296
8 3 985.038
8 4 -984.145
8 5 -314.967
8 6 175.771
8 7 -156.802
8 9 533.994
8 10 -948.604
8 11 -278.144
8 12 58.3996
8 13 -52.4379
8 14 769.47
8 15 283.739
8 16 464.682
8 17 765.745
8 18 -717.586
8 19 619.549
8 20 -504.704
8 21 554.696
8 22 280.38
8 23 -502.139
8 24 350.669
8 25 198.122
9 1 673.35
9 2 501.322
9 3 341.081
9 4 600.557
9 5 232.625
9 6 -136.528
9 7 -889.674
9 8 777.714
9 10 -935.047
9 11 800.309
9 12 -585.741
9 13 273.602
9 14 116.231
9 15 745.593
9 16 -859.018
9 17 -161.81
9 18 885.193
9 19 953.161
9 20 272.93
9 21 -696.578
9 22 -454.079
9 23 884.643
9 24 -538.902
9 25 597.87
10 1 -339.516
10 2 831.209
10 3 -81.384
10 4 830.721
10 5 660.892
10 6 -798.5
10 7 -702.074
10 8 -604.916
10 9 302.059
10 11 -80.529
10 12 -737.005
10 13 17.7287
10 14 269.327
10 15 355.371
10 16 -575.726
10 17 -311.853
10 18 -881.43
10 19 -752.394
10 20 -663.358
10 21 -575.848
10 22 -248.22
10 23 -960.268
10 24 -757.218
10 25 791.149
11 1 -401.989
11 2 68.659
11 3 -750.99
11 4 -881.124
11 5 707.425
11 6 -952.451
11 7 -376.584
11 8 -632.824
11 9 -75.5215
11 10 -713.555
11 12 -98.7882
11 13 -451.514
11 14 350.058
11 15 -931.81
11 16 -512.338
11 17 -324.188
11 18 255.77
11 19 -359.18
11 20 -555.329
11 21 -846.438
11 22 661.442
11 23 -754.47
11 24 146.642
11 25 558.604
12 1 -255.243
12 2 632.129
12 3 495.704
12 4 738.936
12 5 -715.143
12 6 482.636
12 7 -615.969
12 8 -816.942
12 9 -685.403
12 10 202.214
12 11 -909.093
12 13 585.351
12 14 179.069
12 15 493.933
12 16 -704.029
12 17 -460.735
12 18 181.39
12 19 -833.858
12 20 -594.473
12 21 322.7
12 22 9.78988
12 23 613.687
12 24 -126.085
12 25 -324.25
13 1 125.513
13 2 391.706
13 3 207.527
13 4 -456.461
13 5 304.441
13 6 -652.549
13 7 340.898
13 8 -304.769
13 9 -481.621
13 10 724.524
13 11 -929.429
13 12 -828.24
13 14 -653.831
13 15 680.739
13 16 238.427
13 17 496.742
13 18 -905.429
13 19 -327.242
13 20 339.31
13 21 -420.797
13 22 -173.352
13 23 -873.796
13 24 262.426
13 25 -734.807
14 1 -524.917
14 2 837.133
14 3 832.614
14 4 -548.245
14 5 239.587
14 6 -461.468
14 7 848.98
14 8 -281.197
14 9 440.438
14 10 84.5976
14 11 -690.349
14 12 -591.115
14 13 32.2017
14 15 -339.944
14 16 508.773
14 17 -905.307
14 18 -46.5144
14 19 485.872
14 20 -317.654
14 21 369.661
14 22 503.948
14 23 -569.619
14 24 -84.1931
14 25 -102.758
15 1 936.49
15 2 -11.4616
15 3 -29.2933
15 4 668.648
15 5 -547.757
15 6 -960.146
15 7 -258.48
15 8 385.111
15 9 -211.397
15 10 -148.68
15 11 -982.802
15 12 -75.0329
15 13 -424.767
15 14 -265.197
15 16 241.297
15 17 -183.794
15 18 666.51
15 19 -178.787
15 20 949.986
15 21 -340.249
15 22 616.129
15 23 -629.954
15 24 589.199
15 25 441.049
16 1 -500.124
16 2 64.0789
16 3 -614.381
16 4 662.297
16 5 -738.349
16 6 717.563
16 7 -34.7284
16 8 241.053
16 9 -227.213
16 10 -156.436
16 11 -598.626
16 12 -895.292
16 13 796.584
16 14 515.734
16 15 392.378
16 17 424.683
16 18 40.6901
16 19 952.917
16 20 -763.02
16 21 -583.603
16 22 492.162
16 23 -720.822
16 24 -681.434
16 25 -333.471
17 1 -793.248
17 2 -109.719
17 3 -239.915
17 4 -106.849
17 5 764.096
17 6 -147.52
17 7 -41.6901
17 8 -897.674
17 9 -453.468
17 10 795.302
17 11 -325.227
17 12 -931.933
17 13 64.5675
17 14 711.578
17 15 -627.755
17 16 69.7582
17 18 -521.986
17 19 -879.842
17 20 485.384
17 21 831.393
17 22 -465.438
17 23 20.2935
17 24 309.204
17 25 598.786
18 1 88.3838
18 2 68.9643
18 3 -796.79
18 4 290.09
18 5 -599.847
18 6 437.995
18 7 786.935
18 8 656.8
18 9 -595.817
18 10 -232.404
18 11 814.294
18 12 393.783
18 13 -878.682
18 14 669.319
18 15 -569.497
18 16 139.436
18 17 419.248
18 19 -799.294
18 20 481.048
18 21 -704.395
18 22 -708.914
18 23 -228.435
18 24 561.291
18 25 -386.416
19 1 862.72
19 2 889.712
19 3 -488.827
19 4 474.331
19 5 -717.158
19 6 210.702
19 7 -975.535
19 8 -191.183
19 9 726.417
19 10 317.753
19 11 -934.253
19 12 -405.225
19 13 650.633
19 14 -338.051
19 15 786.386
19 16 -140.925
19 17 -463.3
19 18 117.024
19 20 -380.371
19 21 133.391
19 22 273.785
19 23 -431.24
19 24 -742.623
19 25 296.197
20 1 -620.244
20 2 993.771
20 3 172.107
20 4 -261.961
20 5 -739.631
20 6 445.201
20 7 -609.007
20 8 790.966
20 9 -327.853
20 10 -593.435
20 11 -791.722
20 12 -649.984
20 13 -406.508
20 14 -70.3918
20 15 -490.048
20 16 645.442
20 17 -314.479
20 18 2.64498
20 19 -587.634
20 21 -930.772
20 22 528.192
20 23 -407.362
20 24 897.284
20 25 36.1711
21 1 821.316
21 2 789.622
21 3 124.841
21 4 772.462
21 5 740.585
21 6 489.964
21 7 -872.27
21 8 5.94263
21 9 631.03
21 10 -931.322
21 11 -445.346
21 12 -523.574
21 13 227.862
21 14 -535.238
21 15 -838.438
21 16 -795.508
21 17 593.901
21 18 118.429
21 19 742.845
21 20 -536.948
21 22 -44.0106
21 23 208.259
21 24 172.535
21 25 -616.397
22 1 -363.455
22 2 616.068
22 3 -732.547
22 4 -861.094
22 5 -742.929
22 6 -942.925
22 7 136.322
22 8 -364.066
22 9 -590.26
22 10 823.454
22 11 713.471
22 12 657.35
22 13 980.519
22 14 -444.614
22 15 168.627
22 16 -610.595
22 17 -691.327
22 18 -485.895
22 19 -127.124
22 20 280.808
22 21 385.477
22 23 -246.938
22 24 609.107
22 25 149.635
23 1 -751.844
23 2 -344.158
23 3 -284.495
23 4 -496.399
23 5 -202.847
23 6 264.564
23 7 857.285
23 8 -10.3624
23 9 186.336
23 10 836.583
23 11 94.1241
23 12 917.131
23 13 -999.901
23 14 -929.124
23 15 959.268
23 16 795.79
23 17 396.042
23 18 444.652
23 19 206.549
23 20 823.148
23 21 -611.328
23 22 -921.795
23 24 943.207
23 25 255.526
24 1 -509.59
24 2 -398.508
24 3 807.82
24 4 606.786
24 5 -136.284
24 6 418.576
24 7 -94.9409
24 8 604.588
24 9 197.389
24 10 -160.466
24 11 169.054
24 12 850.812
24 13 482.636
24 14 -496.033
24 15 846.659
24 16 114.276
24 17 -121.627
24 18 530.818
24 19 -208.71
24 20 202.153
24 21 -143.612
24 22 837.377
24 23 -743.906
24 25 -662.869
25 1 -193.138
25 2 -933.459
25 3 -135.856
25 4 992.0
25 5 300.899
25 6 -441.743
25 7 -548.001
25 8 98.7042
25 9 189.084
25 10 -208.465
25 11 477.201
25 12 -401.927
25 13 731.547
25 14 757.257
25 15 662.052
25 16 -763.753
25 17 937.894
25 18 -323.639
25 19 580.649
25 20 -431.484
25 21 -686.93
25 22 -479.483
25 23 861.193
25 24 -903.597
