50 2450
1
2
3
4
5
6
7
8
9
10
11
12
13
14
15
16
17
18
19
20
21
22
23
24
25
26
27
28
29
30
31
32
33
34
35
36
37
38
39
40
41
42
43
44
45
46
47
48
49
50
1 2 486.911
1 3 -410.355
1 4 -177.199
1 5 896.063
1 6 163.985
1 7 494.483
1 8 -687.174
1 9 -220.801
1 10 -446.018
1 11 -117.597
1 12 -579.878
1 13 -205.962
1 14 -957.398
1 15 -813.828
1 16 -918.681
1 17 -572.062
1 18 266.762
1 19 -803.324
1 20 -168.711
1 21 -636.854
1 22 326.791
1 23 166.001
1 24 -759.966
1 25 905.345
1 26 252.717
1 27 -828.851
1 28 572.527
1 29 -234.786
1 30 -603.572
1 31 -316.616
1 32 -160.527
1 33 -356.493
1 34 451.064
1 35 -737.616
1 36 452.285
1 37 -967.474
1 38 770.814
1 39 337.417
1 40 640.801
1 41 -303.181
1 42 696.861
1 43 -11.3395
1 44 -153.81
1 45 251.678
1 46 560.131
1 47 -311.609
1 48 -737.005
1 49 -710.624
1 50 -943.597
2 1 921.467
2 3 720.127
2 4 -513.254
2 5 684.22
2 6 -370.478
2 7 -914.223
2 8 -876.178
2 9 917.864
2 10 -573.405
2 11 400.744
2 12 466.758
2 13 828.95
2 14 501.261
2 15 893.437
2 16 -565.527
2 17 -182.573
2 18 161.604
2 19 -897.552
2 20 7.71358
2 21 158.123
2 22 -42.1786
2 23 272.014
2 24 -207.977
2 25 36.6596
2 26 -690.472
2 27 -798.989
2 28 198.489
2 29 776.493
2 30 588.344
2 31 764.524
2 32 -341.471
2 33 930.627
2 34 -420.736
2 35 253.755
2 36 -673.922
2 37 936.795
2 38 279.159
2 39 762.753
2 40 -307.395
2 41 -985.306
2 42 -58.1783
2 43 -226.053
2 44 -440.889
2 45 3.43886
2 46 -665.434
2 47 158.856
2 48 -196.679
2 49 -193.076
2 50 125.513
3 1 -242.663
3 2 -626.473
3 4 -836.179
3 5 343.951
3 6 744.371
3 7 -44.9877
3 8 -596.122
3 9 -142.696
3 10 952.673
3 11 736.249
3 12 -111.429
3 13 795.179
3 14 355.188
3 15 -277.96
3 16 -174.756
3 17 856.064
3 18 884.094
3 19 -970.772
3 20 140.108
3 21 445.629
3 22 774.417
3 23 594.695
3 24 94.4295
3 25 -428.797
3 26 -372.249
3 27 -261.594
3 28 337.295
3 29 -561.619
3 30 -623.542
3 31 -970.161
3 32 -923.444
3 33 681.838
3 34 -665.312
3 35 -126.879
3 36 -936.513
3 37 -830.133
3 38 531.185
3 39 263.342
3 40 66.3995
3 41 -670.625
3 42 -497.987
3 43 152.444
3 44 531.978
3 45 -94.2692
3 46 744.799
3 47 855.148
3 48 -881.491
3 49 120.139
3 50 -1.99615
4 1 -67.6438
4 2 -211.275
4 3 -852.667
4 5 -436.064
4 6 0.385479
4 7 -859.751
4 8 858.629
4 9 -165.413
4 10 886.964
4 11 -317.593
4 12 753.592
4 13 224.32
4 14 -416.339
4 15 -277.35
4 16 -956.604
4 17 -307.578
4 18 -565.466
4 19 -430.568
4 20 800.676
4 21 44.3541
4 22 982.29
4 23 728.066
4 24 -887.231
4 25 193.237
4 26 -75.8879
4 27 -222.939
4 28 206.0
4 29 578.817
4 30 618.572
4 31 -375.18
4 32 431.095
4 33 -77.6588
4 34 557.566
4 35 -186.298
4 36 92.9028
4 37 -487.117
4 38 269.877
4 39 577.779
4 40 32.0185
4 41 -796.057
4 42 72.9948
4 43 330.517
4 44 -93.17
4 45 315.983
4 46 119.834
4 47 -723.448
4 48 114.582
4 49 -375.607
4 50 -824.881
5 1 831.515
5 2 284.044
5 3 -366.814
5 4 563.734
5 6 -470.079
5 7 281.846
5 8 -696.823
5 9 715.059
5 10 -866.163
5 11 667.548
5 12 440.927
5 13 762.692
5 14 -405.347
5 15 533.994
5 16 -80.1015
5 17 615.213
5 18 583.825
5 19 -325.593
5 20 939.36
5 21 -51.2166
5 22 265.785
5 23 -990.191
5 24 -515.757
5 25 -444.919
5 26 -992.084
5 27 215.832
5 28 -796.607
5 29 -518.994
5 30 710.173
5 31 483.124
5 32 863.392
5 33 -600.763
5 34 -564.611
5 35 -641.251
5 36 -415.668
5 37 -351.852
5 38 53.5753
5 39 -403.943
5 40 49.728
5 41 375.279
5 42 550.054
5 43 949.864
5 44 852.4
5 45 -776.516
5 46 717.99
5 47 862.171
5 48 191.527
5 49 -997.336
5 50 904.735
6 1 975.023
6 2 96.689
6 3 -228.679
6 4 -496.826
6 5 -602.046
6 7 -640.152
6 8 778.813
6 9 882.872
6 10 -317.105
6 11 378.149
6 12 699.487
6 13 429.263
6 14 425.843
6 15 77.1474
6 16 -401.683
6 17 408.561
6 18 451.308
6 19 122.215
6 20 -936.391
6 21 -685.586
6 22 -494.567
6 23 585.901
6 24 -56.102
6 25 408.133
6 26 -600.763
6 27 270.915
6 28 127.65
6 29 119.711
6 30 -464.888
6 31 -125.047
6 32 -192.527
6 33 19.5607
6 34 -238.389
6 35 -821.095
6 36 659.426
6 37 -973.703
6 38 488.498
6 39 454.239
6 40 374.729
6 41 -444.98
6 42 -1000.76
6 43 -734.868
6 44 992.122
6 45 280.014
6 46 -92.8647
6 47 874.445
6 48 451.858
6 49 -788.851
6 50 672.983
7 1 -592.702
7 2 -174.207
7 3 -231.549
7 4 146.276
7 5 2.33964
7 6 -352.89
7 8 -469.651
7 9 -947.993
7 10 -907.261
7 11 -214.817
7 12 365.142
7 13 363.066
7 14 -954.161
7 15 301.204
7 16 -389.592
7 17 492.956
7 18 317.57
7 19 -279.548
7 20 -991.535
7 21 -740.119
7 22 -674.35
7 23 163.558
7 24 -932.971
7 25 -455.85
7 26 -769.188
7 27 -235.641
7 28 -455.3
7 29 579.794
7 30 -202.114
7 31 -174.512
7 32 -254.938
7 33 -176.039
7 34 -460.003
7 35 -864.209
7 36 -693.464
7 37 -658.778
7 38 329.051
7 39 899.177
7 40 -823.477
7 41 -369.928
7 42 -347.394
7 43 696.983
7 44 -545.375
7 45 840.186
7 46 718.967
7 47 944.551
7 48 -203.947
7 49 311.708
7 50 -421.53
8 1 252.472
8 2 -939.566
8 3 381.935
8 4 -526.566
8 5 -847.843
8 6 -102.88
8 7 -617.496
8 9 -422.874
8 10 611.305
8 11 945.1
8 12 -218.297
8 13 331.31
8 14 774.966
8 15 346.822
8 16 393.355
8 17 556.772
8 18 385.538
8 19 -740.974
8 20 603.244
8 21 531.795
8 22 299.372
8 23 -956.665
8 24 -457.621
8 25 220.534
8 26 -451.698
8 27 829.072
8 28 149.268
8 29 842.873
8 30 -615.847
8 31 -868.239
8 32 -950.741
8 33 968.978
8 34 -261.9
8 35 230.977
8 36 207.832
8 37 -668.182
8 38 -463.484
8 39 960.367
8 40 -731.997
8 41 -456.644
8 42 -688.456
8 43 636.77
8 44 541.322
8 45 893.315
8 46 -459.881
8 47 -209.32
8 48 -445.041
8 49 430.789
8 50 -849.553
9 1 393.477
9 2 -871.354
9 3 514.269
9 4 -362.661
9 5 -734.868
9 6 -113.383
9 7 -995.931
9 8 -784.882
9 10 -637.892
9 11 -838.682
9 12 306.334
9 13 458.148
9 14 612.832
9 15 -774.012
9 16 429.996
9 17 -150.39
9 18 -995.87
9 19 781.073
9 20 274.151
9 21 698.571
9 22 -391.668
9 23 642.45
9 24 307.433
9 25 -164.558
9 26 215.893
9 27 -428.736
9 28 840.369
9 29 -448.156
9 30 -710.38
9 31 -827.385
9 32 -926.375
9 33 -802.469
9 34 913.406
9 35 -193.809
9 36 -882.773
9 37 -110.452
9 38 413.996
9 39 447.4
9 40 151.467
9 41 760.066
9 42 -629.954
9 43 435.858
9 44 935.818
9 45 187.191
9 46 -332.005
9 47 48.0182
9 48 -157.291
9 49 445.812
9 50 -694.685
10 1 -169.565
10 2 609.534
10 3 -793.615
10 4 -366.508
10 5 -367.852
10 6 983.573
10 7 337.723
10 8 715.608
10 9 -725.341
10 11 467.247
10 12 -573.894
10 13 494.544
10 14 -203.153
10 15 336.379
10 16 479.46
10 17 460.774
10 18 -792.149
10 19 121.36
10 20 -781.34
10 21 -502.384
10 22 -304.036
10 23 -255.915
10 24 -569.863
10 25 604.282
10 26 216.381
10 27 -507.086
10 28 -217.442
10 29 167.955
10 30 -591.664
10 31 -974.985
10 32 -428.003
10 33 495.033
10 34 775.21
10 35 -414.874
10 36 820.339
10 37 -736.944
10 38 -945.49
10 39 623.519
10 40 -839.171
10 41 605.382
10 42 -259.029
10 43 -994.71
10 44 968.184
10 45 -509.345
10 46 665.045
10 47 3.43886
10 48 -865.735
10 49 115.742
10 50 -404.065
11 1 241.419
11 2 977.466
11 3 -35.4001
11 4 793.775
11 5 -195.947
11 6 665.167
11 7 252.167
11 8 437.141
11 9 -319.731
11 10 -357.715
11 12 417.965
11 13 -110.269
11 14 -266.785
11 15 -536.704
11 16 -630.076
11 17 718.906
11 18 -612.794
11 19 482.514
11 20 -837.217
11 21 413.752
11 22 217.603
11 23 837.927
11 24 -207.061
11 25 746.875
11 26 626.328
11 27 -833.003
11 28 805.378
11 29 -298.601
11 30 -200.099
11 31 -508.063
11 32 395.676
11 33 919.208
11 34 -869.094
11 35 -298.296
11 36 -301.899
11 37 -414.324
11 38 289.785
11 39 87.4067
11 40 941.619
11 41 718.479
11 42 135.223
11 43 -648.335
11 44 -838.988
11 45 760.982
11 46 -341.104
11 47 541.261
11 48 168.077
11 49 454.362
11 50 -862.132
12 1 326.425
12 2 436.408
12 3 -101.231
12 4 693.502
12 5 84.4144
12 6 -375.913
12 7 -244.617
12 8 434.515
12 9 205.023
12 10 -601.679
12 11 -479.85
12 13 -612.855
12 14 66.827
12 15 -745.921
12 16 812.706
12 17 -617.496
12 18 -880.575
12 19 -979.932
12 20 608.862
12 21 -903.78
12 22 -490.17
12 23 735.578
12 24 368.134
12 25 433.415
12 26 -316.005
12 27 -420.065
12 28 -22.5148
12 29 433.293
12 30 -586.962
12 31 561.596
12 32 461.751
12 33 898.2
12 34 -328.463
12 35 623.03
12 36 389.569
12 37 915.421
12 38 -192.344
12 39 882.018
12 40 -79.9794
12 41 475.491
12 42 -553.375
12 43 672.312
12 44 -578.901
12 45 365.203
12 46 -439.118
12 47 84.8419
12 48 600.802
12 49 524.772
12 50 144.688
13 1 691.243
13 2 -917.032
13 3 58.8271
13 4 932.948
13 5 -864.697
13 6 382.241
13 7 -912.88
13 8 599.824
13 9 -707.876
13 10 184.687
13 11 -376.951
13 12 877.56
13 14 -339.15
13 15 908.765
13 16 -336.891
13 17 -974.619
13 18 -299.273
13 19 -549.283
13 20 -315.089
13 21 -899.567
13 22 -215.061
13 23 79.529
13 24 -269.35
13 25 -552.764
13 26 462.545
13 27 -607.847
13 28 269.327
13 29 865.712
13 30 -284.189
13 31 -705.8
13 32 -977.794
13 33 877.499
13 34 -94.1471
13 35 920.673
13 36 947.421
13 37 541.871
13 38 -918.803
13 39 -556.734
13 40 -451.148
13 41 -754.531
13 42 354.76
13 43 713.838
13 44 735.394
13 45 -83.9488
13 46 15.5302
13 47 -350.753
13 48 -630.198
13 49 83.7427
13 50 86.3075
14 1 -663.174
14 2 -256.77
14 3 -755.814
14 4 -7.49223
14 5 761.104
14 6 120.383
14 7 -51.5219
14 8 -955.871
14 9 108.902
14 10 574.42
14 11 -943.597
14 12 415.4
14 13 -406.874
14 15 281.479
14 16 606.114
14 17 300.044
14 18 716.341
14 19 -530.658
14 20 712.189
14 21 949.986
14 22 -77.0482
14 23 205.939
14 24 -41.3236
14 25 -740.242
14 26 -417.194
14 27 -789.34
14 28 -298.479
14 29 -389.653
14 30 227.435
14 31 891.239
14 32 -272.709
14 33 632.251
14 34 989.313
14 35 -233.137
14 36 -293.166
14 37 599.458
14 38 178.092
14 39 501.017
14 40 -121.078
14 41 -869.216
14 42 933.803
14 43 691.853
14 44 -599.176
14 45 -113.078
14 46 -117.17
14 47 641.9
14 48 -193.138
14 49 -55.3081
14 50 -244.617
15 1 -727.54
15 2 5.33195
15 3 553.352
15 4 -121.505
15 5 383.767
15 6 261.205
15 7 940.764
15 8 -500.307
15 9 432.255
15 10 -407.424
15 11 -130.482
15 12 -128.04
15 13 35.3161
15 14 26.8888
15 16 628.587
15 17 34.278
15 18 370.943
15 19 144.016
15 20 137.726
15 21 233.297
15 22 666.938
15 23 -644.61
15 24 -127.978
15 25 -83.8267
15 26 -29.5987
15 27 -649.617
15 28 -726.99
15 29 237.205
15 30 -618.107
15 31 144.138
15 32 -650.778
15 33 10.9502
15 34 -59.8882
15 35 -828.912
15 36 -856.453
15 37 -944.696
15 38 345.661
15 39 863.758
15 40 764.096
15 41 -141.841
15 42 -284.617
15 43 -864.636
15 44 -346.845
15 45 -499.269
15 46 -449.011
15 47 239.587
15 48 -196.741
15 49 789.928
15 50 106.887
16 1 398.851
16 2 578.573
16 3 516.04
16 4 -650.656
16 5 -317.227
16 6 855.026
16 7 -204.863
16 8 -302.754
16 9 545.963
16 10 -846.316
16 11 417.294
16 12 720.066
16 13 468.468
16 14 -538.963
16 15 142.001
16 17 992.977
16 18 -852.972
16 19 -589.099
16 20 888.307
16 21 -708.181
16 22 -336.829
16 23 536.742
16 24 739.791
16 25 317.265
16 26 64.6285
16 27 -740.119
16 28 -280.953
16 29 -876.789
16 30 810.263
16 31 322.944
16 32 258.152
16 33 -535.299
16 34 502.239
16 35 -671.724
16 36 302.609
16 37 219.679
16 38 -648.03
16 39 103.651
16 40 -4.19459
16 41 -903.719
16 42 814.049
16 43 -454.079
16 44 -128.467
16 45 -192.405
16 46 818.446
16 47 -336.036
16 48 -504.643
16 49 -111.735
16 50 -942.803
17 1 -519.116
17 2 495.582
17 3 -638.442
17 4 -253.35
17 5 502.605
17 6 913.04
17 7 -570.718
17 8 300.716
17 9 426.332
17 10 819.545
17 11 -625.19
17 12 -629.832
17 13 789.867
17 14 130.704
17 15 872.98
17 16 672.373
17 18 -766.317
17 19 557.932
17 20 -116.986
17 21 43.0106
17 22 81.6053
17 23 630.969
17 24 -670.441
17 25 169.909
17 26 -95.857
17 27 -263.243
17 28 738.02
17 29 419.675
17 30 -220.19
17 31 106.826
17 32 23.7133
17 33 214.244
17 34 918.231
17 35 686.601
17 36 -369.867
17 37 -613.893
17 38 -657.984
17 39 -165.962
17 40 183.405
17 41 -47.4304
17 42 324.471
17 43 781.134
17 44 -134.391
17 45 741.562
17 46 244.167
17 47 786.203
17 48 694.479
17 49 -685.647
17 50 577.596
18 1 -66.7888
18 2 -115.399
18 3 622.053
18 4 -311.853
18 5 500.284
18 6 -504.155
18 7 817.225
18 8 -880.269
18 9 837.194
18 10 538.513
18 11 -313.99
18 12 67.8651
18 13 697.838
18 14 732.524
18 15 116.414
18 16 722.937
18 17 -43.7053
18 19 110.673
18 20 42.7664
18 21 175.344
18 22 -351.913
18 23 -354.051
18 24 -683.327
18 25 -434.66
18 26 -728.822
18 27 -907.567
18 28 929.711
18 29 164.596
18 30 -710.99
18 31 -768.333
18 32 -977.306
18 33 -922.101
18 34 768.982
18 35 706.693
18 36 -857.797
18 37 261.51
18 38 -908.727
18 39 632.312
18 40 -855.72
18 41 -476.369
18 42 -317.899
18 43 -824.576
18 44 219.374
18 45 -775.722
18 46 677.686
18 47 -715.815
18 48 451.614
18 49 -665.922
18 50 488.865
19 1 -246.633
19 2 363.982
19 3 557.505
19 4 -813.95
19 5 823.942
19 6 878.292
19 7 198.428
19 8 -353.684
19 9 492.101
19 10 -870.987
19 11 466.636
19 12 -605.404
19 13 726.478
19 14 578.634
19 15 -104.834
19 16 -910.009
19 17 -232.648
19 18 848.064
19 20 -424.645
19 21 581.504
19 22 -288.586
19 23 -268.922
19 24 882.689
19 25 472.56
19 26 -445.957
19 27 807.637
19 28 384.989
19 29 143.711
19 30 889.956
19 31 -906.834
19 32 630.297
19 33 153.787
19 34 447.339
19 35 184.993
19 36 482.025
19 37 -32.2246
19 38 658.571
19 39 -694.013
19 40 -291.701
19 41 948.642
19 42 435.308
19 43 -275.945
19 44 -497.62
19 45 -457.071
19 46 -646.869
19 47 948.825
19 48 -377.317
19 49 613.626
19 50 -575.359
20 1 165.756
20 2 -156.802
20 3 -169.077
20 4 -353.623
20 5 -658.9
20 6 400.073
20 7 -907.445
20 8 -485.468
20 9 -574.077
20 10 -880.575
20 11 -119.002
20 12 693.319
20 13 105.3
20 14 -77.0482
20 15 509.994
20 16 -983.351
20 17 529.352
20 18 380.348
20 19 198.855
20 21 30.736
20 22 -538.841
20 23 -981.336
20 24 -93.6585
20 25 232.747
20 26 283.434
20 27 63.9568
20 28 863.148
20 29 -771.508
20 30 -711.479
20 31 294.304
20 32 739.303
20 33 973.863
20 34 713.899
20 35 -285.655
20 36 391.828
20 37 -714.41
20 38 928.551
20 39 719.273
20 40 -882.285
20 41 -163.825
20 42 -760.699
20 43 -561.008
20 44 -638.686
20 45 -221.717
20 46 -264.464
20 47 -34.9116
20 48 802.752
20 49 -773.584
20 50 -393.5
21 1 -879.476
21 2 773.806
21 3 -241.32
21 4 389.813
21 5 491.674
21 6 939.299
21 7 132.169
21 8 -436.186
21 9 -622.198
21 10 -831.11
21 11 404.836
21 12 943.94
21 13 -621.038
21 14 557.016
21 15 644.77
21 16 -704.884
21 17 276.655
21 18 501.017
21 19 -583.726
21 20 -369.073
21 22 -81.1397
21 23 -191.061
21 24 235.129
21 25 599.214
21 26 -210.359
21 27 745.593
21 28 -833.553
21 29 422.118
21 30 945.65
21 31 -35.5222
21 32 -223.366
21 33 816.248
21 34 10.4616
21 35 -727.051
21 36 598.176
21 37 -675.815
21 38 -76.5596
21 39 150.306
21 40 -681.861
21 41 -489.01
21 42 -889.552
21 43 967.024
21 44 870.903
21 45 -557.772
21 46 -214.206
21 47 843.972
21 48 -392.401
21 49 -96.8951
21 50 -946.161
22 1 -916.727
22 2 762.814
22 3 778.813
22 4 -483.269
22 5 114.276
22 6 -635.633
22 7 -958.253
22 8 -944.94
22 9 879.269
22 10 -183.245
22 11 788.89
22 12 489.903
22 13 617.29
22 14 305.357
22 15 742.234
22 16 792.615
22 17 -32.4689
22 18 -759.6
22 19 -312.341
22 20 551.52
22 21 -667.083
22 23 -85.6587
22 24 -743.112
22 25 -635.144
22 26 -555.085
22 27 553.902
22 28 504.864
22 29 -140.803
22 30 63.7125
22 31 -29.7819
22 32 -284.434
22 33 10.2784
22 34 -246.816
22 35 -14.9425
22 36 -115.215
22 37 467.98
22 38 670.419
22 39 817.225
22 40 -704.456
22 41 558.787
22 42 -703.296
22 43 624.618
22 44 -352.768
22 45 -337.623
22 46 -932.726
22 47 -612.549
22 48 -842.713
22 49 -352.89
22 50 -187.519
23 1 318.181
23 2 -912.269
23 3 -952.512
23 4 -32.1635
23 5 980.397
23 6 -878.499
23 7 681.899
23 8 483.979
23 9 -681.617
23 10 35.3161
23 11 -618.229
23 12 369.233
23 13 776.676
23 14 -900.483
23 15 -455.972
23 16 810.263
23 17 -316.494
23 18 653.625
23 19 -837.217
23 20 -199.855
23 21 -880.392
23 22 -726.929
23 24 57.85
23 25 222.488
23 26 422.973
23 27 -1.81295
23 28 965.863
23 29 -687.785
23 30 538.024
23 31 -976.634
23 32 -805.889
23 33 452.713
23 34 397.508
23 35 -678.197
23 36 -475.697
23 37 -778.958
23 38 512.742
23 39 612.893
23 40 38.0641
23 41 648.434
23 42 968.794
23 43 128.017
23 44 -425.622
23 45 -401.256
23 46 7.83572
23 47 -390.141
23 48 494.055
23 49 -759.417
23 50 395.187
24 1 974.229
24 2 -567.237
24 3 -484.246
24 4 -259.335
24 5 75.926
24 6 -249.808
24 7 564.466
24 8 -16.7745
24 9 -972.604
24 10 337.173
24 11 -966.13
24 12 205.817
24 13 488.559
24 14 490.269
24 15 218.946
24 16 -15.9806
24 17 373.752
24 18 -470.873
24 19 -50.9723
24 20 -553.009
24 21 424.194
24 22 850.568
24 23 -808.759
24 25 -758.623
24 26 -937.245
24 27 -905.979
24 28 -720.028
24 29 584.619
24 30 -12.3166
24 31 133.696
24 32 722.57
24 33 593.229
24 34 924.337
24 35 544.558
24 36 -484.185
24 37 -917.643
24 38 -8.16398
24 39 270.365
24 40 -80.2847
24 41 14.1867
24 42 110.979
24 43 -846.499
24 44 -396.309
24 45 -220.19
24 46 886.903
24 47 -973.153
24 48 130.643
24 49 -479.117
24 50 413.935
25 1 48.2624
25 2 693.502
25 3 -343.303
25 4 438.728
25 5 971.359
25 6 55.4073
25 7 -183.489
25 8 -690.838
25 9 37.026
25 10 627.854
25 11 362.821
25 12 162.092
25 13 176.321
25 14 -383.974
25 15 689.594
25 16 769.226
25 17 -798.866
25 18 -813.706
25 19 487.704
25 20 497.597
25 21 689.777
25 22 573.993
25 23 -838.866
25 24 809.836
25 26 230.305
25 27 79.1626
25 28 -414.202
25 29 741.562
25 30 738.081
25 31 -105.689
25 32 -611.389
25 33 -198.511
25 34 -495.788
25 35 -316.433
25 36 -48.835
25 37 -274.174
25 38 691.12
25 39 -132.375
25 40 307.677
25 41 -477.712
25 42 -65.2011
25 43 542.543
25 44 137.36
25 45 -750.623
25 46 771.913
25 47 973.802
25 48 -967.535
25 49 961.711
25 50 -453.285
26 1 -398.569
26 2 233.541
26 3 256.197
26 4 517.322
26 5 -502.017
26 6 8.996
26 7 873.224
26 8 -182.939
26 9 -794.653
26 10 887.636
26 11 -237.106
26 12 -10.2403
26 13 -95.857
26 14 -94.6967
26 15 -916.971
26 16 -241.259
26 17 838.721
26 18 77.9413
26 19 543.948
26 20 738.265
26 21 -55.6135
26 22 266.823
26 23 545.841
26 24 -241.931
26 25 -386.111
26 27 -360.035
26 28 -445.041
26 29 507.124
26 30 531.551
26 31 -89.2006
26 32 141.268
26 33 -840.453
26 34 -478.201
26 35 -463.117
26 36 -881.491
26 37 -300.128
26 38 353.234
26 39 -923.139
26 40 238.182
26 41 -396.37
26 42 -583.359
26 43 -115.948
26 44 850.385
26 45 -410.599
26 46 -758.806
26 47 -674.655
26 48 994.015
26 49 109.941
26 50 -238.389
27 1 722.448
27 2 336.623
27 3 277.876
27 4 289.235
27 5 -816.576
27 6 -591.054
27 7 -85.2312
27 8 119.773
27 9 -459.514
27 10 570.268
27 11 407.401
27 12 715.731
27 13 -453.285
27 14 -864.026
27 15 -942.619
27 16 -603.634
27 17 552.619
27 18 124.719
27 19 622.847
27 20 -514.963
27 21 825.652
27 22 -970.711
27 23 717.074
27 24 833.591
27 25 -285.105
27 26 87.3457
27 28 781.378
27 29 -324.555
27 30 -157.23
27 31 453.018
27 32 -707.143
27 33 -253.533
27 34 -494.078
27 35 -263.548
27 36 913.834
27 37 -407.668
27 38 486.605
27 39 -668.365
27 40 249.969
27 41 23.5301
27 42 -554.413
27 43 973.741
27 44 -65.14
27 45 638.786
27 46 102.857
27 47 962.505
27 48 -305.074
27 49 -638.564
27 50 370.577
28 1 -500.979
28 2 106.46
28 3 -70.4529
28 4 -351.669
28 5 -440.278
28 6 -280.525
28 7 -737.799
28 8 455.827
28 9 748.524
28 10 -755.386
28 11 -337.318
28 12 -412.981
28 13 570.634
28 14 -517.956
28 15 -227.274
28 16 990.84
28 17 564.283
28 18 685.624
28 19 -767.172
28 20 -461.407
28 21 -280.647
28 22 46.1251
28 23 977.955
28 24 -100.01
28 25 632.068
28 26 990.412
28 27 100.842
28 29 -322.54
28 30 821.011
28 31 964.275
28 32 -759.356
28 33 -980.481
28 34 656.678
28 35 -589.466
28 36 -592.153
28 37 -119.307
28 38 328.257
28 39 614.542
28 40 200.87
28 41 -881.552
28 42 -707.509
28 43 -900.177
28 44 347.493
28 45 626.999
28 46 642.816
28 47 288.197
28 48 508.284
28 49 672.434
28 50 -174.146
29 1 71.4681
29 2 -723.326
29 3 -356.554
29 4 165.085
29 5 23.7743
29 6 320.929
29 7 385.416
29 8 599.947
29 9 -90.5441
29 10 -409.988
29 11 308.227
29 12 102.368
29 13 193.664
29 14 546.085
29 15 -532.612
29 16 197.023
29 17 232.809
29 18 330.822
29 19 -207.122
29 20 21.2095
29 21 839.759
29 22 831.331
29 23 -344.402
29 24 -630.931
29 25 903.513
29 26 -439.728
29 27 967.085
29 28 153.238
29 30 759.027
29 31 307.189
29 32 986.993
29 33 -282.846
29 34 -12.4998
29 35 477.689
29 36 40.4458
29 37 449.537
29 38 340.654
29 39 -920.147
29 40 -679.54
29 41 -881.735
29 42 -531.513
29 43 282.09
29 44 -31.8582
29 45 384.989
29 46 151.528
29 47 474.941
29 48 -383.18
29 49 -90.483
29 50 706.57
30 1 -205.901
30 2 -406.508
30 3 -486.506
30 4 -728.883
30 5 23.5301
30 6 954.81
30 7 -186.848
30 8 -353.318
30 9 -178.603
30 10 550.054
30 11 774.172
30 12 -620.366
30 13 -788.057
30 14 -694.258
30 15 -379.882
30 16 -213.656
30 17 275.495
30 18 -93.5364
30 19 540.955
30 20 591.825
30 21 -29.4765
30 22 63.7736
30 23 -382.081
30 24 880.491
30 25 38.858
30 26 569.84
30 27 -567.115
30 28 -958.436
30 29 -86.0862
30 31 309.57
30 32 770.814
30 33 -597.16
30 34 -416.706
30 35 -571.512
30 36 -132.253
30 37 224.748
30 38 336.99
30 39 840.614
30 40 647.701
30 41 763.363
30 42 336.99
30 43 -743.722
30 44 363.31
30 45 75.4375
30 46 954.505
30 47 -59.0332
30 48 104.933
30 49 -741.646
30 50 799.576
31 1 356.776
31 2 595.122
31 3 -190.451
31 4 -607.114
31 5 908.887
31 6 714.876
31 7 -207.0
31 8 -589.161
31 9 -38.6367
31 10 -800.271
31 11 507.796
31 12 -562.963
31 13 -676.67
31 14 943.513
31 15 -667.51
31 16 170.825
31 17 -618.412
31 18 333.081
31 19 -550.077
31 20 16.263
31 21 76.6588
31 22 -918.315
31 23 120.017
31 24 -1000.02
31 25 905.59
31 26 968.184
31 27 205.878
31 28 949.925
31 29 138.826
31 30 928.795
31 32 632.862
31 33 865.224
31 34 443.125
31 35 955.543
31 36 465.232
31 37 -562.535
31 38 -913.673
31 39 212.29
31 40 295.708
31 41 -363.516
31 42 -69.7201
31 43 -174.268
31 44 -372.798
31 45 -694.319
31 46 -624.213
31 47 -221.656
31 48 -57.9951
31 49 715.975
31 50 -526.383
32 1 346.15
32 2 137.36
32 3 995.603
32 4 364.531
32 5 -484.674
32 6 24.0186
32 7 394.393
32 8 -749.89
32 9 821.744
32 10 569.718
32 11 303.769
32 12 84.4144
32 13 -965.153
32 14 573.504
32 15 -24.4079
32 16 -845.217
32 17 152.199
32 18 465.537
32 19 -119.063
32 20 768.737
32 21 -897.735
32 22 912.612
32 23 641.045
32 24 200.443
32 25 -362.417
32 26 919.269
32 27 -531.391
32 28 120.627
32 29 -184.832
32 30 -885.46
32 31 -935.291
32 33 -336.829
32 34 -468.674
32 35 912.673
32 36 894.292
32 37 341.631
32 38 -467.148
32 39 -781.645
32 40 -213.29
32 41 -14.3318
32 42 345.6
32 43 -598.137
32 44 -191.0
32 45 900.887
32 46 558.726
32 47 184.016
32 48 322.761
32 49 -579.451
32 50 904.735
33 1 -844.606
33 2 187.374
33 3 -940.604
33 4 -434.843
33 5 605.626
33 6 -964.482
33 7 433.476
33 8 -849.247
33 9 336.44
33 10 -438.202
33 11 148.352
33 12 779.974
33 13 -826.896
33 14 -245.9
33 15 -153.81
33 16 -298.418
33 17 -161.138
33 18 -979.932
33 19 -416.584
33 20 -92.4372
33 21 885.865
33 22 -865.491
33 23 741.379
33 24 148.902
33 25 377.6
33 26 -54.2089
33 27 647.335
33 28 817.774
33 29 -995.443
33 30 784.615
33 31 104.445
33 32 117.33
33 34 -681.128
33 35 -491.819
33 36 6.00369
33 37 967.451
33 38 775.455
33 39 123.07
33 40 228.106
33 41 -931.81
33 42 -728.456
33 43 909.681
33 44 988.641
33 45 -415.362
33 46 877.376
33 47 4.84341
33 48 -143.978
33 49 856.369
33 50 419.248
34 1 371.188
34 2 604.466
34 3 600.008
34 4 642.877
34 5 -917.826
34 6 -916.116
34 7 -972.543
34 8 606.237
34 9 881.712
34 10 321.845
34 11 319.524
34 12 -985.733
34 13 926.78
34 14 8.26319
34 15 884.888
34 16 -824.698
34 17 684.22
34 18 588.893
34 19 -138.604
34 20 -741.768
34 21 -110.696
34 22 -879.17
34 23 280.624
34 24 555.673
34 25 521.902
34 26 -894.132
34 27 332.532
34 28 -578.413
34 29 -273.441
34 30 -536.398
34 31 -819.202
34 32 -408.828
34 33 -372.065
34 35 854.049
34 36 757.562
34 37 546.635
34 38 961.955
34 39 521.414
34 40 -33.3238
34 41 636.404
34 42 470.606
34 43 -140.619
34 44 759.821
34 45 628.893
34 46 -998.252
34 47 -128.04
34 48 486.727
34 49 383.279
34 50 240.564
35 1 727.395
35 2 -9.26319
35 3 331.188
35 4 -990.13
35 5 587.611
35 6 -136.039
35 7 453.873
35 8 -902.437
35 9 -93.2921
35 10 310.609
35 11 442.942
35 12 -483.208
35 13 378.21
35 14 -948.421
35 15 -267.64
35 16 -837.766
35 17 720.555
35 18 715.853
35 19 -910.07
35 20 790.844
35 21 494.483
35 22 136.566
35 23 453.873
35 24 255.831
35 25 132.963
35 26 -980.848
35 27 699.792
35 28 -46.9419
35 29 373.264
35 30 391.828
35 31 36.4764
35 32 392.683
35 33 -722.166
35 34 284.044
35 36 704.983
35 37 849.346
35 38 37.5756
35 39 -915.811
35 40 671.762
35 41 -975.779
35 42 -269.411
35 43 -4.62206
35 44 11.2555
35 45 660.77
35 46 244.778
35 47 -970.039
35 48 656.678
35 49 -967.84
35 50 -470.628
36 1 -2.36256
36 2 -794.409
36 3 -724.303
36 4 384.134
36 5 896.613
36 6 -518.2
36 7 -533.162
36 8 952.551
36 9 -830.316
36 10 518.238
36 11 -593.191
36 12 126.185
36 13 255.831
36 14 668.892
36 15 -958.741
36 16 36.7207
36 17 858.14
36 18 -470.934
36 19 -545.131
36 20 821.622
36 21 -605.404
36 22 350.913
36 23 375.523
36 24 -143.001
36 25 -949.886
36 26 637.015
36 27 -871.354
36 28 647.457
36 29 -134.085
36 30 -385.867
36 31 984.245
36 32 -455.117
36 33 -686.258
36 34 261.816
36 35 -187.641
36 37 -492.063
36 38 -208.099
36 39 582.481
36 40 -978.283
36 41 -935.902
36 42 468.224
36 43 -188.008
36 44 -319.792
36 45 -316.799
36 46 -78.1474
36 47 249.785
36 48 -222.267
36 49 -265.808
36 50 -984.206
37 1 392.744
37 2 -433.194
37 3 224.992
37 4 435.186
37 5 71.1628
37 6 911.635
37 7 502.3
37 8 327.463
37 9 -734.501
37 10 -417.5
37 11 -893.888
37 12 495.887
37 13 -704.884
37 14 449.171
37 15 -32.7131
37 16 563.123
37 17 63.7125
37 18 481.353
37 19 -878.132
37 20 558.421
37 21 52.2318
37 22 -474.292
37 23 155.497
37 24 -642.228
37 25 747.73
37 26 -223.977
37 27 -465.682
37 28 -579.207
37 29 187.557
37 30 -122.666
37 31 40.629
37 32 -748.913
37 33 -681.189
37 34 610.084
37 35 -527.604
37 36 32.4459
37 38 -150.268
37 39 80.9336
37 40 819.851
37 41 -136.1
37 42 -717.341
37 43 -631.847
37 44 -919.108
37 45 43.9266
37 46 -173.901
37 47 549.199
37 48 934.841
37 49 829.622
37 50 856.003
38 1 51.0715
38 2 419.431
38 3 -884.727
38 4 -372.065
38 5 -729.616
38 6 847.636
38 7 -527.482
38 8 -73.2009
38 9 -614.87
38 10 107.07
38 11 971.97
38 12 -673.189
38 13 304.99
38 14 -437.835
38 15 -758.073
38 16 772.035
38 17 696.494
38 18 -273.869
38 19 202.519
38 20 -859.201
38 21 -979.687
38 22 901.071
38 23 887.208
38 24 510.299
38 25 521.231
38 26 -32.4078
38 27 -177.321
38 28 770.936
38 29 91.8647
38 30 -478.262
38 31 386.454
38 32 -681.8
38 33 -21.1103
38 34 529.536
38 35 -426.477
38 36 483.43
38 37 236.839
38 39 700.342
38 40 -368.218
38 41 391.279
38 42 887.147
38 43 -234.663
38 44 979.237
38 45 -48.5907
38 46 -288.098
38 47 -155.947
38 48 -144.467
38 49 -350.386
38 50 626.755
39 1 84.7808
39 2 -852.85
39 3 838.049
39 4 554.879
39 5 -225.809
39 6 -191.0
39 7 -794.409
39 8 -237.717
39 9 -901.704
39 10 -668.548
39 11 -870.56
39 12 -427.026
39 13 -256.77
39 14 694.662
39 15 571.55
39 16 408.805
39 17 520.62
39 18 228.778
39 19 -772.18
39 20 91.1929
39 21 211.313
39 22 -157.23
39 23 -382.142
39 24 -654.564
39 25 812.462
39 26 36.2932
39 27 -219.519
39 28 438.606
39 29 -632.518
39 30 -854.988
39 31 -709.28
39 32 -111.612
39 33 -415.484
39 34 -742.257
39 35 -731.875
39 36 -806.927
39 37 -593.435
39 38 232.259
39 40 67.8651
39 41 502.727
39 42 -254.327
39 43 258.152
39 44 -657.129
39 45 -824.271
39 46 549.505
39 47 401.66
39 48 169.909
39 49 171.863
39 50 -602.534
40 1 -436.003
40 2 -88.3457
40 3 189.267
40 4 816.553
40 5 -700.12
40 6 -476.918
40 7 516.345
40 8 -513.681
40 9 925.253
40 10 -27.7667
40 11 510.91
40 12 -447.362
40 13 353.905
40 14 -529.925
40 15 657.9
40 16 -800.088
40 17 -888.819
40 18 201.053
40 19 -864.209
40 20 702.54
40 21 945.039
40 22 229.877
40 23 838.721
40 24 -883.262
40 25 476.102
40 26 -713.311
40 27 771.73
40 28 -172.436
40 29 -657.312
40 30 107.986
40 31 787.851
40 32 104.506
40 33 252.045
40 34 19.3164
40 35 -427.026
40 36 887.575
40 37 386.76
40 38 460.102
40 39 839.026
40 41 -33.6291
40 42 612.771
40 43 -878.743
40 44 -356.982
40 45 756.585
40 46 -90.6052
40 47 400.317
40 48 -203.702
40 49 -156.924
40 50 -527.055
41 1 840.003
41 2 269.205
41 3 -498.781
41 4 -77.781
41 5 -736.822
41 6 -445.713
41 7 359.218
41 8 47.4075
41 9 275.434
41 10 -83.277
41 11 404.653
41 12 542.36
41 13 817.164
41 14 462.422
41 15 -479.544
41 16 -849.919
41 17 474.697
41 18 973.741
41 19 -265.747
41 20 671.945
41 21 -782.134
41 22 -558.688
41 23 366.302
41 24 255.342
41 25 -738.776
41 26 -762.47
41 27 272.319
41 28 -570.962
41 29 730.509
41 30 855.881
41 31 362.577
41 32 -704.822
41 33 -173.657
41 34 165.756
41 35 583.886
41 36 329.112
41 37 -821.889
41 38 123.437
41 39 555.001
41 40 -778.287
41 42 -941.093
41 43 -141.902
41 44 42.7053
41 45 209.053
41 46 -835.568
41 47 89.9716
41 48 464.804
41 49 -693.83
41 50 -362.234
42 1 807.149
42 2 -394.844
42 3 913.162
42 4 -974.008
42 5 141.329
42 6 738.448
42 7 -804.24
42 8 -137.871
42 9 384.439
42 10 333.02
42 11 -282.418
42 12 -452.308
42 13 72.3841
42 14 -455.606
42 15 -281.441
42 16 -759.234
42 17 87.3457
42 18 -335.425
42 19 515.857
42 20 421.69
42 21 704.922
42 22 725.685
42 23 437.263
42 24 -171.642
42 25 -471.728
42 26 -557.222
42 27 -258.48
42 28 458.758
42 29 -748.058
42 30 -308.983
42 31 -46.2091
42 32 -692.181
42 33 -821.706
42 34 -314.967
42 35 -945.917
42 36 -450.049
42 37 -559.543
42 38 -928.574
42 39 966.657
42 40 -168.833
42 41 -141.169
42 43 107.62
42 44 766.6
42 45 378.516
42 46 372.653
42 47 113.971
42 48 70.4299
42 49 601.168
42 50 983.267
43 1 -601.435
43 2 20.9042
43 3 -123.459
43 4 145.238
43 5 -170.848
43 6 316.837
43 7 208.87
43 8 -451.698
43 9 243.984
43 10 -274.48
43 11 441.537
43 12 218.519
43 13 -106.483
43 14 514.025
43 15 721.349
43 16 -118.452
43 17 96.5058
43 18 229.816
43 19 892.704
43 20 531.368
43 21 -705.433
43 22 -716.914
43 23 -486.384
43 24 126.368
43 25 -296.891
43 26 -246.205
43 27 -816.637
43 28 -631.725
43 29 732.402
43 30 -134.33
43 31 860.522
43 32 -512.154
43 33 -623.114
43 34 -429.469
43 35 866.201
43 36 -20.1332
43 37 762.997
43 38 -327.12
43 39 -736.028
43 40 226.396
43 41 -979.871
43 42 -66.1171
43 44 -705.983
43 45 -55.3692
43 46 -298.052
43 47 595.489
43 48 549.932
43 49 395.676
43 50 -100.926
44 1 758.234
44 2 -406.996
44 3 -709.647
44 4 -728.456
44 5 53.8196
44 6 693.197
44 7 -662.075
44 8 164.535
44 9 -952.757
44 10 364.348
44 11 -639.358
44 12 -2.11829
44 13 807.82
44 14 411.126
44 15 -72.7734
44 16 128.688
44 17 -921.551
44 18 -852.301
44 19 431.095
44 20 358.974
44 21 -494.567
44 22 -503.544
44 23 -442.843
44 24 -713.677
44 25 -673.556
44 26 -363.76
44 27 75.1932
44 28 -315.639
44 29 -5.477
44 30 905.529
44 31 -112.345
44 32 -909.704
44 33 146.398
44 34 631.58
44 35 285.632
44 36 805.5
44 37 -629.893
44 38 588.649
44 39 -666.167
44 40 -527.238
44 41 201.847
44 42 757.257
44 43 -662.869
44 45 448.499
44 46 785.836
44 47 -917.521
44 48 311.586
44 49 -881.124
44 50 -353.806
45 1 921.101
45 2 408.011
45 3 -611.511
45 4 -998.985
45 5 845.255
45 6 -775.539
45 7 -507.635
45 8 52.354
45 9 523.795
45 10 941.925
45 11 346.577
45 12 696.006
45 13 -664.884
45 14 -787.08
45 15 606.847
45 16 -910.559
45 17 -578.596
45 18 769.287
45 19 -366.02
45 20 -486.14
45 21 -141.963
45 22 -359.241
45 23 548.711
45 24 -42.3618
45 25 -363.394
45 26 973.863
45 27 557.566
45 28 -122.543
45 29 143.345
45 30 339.371
45 31 753.592
45 32 -438.507
45 33 817.774
45 34 -492.368
45 35 561.535
45 36 -465.071
45 37 685.441
45 38 599.763
45 39 -973.825
45 40 -554.352
45 41 -550.871
45 42 -437.652
45 43 130.52
45 44 870.476
45 46 827.301
45 47 915.36
45 48 319.036
45 49 -529.253
45 50 -182.39
46 1 682.143
46 2 -563.879
46 3 953.65
46 4 597.687
46 5 -527.482
46 6 -752.883
46 7 244.778
46 8 716.769
46 9 631.702
46 10 736.86
46 11 348.959
46 12 296.685
46 13 -603.45
46 14 371.737
46 15 301.204
46 16 -89.8113
46 17 15.7134
46 18 522.269
46 19 668.892
46 20 -168.588
46 21 739.486
46 22 214.61
46 23 30.5528
46 24 345.417
46 25 -355.089
46 26 -583.237
46 27 876.827
46 28 -197.595
46 29 -778.226
46 30 -962.589
46 31 359.585
46 32 109.819
46 33 653.014
46 34 -173.535
46 35 343.463
46 36 339.005
46 37 -268.434
46 38 365.02
46 39 179.558
46 40 145.604
46 41 -638.442
46 42 -665.373
46 43 652.281
46 44 -315.395
46 45 558.543
46 47 253.327
46 48 528.131
46 49 -291.701
46 50 904.002
47 1 -145.444
47 2 151.283
47 3 535.826
47 4 389.752
47 5 319.463
47 6 -483.636
47 7 -420.675
47 8 -417.194
47 9 524.406
47 10 -739.142
47 11 123.253
47 12 52.9036
47 13 511.46
47 14 12.4158
47 15 -974.619
47 16 -2.6679
47 17 357.081
47 18 528.07
47 19 52.7204
47 20 -993.55
47 21 -367.974
47 22 66.3384
47 23 511.887
47 24 903.086
47 25 639.824
47 26 -573.283
47 27 -112.528
47 28 584.802
47 29 -385.867
47 30 93.3303
47 31 158.978
47 32 -169.077
47 33 -920.391
47 34 -79.8573
47 35 486.422
47 36 -16.1028
47 37 -458.598
47 38 802.569
47 39 -41.3847
47 40 458.148
47 41 -293.105
47 42 758.844
47 43 -913.124
47 44 -988.664
47 45 -576.581
47 46 -125.169
47 48 -268.495
47 49 719.7
47 50 517.444
48 1 537.658
48 2 146.703
48 3 -424.706
48 4 -280.953
48 5 -603.45
48 6 840.003
48 7 -321.257
48 8 874.506
48 9 -498.597
48 10 -78.0252
48 11 -75.7047
48 12 609.29
48 13 35.9268
48 14 -354.478
48 15 -855.232
48 16 657.289
48 17 100.048
48 18 810.202
48 19 -357.531
48 20 -980.603
48 21 -27.5224
48 22 726.417
48 23 38.797
48 24 -841.736
48 25 289.54
48 26 -569.558
48 27 -608.702
48 28 -602.168
48 29 579.489
48 30 -170.054
48 31 -490.781
48 32 -265.625
48 33 -409.866
48 34 466.209
48 35 -598.748
48 36 232.747
48 37 850.751
48 38 592.069
48 39 803.973
48 40 200.443
48 41 -108.925
48 42 242.824
48 43 714.387
48 44 328.379
48 45 582.054
48 46 991.328
48 47 -119.185
48 49 981.619
48 50 -997.947
49 1 70.491
49 2 -826.408
49 3 830.11
49 4 300.838
49 5 -437.286
49 6 782.661
49 7 -991.107
49 8 963.482
49 9 -673.556
49 10 172.291
49 11 995.054
49 12 -55.0028
49 13 -638.747
49 14 -253.9
49 15 -626.473
49 16 -907.994
49 17 293.51
49 18 137.177
49 19 -283.212
49 20 293.51
49 21 -332.066
49 22 76.842
49 23 717.807
49 24 -202.176
49 25 742.112
49 26 777.714
49 27 801.469
49 28 -856.026
49 29 -546.963
49 30 -239.915
49 31 386.332
49 32 -872.941
49 33 269.693
49 34 73.5444
49 35 -15.9196
49 36 247.282
49 37 588.344
49 38 -167.856
49 39 -673.312
49 40 75.6207
49 41 386.454
49 42 20.9652
49 43 -289.807
49 44 980.336
49 45 804.706
49 46 -504.765
49 47 737.654
49 48 637.32
49 50 349.142
50 1 -879.048
50 2 -346.051
50 3 780.584
50 4 406.24
50 5 -13.5379
50 6 462.239
50 7 612.588
50 8 749.135
50 9 -374.875
50 10 994.138
50 11 325.204
50 12 730.509
50 13 -807.599
50 14 -857.552
50 15 -838.621
50 16 846.598
50 17 -475.941
50 18 434.148
50 19 -540.49
50 20 357.692
50 21 -980.115
50 22 117.086
50 23 -889.43
50 24 -342.692
50 25 -707.387
50 26 -19.3393
50 27 -121.75
50 28 -926.742
50 29 -489.498
50 30 -935.841
50 31 4.66021
50 32 791.027
50 33 -618.961
50 34 463.888
50 35 552.802
50 36 -419.881
50 37 -292.25
50 38 -592.214
50 39 -88.3457
50 40 -969.794
50 41 457.171
50 42 810.263
50 43 -87.9182
50 44 955.97
50 45 -724.486
50 46 -540.184
50 47 -20.0721
50 48 676.953
50 49 397.202
