50 2450
1
2
3
4
5
6
7
8
9
10
11
12
13
14
15
16
17
18
19
20
21
22
23
24
25
26
27
28
29
30
31
32
33
34
35
36
37
38
39
40
41
42
43
44
45
46
47
48
49
50
1 2 566.848
1 3 971.481
1 4 768.92
1 5 938.444
1 6 959.756
1 7 659.548
1 8 -790.195
1 9 777.775
1 10 897.04
1 11 -367.241
1 12 474.941
1 13 798.416
1 14 279.708
1 15 489.17
1 16 872.98
1 17 766.295
1 18 715.975
1 19 689.533
1 20 165.024
1 21 -44.5602
1 22 -291.701
1 23 741.196
1 24 775.271
1 25 264.747
1 26 -937.062
1 27 -269.289
1 28 933.07
1 29 -471.361
1 30 695.151
1 31 654.358
1 32 442.209
1 33 973.069
1 34 22.7362
1 35 971.665
1 36 755.852
1 37 -266.785
1 38 148.291
1 39 836.034
1 40 45.0258
1 41 400.134
1 42 992.733
1 43 424.988
1 44 957.314
1 45 497.72
1 46 587.794
1 47 815.637
1 48 -263.06
1 49 -139.459
1 50 710.662
2 1 -162.543
2 3 416.5
2 4 831.087
2 5 39.0412
2 6 -650.533
2 7 739.974
2 8 -786.409
2 9 -972.237
2 10 -634.228
2 11 -469.346
2 12 940.887
2 13 -315.15
2 14 -521.986
2 15 178.031
2 16 357.508
2 17 434.392
2 18 -992.695
2 19 -74.1169
2 20 -901.216
2 21 -738.043
2 22 326.425
2 23 -332.738
2 24 -532.307
2 25 -674.655
2 26 780.706
2 27 -84.2541
2 28 -738.043
2 29 210.763
2 30 -339.455
2 31 -350.692
2 32 -4.62206
2 33 -966.497
2 34 -349.165
2 35 -284.983
2 36 -566.077
2 37 571.184
2 38 -805.767
2 39 -523.085
2 40 403.675
2 41 597.321
2 42 -783.233
2 43 400.011
2 44 786.63
2 45 -366.386
2 46 642.144
2 47 -748.913
2 48 663.151
2 49 -717.524
2 50 135.284
3 1 617.656
3 2 -476.796
3 4 338.516
3 5 521.597
3 6 -593.069
3 7 -507.635
3 8 863.88
3 9 -699.754
3 10 -952.024
3 11 -497.803
3 12 -580.306
3 13 -287.67
3 14 48.6899
3 15 353.478
3 16 -362.661
3 17 -222.45
3 18 618.145
3 19 -402.355
3 20 -690.899
3 21 -240.831
3 22 35.9268
3 23 188.168
3 24 204.779
3 25 -521.376
3 26 455.033
3 27 -180.252
3 28 -219.274
3 29 -74.6665
3 30 -179.642
3 31 916.276
3 32 988.764
3 33 595.244
3 34 -395.699
3 35 181.39
3 36 -650.106
3 37 998.901
3 38 31.4078
3 39 -327.425
3 40 -491.147
3 41 -225.809
3 42 489.292
3 43 315.066
3 44 424.255
3 45 -155.154
3 46 -188.924
3 47 -195.153
3 48 -591.359
3 49 -947.688
3 50 117.818
4 1 -159.55
4 2 197.695
4 3 715.486
4 5 902.109
4 6 610.572
4 7 -776.699
4 8 -466.72
4 9 -951.657
4 10 -518.017
4 11 -696.945
4 12 -703.113
4 13 -520.337
4 14 -169.443
4 15 907.666
4 16 -183.855
4 17 100.048
4 18 936.001
4 19 209.786
4 20 -477.651
4 21 -255.61
4 22 894.964
4 23 104.139
4 24 -823.049
4 25 809.714
4 26 -515.879
4 27 -631.541
4 28 -880.331
4 29 -749.524
4 30 908.948
4 31 174.062
4 32 -500.796
4 33 -353.989
4 34 -631.48
4 35 -884.788
4 36 -79.1245
4 37 -2.30149
4 38 -600.336
4 39 -35.7054
4 40 -49.0792
4 41 -27.4003
4 42 -98.2386
4 43 -684.121
4 44 913.651
4 45 -737.616
4 46 -190.817
4 47 -666.228
4 48 416.072
4 49 -246.511
4 50 336.501
5 1 766.233
5 2 46.6747
5 3 188.84
5 4 -268.556
5 6 427.431
5 7 -326.692
5 8 -982.008
5 9 -517.284
5 10 337.906
5 11 788.035
5 12 119.345
5 13 -90.6052
5 14 696.189
5 15 328.196
5 16 -928.696
5 17 76.781
5 18 -118.513
5 19 -577.13
5 20 685.319
5 21 -25.2629
5 22 -326.143
5 23 488.682
5 24 -546.291
5 25 -105.628
5 26 872.002
5 27 -884.056
5 28 -361.134
5 29 941.436
5 30 -499.208
5 31 198.0
5 32 653.075
5 33 -378.478
5 34 805.683
5 35 711.028
5 36 443.858
5 37 445.568
5 38 -805.706
5 39 613.931
5 40 563.795
5 41 -529.803
5 42 -648.457
5 43 284.472
5 44 -394.783
5 45 741.44
5 46 675.548
5 47 -63.5522
5 48 701.074
5 49 546.146
5 50 250.701
6 1 -544.52
6 2 -238.389
6 3 -560.703
6 4 538.146
6 5 90.9486
6 7 158.734
6 8 964.031
6 9 959.634
6 10 437.995
6 11 516.834
6 12 -997.947
6 13 -422.874
6 14 154.215
6 15 -678.075
6 16 717.196
6 17 52.1708
6 18 -157.902
6 19 -974.252
6 20 984.855
6 21 60.537
6 22 536.681
6 23 -671.846
6 24 -706.471
6 25 369.905
6 26 -765.585
6 27 335.829
6 28 -976.695
6 29 750.6
6 30 -89.7502
6 31 -723.814
6 32 45.2091
6 33 -84.3763
6 34 440.316
6 35 -536.398
6 36 587.183
6 37 -321.746
6 38 891.056
6 39 -810.958
6 40 -700.365
6 41 506.452
6 42 -404.798
6 43 -759.905
6 44 -541.772
6 45 670.296
6 46 464.01
6 47 725.135
6 48 234.579
6 49 168.138
6 50 -43.5831
7 1 -108.803
7 2 985.466
7 3 -384.401
7 4 -832.515
7 5 -364.859
7 6 -512.215
7 8 -713.128
7 9 -549.161
7 10 374.18
7 11 65.9109
7 12 496.803
7 13 -978.1
7 14 -19.4615
7 15 531.551
7 16 507.49
7 17 985.466
7 18 -535.543
7 19 -103.368
7 20 -844.728
7 21 207.465
7 22 87.1014
7 23 -217.748
7 24 377.722
7 25 -505.071
7 26 593.962
7 27 -539.696
7 28 823.759
7 29 493.689
7 30 260.045
7 31 -525.284
7 32 752.554
7 33 -244.129
7 34 430.912
7 35 -229.29
7 36 -610.84
7 37 -578.535
7 38 243.312
7 39 -725.28
7 40 -62.0866
7 41 933.253
7 42 -778.531
7 43 863.27
7 44 427.675
7 45 -767.172
7 46 431.461
7 47 648.495
7 48 -407.179
7 49 -113.261
7 50 875.605
8 1 -463.789
8 2 -32.7131
8 3 548.772
8 4 829.927
8 5 -23.553
8 6 -625.007
8 7 -770.043
8 9 796.523
8 10 -151.856
8 11 -981.092
8 12 797.805
8 13 -234.908
8 14 426.393
8 15 -659.327
8 16 131.192
8 17 -526.139
8 18 353.417
8 19 -152.283
8 20 -601.374
8 21 349.142
8 22 564.894
8 23 92.8417
8 24 -133.413
8 25 -181.779
8 26 97.8493
8 27 -6.45408
8 28 -309.41
8 29 685.258
8 30 -272.77
8 31 678.846
8 32 129.543
8 33 243.556
8 34 -639.175
8 35 48.3235
8 36 -391.363
8 37 -167.917
8 38 135.772
8 39 239.526
8 40 81.7274
8 41 -494.628
8 42 -852.301
8 43 -822.805
8 44 -883.14
8 45 -484.674
8 46 -236.862
8 47 -591.481
8 48 159.405
8 49 -711.723
8 50 -569.436
9 1 394.821
9 2 388.286
9 3 -413.347
9 4 -46.2701
9 5 -539.94
9 6 627.732
9 7 540.039
9 8 141.39
9 10 -417.133
9 11 730.814
9 12 -765.279
9 13 -212.068
9 14 -793.92
9 15 884.949
9 16 -444.858
9 17 913.834
9 18 271.342
9 19 270.915
9 20 -51.8273
9 21 -799.416
9 22 -353.257
9 23 -482.903
9 24 -182.634
9 25 -425.377
9 26 154.947
9 27 382.668
9 28 223.587
9 29 849.53
9 30 367.34
9 31 -894.742
9 32 -421.286
9 33 -610.29
9 34 -629.16
9 35 865.712
9 36 28.6597
9 37 727.7
9 38 -313.624
9 39 -223.183
9 40 -800.271
9 41 -948.909
9 42 521.963
9 43 -124.925
9 44 -987.504
9 45 -463.606
9 46 557.688
9 47 -489.682
9 48 234.579
9 49 -577.374
9 50 446.362
10 1 604.343
10 2 468.346
10 3 801.225
10 4 212.839
10 5 -807.233
10 6 264.38
10 7 -970.405
10 8 -254.51
10 9 709.807
10 11 -961.856
10 12 -266.235
10 13 -435.148
10 14 423.278
10 15 -513.254
10 16 304.563
10 17 56.3233
10 18 494.239
10 19 183.771
10 20 857.835
10 21 355.127
10 22 64.8728
10 23 -949.52
10 24 574.481
10 25 -927.963
10 26 -164.68
10 27 -612.977
10 28 367.401
10 29 49.1174
10 30 -446.079
10 31 -859.018
10 32 -192.771
10 33 -679.785
10 34 -134.024
10 35 -880.575
10 36 -749.402
10 37 489.231
10 38 952.917
10 39 816.736
10 40 -897.185
10 41 682.143
10 42 -597.832
10 43 -451.636
10 44 -844.85
10 45 289.479
10 46 -248.709
10 47 -407.79
10 48 -64.8347
10 49 666.693
10 50 125.452
11 1 999.145
11 2 -996.908
11 3 986.993
11 4 428.347
11 5 781.622
11 6 142.245
11 7 436.591
11 8 509.444
11 9 164.23
11 10 361.478
11 12 937.406
11 13 749.623
11 14 574.909
11 15 672.006
11 16 579.916
11 17 501.75
11 18 69.1475
11 19 -445.163
11 20 965.924
11 21 826.324
11 22 881.773
11 23 -929.246
11 24 633.167
11 25 953.772
11 26 -221.9
11 27 539.612
11 28 -236.19
11 29 918.963
11 30 -87.6739
11 31 -268.983
11 32 355.249
11 33 -202.053
11 34 -142.207
11 35 513.475
11 36 -960.818
11 37 -8.71358
11 38 517.505
11 39 876.705
11 40 751.699
11 41 982.351
11 42 -413.042
11 43 288.075
11 44 413.935
11 45 -983.474
11 46 270.06
11 47 308.471
11 48 846.293
11 49 142.917
11 50 -81.2618
12 1 -596.428
12 2 69.3918
12 3 -968.756
12 4 -695.907
12 5 -101.658
12 6 205.756
12 7 -959.474
12 8 189.939
12 9 -1.99615
12 10 -849.858
12 11 -60.7431
12 13 -98.7271
12 14 828.95
12 15 -786.592
12 16 738.387
12 17 583.397
12 18 -579.451
12 19 -89.5059
12 20 66.3384
12 21 -176.955
12 22 -415.851
12 23 -907.383
12 24 -473.865
12 25 337.661
12 26 -396.492
12 27 -390.264
12 28 466.758
12 29 -599.725
12 30 697.716
12 31 -320.83
12 32 -390.386
12 33 -290.723
12 34 -824.576
12 35 165.573
12 36 -24.2247
12 37 368.623
12 38 236.595
12 39 945.161
12 40 532.772
12 41 -316.677
12 42 332.104
12 43 -451.881
12 44 -983.901
12 45 451.675
12 46 51.0105
12 47 271.525
12 48 -641.495
12 49 -566.688
12 50 448.927
13 1 933.07
13 2 152.81
13 3 -299.823
13 4 762.692
13 5 -525.345
13 6 -396.92
13 7 -466.476
13 8 452.835
13 9 -406.813
13 10 -606.198
13 11 577.84
13 12 -494.139
13 14 -422.629
13 15 910.292
13 16 919.513
13 17 -63.1248
13 18 -444.125
13 19 251.495
13 20 -206.572
13 21 425.171
13 22 -668.487
13 23 -518.444
13 24 -403.698
13 25 -971.749
13 26 -6.08768
13 27 540.711
13 28 -107.704
13 29 -90.1777
13 30 -506.17
13 31 -738.715
13 32 -894.193
13 33 -994.222
13 34 -623.664
13 35 -62.453
13 36 588.038
13 37 593.351
13 38 847.82
13 39 -139.642
13 40 732.585
13 41 -333.959
13 42 -630.809
13 43 283.8
13 44 -151.001
13 45 89.7884
13 46 -24.3469
13 47 -762.776
13 48 -537.07
13 49 -559.787
13 50 481.17
14 1 639.457
14 2 737.776
14 3 490.88
14 4 787.119
14 5 -869.766
14 6 -296.342
14 7 264.014
14 8 -538.963
14 9 -911.964
14 10 -8.95785
14 11 604.16
14 12 -214.389
14 13 -765.401
14 15 735.639
14 16 -809.431
14 17 451.736
14 18 -705.067
14 19 362.027
14 20 947.726
14 21 -901.765
14 22 133.391
14 23 -73.5673
14 24 763.974
14 25 -118.94
14 26 -193.565
14 27 701.502
14 28 -509.651
14 29 -754.226
14 30 976.062
14 31 -305.196
14 32 127.528
14 33 -883.262
14 34 107.376
14 35 -204.801
14 36 147.925
14 37 -334.142
14 38 -91.7044
14 39 217.847
14 40 900.582
14 41 862.659
14 42 -574.382
14 43 -47.8579
14 44 19.1332
14 45 988.092
14 46 -745.371
14 47 -107.704
14 48 -212.679
14 49 -697.433
14 50 288.136
15 1 336.868
15 2 -617.374
15 3 -945.856
15 4 -555.39
15 5 -452.614
15 6 -48.7739
15 7 8.6296
15 8 822.049
15 9 56.934
15 10 438.973
15 11 699.487
15 12 -306.723
15 13 404.958
15 14 -874.163
15 16 -420.553
15 17 -188.252
15 18 -1000.63
15 19 798.966
15 20 -736.089
15 21 -568.825
15 22 -211.824
15 23 487.949
15 24 -954.772
15 25 505.597
15 26 418.026
15 27 -270.693
15 28 -121.566
15 29 485.384
15 30 587.183
15 31 267.8
15 32 -986.038
15 33 -835.324
15 34 -736.761
15 35 -854.56
15 36 478.544
15 37 5.63729
15 38 464.621
15 39 123.253
15 40 570.146
15 41 375.523
15 42 277.449
15 43 -648.762
15 44 582.359
15 45 148.719
15 46 821.133
15 47 253.022
15 48 -79.4909
15 49 -904.635
15 50 -178.665
16 1 -468.308
16 2 -186.603
16 3 504.498
16 4 -497.498
16 5 -735.967
16 6 798.905
16 7 -533.467
16 8 -532.734
16 9 996.58
16 10 174.855
16 11 -723.814
16 12 -734.807
16 13 791.882
16 14 607.519
16 15 363.859
16 17 -668.67
16 18 -831.354
16 19 70.3689
16 20 -787.019
16 21 -17.1409
16 22 861.499
16 23 320.379
16 24 -298.601
16 25 -839.782
16 26 334.364
16 27 80.1397
16 28 286.059
16 29 608.557
16 30 10.6448
16 31 129.727
16 32 -510.2
16 33 -832.759
16 34 -875.445
16 35 483.246
16 36 -882.102
16 37 886.659
16 38 155.68
16 39 845.072
16 40 -362.111
16 41 618.816
16 42 768.127
16 43 530.513
16 44 -832.637
16 45 813.194
16 46 206.061
16 47 -961.001
16 48 508.467
16 49 167.466
16 50 73.178
17 1 -531.269
17 2 -346.478
17 3 -153.383
17 4 433.965
17 5 -47.4915
17 6 221.816
17 7 -57.2012
17 8 -821.461
17 9 -684.548
17 10 -762.776
17 11 -129.627
17 12 -409.683
17 13 134.307
17 14 713.288
17 15 -616.58
17 16 42.0946
17 18 -620.61
17 19 453.323
17 20 -99.2157
17 21 774.478
17 22 -154.36
17 23 534.543
17 24 825.652
17 25 -319.547
17 26 536.436
17 27 885.437
17 28 550.421
17 29 45.7587
17 30 -793.004
17 31 410.943
17 32 834.996
17 33 166.245
17 34 -750.379
17 35 -901.032
17 36 237.266
17 37 -202.176
17 38 97.2386
17 39 -455.667
17 40 -703.235
17 41 -634.473
17 42 -651.144
17 43 -676.731
17 44 -852.545
17 45 871.331
17 46 -201.198
17 47 670.357
17 48 252.533
17 49 435.186
17 50 -452.064
18 1 875.483
18 2 947.177
18 3 -580.306
18 4 401.172
18 5 -142.085
18 6 480.071
18 7 58.5218
18 8 721.776
18 9 341.753
18 10 237.205
18 11 533.444
18 12 -55.5524
18 13 -929.734
18 14 -165.352
18 15 -556.55
18 16 926.902
18 17 511.46
18 19 -227.335
18 20 597.992
18 21 -678.258
18 22 -533.65
18 23 -665.922
18 24 62.4912
18 25 177.909
18 26 51.1937
18 27 -581.771
18 28 417.904
18 29 926.597
18 30 -545.619
18 31 994.382
18 32 143.161
18 33 970.81
18 34 -61.5981
18 35 861.621
18 36 -919.169
18 37 -953.612
18 38 -500.918
18 39 -588.428
18 40 -87.4907
18 41 552.497
18 42 639.152
18 43 70.3689
18 44 578.023
18 45 21.698
18 46 -324.921
18 47 -893.582
18 48 -411.21
18 49 949.497
18 50 36.7207
19 1 -490.475
19 2 -836.057
19 3 132.658
19 4 -28.3163
19 5 -397.225
19 6 123.803
19 7 737.165
19 8 115.192
19 9 97.9714
19 10 -515.941
19 11 -745.005
19 12 -652.732
19 13 265.968
19 14 693.563
19 15 565.749
19 16 385.233
19 17 919.574
19 18 -567.054
19 20 257.785
19 21 -464.216
19 22 888.918
19 23 942.047
19 24 432.622
19 25 65.1781
19 26 684.525
19 27 -223.427
19 28 147.558
19 29 -401.439
19 30 27.4995
19 31 -27.4003
19 32 706.326
19 33 -988.909
19 34 942.23
19 35 517.505
19 36 972.092
19 37 -769.127
19 38 -911.719
19 39 92.1089
19 40 899.055
19 41 -602.473
19 42 -961.428
19 43 11.744
19 44 464.377
19 45 817.652
19 46 163.619
19 47 -700.609
19 48 190.672
19 49 144.077
19 50 833.347
20 1 839.026
20 2 445.14
20 3 233.236
20 4 -385.989
20 5 532.039
20 6 -296.83
20 7 96.689
20 8 -850.163
20 9 414.851
20 10 968.367
20 11 403.492
20 12 -589.832
20 13 -347.577
20 14 523.185
20 15 -41.2626
20 16 -0.103061
20 17 362.821
20 18 219.496
20 19 -396.126
20 21 215.16
20 22 197.634
20 23 -526.933
20 24 969.649
20 25 532.833
20 26 628.709
20 27 167.161
20 28 519.337
20 29 219.801
20 30 865.041
20 31 640.495
20 32 332.165
20 33 752.921
20 34 347.86
20 35 -42.2397
20 36 43.377
20 37 -268.922
20 38 -243.335
20 39 644.159
20 40 -603.328
20 41 978.626
20 42 -536.459
20 43 -934.131
20 44 -161.749
20 45 -492.918
20 46 -625.74
20 47 -337.074
20 48 588.954
20 49 -947.688
20 50 -905.735
21 1 194.031
21 2 -363.516
21 3 843.056
21 4 357.753
21 5 208.687
21 6 -914.223
21 7 -694.013
21 8 650.388
21 9 -83.6435
21 10 -703.784
21 11 -595.817
21 12 -23.0034
21 13 -354.112
21 14 -747.142
21 15 -735.051
21 16 -301.96
21 17 -917.643
21 18 -393.439
21 19 819.423
21 20 -622.32
21 22 470.361
21 23 -182.939
21 24 114.338
21 25 584.191
21 26 964.459
21 27 -159.123
21 28 6.98077
21 29 -428.553
21 30 327.341
21 31 -200.893
21 32 907.238
21 33 -204.985
21 34 -849.919
21 35 62.8576
21 36 270.06
21 37 177.237
21 38 -210.725
21 39 -806.317
21 40 526.299
21 41 80.3229
21 42 -798.561
21 43 180.535
21 44 125.696
21 45 914.383
21 46 -122.238
21 47 399.645
21 48 -604.061
21 49 -684.792
21 50 44.232
22 1 -249.136
22 2 -105.322
22 3 -156.008
22 4 -664.335
22 5 395.92
22 6 943.696
22 7 122.093
22 8 -881.308
22 9 535.948
22 10 35.9879
22 11 364.653
22 12 -346.906
22 13 -324.311
22 14 805.683
22 15 232.809
22 16 -718.257
22 17 -196.13
22 18 -767.722
22 19 949.253
22 20 -161.81
22 21 -75.094
22 23 -205.534
22 24 -390.264
22 25 -549.528
22 26 389.141
22 27 228.534
22 28 -360.524
22 29 942.78
22 30 450.026
22 31 608.007
22 32 312.685
22 33 -996.97
22 34 -508.979
22 35 -587.39
22 36 -709.097
22 37 333.081
22 38 -641.495
22 39 286.67
22 40 -887.659
22 41 -72.1017
22 42 234.518
22 43 158.306
22 44 -439.118
22 45 -282.968
22 46 -508.674
22 47 429.812
22 48 864.491
22 49 719.334
22 50 -31.0032
23 1 -95.7348
23 2 -347.822
23 3 915.788
23 4 -901.826
23 5 -847.904
23 6 617.778
23 7 27.8048
23 8 -672.518
23 9 996.031
23 10 -194.054
23 11 -616.458
23 12 -729.372
23 13 799.882
23 14 489.598
23 15 59.9874
23 16 30.1864
23 17 -734.684
23 18 -457.01
23 19 -510.75
23 20 120.078
23 21 -596.733
23 22 -721.86
23 24 -276.373
23 25 -563.573
23 26 375.34
23 27 657.533
23 28 -468.247
23 29 -293.288
23 30 -101.781
23 31 833.713
23 32 -471.178
23 33 -145.749
23 34 -104.345
23 35 956.031
23 36 518.36
23 37 -277.594
23 38 -922.528
23 39 -831.721
23 40 235.373
23 41 590.664
23 42 -853.4
23 43 752.921
23 44 684.953
23 45 -82.7274
23 46 309.265
23 47 333.997
23 48 -750.379
23 49 758.234
23 50 783.149
24 1 111.345
24 2 -227.946
24 3 -720.028
24 4 -8.83572
24 5 -971.749
24 6 778.142
24 7 830.11
24 8 125.879
24 9 836.217
24 10 -952.024
24 11 -30.3926
24 12 -232.587
24 13 -28.1331
24 14 -282.418
24 15 944.245
24 16 255.22
24 17 -787.325
24 18 -918.864
24 19 -8.53038
24 20 486.544
24 21 17.1791
24 22 -687.54
24 23 -42.7282
24 25 841.347
24 26 -494.384
24 27 -736.516
24 28 630.664
24 29 -88.5899
24 30 -979.199
24 31 548.222
24 32 -748.547
24 33 731.364
24 34 194.214
24 35 -915.75
24 36 628.709
24 37 183.71
24 38 -539.574
24 39 -702.074
24 40 -712.7
24 41 286.731
24 42 968.001
24 43 -845.705
24 44 -885.216
24 45 -969.489
24 46 799.332
24 47 -772.607
24 48 909.132
24 49 -531.94
24 50 467.919
25 1 -21.4767
25 2 -712.7
25 3 731.059
25 4 604.099
25 5 438.057
25 6 -603.389
25 7 -328.036
25 8 780.89
25 9 478.85
25 10 839.759
25 11 819.301
25 12 414.729
25 13 -134.757
25 14 -722.96
25 15 -685.281
25 16 678.296
25 17 268.655
25 18 -860.239
25 19 552.863
25 20 359.218
25 21 -568.947
25 22 -127.246
25 23 -828.912
25 24 -389.775
25 26 -323.7
25 27 -833.675
25 28 -880.575
25 29 521.169
25 30 -60.3157
25 31 -392.157
25 32 -541.467
25 33 449.415
25 34 -481.437
25 35 181.145
25 36 -398.63
25 37 -943.597
25 38 725.318
25 39 -935.536
25 40 673.899
25 41 978.748
25 42 623.519
25 43 -839.476
25 44 681.716
25 45 -936.696
25 46 -949.276
25 47 787.607
25 48 177.237
25 49 136.566
25 50 -898.223
26 1 979.97
26 2 107.437
26 3 195.985
26 4 -739.814
26 5 -165.474
26 6 532.284
26 7 -990.313
26 8 -623.419
26 9 -665.8
26 10 -97.2615
26 11 -968.573
26 12 -328.891
26 13 -912.269
26 14 -412.859
26 15 575.458
26 16 950.596
26 17 429.141
26 18 -673.373
26 19 192.565
26 20 -774.012
26 21 -695.662
26 22 315.555
26 23 188.473
26 24 930.139
26 25 -600.885
26 27 -414.019
26 28 207.038
26 29 -107.765
26 30 -78.8191
26 31 396.958
26 32 831.454
26 33 302.426
26 34 -503.116
26 35 294.975
26 36 131.07
26 37 807.21
26 38 610.328
26 39 -443.209
26 40 -900.483
26 41 -43.2778
26 42 16.6294
26 43 -314.296
26 44 913.956
26 45 177.97
26 46 -417.133
26 47 652.648
26 48 -49.5678
26 49 457.598
26 50 976.55
27 1 572.833
27 2 -486.384
27 3 932.52
27 4 647.274
27 5 505.536
27 6 187.985
27 7 -432.889
27 8 546.757
27 9 58.4607
27 10 -230.877
27 11 112.75
27 12 -993.244
27 13 491.246
27 14 710.662
27 15 -477.834
27 16 -768.577
27 17 999.695
27 18 11.4998
27 19 28.5987
27 20 -176.527
27 21 873.59
27 22 -499.941
27 23 54.1249
27 24 798.844
27 25 -787.63
27 26 -565.65
27 28 -848.026
27 29 -486.262
27 30 889.956
27 31 -632.641
27 32 -837.278
27 33 -45.232
27 34 441.354
27 35 -788.363
27 36 769.47
27 37 -190.267
27 38 588.771
27 39 441.293
27 40 -356.982
27 41 781.684
27 42 -940.177
27 43 363.615
27 44 -626.351
27 45 560.619
27 46 414.668
27 47 -589.893
27 48 -646.381
27 49 -90.4219
27 50 542.421
28 1 372.226
28 2 822.416
28 3 -713.067
28 4 544.436
28 5 -480.949
28 6 -755.753
28 7 453.14
28 8 -335.486
28 9 552.253
28 10 225.419
28 11 -510.322
28 12 -27.7667
28 13 -693.586
28 14 -872.819
28 15 685.38
28 16 473.598
28 17 165.573
28 18 -398.08
28 19 -300.861
28 20 -652.671
28 21 99.8034
28 22 -798.683
28 23 -529.803
28 24 -8.10291
28 25 -710.502
28 26 -725.036
28 27 -717.219
28 29 -441.011
28 30 255.404
28 31 -674.594
28 32 444.285
28 33 -317.044
28 34 435.003
28 35 -980.115
28 36 -999.779
28 37 71.6513
28 38 152.627
28 39 41.6671
28 40 940.948
28 41 660.587
28 42 909.986
28 43 964.825
28 44 307.311
28 45 -989.092
28 46 -64.8347
28 47 -652.06
28 48 -326.204
28 49 647.579
28 50 -60.0103
29 1 233.786
29 2 -591.909
29 3 -997.397
29 4 3.37779
29 5 -775.539
29 6 -832.087
29 7 690.815
29 8 536.558
29 9 -646.991
29 10 65.8499
29 11 755.302
29 12 256.197
29 13 -95.9791
29 14 936.734
29 15 -381.348
29 16 109.452
29 17 395.065
29 18 -849.614
29 19 394.699
29 20 83.2541
29 21 -104.345
29 22 -591.237
29 23 255.648
29 24 -161.382
29 25 875.3
29 26 950.169
29 27 555.673
29 28 -892.544
29 30 -239.915
29 31 616.862
29 32 -621.954
29 33 789.5
29 34 -597.099
29 35 218.213
29 36 -787.874
29 37 679.029
29 38 -368.218
29 39 -383.607
29 40 -569.375
29 41 778.447
29 42 -918.376
29 43 -14.0265
29 44 268.655
29 45 111.467
29 46 492.956
29 47 675.121
29 48 -16.4081
29 49 -6.88156
29 50 654.236
30 1 112.2
30 2 -110.819
30 3 -318.387
30 4 -805.34
30 5 194.336
30 6 944.795
30 7 -641.618
30 8 -600.519
30 9 589.077
30 10 590.237
30 11 367.646
30 12 -764.485
30 13 395.248
30 14 -480.582
30 15 -346.6
30 16 -211.946
30 17 -403.698
30 18 -929.368
30 19 340.287
30 20 -720.395
30 21 -255.793
30 22 926.23
30 23 -622.381
30 24 -126.757
30 25 308.96
30 26 -195.336
30 27 207.71
30 28 -567.298
30 29 135.772
30 31 849.53
30 32 -629.832
30 33 -556.795
30 34 446.85
30 35 370.027
30 36 -994.038
30 37 -734.99
30 38 819.24
30 39 -342.509
30 40 176.077
30 41 -80.529
30 42 583.703
30 43 538.635
30 44 944.306
30 45 -414.691
30 46 -921.185
30 47 361.905
30 48 162.031
30 49 3.25565
30 50 -800.943
31 1 -888.88
31 2 889.956
31 3 -36.6214
31 4 -331.761
31 5 324.959
31 6 386.393
31 7 -924.421
31 8 487.094
31 9 505.964
31 10 618.755
31 11 3.80526
31 12 983.084
31 13 725.074
31 14 213.939
31 15 347.249
31 16 904.307
31 17 -912.818
31 18 -197.229
31 19 370.027
31 20 -6.69836
31 21 -235.885
31 22 -315.517
31 23 -248.282
31 24 480.193
31 25 -738.776
31 26 -245.717
31 27 -443.698
31 28 -73.4452
31 29 -367.669
31 30 630.48
31 32 600.985
31 33 870.72
31 34 -696.212
31 35 -83.8877
31 36 414.301
31 37 693.197
31 38 -784.943
31 39 540.894
31 40 -23.0645
31 41 160.382
31 42 951.329
31 43 -895.414
31 44 421.507
31 45 66.5216
31 46 557.382
31 47 -817.736
31 48 886.231
31 49 421.019
31 50 732.219
32 1 -496.216
32 2 -291.029
32 3 -384.584
32 4 -930.223
32 5 -33.8123
32 6 152.322
32 7 12.2326
32 8 -942.558
32 9 -596.061
32 10 834.507
32 11 -618.534
32 12 -502.628
32 13 61.5141
32 14 70.1857
32 15 639.885
32 16 -943.963
32 17 697.349
32 18 301.693
32 19 -690.899
32 20 -377.5
32 21 -733.83
32 22 -200.038
32 23 -843.629
32 24 -843.079
32 25 -884.239
32 26 -160.65
32 27 -574.26
32 28 -269.472
32 29 -375.852
32 30 518.177
32 31 122.093
32 33 -571.573
32 34 -769.737
32 35 -578.901
32 36 771.73
32 37 -180.802
32 38 -210.359
32 39 313.723
32 40 -898.773
32 41 -336.891
32 42 185.909
32 43 40.629
32 44 -923.322
32 45 560.375
32 46 147.07
32 47 839.453
32 48 726.051
32 49 -786.531
32 50 196.473
33 1 232.747
33 2 -803.019
33 3 8.87387
33 4 677.136
33 5 -293.044
33 6 -508.796
33 7 580.1
33 8 -211.946
33 9 349.57
33 10 287.403
33 11 67.1323
33 12 -426.904
33 13 639.946
33 14 -680.884
33 15 742.722
33 16 -209.382
33 17 582.726
33 18 -266.907
33 19 692.891
33 20 612.038
33 21 -634.228
33 22 -142.818
33 23 251.007
33 24 79.1015
33 25 736.616
33 26 -167.428
33 27 -139.765
33 28 -735.356
33 29 -728.395
33 30 -465.926
33 31 59.0714
33 32 -934.436
33 34 -248.282
33 35 -777.004
33 36 -726.501
33 37 -428.675
33 38 797.561
33 39 -633.373
33 40 110.307
33 41 -55.3692
33 42 980.581
33 43 -936.696
33 44 -174.39
33 45 -248.22
33 46 584.68
33 47 -487.544
33 48 -326.143
33 49 -320.219
33 50 -795.08
34 1 -38.1481
34 2 809.103
34 3 576.558
34 4 377.966
34 5 575.52
34 6 -568.703
34 7 751.944
34 8 -581.771
34 9 -344.768
34 10 876.949
34 11 481.842
34 12 -328.952
34 13 -341.287
34 14 -688.273
34 15 -354.661
34 16 -659.327
34 17 -558.627
34 18 755.486
34 19 -561.558
34 20 106.826
34 21 -827.019
34 22 78.4298
34 23 96.8722
34 24 -302.387
34 25 -643.755
34 26 -296.891
34 27 -430.507
34 28 -377.073
34 29 388.958
34 30 663.274
34 31 -919.108
34 32 240.869
34 33 105.177
34 35 -276.373
34 36 515.124
34 37 354.15
34 38 -260.617
34 39 -746.532
34 40 -442.049
34 41 -477.712
34 42 -259.701
34 43 -476.186
34 44 -450.293
34 45 276.716
34 46 -120.04
34 47 130.948
34 48 -38.4535
34 49 419.981
34 50 -906.651
35 1 227.618
35 2 453.751
35 3 610.511
35 4 -511.849
35 5 251.312
35 6 443.736
35 7 -594.046
35 8 -45.6594
35 9 834.568
35 10 -876.544
35 11 964.886
35 12 -178.054
35 13 -414.874
35 14 -134.452
35 15 -423.301
35 16 -1.50761
35 17 -568.764
35 18 -53.4761
35 19 237.633
35 20 21.5759
35 21 -797.034
35 22 -458.781
35 23 -579.451
35 24 470.178
35 25 156.169
35 26 911.635
35 27 -735.112
35 28 -834.469
35 29 -889.979
35 30 -271.609
35 31 -655.48
35 32 609.473
35 33 -96.5898
35 34 -521.498
35 36 -781.401
35 37 -923.322
35 38 -166.817
35 39 871.331
35 40 -53.1097
35 41 833.53
35 42 790.355
35 43 -801.248
35 44 -245.961
35 45 -125.414
35 46 -244.74
35 47 -409.439
35 48 39.5908
35 49 665.289
35 50 363.31
36 1 -922.589
36 2 909.315
36 3 280.38
36 4 203.679
36 5 -568.947
36 6 423.706
36 7 -586.535
36 8 -437.224
36 9 -306.601
36 10 752.432
36 11 672.983
36 12 283.922
36 13 348.532
36 14 -589.527
36 15 -395.882
36 16 433.049
36 17 64.8117
36 18 782.722
36 19 892.765
36 20 -533.528
36 21 953.161
36 22 98.4599
36 23 -844.056
36 24 -420.187
36 25 -732.73
36 26 -924.543
36 27 796.523
36 28 -75.6436
36 29 -497.742
36 30 -608.519
36 31 315.066
36 32 -613.16
36 33 803.424
36 34 -814.683
36 35 -438.385
36 37 615.58
36 38 -354.844
36 39 778.447
36 40 -671.052
36 41 973.497
36 42 -287.059
36 43 789.561
36 44 -257.014
36 45 -879.659
36 46 910.719
36 47 849.957
36 48 883.972
36 49 903.574
36 50 449.537
37 1 86.735
37 2 73.9719
37 3 -769.188
37 4 -49.8731
37 5 -422.996
37 6 -725.097
37 7 -348.982
37 8 -511.177
37 9 -49.2624
37 10 -977.184
37 11 281.54
37 12 534.177
37 13 334.486
37 14 346.455
37 15 -190.267
37 16 703.639
37 17 -176.405
37 18 -900.116
37 19 236.9
37 20 288.563
37 21 -330.662
37 22 161.36
37 23 51.4379
37 24 -527.116
37 25 -634.106
37 26 -91.7654
37 27 529.658
37 28 191.283
37 29 830.843
37 30 438.667
37 31 839.515
37 32 -442.598
37 33 -143.734
37 34 -50.3616
37 35 644.098
37 36 812.401
37 38 -963.443
37 39 728.799
37 40 -112.345
37 41 710.967
37 42 -663.297
37 43 -819.507
37 44 453.079
37 45 -694.868
37 46 505.597
37 47 -655.785
37 48 -625.557
37 49 -952.635
37 50 -484.796
38 1 317.265
38 2 304.135
38 3 -847.354
38 4 -779.936
38 5 -958.436
38 6 901.864
38 7 164.779
38 8 410.943
38 9 886.781
38 10 855.148
38 11 655.823
38 12 -539.879
38 13 -551.97
38 14 203.313
38 15 -997.947
38 16 753.226
38 17 34.7054
38 18 659.304
38 19 174.55
38 20 69.2697
38 21 241.969
38 22 -388.92
38 23 467.064
38 24 130.948
38 25 80.9336
38 26 -497.498
38 27 125.513
38 28 480.804
38 29 -917.826
38 30 263.281
38 31 793.714
38 32 891.91
38 33 821.439
38 34 -510.078
38 35 -280.831
38 36 491.307
38 37 291.678
38 39 63.5293
38 40 -334.02
38 41 -212.862
38 42 583.336
38 43 -120.528
38 44 455.216
38 45 -216.038
38 46 279.953
38 47 -604.855
38 48 -915.994
38 49 -625.007
38 50 31.591
39 1 -331.272
39 2 361.478
39 3 -797.889
39 4 -270.999
39 5 581.626
39 6 980.458
39 7 -834.774
39 8 723.12
39 9 -67.5216
39 10 989.863
39 11 -227.091
39 12 521.353
39 13 -906.956
39 14 -416.645
39 15 519.826
39 16 408.683
39 17 -93.7807
39 18 -845.888
39 19 -521.498
39 20 -583.359
39 21 515.918
39 22 543.642
39 23 -702.319
39 24 -908.788
39 25 824.431
39 26 -571.207
39 27 -216.954
39 28 487.399
39 29 -747.264
39 30 791.515
39 31 260.533
39 32 -169.565
39 33 -497.071
39 34 -616.641
39 35 -96.7119
39 36 291.494
39 37 995.054
39 38 -840.82
39 40 -787.996
39 41 293.571
39 42 -319.059
39 43 -419.942
39 44 834.08
39 45 -192.344
39 46 922.688
39 47 -249.808
39 48 905.59
39 49 -937.123
39 50 -899.994
40 1 313.967
40 2 -881.796
40 3 -887.353
40 4 -326.753
40 5 49.8502
40 6 683.243
40 7 693.38
40 8 346.028
40 9 -895.903
40 10 377.416
40 11 812.462
40 12 -949.337
40 13 -202.42
40 14 -117.902
40 15 -491.086
40 16 -571.39
40 17 940.948
40 18 575.764
40 19 217.175
40 20 -515.086
40 21 603.427
40 22 980.214
40 23 167.588
40 24 125.085
40 25 -731.448
40 26 -950.131
40 27 278.304
40 28 -757.646
40 29 312.624
40 30 491.307
40 31 957.558
40 32 58.8271
40 33 -260.556
40 34 -717.097
40 35 -738.043
40 36 -610.473
40 37 126.551
40 38 -381.103
40 39 -144.711
40 41 540.589
40 42 696.25
40 43 -577.191
40 44 -816.82
40 45 502.239
40 46 467.308
40 47 652.648
40 48 -667.693
40 49 150.673
40 50 417.904
41 1 560.436
41 2 982.901
41 3 -875.445
41 4 -405.225
41 5 -887.048
41 6 -93.1089
41 7 78.1855
41 8 -887.109
41 9 749.44
41 10 455.4
41 11 -13.7211
41 12 977.161
41 13 -342.509
41 14 448.682
41 15 -795.935
41 16 -338.417
41 17 783.088
41 18 935.085
41 19 -44.5602
41 20 -598.687
41 21 -278.876
41 22 -766.012
41 23 940.52
41 24 -895.658
41 25 -284.8
41 26 719.089
41 27 -244.679
41 28 -150.573
41 29 920.429
41 30 -246.572
41 31 -189.657
41 32 889.712
41 33 136.261
41 34 -749.585
41 35 -576.886
41 36 -893.094
41 37 197.267
41 38 -739.081
41 39 -208.038
41 40 -140.925
41 42 -807.599
41 43 49.3006
41 44 -478.689
41 45 136.932
41 46 723.303
41 47 83.9869
41 48 398.546
41 49 -2.05722
41 50 -635.816
42 1 387.248
42 2 98.3378
42 3 -809.187
42 4 542.055
42 5 -326.814
42 6 515.612
42 7 921.223
42 8 986.321
42 9 -278.815
42 10 -601.313
42 11 -317.288
42 12 972.092
42 13 -588.245
42 14 -12.0723
42 15 -884.178
42 16 520.253
42 17 873.957
42 18 327.219
42 19 800.553
42 20 752.249
42 21 167.711
42 22 956.215
42 23 -60.621
42 24 582.664
42 25 -41.5679
42 26 654.968
42 27 875.117
42 28 -57.934
42 29 597.687
42 30 939.299
42 31 353.234
42 32 -286.449
42 33 -935.902
42 34 984.367
42 35 -501.468
42 36 -429.896
42 37 203.191
42 38 -326.265
42 39 420.713
42 40 -96.1012
42 41 -316.799
42 43 457.781
42 44 392.622
42 45 -969.001
42 46 -864.636
42 47 -299.884
42 48 -452.675
42 49 -134.818
42 50 889.468
43 1 220.412
43 2 -980.298
43 3 -764.363
43 4 750.783
43 5 695.884
43 6 -525.528
43 7 55.8348
43 8 268.228
43 9 629.564
43 10 959.634
43 11 -492.185
43 12 910.658
43 13 -438.629
43 14 19.5607
43 15 -547.39
43 16 -400.706
43 17 215.282
43 18 -985.367
43 19 234.213
43 20 41.8503
43 21 261.083
43 22 -431.728
43 23 76.7199
43 24 -716.486
43 25 393.66
43 26 -909.643
43 27 -739.203
43 28 -60.1325
43 29 -598.382
43 30 319.463
43 31 -737.005
43 32 -476.918
43 33 -75.2161
43 34 802.813
43 35 45.6976
43 36 -678.808
43 37 -424.828
43 38 273.48
43 39 -311.242
43 40 251.312
43 41 -874.041
43 42 847.148
43 44 -448.949
43 45 131.314
43 46 440.438
43 47 -22.5148
43 48 -858.285
43 49 -188.374
43 50 -167.306
44 1 -881.735
44 2 -102.086
44 3 595.672
44 4 -441.133
44 5 16.5073
44 6 48.5067
44 7 389.874
44 8 -893.826
44 9 -421.591
44 10 -240.221
44 11 -973.52
44 12 985.649
44 13 -745.127
44 14 743.516
44 15 190.244
44 16 700.342
44 17 -131.215
44 18 -486.017
44 19 380.897
44 20 -403.271
44 21 -169.382
44 22 495.094
44 23 368.378
44 24 265.052
44 25 -318.631
44 26 139.681
44 27 -443.331
44 28 -815.11
44 29 894.72
44 30 279.098
44 31 708.83
44 32 314.883
44 33 -124.62
44 34 -136.039
44 35 -543.421
44 36 288.869
44 37 -896.513
44 38 -699.143
44 39 54.9188
44 40 935.024
44 41 343.585
44 42 564.405
44 43 -212.862
44 45 -220.801
44 46 -133.475
44 47 -729.555
44 48 -509.773
44 49 242.64
44 50 629.564
45 1 -87.2464
45 2 615.152
45 3 199.16
45 4 -670.38
45 5 424.5
45 6 267.19
45 7 601.229
45 8 -705.25
45 9 -722.105
45 10 671.457
45 11 845.804
45 12 -875.567
45 13 -701.891
45 14 484.773
45 15 576.741
45 16 38.797
45 17 -628.122
45 18 407.401
45 19 607.702
45 20 -142.39
45 21 254.488
45 22 521.475
45 23 652.281
45 24 560.802
45 25 -352.157
45 26 -201.809
45 27 551.947
45 28 -648.213
45 29 750.661
45 30 -787.508
45 31 687.151
45 32 180.779
45 33 -550.444
45 34 898.872
45 35 258.274
45 36 -358.447
45 37 365.569
45 38 783.577
45 39 -872.514
45 40 206.611
45 41 910.841
45 42 -855.232
45 43 -93.9028
45 44 712.25
45 46 -427.087
45 47 522.635
45 48 -28.9269
45 49 -950.986
45 50 -400.645
46 1 -585.741
46 2 110.49
46 3 992.55
46 4 264.991
46 5 -782.561
46 6 -528.887
46 7 92.8417
46 8 923.788
46 9 825.652
46 10 -493.529
46 11 598.359
46 12 22.7362
46 13 333.753
46 14 604.771
46 15 308.044
46 16 271.464
46 17 293.632
46 18 88.2617
46 19 -676.243
46 20 143.894
46 21 -60.5599
46 22 -723.143
46 23 -377.989
46 24 916.521
46 25 838.598
46 26 291.25
46 27 -615.175
46 28 -587.145
46 29 -608.702
46 30 289.296
46 31 -964.298
46 32 -339.211
46 33 635.06
46 34 -169.627
46 35 909.376
46 36 -373.104
46 37 761.959
46 38 -957.825
46 39 -509.773
46 40 239.098
46 41 821.072
46 42 286.792
46 43 178.153
46 44 867.545
46 45 -984.634
46 47 -995.687
46 48 -517.284
46 49 460.957
46 50 49.6059
47 1 -559.482
47 2 623.03
47 3 523.124
47 4 947.054
47 5 917.925
47 6 -563.94
47 7 -887.17
47 8 -203.885
47 9 -639.419
47 10 562.512
47 11 65.972
47 12 850.262
47 13 -241.564
47 14 815.149
47 15 608.985
47 16 411.187
47 17 237.877
47 18 -302.632
47 19 -427.148
47 20 956.947
47 21 -546.963
47 22 -8.59145
47 23 -618.656
47 24 -75.2161
47 25 -29.0491
47 26 353.661
47 27 -0.347331
47 28 611.427
47 29 -665.617
47 30 866.201
47 31 39.1023
47 32 -396.554
47 33 -495.483
47 34 -529.62
47 35 -797.279
47 36 202.336
47 37 354.883
47 38 230.488
47 39 -742.868
47 40 253.449
47 41 -86.0251
47 42 -652.243
47 43 -283.518
47 44 -158.39
47 45 -955.566
47 46 -111.612
47 48 -567.97
47 49 -726.318
47 50 -760.333
48 1 -865.552
48 2 272.319
48 3 794.691
48 4 -772.302
48 5 -479.422
48 6 75.6207
48 7 465.537
48 8 -923.688
48 9 -927.597
48 10 -926.375
48 11 -342.509
48 12 -521.864
48 13 303.403
48 14 965.375
48 15 580.588
48 16 907.116
48 17 -511.727
48 18 823.271
48 19 -708.364
48 20 332.837
48 21 -726.99
48 22 -958.986
48 23 631.274
48 24 186.336
48 25 535.459
48 26 -512.46
48 27 499.796
48 28 -749.035
48 29 448.621
48 30 -941.276
48 31 -57.7508
48 32 182.611
48 33 685.685
48 34 831.82
48 35 454.484
48 36 -670.808
48 37 691.975
48 38 -17.7516
48 39 957.741
48 40 -441.499
48 41 -27.3392
48 42 682.327
48 43 -118.33
48 44 -242.541
48 45 330.333
48 46 -866.407
48 47 791.882
48 49 -289.807
48 50 -15.5531
49 1 958.108
49 2 989.374
49 3 32.4459
49 4 522.208
49 5 95.7119
49 6 -462.384
49 7 -149.23
49 8 603.855
49 9 -560.825
49 10 143.222
49 11 -81.8114
49 12 -627.511
49 13 354.333
49 14 -679.052
49 15 -152.222
49 16 -499.636
49 17 -705.311
49 18 -697.372
49 19 -843.018
49 20 804.34
49 21 701.258
49 22 103.345
49 23 809.286
49 24 376.684
49 25 352.012
49 26 196.962
49 27 932.154
49 28 168.749
49 29 380.409
49 30 236.839
49 31 -582.932
49 32 -46.0258
49 33 120.75
49 34 -747.264
49 35 -927.719
49 36 620.343
49 37 -12.1334
49 38 -229.595
49 39 18.8279
49 40 -279.548
49 41 569.474
49 42 -720.395
49 43 -976.878
49 44 227.923
49 45 119.345
49 46 504.681
49 47 456.56
49 48 420.469
49 50 645.503
50 1 -105.261
50 2 549.505
50 3 -154.421
50 4 -232.099
50 5 793.958
50 6 -343.425
50 7 -704.822
50 8 550.421
50 9 704.433
50 10 197.45
50 11 -271.731
50 12 474.575
50 13 -897.491
50 14 967.207
50 15 80.384
50 16 -237.412
50 17 -767.539
50 18 -490.475
50 19 899.727
50 20 223.648
50 21 312.99
50 22 -761.982
50 23 -258.785
50 24 812.462
50 25 -395.454
50 26 983.695
50 27 -733.707
50 28 -906.04
50 29 772.89
50 30 -334.57
50 31 -29.1101
50 32 801.592
50 33 -28.6827
50 34 -220.313
50 35 492.346
50 36 658.144
50 37 105.727
50 38 369.722
50 39 -571.695
50 40 681.044
50 41 692.342
50 42 -811.507
50 43 -393.561
50 44 -875.628
50 45 -235.274
50 46 735.15
50 47 734.356
50 48 272.075
50 49 -736.944
