50 2450
1
2
3
4
5
6
7
8
9
10
11
12
13
14
15
16
17
18
19
20
21
22
23
24
25
26
27
28
29
30
31
32
33
34
35
36
37
38
39
40
41
42
43
44
45
46
47
48
49
50
1 2 -872.025
1 3 300.716
1 4 -68.804
1 5 -596.428
1 6 -525.772
1 7 47.9571
1 8 219.129
1 9 290.701
1 10 545.169
1 11 704.861
1 12 -529.436
1 13 398.118
1 14 52.415
1 15 439.217
1 16 257.724
1 17 -218.42
1 18 -475.819
1 19 586.878
1 20 -177.199
1 21 -35.9497
1 22 -364.798
1 23 400.744
1 24 -422.507
1 25 199.527
1 26 -840.026
1 27 941.192
1 28 -815.171
1 29 -30.2094
1 30 -762.104
1 31 -964.298
1 32 423.217
1 33 148.963
1 34 -370.539
1 35 -740.73
1 36 -991.107
1 37 271.586
1 38 659.487
1 39 851.301
1 40 -416.584
1 41 345.539
1 42 -471.483
1 43 -473.193
1 44 24.0186
1 45 644.587
1 46 689.96
1 47 -882.895
1 48 295.158
1 49 -81.384
1 50 960.367
2 1 960.367
2 3 8.14106
2 4 -538.597
2 5 -924.177
2 6 -4.9274
2 7 -114.177
2 8 -531.818
2 9 366.974
2 10 -500.063
2 11 -685.464
2 12 -875.079
2 13 231.709
2 14 -605.771
2 15 -823.416
2 16 868.705
2 17 -879.72
2 18 57.789
2 19 144.932
2 20 244.839
2 21 695.029
2 22 597.565
2 23 -370.539
2 24 -179.458
2 25 -143.673
2 26 -498.231
2 27 -430.873
2 28 566.787
2 29 342.303
2 30 621.687
2 31 243.74
2 32 -838.744
2 33 558.054
2 34 404.53
2 35 304.196
2 36 654.968
2 37 -651.022
2 38 -660.915
2 39 206.366
2 40 916.093
2 41 394.393
2 42 -470.14
2 43 -768.088
2 44 320.135
2 45 901.62
2 46 -654.991
2 47 -710.013
2 48 -900.849
2 49 -694.136
2 50 -919.353
3 1 -321.379
3 2 -200.344
3 4 -347.394
3 5 571.978
3 6 3.07245
3 7 -721.799
3 8 -658.655
3 9 687.823
3 10 -567.787
3 11 -312.647
3 12 -58.9722
3 13 -343.364
3 14 -516.307
3 15 870.048
3 16 -258.724
3 17 150.062
3 18 520.986
3 19 -387.516
3 20 -255.182
3 21 62.0637
3 22 -846.866
3 23 196.779
3 24 -224.771
3 25 932.887
3 26 732.402
3 27 -330.051
3 28 396.958
3 29 939.421
3 30 112.2
3 31 295.769
3 32 -672.029
3 33 403.614
3 34 890.506
3 35 600.435
3 36 42.9496
3 37 746.814
3 38 287.586
3 39 -531.696
3 40 -764.18
3 41 829.377
3 42 -123.398
3 43 718.234
3 44 855.636
3 45 -382.203
3 46 -666.594
3 47 589.015
3 48 -628.549
3 49 -886.193
3 50 -594.657
4 1 -407.057
4 2 -8.77465
4 3 479.094
4 5 -720.211
4 6 -845.583
4 7 480.743
4 8 -704.029
4 9 546.146
4 10 480.376
4 11 306.029
4 12 913.589
4 13 929.406
4 14 96.4447
4 15 -233.564
4 16 -214.206
4 17 -5.04953
4 18 -503.361
4 19 812.156
4 20 -219.03
4 21 3.68313
4 22 -672.64
4 23 229.022
4 24 -640.763
4 25 102.613
4 26 -444.797
4 27 890.994
4 28 586.756
4 29 -952.024
4 30 53.0868
4 31 -252.984
4 32 -97.8722
4 33 644.343
4 34 -959.596
4 35 253.816
4 36 -407.057
4 37 -924.727
4 38 -179.031
4 39 -82.7885
4 40 -101.17
4 41 343.524
4 42 -758.806
4 43 653.747
4 44 693.502
4 45 965.314
4 46 329.784
4 47 638.297
4 48 677.686
4 49 147.375
4 50 528.986
5 1 -656.762
5 2 -977.611
5 3 610.694
5 4 -19.5225
5 6 446.423
5 7 -600.336
5 8 248.503
5 9 -714.715
5 10 291.006
5 11 -669.159
5 12 -179.092
5 13 -816.515
5 14 603.611
5 15 806.599
5 16 858.629
5 17 -412.004
5 18 -865.125
5 19 -904.452
5 20 968.062
5 21 413.568
5 22 931.482
5 23 -295.914
5 24 731.73
5 25 -366.325
5 26 -98.3607
5 27 391.951
5 28 -618.839
5 29 -990.191
5 30 -603.145
5 31 214.0
5 32 -561.863
5 33 922.017
5 34 -540.123
5 35 506.696
5 36 -496.826
5 37 739.242
5 38 -548.306
5 39 -241.808
5 40 -610.656
5 41 181.634
5 42 -262.938
5 43 -691.51
5 44 782.05
5 45 90.2158
5 46 -886.865
5 47 -193.87
5 48 -391.79
5 49 55.0409
5 50 -323.517
6 1 -634.534
6 2 -680.09
6 3 -662.686
6 4 -195.763
6 5 -635.938
6 7 -746.043
6 8 523.795
6 9 951.268
6 10 809.836
6 11 -722.349
6 12 341.448
6 13 936.856
6 14 -781.035
6 15 897.59
6 16 -911.414
6 17 -579.512
6 18 954.444
6 19 16.3852
6 20 -898.101
6 21 248.014
6 22 930.627
6 23 -460.43
6 24 -296.647
6 25 348.47
6 26 663.701
6 27 998.779
6 28 -932.177
6 29 -111.063
6 30 570.207
6 31 -608.153
6 32 448.682
6 33 -644.549
6 34 -531.879
6 35 436.469
6 36 -813.278
6 37 257.602
6 38 -781.768
6 39 394.454
6 40 -35.278
6 41 -862.499
6 42 -566.566
6 43 -309.105
6 44 712.922
6 45 -415.24
6 46 205.084
6 47 489.964
6 48 632.557
6 49 -77.781
6 50 -225.076
7 1 -580.061
7 2 758.478
7 3 -727.601
7 4 -901.948
7 5 -350.875
7 6 499.796
7 8 -319.914
7 9 226.458
7 10 -524.001
7 11 602.45
7 12 978.199
7 13 452.346
7 14 -355.699
7 15 -36.4993
7 16 88.2617
7 17 -843.14
7 18 555.428
7 19 743.028
7 20 -552.093
7 21 -706.532
7 22 -429.774
7 23 -801.126
7 24 238.305
7 25 440.316
7 26 -405.469
7 27 702.174
7 28 -890.285
7 29 -630.992
7 30 -880.514
7 31 339.921
7 32 98.9485
7 33 -933.581
7 34 924.032
7 35 -419.82
7 36 403.309
7 37 134.184
7 38 -393.683
7 39 405.202
7 40 -273.38
7 41 -483.453
7 42 -841.919
7 43 -637.343
7 44 -134.513
7 45 495.582
7 46 738.387
7 47 982.962
7 48 227.068
7 49 873.834
7 50 -145.871
8 1 972.886
8 2 -28.3773
8 3 -696.029
8 4 -860.484
8 5 656.739
8 6 464.01
8 7 691.67
8 9 -99.3378
8 10 -926.375
8 11 716.952
8 12 599.153
8 13 629.503
8 14 187.68
8 15 -477.895
8 16 -385.989
8 17 -328.036
8 18 -368.768
8 19 953.344
8 20 -405.225
8 21 237.083
8 22 443.125
8 23 919.513
8 24 741.745
8 25 925.925
8 26 210.03
8 27 -524.307
8 28 -570.779
8 29 -17.3241
8 30 -925.398
8 31 562.756
8 32 -255.182
8 33 448.499
8 34 -968.451
8 35 -139.459
8 36 652.343
8 37 397.386
8 38 -47.3083
8 39 464.987
8 40 -262.51
8 41 -542.261
8 42 782.538
8 43 -954.222
8 44 -533.101
8 45 -203.885
8 46 -660.976
8 47 202.092
8 48 889.59
8 49 750.112
8 50 -839.782
9 1 -326.631
9 2 727.211
9 3 -696.456
9 4 824.064
9 5 125.635
9 6 794.325
9 7 -405.408
9 8 189.267
9 10 169.848
9 11 -327.975
9 12 -374.02
9 13 999.328
9 14 323.066
9 15 -412.126
9 16 389.752
9 17 265.235
9 18 585.535
9 19 426.454
9 20 -426.171
9 21 -107.643
9 22 -671.968
9 23 -183.245
9 24 -947.199
9 25 966.596
9 26 178.886
9 27 -764.913
9 28 337.539
9 29 146.215
9 30 584.863
9 31 -949.154
9 32 -823.355
9 33 605.382
9 34 754.447
9 35 462.85
9 36 -492.185
9 37 945.711
9 38 652.953
9 39 -744.272
9 40 -77.9642
9 41 534.971
9 42 -254.877
9 43 -671.968
9 44 853.926
9 45 698.693
9 46 -826.774
9 47 906.689
9 48 -332.433
9 49 202.153
9 50 -947.261
10 1 -596.489
10 2 -160.1
10 3 467.491
10 4 580.039
10 5 -145.81
10 6 -589.588
10 7 954.016
10 8 -368.951
10 9 853.072
10 11 906.933
10 12 146.581
10 13 -445.896
10 14 948.52
10 15 -87.1243
10 16 589.504
10 17 -179.214
10 18 -577.252
10 19 487.765
10 20 -607.237
10 21 243.862
10 22 397.202
10 23 600.374
10 24 668.159
10 25 -561.985
10 26 190.55
10 27 -212.984
10 28 -694.319
10 29 -782.561
10 30 890.567
10 31 210.214
10 32 561.657
10 33 -390.325
10 34 49.1784
10 35 -698.41
10 36 856.858
10 37 181.145
10 38 -537.558
10 39 -808.576
10 40 259.739
10 41 358.363
10 42 955.176
10 43 -905.735
10 44 66.5827
10 45 433.293
10 46 113.849
10 47 -147.032
10 48 -74.9719
10 49 -62.0255
10 50 -83.8267
11 1 818.507
11 2 -59.8271
11 3 -920.269
11 4 -827.385
11 5 259.251
11 6 197.634
11 7 -77.781
11 8 -261.655
11 9 -513.009
11 10 -858.652
11 12 996.58
11 13 -582.016
11 14 -118.635
11 15 -751.722
11 16 37.8809
11 17 514.33
11 18 -996.176
11 19 -573.71
11 20 532.589
11 21 942.902
11 22 996.397
11 23 587.245
11 24 752.188
11 25 -134.574
11 26 -569.191
11 27 -180.252
11 28 980.642
11 29 771.241
11 30 -169.016
11 31 -388.065
11 32 -393.317
11 33 -62.3309
11 34 12.7822
11 35 -453.285
11 36 -219.458
11 37 -772.058
11 38 -533.101
11 39 920.612
11 40 -692.426
11 41 -860.545
11 42 -48.6518
11 43 -287.243
11 44 -514.109
11 45 -943.902
11 46 484.163
11 47 357.508
11 48 -442.843
11 49 638.236
11 50 929.589
12 1 -268.19
12 2 471.155
12 3 -719.173
12 4 -641.007
12 5 -174.329
12 6 641.961
12 7 -403.943
12 8 -618.534
12 9 507.674
12 10 -608.091
12 11 -171.275
12 13 618.328
12 14 837.988
12 15 766.905
12 16 -829.767
12 17 522.757
12 18 361.539
12 19 -599.115
12 20 894.903
12 21 729.959
12 22 819.912
12 23 -856.758
12 24 -750.684
12 25 114.643
12 26 -286.021
12 27 103.834
12 28 -941.948
12 29 -242.785
12 30 168.077
12 31 826.629
12 32 -52.4379
12 33 -4.31672
12 34 514.452
12 35 -728.578
12 36 154.459
12 37 756.768
12 38 53.6364
12 39 -705.616
12 40 -154.299
12 41 -649.678
12 42 418.087
12 43 303.83
12 44 885.437
12 45 922.688
12 46 976.123
12 47 793.714
12 48 986.138
12 49 -264.953
12 50 -281.38
13 1 -564.856
13 2 -810.042
13 3 489.475
13 4 67.0712
13 5 415.523
13 6 610.756
13 7 -150.696
13 8 -972.726
13 9 702.296
13 10 -635.328
13 11 -621.404
13 12 -851.446
13 14 -60.5599
13 15 -342.814
13 16 61.0255
13 17 -297.563
13 18 647.64
13 19 -75.3383
13 20 -401.561
13 21 -464.644
13 22 -584.519
13 23 0.141209
13 24 679.334
13 25 -973.214
13 26 786.569
13 27 223.954
13 28 -610.473
13 29 -411.698
13 30 501.506
13 31 440.988
13 32 -23.3087
13 33 142.368
13 34 -185.443
13 35 -177.382
13 36 -874.041
13 37 -978.832
13 38 -454.018
13 39 -548.367
13 40 -34.1177
13 41 724.219
13 42 -429.103
13 43 604.771
13 44 963.97
13 45 -43.8885
13 46 430.179
13 47 669.564
13 48 -80.529
13 49 413.996
13 50 747.73
14 1 -357.653
14 2 235.434
14 3 724.891
14 4 -853.705
14 5 -867.262
14 6 -354.661
14 7 999.756
14 8 349.264
14 9 818.141
14 10 604.588
14 11 425.904
14 12 141.879
14 13 281.785
14 15 510.483
14 16 -658.106
14 17 907.849
14 18 -814.988
14 19 959.634
14 20 229.938
14 21 397.447
14 22 -308.372
14 23 211.74
14 24 -941.032
14 25 -560.886
14 26 92.7196
14 27 63.1629
14 28 -567.665
14 29 -732.547
14 30 -427.82
14 31 -697.25
14 32 952.489
14 33 159.405
14 34 -954.955
14 35 953.344
14 36 260.472
14 37 67.3766
14 38 6.12583
14 39 -533.589
14 40 184.871
14 41 939.604
14 42 326.364
14 43 -913.857
14 44 -576.153
14 45 -596.366
14 46 941.864
14 47 -463.911
14 48 216.687
14 49 -480.399
14 50 360.318
15 1 242.763
15 2 425.477
15 3 266.762
15 4 935.452
15 5 -728.7
15 6 -520.704
15 7 -527.971
15 8 -166.879
15 9 167.772
15 10 609.534
15 11 861.316
15 12 644.221
15 13 881.773
15 14 809.286
15 16 -91.8876
15 17 559.459
15 18 -24.469
15 19 971.237
15 20 -805.889
15 21 -932.849
15 22 296.38
15 23 -377.684
15 24 941.131
15 25 -903.964
15 26 -705.128
15 27 708.83
15 28 -586.168
15 29 540.894
15 30 193.359
15 31 851.301
15 32 896.124
15 33 -884.666
15 34 -830.622
15 35 529.719
15 36 -109.719
15 37 474.147
15 38 768.982
15 39 616.74
15 40 -727.54
15 41 517.2
15 42 704.8
15 43 704.555
15 44 -946.345
15 45 -152.222
15 46 261.083
15 47 664.067
15 48 -544.032
15 49 -704.273
15 50 -535.421
16 1 -129.139
16 2 983.573
16 3 454.239
16 4 -774.928
16 5 -461.774
16 6 -825.125
16 7 163.314
16 8 -373.959
16 9 590.847
16 10 736.677
16 11 887.819
16 12 557.016
16 13 518.177
16 14 716.402
16 15 -90.9716
16 17 -128.956
16 18 -348.921
16 19 -558.688
16 20 -711.723
16 21 -738.043
16 22 290.09
16 23 882.018
16 24 -478.018
16 25 -962.466
16 26 -877.155
16 27 -869.888
16 28 836.766
16 29 -13.4769
16 30 383.34
16 31 703.822
16 32 -943.841
16 33 -480.155
16 34 163.558
16 35 -675.51
16 36 -11.0342
16 37 283.372
16 38 -654.075
16 39 902.964
16 40 -751.783
16 41 413.324
16 42 -430.263
16 43 -628.366
16 44 -522.963
16 45 -360.34
16 46 -321.929
16 47 -900.971
16 48 -116.192
16 49 414.607
16 50 -913.429
17 1 531.612
17 2 46.6136
17 3 250.762
17 4 -492.918
17 5 776.859
17 6 915.544
17 7 471.094
17 8 -540.49
17 9 -189.84
17 10 949.07
17 11 -460.308
17 12 -979.199
17 13 -12.744
17 14 328.807
17 15 177.787
17 16 -761.921
17 18 -450.659
17 19 -816.759
17 20 436.041
17 21 -353.196
17 22 -181.168
17 23 762.692
17 24 -73.262
17 25 333.936
17 26 760.432
17 27 -506.719
17 28 -606.931
17 29 -20.2553
17 30 602.634
17 31 872.308
17 32 805.317
17 33 320.99
17 34 208.015
17 35 -897.674
17 36 168.504
17 37 463.705
17 38 -127.062
17 39 -551.421
17 40 242.64
17 41 -505.803
17 42 -749.524
17 43 -788.974
17 44 -659.755
17 45 820.461
17 46 82.5824
17 47 287.525
17 48 -588.428
17 49 674.083
17 50 424.561
18 1 -763.447
18 2 -413.225
18 3 229.267
18 4 59.0103
18 5 -198.695
18 6 375.951
18 7 -243.763
18 8 -223.061
18 9 -193.443
18 10 705.838
18 11 258.09
18 12 218.213
18 13 -608.336
18 14 986.199
18 15 -976.756
18 16 957.558
18 17 499.979
18 19 388.531
18 20 540.955
18 21 -475.88
18 22 564.772
18 23 -469.896
18 24 -804.851
18 25 -952.757
18 26 339.494
18 27 745.898
18 28 -791.966
18 29 201.725
18 30 795.973
18 31 -866.163
18 32 234.335
18 33 153.848
18 34 -965.52
18 35 578.39
18 36 68.9643
18 37 194.397
18 38 150.734
18 39 -93.9639
18 40 900.338
18 41 737.287
18 42 975.329
18 43 -598.504
18 44 536.07
18 45 -622.32
18 46 651.182
18 47 837.377
18 48 -945.551
18 49 702.54
18 50 -32.7131
19 1 -780.058
19 2 308.96
19 3 -479.239
19 4 390.607
19 5 -551.238
19 6 719.211
19 7 233.602
19 8 734.417
19 9 49.0563
19 10 803.729
19 11 -5.477
19 12 403.798
19 13 -806.439
19 14 -127.429
19 15 380.042
19 16 -848.942
19 17 -812.485
19 18 -670.625
19 20 -766.195
19 21 282.334
19 22 601.534
19 23 -986.771
19 24 -609.191
19 25 -756.913
19 26 245.694
19 27 23.6522
19 28 -49.3235
19 29 542.787
19 30 176.749
19 31 460.896
19 32 804.523
19 33 923.543
19 34 -87.9182
19 35 -475.086
19 36 90.9486
19 37 -257.625
19 38 -949.642
19 39 407.767
19 40 -722.043
19 41 485.262
19 42 483.43
19 43 -591.603
19 44 -451.698
19 45 349.386
19 46 -622.748
19 47 -271.06
19 48 182.306
19 49 -152.283
19 50 132.902
20 1 -637.526
20 2 625.839
20 3 -644.61
20 4 482.453
20 5 -465.254
20 6 929.101
20 7 546.207
20 8 937.894
20 9 -880.88
20 10 242.457
20 11 -351.73
20 12 760.615
20 13 -525.467
20 14 61.2087
20 15 472.254
20 16 648.984
20 17 -865.919
20 18 -100.376
20 19 124.292
20 21 -674.777
20 22 792.92
20 23 90.0937
20 24 -631.297
20 25 217.42
20 26 16.4462
20 27 -611.633
20 28 558.054
20 29 -591.054
20 30 131.314
20 31 78.0023
20 32 -928.024
20 33 -933.887
20 34 706.998
20 35 252.594
20 36 -782.012
20 37 -492.796
20 38 88.2006
20 39 -24.1637
20 40 502.91
20 41 115.62
20 42 -591.42
20 43 997.069
20 44 -762.714
20 45 280.563
20 46 519.032
20 47 709.624
20 48 -593.802
20 49 552.741
20 50 -731.02
21 1 50.2777
21 2 -273.625
21 3 -800.027
21 4 592.191
21 5 13.8814
21 6 850.934
21 7 358.608
21 8 806.111
21 9 477.506
21 10 -358.264
21 11 951.085
21 12 -405.958
21 13 21.698
21 14 462.117
21 15 580.832
21 16 -913.185
21 17 437.018
21 18 405.08
21 19 -427.148
21 20 485.506
21 22 597.137
21 23 421.996
21 24 -644.671
21 25 -335.486
21 26 -605.832
21 27 -733.524
21 28 367.829
21 29 201.542
21 30 421.874
21 31 206.794
21 32 -316.494
21 33 -751.112
21 34 83.2541
21 35 -572.611
21 36 -460.125
21 37 711.883
21 38 -167.672
21 39 81.2389
21 40 951.39
21 41 -857.369
21 42 214.305
21 43 902.597
21 44 -399.485
21 45 821.194
21 46 -594.901
21 47 -660.671
21 48 203.557
21 49 -581.893
21 50 -62.1477
22 1 137.36
22 2 512.742
22 3 726.112
22 4 293.143
22 5 -701.464
22 6 -829.461
22 7 -152.772
22 8 -945.673
22 9 380.226
22 10 590.115
22 11 -681.128
22 12 309.387
22 13 -960.573
22 14 -960.634
22 15 -418.416
22 16 -23.4309
22 17 794.202
22 18 -853.522
22 19 244.778
22 20 -234.175
22 21 -99.521
22 23 977.161
22 24 -417.255
22 25 437.202
22 26 326.181
22 27 896.735
22 28 701.197
22 29 -941.642
22 30 717.502
22 31 401.843
22 32 -199.122
22 33 -47.5525
22 34 325.509
22 35 96.689
22 36 997.252
22 37 3.31672
22 38 -182.939
22 39 -988.42
22 40 -895.72
22 41 33.6673
22 42 -91.4601
22 43 452.53
22 44 856.491
22 45 920.734
22 46 -238.816
22 47 556.283
22 48 -38.3924
22 49 146.032
22 50 78.1855
23 1 761.043
23 2 472.315
23 3 -528.093
23 4 835.85
23 5 355.371
23 6 -133.23
23 7 -579.939
23 8 589.321
23 9 311.464
23 10 312.318
23 11 -751.356
23 12 -707.448
23 13 579.184
23 14 -476.613
23 15 114.887
23 16 -433.988
23 17 34.1558
23 18 -327.608
23 19 104.322
23 20 347.371
23 21 -733.097
23 22 -227.641
23 24 825.164
23 25 -128.345
23 26 -602.473
23 27 -16.8356
23 28 240.808
23 29 -86.88
23 30 -895.72
23 31 -729.249
23 32 -556.062
23 33 221.816
23 34 -942.07
23 35 862.415
23 36 46.3693
23 37 -900.422
23 38 -56.6516
23 39 924.582
23 40 -123.215
23 41 -946.589
23 42 -742.868
23 43 920.368
23 44 -319.608
23 45 -546.902
23 46 -923.933
23 47 -938.1
23 48 496.926
23 49 -855.904
23 50 -29.1101
24 1 -684.914
24 2 410.027
24 3 947.543
24 4 -738.226
24 5 -626.961
24 6 359.34
24 7 976.367
24 8 807.393
24 9 59.621
24 10 -306.357
24 11 725.99
24 12 496.315
24 13 -420.126
24 14 -838.438
24 15 853.316
24 16 655.457
24 17 -930.345
24 18 21.1484
24 19 596.771
24 20 -464.522
24 21 871.758
24 22 956.825
24 23 -229.228
24 25 -916.483
24 26 -23.4309
24 27 -504.826
24 28 -728.211
24 29 -826.958
24 30 80.9946
24 31 -392.828
24 32 -967.962
24 33 -509.773
24 34 675.121
24 35 171.497
24 36 -638.015
24 37 -740.486
24 38 618.267
24 39 5.51515
24 40 615.458
24 41 -2.48469
24 42 632.007
24 43 140.474
24 44 -884.483
24 45 -522.658
24 46 145.97
24 47 -973.214
24 48 287.769
24 49 102.918
24 50 940.337
25 1 -633.618
25 2 914.383
25 3 -135.978
25 4 -987.809
25 5 246.304
25 6 -522.414
25 7 -923.078
25 8 -878.01
25 9 -726.99
25 10 510.788
25 11 -914.589
25 12 -570.046
25 13 393.844
25 14 -110.147
25 15 113.91
25 16 687.945
25 17 78.0634
25 18 -974.375
25 19 461.506
25 20 -596.183
25 21 -430.141
25 22 871.575
25 23 224.931
25 24 -567.054
25 26 -121.139
25 27 -310.754
25 28 -265.808
25 29 -586.962
25 30 -794.775
25 31 -470.995
25 32 -108.62
25 33 502.177
25 34 -509.345
25 35 -671.052
25 36 598.298
25 37 -160.1
25 38 -228.801
25 39 -400.218
25 40 462.117
25 41 185.237
25 42 -969.123
25 43 617.473
25 44 -32.4078
25 45 -851.568
25 46 239.953
25 47 -936.818
25 48 -700.853
25 49 478.666
25 50 256.197
26 1 -941.398
26 2 -996.115
26 3 817.774
26 4 -703.967
26 5 512.986
26 6 682.143
26 7 385.966
26 8 645.442
26 9 738.753
26 10 -111.185
26 11 -985.733
26 12 300.227
26 13 268.961
26 14 448.377
26 15 -25.5072
26 16 -761.493
26 17 807.332
26 18 344.44
26 19 -968.085
26 20 -5.84341
26 21 250.335
26 22 399.095
26 23 -820.729
26 24 224.259
26 25 728.677
26 27 -90.0555
26 28 463.277
26 29 968.123
26 30 588.893
26 31 443.675
26 32 -641.129
26 33 269.754
26 34 269.51
26 35 -35.0337
26 36 -869.888
26 37 -134.391
26 38 997.069
26 39 499.002
26 40 -402.111
26 41 -387.821
26 42 242.824
26 43 -499.025
26 44 -230.144
26 45 -649.312
26 46 885.132
26 47 137.726
26 48 -236.74
26 49 893.804
26 50 -1.32441
27 1 647.762
27 2 -543.726
27 3 -185.504
27 4 228.839
27 5 -12.3166
27 6 309.021
27 7 -256.526
27 8 -332.494
27 9 -58.2394
27 10 -213.962
27 11 836.766
27 12 -813.584
27 13 879.636
27 14 829.988
27 15 -880.392
27 16 -847.965
27 17 -644.182
27 18 -195.825
27 19 396.836
27 20 466.941
27 21 743.944
27 22 -633.74
27 23 -608.824
27 24 -130.116
27 25 -931.444
27 26 -313.868
27 28 -163.398
27 29 443.003
27 30 -738.104
27 31 462.178
27 32 174.611
27 33 -756.486
27 34 -10.6677
27 35 -833.675
27 36 570.268
27 37 -977.123
27 38 265.052
27 39 -37.2932
27 40 -80.5901
27 41 -53.415
27 42 29.3315
27 43 719.761
27 44 543.032
27 45 268.228
27 46 -122.421
27 47 576.741
27 48 -754.043
27 49 -108.498
27 50 128.688
28 1 -513.925
28 2 445.507
28 3 -245.472
28 4 421.874
28 5 175.283
28 6 30.8582
28 7 975.695
28 8 27.3773
28 9 -41.5069
28 10 -327.669
28 11 696.8
28 12 61.7584
28 13 851.239
28 14 240.198
28 15 569.779
28 16 -210.664
28 17 -595.695
28 18 35.3161
28 19 809.836
28 20 204.717
28 21 719.273
28 22 519.032
28 23 -236.373
28 24 -924.055
28 25 51.2547
28 26 -779.203
28 27 -70.575
28 29 647.701
28 30 474.575
28 31 525.322
28 32 357.386
28 33 170.764
28 34 12.3547
28 35 5.33195
28 36 379.676
28 37 476.102
28 38 695.639
28 39 -984.267
28 40 601.107
28 41 749.012
28 42 969.588
28 43 -788.974
28 44 86.735
28 45 713.654
28 46 -101.842
28 47 -314.845
28 48 -310.448
28 49 404.958
28 50 599.702
29 1 423.156
29 2 449.904
29 3 718.845
29 4 -657.8
29 5 746.57
29 6 -995.199
29 7 924.948
29 8 -242.297
29 9 443.614
29 10 956.154
29 11 334.547
29 12 585.596
29 13 270.121
29 14 107.559
29 15 307.983
29 16 405.263
29 17 -492.307
29 18 547.978
29 19 -213.534
29 20 -214.389
29 21 -729.311
29 22 -523.513
29 23 543.337
29 24 287.83
29 25 -756.241
29 26 -258.236
29 27 -668.732
29 28 760.493
29 30 543.154
29 31 6.49223
29 32 -870.865
29 33 367.951
29 34 382.913
29 35 -505.864
29 36 655.823
29 37 786.752
29 38 -756.73
29 39 -755.325
29 40 352.318
29 41 -997.763
29 42 218.702
29 43 819.24
29 44 22.1255
29 45 -841.614
29 46 -767.722
29 47 388.348
29 48 303.525
29 49 875.544
29 50 -178.298
30 1 -847.049
30 2 -828.79
30 3 493.139
30 4 -844.24
30 5 20.6599
30 6 -342.142
30 7 672.006
30 8 999.145
30 9 -522.292
30 10 -31.0032
30 11 779.974
30 12 283.189
30 13 609.534
30 14 196.107
30 15 -486.384
30 16 -998.374
30 17 181.512
30 18 802.874
30 19 190.489
30 20 90.9486
30 21 -255.915
30 22 -924.727
30 23 137.177
30 24 994.138
30 25 -321.502
30 26 732.036
30 27 632.251
30 28 -398.019
30 29 132.169
30 31 858.445
30 32 820.706
30 33 253.144
30 34 -222.084
30 35 -613.893
30 36 50.7051
30 37 470.117
30 38 337.478
30 39 -721.616
30 40 65.972
30 41 140.352
30 42 -201.748
30 43 615.58
30 44 -512.887
30 45 -186.664
30 46 274.823
30 47 773.745
30 48 29.5147
30 49 -194.054
30 50 -564.306
31 1 -116.681
31 2 882.75
31 3 805.378
31 4 -548.734
31 5 -250.907
31 6 699.731
31 7 -347.455
31 8 382.546
31 9 -578.901
31 10 -371.088
31 11 -995.687
31 12 -39.9191
31 13 -390.447
31 14 826.568
31 15 545.535
31 16 691.12
31 17 -876.605
31 18 -119.612
31 19 448.133
31 20 219.435
31 21 -472.46
31 22 -397.47
31 23 772.646
31 24 -106.116
31 25 -802.836
31 26 602.267
31 27 -520.948
31 28 -533.039
31 29 969.1
31 30 -906.651
31 32 757.257
31 33 871.392
31 34 560.192
31 35 377.416
31 36 340.593
31 37 -997.275
31 38 -36.255
31 39 -584.642
31 40 -482.598
31 41 464.743
31 42 987.909
31 43 962.932
31 44 504.925
31 45 180.29
31 46 -865.919
31 47 665.9
31 48 880.124
31 49 848.491
31 50 -986.222
32 1 -409.072
32 2 -236.373
32 3 -853.827
32 4 -535.177
32 5 -398.324
32 6 -565.222
32 7 -356.982
32 8 -419.576
32 9 28.904
32 10 -937.062
32 11 338.944
32 12 -173.962
32 13 -926.986
32 14 254.671
32 15 786.996
32 16 -569.191
32 17 377.966
32 18 -911.17
32 19 723.425
32 20 248.381
32 21 199.649
32 22 347.982
32 23 147.375
32 24 263.281
32 25 -368.829
32 26 603.427
32 27 788.401
32 28 945.894
32 29 -701.281
32 30 -125.23
32 31 -106.055
32 33 -374.63
32 34 979.665
32 35 528.498
32 36 286.853
32 37 -912.208
32 38 -429.408
32 39 -893.765
32 40 -388.187
32 41 -433.377
32 42 -138.543
32 43 -214.145
32 44 728.982
32 45 -672.457
32 46 -477.468
32 47 -864.087
32 48 170.764
32 49 -966.802
32 50 774.539
33 1 881.834
33 2 622.48
33 3 68.9643
33 4 152.199
33 5 340.043
33 6 340.593
33 7 19.6828
33 8 823.332
33 9 -761.249
33 10 -533.65
33 11 -507.269
33 12 875.056
33 13 587.367
33 14 160.138
33 15 -537.253
33 16 28.3544
33 17 289.785
33 18 494.788
33 19 -667.938
33 20 204.351
33 21 -797.706
33 22 -946.772
33 23 896.246
33 24 380.775
33 25 304.807
33 26 163.741
33 27 393.599
33 28 -817.065
33 29 677.686
33 30 698.876
33 31 -158.268
33 32 -356.249
33 34 984.122
33 35 399.523
33 36 -170.481
33 37 -438.263
33 38 128.2
33 39 641.411
33 40 965.924
33 41 -88.4678
33 42 -210.847
33 43 -413.591
33 44 165.634
33 45 727.883
33 46 510.177
33 47 665.716
33 48 970.138
33 49 910.536
33 50 33.8505
34 1 312.746
34 2 70.0635
34 3 -615.786
34 4 -424.095
34 5 -90.6052
34 6 -755.631
34 7 54.3692
34 8 715.059
34 9 -141.902
34 10 879.941
34 11 -15.5531
34 12 590.115
34 13 733.257
34 14 267.128
34 15 -748.058
34 16 100.658
34 17 -559.482
34 18 872.125
34 19 -94.8799
34 20 784.737
34 21 -666.472
34 22 -253.778
34 23 459.613
34 24 -933.093
34 25 206.305
34 26 -711.601
34 27 -619.45
34 28 -425.744
34 29 -884.117
34 30 525.933
34 31 -16.7745
34 32 184.199
34 33 -29.1101
34 35 111.284
34 36 181.573
34 37 517.75
34 38 807.82
34 39 228.717
34 40 -461.652
34 41 549.077
34 42 714.509
34 43 -419.576
34 44 -957.825
34 45 -976.817
34 46 -676.304
34 47 658.694
34 48 51.9265
34 49 374.607
34 50 820.706
35 1 -526.383
35 2 -154.848
35 3 -182.268
35 4 -609.313
35 5 946.566
35 6 215.954
35 7 -675.327
35 8 70.9185
35 9 125.94
35 10 545.352
35 11 149.635
35 12 -92.8647
35 13 449.232
35 14 -205.84
35 15 601.718
35 16 -613.404
35 17 -796.912
35 18 852.888
35 19 755.18
35 20 -936.94
35 21 -600.885
35 22 -323.578
35 23 777.592
35 24 -679.54
35 25 228.9
35 26 662.663
35 27 566.726
35 28 210.03
35 29 -697.8
35 30 683.182
35 31 -615.603
35 32 -701.342
35 33 852.949
35 34 -767.111
35 36 -825.125
35 37 472.376
35 38 -915.017
35 39 -882.468
35 40 251.251
35 41 -386.416
35 42 877.926
35 43 -882.468
35 44 -959.352
35 45 119.406
35 46 995.664
35 47 -923.505
35 48 584.252
35 49 165.695
35 50 31.9574
36 1 842.69
36 2 -546.719
36 3 681.777
36 4 247.159
36 5 -501.223
36 6 -192.588
36 7 -44.8656
36 8 -506.903
36 9 335.158
36 10 243.007
36 11 -184.405
36 12 423.95
36 13 -27.2781
36 14 148.596
36 15 -674.594
36 16 -838.988
36 17 -892.544
36 18 -759.234
36 19 924.887
36 20 623.458
36 21 -710.013
36 22 972.581
36 23 956.092
36 24 682.082
36 25 -815.171
36 26 -507.208
36 27 -478.323
36 28 356.959
36 29 753.226
36 30 868.155
36 31 -400.767
36 32 219.252
36 33 783.638
36 34 216.992
36 35 352.012
36 37 198.794
36 38 224.381
36 39 -515.147
36 40 581.687
36 41 981.802
36 42 740.341
36 43 -484.796
36 44 -746.226
36 45 183.588
36 46 937.223
36 47 -879.964
36 48 -963.749
36 49 -508.368
36 50 -305.013
37 1 837.499
37 2 -217.626
37 3 -45.0488
37 4 -955.627
37 5 51.9875
37 6 -95.7959
37 7 -385.806
37 8 19.6828
37 9 -814.133
37 10 571.672
37 11 664.739
37 12 -69.3536
37 13 -374.325
37 14 668.77
37 15 325.326
37 16 495.399
37 17 -915.261
37 18 -547.085
37 19 619.427
37 20 -742.379
37 21 -907.811
37 22 851.911
37 23 -763.386
37 24 -256.22
37 25 284.227
37 26 325.814
37 27 681.289
37 28 777.897
37 29 192.748
37 30 255.77
37 31 -127.307
37 32 408.866
37 33 -778.103
37 34 769.043
37 35 -585.802
37 36 881.59
37 38 -508.124
37 39 -44.4992
37 40 688.983
37 41 81.7274
37 42 239.709
37 43 412.042
37 44 -14.2097
37 45 -93.17
37 46 469.628
37 47 40.0794
37 48 -152.589
37 49 985.893
37 50 536.925
38 1 51.499
38 2 810.996
38 3 193.603
38 4 -650.045
38 5 104.75
38 6 -257.686
38 7 401.294
38 8 886.598
38 9 -482.353
38 10 -47.3083
38 11 885.621
38 12 694.968
38 13 493.994
38 14 -730.043
38 15 -150.757
38 16 93.7577
38 17 292.594
38 18 -727.601
38 19 -514.17
38 20 732.097
38 21 292.594
38 22 -144.955
38 23 -981.153
38 24 -791.355
38 25 875.239
38 26 326.608
38 27 165.451
38 28 446.85
38 29 69.2697
38 30 -779.203
38 31 448.988
38 32 -513.681
38 33 900.582
38 34 12.7822
38 35 811.973
38 36 416.072
38 37 -632.396
38 39 917.498
38 40 953.589
38 41 96.5058
38 42 6.30903
38 43 -27.0949
38 44 837.744
38 45 -606.809
38 46 950.23
38 47 -411.82
38 48 -194.176
38 49 -414.63
38 50 -549.222
39 1 -261.839
39 2 -265.869
39 3 647.335
39 4 -214.511
39 5 2.0343
39 6 -332.127
39 7 -912.025
39 8 479.521
39 9 -371.088
39 10 377.722
39 11 43.316
39 12 798.966
39 13 -181.168
39 14 267.678
39 15 -712.151
39 16 -560.398
39 17 -597.283
39 18 -920.086
39 19 -115.643
39 20 -644.793
39 21 117.757
39 22 829.622
39 23 -872.88
39 24 -346.661
39 25 653.503
39 26 399.401
39 27 494.117
39 28 510.116
39 29 -331.883
39 30 -745.982
39 31 269.754
39 32 29.2094
39 33 957.436
39 34 688.067
39 35 -448.156
39 36 993.71
39 37 955.604
39 38 50.7662
39 40 -691.571
39 41 432.072
39 42 -225.87
39 43 402.393
39 44 -817.614
39 45 -42.1175
39 46 -49.3846
39 47 -988.909
39 48 -268.19
39 49 -200.71
39 50 96.0783
40 1 -844.667
40 2 789.256
40 3 469.628
40 4 -361.318
40 5 646.419
40 6 -370.905
40 7 -990.557
40 8 -157.474
40 9 -476.979
40 10 -362.417
40 11 -252.312
40 12 -711.662
40 13 358.608
40 14 -845.339
40 15 499.307
40 16 -988.176
40 17 -404.309
40 18 -802.103
40 19 160.749
40 20 -522.841
40 21 -622.503
40 22 -261.35
40 23 626.938
40 24 579.977
40 25 285.937
40 26 -774.378
40 27 965.375
40 28 864.369
40 29 438.545
40 30 -954.589
40 31 794.874
40 32 -856.453
40 33 -619.328
40 34 -401.011
40 35 799.271
40 36 712.922
40 37 208.015
40 38 -311.059
40 39 -686.991
40 41 -672.457
40 42 350.058
40 43 -95.1852
40 44 925.375
40 45 -834.286
40 46 469.201
40 47 -311.303
40 48 20.1714
40 49 -74.6665
40 50 -104.223
41 1 775.149
41 2 -779.142
41 3 -730.654
41 4 47.3464
41 5 684.953
41 6 -355.211
41 7 -199.305
41 8 262.365
41 9 971.787
41 10 924.765
41 11 744.249
41 12 -507.88
41 13 -104.529
41 14 -71.5521
41 15 -463.484
41 16 286.975
41 17 223.404
41 18 120.811
41 19 -492.185
41 20 506.696
41 21 -168.283
41 22 489.292
41 23 833.469
41 24 -793.92
41 25 -187.886
41 26 -10.1792
41 27 954.81
41 28 124.719
41 29 -245.045
41 30 440.072
41 31 -345.562
41 32 -788.363
41 33 908.338
41 34 -204.557
41 35 970.749
41 36 -355.516
41 37 890.323
41 38 756.524
41 39 -870.01
41 40 753.287
41 42 654.724
41 43 629.076
41 44 713.41
41 45 306.395
41 46 -616.397
41 47 -607.847
41 48 201.664
41 49 591.764
41 50 6.30903
42 1 -100.62
42 2 -867.995
42 3 -279.304
42 4 -980.603
42 5 -850.652
42 6 19.805
42 7 608.679
42 8 -685.953
42 9 579.123
42 10 -755.936
42 11 -948.909
42 12 -324.494
42 13 292.838
42 14 96.1394
42 15 -643.755
42 16 -338.661
42 17 -808.82
42 18 154.642
42 19 943.329
42 20 -464.583
42 21 -83.5213
42 22 199.099
42 23 366.791
42 24 -51.3387
42 25 558.482
42 26 831.881
42 27 199.771
42 28 -948.97
42 29 64.7507
42 30 3.01138
42 31 -799.66
42 32 -269.167
42 33 -713.616
42 34 -370.111
42 35 -782.622
42 36 653.564
42 37 596.16
42 38 487.399
42 39 -742.379
42 40 -196.557
42 41 15.5913
42 43 -434.782
42 44 163.436
42 45 209.969
42 46 801.286
42 47 -917.276
42 48 329.112
42 49 537.536
42 50 405.263
43 1 -664.396
43 2 -97.8722
43 3 240.931
43 4 -229.9
43 5 574.665
43 6 -100.254
43 7 -34.9726
43 8 880.552
43 9 96.689
43 10 -320.219
43 11 876.888
43 12 -489.01
43 13 -256.587
43 14 -792.576
43 15 -382.691
43 16 -878.376
43 17 -17.1409
43 18 -448.705
43 19 569.474
43 20 815.515
43 21 -228.312
43 22 45.7587
43 23 109.208
43 24 -689.006
43 25 383.829
43 26 -439.301
43 27 554.696
43 28 -126.024
43 29 387.187
43 30 316.227
43 31 474.27
43 32 119.04
43 33 -34.9726
43 34 -329.44
43 35 -939.139
43 36 -351.364
43 37 -238.266
43 38 336.562
43 39 -748.669
43 40 -550.871
43 41 443.98
43 42 442.209
43 44 -726.196
43 45 -14.5761
43 46 162.825
43 47 -106.422
43 48 -676.731
43 49 -67.7048
43 50 110.368
44 1 464.01
44 2 -957.825
44 3 483.002
44 4 -652.426
44 5 49.0563
44 6 498.697
44 7 -835.568
44 8 -897.674
44 9 533.261
44 10 343.707
44 11 109.513
44 12 -284.189
44 13 -307.639
44 14 -151.795
44 15 704.433
44 16 430.301
44 17 584.252
44 18 491.185
44 19 -428.98
44 20 -795.996
44 21 848.125
44 22 -205.412
44 23 -191.428
44 24 745.654
44 25 -632.274
44 26 -902.742
44 27 428.408
44 28 -62.0866
44 29 726.662
44 30 -55.4913
44 31 -68.3155
44 32 869.743
44 33 884.155
44 34 786.569
44 35 962.138
44 36 627.366
44 37 533.322
44 38 676.281
44 39 -37.6596
44 40 64.2621
44 41 -444.675
44 42 -351.058
44 43 792.126
44 45 716.524
44 46 -980.237
44 47 474.27
44 48 218.458
44 49 56.6897
44 50 164.779
45 1 -539.513
45 2 244.289
45 3 282.518
45 4 793.042
45 5 -983.29
45 6 -812.546
45 7 811.729
45 8 528.253
45 9 -362.539
45 10 468.224
45 11 -316.25
45 12 -638.747
45 13 12.9654
45 14 -978.283
45 15 54.3081
45 16 928.429
45 17 949.986
45 18 302.242
45 19 958.779
45 20 950.963
45 21 -216.465
45 22 -222.511
45 23 547.001
45 24 292.349
45 25 980.947
45 26 -107.093
45 27 971.42
45 28 -951.596
45 29 -397.531
45 30 407.645
45 31 -892.483
45 32 -876.972
45 33 -660.854
45 34 -938.955
45 35 313.784
45 36 -282.601
45 37 -220.007
45 38 504.742
45 39 -610.962
45 40 -821.278
45 41 622.297
45 42 420.835
45 43 -47.1861
45 44 -357.409
45 46 -501.162
45 47 793.592
45 48 397.386
45 49 -99.2767
45 50 -880.392
46 1 -758.623
46 2 -371.882
46 3 941.925
46 4 401.538
46 5 371.981
46 6 767.027
46 7 -406.202
46 8 -716.242
46 9 72.9337
46 10 1.42363
46 11 715.792
46 12 -76.865
46 13 704.8
46 14 785.225
46 15 -642.045
46 16 -66.8499
46 17 104.994
46 18 553.78
46 19 -643.877
46 20 381.997
46 21 363.615
46 22 164.657
46 23 -233.87
46 24 216.32
46 25 -710.746
46 26 -765.951
46 27 -399.485
46 28 -189.412
46 29 521.719
46 30 -432.767
46 31 293.998
46 32 -677.525
46 33 -794.286
46 34 -138.849
46 35 333.753
46 36 546.207
46 37 -806.805
46 38 -122.36
46 39 -500.674
46 40 -55.4302
46 41 679.029
46 42 -734.379
46 43 -856.148
46 44 -438.141
46 45 230.06
46 47 -775.111
46 48 -45.5373
46 49 -514.719
46 50 143.528
47 1 194.947
47 2 -369.562
47 3 558.299
47 4 -943.291
47 5 -240.709
47 6 -78.2695
47 7 -977.123
47 8 766.295
47 9 -43.9496
47 10 -546.719
47 11 -207.244
47 12 -829.156
47 13 172.107
47 14 -213.717
47 15 20.1714
47 16 308.044
47 17 819.118
47 18 -858.407
47 19 -328.036
47 20 -620.977
47 21 -28.6827
47 22 -765.463
47 23 784.065
47 24 -255.121
47 25 160.871
47 26 -352.646
47 27 83.3763
47 28 -207.977
47 29 -495.178
47 30 -815.355
47 31 678.174
47 32 633.839
47 33 368.317
47 34 649.289
47 35 -518.078
47 36 566.115
47 37 -266.174
47 38 465.659
47 39 84.048
47 40 -772.607
47 41 482.697
47 42 -393.134
47 43 -271.67
47 44 -605.649
47 45 -244.801
47 46 -755.264
47 48 112.017
47 49 -653.037
47 50 -400.462
48 1 -430.812
48 2 672.312
48 3 -247.366
48 4 76.2924
48 5 -786.714
48 6 60.4759
48 7 -6.02661
48 8 19.2553
48 9 -275.457
48 10 488.559
48 11 -113.505
48 12 -362.844
48 13 510.788
48 14 628.832
48 15 -280.892
48 16 141.268
48 17 708.28
48 18 -235.03
48 19 557.077
48 20 586.145
48 21 -595.756
48 22 876.644
48 23 -258.846
48 24 -884.788
48 25 654.968
48 26 -662.686
48 27 -469.346
48 28 799.698
48 29 724.646
48 30 936.123
48 31 -187.886
48 32 -759.295
48 33 5.82049
48 34 -125.047
48 35 825.469
48 36 158.917
48 37 -963.566
48 38 472.071
48 39 835.789
48 40 112.383
48 41 -937.734
48 42 -784.332
48 43 696.678
48 44 573.138
48 45 579.0
48 46 894.292
48 47 232.32
48 49 519.643
48 50 291.433
49 1 -545.192
49 2 385.233
49 3 -250.114
49 4 -65.9949
49 5 -684.975
49 6 59.8042
49 7 95.7119
49 8 -623.48
49 9 -222.022
49 10 -393.378
49 11 723.669
49 12 -534.871
49 13 266.151
49 14 -122.116
49 15 717.196
49 16 -971.504
49 17 -952.024
49 18 795.241
49 19 -877.644
49 20 -507.086
49 21 -848.392
49 22 366.424
49 23 -351.669
49 24 -464.033
49 25 143.1
49 26 92.0479
49 27 199.771
49 28 -775.294
49 29 -532.856
49 30 -308.799
49 31 445.751
49 32 70.5521
49 33 38.0641
49 34 -907.445
49 35 -401.073
49 36 436.347
49 37 -245.533
49 38 624.557
49 39 -400.584
49 40 742.417
49 41 -355.089
49 42 -663.541
49 43 -115.704
49 44 -102.208
49 45 315.799
49 46 407.462
49 47 938.994
49 48 -596.305
49 50 -603.511
50 1 -451.759
50 2 809.958
50 3 558.909
50 4 -327.181
50 5 -629.038
50 6 -226.236
50 7 -793.309
50 8 583.519
50 9 -368.462
50 10 -656.823
50 11 -527.543
50 12 780.89
50 13 303.464
50 14 800.431
50 15 904.918
50 16 437.568
50 17 -589.527
50 18 -557.1
50 19 480.926
50 20 984.977
50 21 563.306
50 22 -257.869
50 23 -94.0249
50 24 971.787
50 25 122.765
50 26 -423.362
50 27 -361.928
50 28 -265.808
50 29 950.841
50 30 755.73
50 31 83.5595
50 32 -438.079
50 33 660.098
50 34 -2.17936
50 35 -603.695
50 36 43.8045
50 37 -677.586
50 38 -428.37
50 39 325.143
50 40 -712.395
50 41 561.474
50 42 -232.465
50 43 -468.247
50 44 -298.54
50 45 962.627
50 46 401.05
50 47 -160.589
50 48 -986.832
50 49 -244.373
