50 2450
1
2
3
4
5
6
7
8
9
10
11
12
13
14
15
16
17
18
19
20
21
22
23
24
25
26
27
28
29
30
31
32
33
34
35
36
37
38
39
40
41
42
43
44
45
46
47
48
49
50
1 2 740.646
1 3 435.675
1 4 -700.853
1 5 -70.6361
1 6 159.405
1 7 752.921
1 8 -800.943
1 9 -46.5755
1 10 83.6205
1 11 -513.742
1 12 -11.7059
1 13 -921.795
1 14 838.11
1 15 -982.191
1 16 -539.879
1 17 112.933
1 18 427.553
1 19 -956.36
1 20 385.172
1 21 172.657
1 22 228.106
1 23 261.449
1 24 -799.782
1 25 -648.762
1 26 731.608
1 27 -122.605
1 28 -763.875
1 29 -194.237
1 30 37.942
1 31 882.384
1 32 648.984
1 33 695.823
1 34 785.103
1 35 16.1409
1 36 258.64
1 37 -582.443
1 38 191.771
1 39 381.142
1 40 -518.689
1 41 573.688
1 42 918.719
1 43 -382.508
1 44 -466.903
1 45 -903.353
1 46 -584.336
1 47 -398.508
1 48 99.437
1 49 997.741
1 50 -536.398
2 1 584.619
2 3 659.304
2 4 136.016
2 5 -424.278
2 6 -277.96
2 7 647.824
2 8 491.307
2 9 -33.7513
2 10 930.872
2 11 -353.196
2 12 335.402
2 13 -239.06
2 14 -2.60683
2 15 -209.198
2 16 -228.984
2 17 143.772
2 18 -100.62
2 19 -428.797
2 20 59.1325
2 21 121.238
2 22 251.434
2 23 -763.325
2 24 175.771
2 25 599.336
2 26 -168.527
2 27 967.39
2 28 -960.879
2 29 -547.94
2 30 119.345
2 31 9.97308
2 32 844.705
2 33 -719.906
2 34 780.768
2 35 -22.8813
2 36 -68.5598
2 37 533.017
2 38 -960.451
2 39 472.987
2 40 648.068
2 41 -307.456
2 42 -119.795
2 43 253.571
2 44 616.923
2 45 -791.722
2 46 998.534
2 47 102.002
2 48 868.277
2 49 858.201
2 50 -536.581
3 1 603.55
3 2 -741.524
3 4 -769.737
3 5 15.5302
3 6 -990.13
3 7 627.244
3 8 -974.68
3 9 -71.6131
3 10 388.409
3 11 109.025
3 12 839.392
3 13 395.004
3 14 -779.508
3 15 -933.032
3 16 -864.026
3 17 -646.014
3 18 673.35
3 19 58.766
3 20 -900.544
3 21 -289.746
3 22 -310.57
3 23 282.212
3 24 29.2704
3 25 -129.017
3 26 -876.728
3 27 -53.7204
3 28 -8.28611
3 29 551.581
3 30 -921.124
3 31 993.344
3 32 -595.45
3 33 775.333
3 34 656.312
3 35 610.694
3 36 240.442
3 37 -987.626
3 38 283.556
3 39 981.802
3 40 536.375
3 41 396.286
3 42 -166.329
3 43 -305.074
3 44 905.895
3 45 -60.4989
3 46 698.876
3 47 268.106
3 48 728.982
3 49 716.402
3 50 -982.924
4 1 -795.691
4 2 716.769
4 3 916.948
4 5 248.747
4 6 -958.558
4 7 -468.308
4 8 734.784
4 9 263.281
4 10 -191.794
4 11 -842.102
4 12 -988.359
4 13 -842.285
4 14 341.142
4 15 700.952
4 16 586.695
4 17 970.077
4 18 -105.628
4 19 -692.609
4 20 270.426
4 21 -524.734
4 22 -519.727
4 23 -95.4295
4 24 410.088
4 25 -722.593
4 26 -624.519
4 27 418.942
4 28 -47.8579
4 29 346.822
4 30 234.396
4 31 191.222
4 32 -37.4764
4 33 -780.974
4 34 244.045
4 35 258.823
4 36 -471.483
4 37 -962.405
4 38 -237.228
4 39 -805.95
4 40 989.802
4 41 -385.5
4 42 -126.085
4 43 -805.95
4 44 423.339
4 45 -289.197
4 46 294.67
4 47 97.9103
4 48 339.31
4 49 721.471
4 50 -921.185
5 1 28.2933
5 2 502.3
5 3 -56.2241
5 4 -446.324
5 6 344.135
5 7 -167.611
5 8 632.251
5 9 916.643
5 10 -416.706
5 11 -681.434
5 12 -993.916
5 13 -57.5065
5 14 95.8951
5 15 879.025
5 16 -575.848
5 17 238.488
5 18 40.6901
5 19 105.544
5 20 -116.315
5 21 468.102
5 22 448.255
5 23 -157.841
5 24 -941.887
5 25 2.21751
5 26 23.469
5 27 514.391
5 28 -952.757
5 29 -576.947
5 30 -612.977
5 31 161.543
5 32 -975.107
5 33 320.868
5 34 -565.65
5 35 110.124
5 36 -17.3852
5 37 -182.023
5 38 -496.338
5 39 -786.103
5 40 -254.938
5 41 268.961
5 42 41.9114
5 43 613.87
5 44 457.415
5 45 -443.942
5 46 -548.245
5 47 -63.7354
5 48 -284.006
5 49 437.812
5 50 -186.237
6 1 892.582
6 2 -451.575
6 3 367.462
6 4 -839.232
6 5 -813.034
6 7 413.08
6 8 239.465
6 9 -994.405
6 10 703.029
6 11 416.378
6 12 -515.452
6 13 797.378
6 14 869.865
6 15 935.268
6 16 -38.0871
6 17 -3.0343
6 18 -816.82
6 19 824.248
6 20 77.2084
6 21 -528.398
6 22 -207.0
6 23 404.469
6 24 -426.354
6 25 873.896
6 26 97.2997
6 27 -585.68
6 28 426.82
6 29 -293.655
6 30 295.464
6 31 115.62
6 32 278.67
6 33 767.699
6 34 -178.237
6 35 -266.602
6 36 -141.047
6 37 -359.974
6 38 -393.989
6 39 -567.482
6 40 819.729
6 41 941.314
6 42 93.7577
6 43 1.17936
6 44 -576.642
6 45 992.855
6 46 -33.6291
6 47 -561.436
6 48 534.055
6 49 -377.195
6 50 -500.613
7 1 637.259
7 2 -677.403
7 3 773.195
7 4 -506.048
7 5 333.448
7 6 -841.431
7 8 595.55
7 9 -281.319
7 10 -467.392
7 11 -908.361
7 12 743.883
7 13 -197.229
7 14 581.443
7 15 -614.504
7 16 -472.949
7 17 515.551
7 18 -923.872
7 19 528.925
7 20 629.015
7 21 367.89
7 22 -188.802
7 23 163.497
7 24 63.4072
7 25 -520.46
7 26 925.864
7 27 -628.061
7 28 -924.116
7 29 -356.982
7 30 -535.36
7 31 754.875
7 32 -342.142
7 33 522.757
7 34 529.169
7 35 -265.503
7 36 369.294
7 37 930.81
7 38 -806.622
7 39 -460.858
7 40 -838.56
7 41 -886.01
7 42 -597.221
7 43 -721.555
7 44 885.254
7 45 994.138
7 46 -991.657
7 47 -428.919
7 48 158.001
7 49 280.624
7 50 -846.866
8 1 -851.446
8 2 -692.609
8 3 -571.817
8 4 -821.767
8 5 881.102
8 6 47.1632
8 7 -659.449
8 9 -751.539
8 10 650.816
8 11 589.993
8 12 778.813
8 13 -122.299
8 14 -470.506
8 15 885.132
8 16 -596.366
8 17 544.375
8 18 679.273
8 19 -339.578
8 20 -598.504
8 21 585.351
8 22 -582.687
8 23 -34.5452
8 24 -392.34
8 25 554.512
8 26 -99.7653
8 27 890.078
8 28 -910.803
8 29 -768.088
8 30 835.118
8 31 160.688
8 32 113.116
8 33 477.75
8 34 -319.547
8 35 -704.334
8 36 -567.665
8 37 -897.613
8 38 -232.77
8 39 2.95032
8 40 -155.642
8 41 -30.8811
8 42 -234.602
8 43 -489.926
8 44 938.261
8 45 -520.704
8 46 -47.1251
8 47 -477.102
8 48 983.939
8 49 -335.73
8 50 710.296
9 1 485.017
9 2 896.857
9 3 43.5602
9 4 -316.372
9 5 -164.497
9 6 210.397
9 7 -547.818
9 8 -942.864
9 10 -45.1709
9 11 0.812952
9 12 -978.039
9 13 -637.526
9 14 474.575
9 15 696.555
9 16 499.49
9 17 -728.944
9 18 650.144
9 19 -288.586
9 20 -911.231
9 21 -192.649
9 22 479.399
9 23 845.866
9 24 -979.199
9 25 412.53
9 26 253.877
9 27 375.035
9 28 -990.374
9 29 -695.723
9 30 -769.188
9 31 -212.313
9 32 -190.634
9 33 -430.873
9 34 -883.934
9 35 89.483
9 36 -957.092
9 37 -584.703
9 38 -961.245
9 39 -379.76
9 40 -498.597
9 41 39.4687
9 42 -285.411
9 43 324.227
9 44 87.8342
9 45 -469.957
9 46 -524.734
9 47 400.561
9 48 -393.439
9 49 257.052
9 50 -137.444
10 1 284.594
10 2 580.893
10 3 172.352
10 4 -538.78
10 5 -113.689
10 6 -722.41
10 7 -527.116
10 8 -327.181
10 9 30.4918
10 11 -853.766
10 12 -947.199
10 13 -896.391
10 14 31.4078
10 15 -164.008
10 16 186.641
10 17 268.35
10 18 343.951
10 19 996.886
10 20 -121.933
10 21 -719.173
10 22 224.748
10 23 -957.337
10 24 -678.563
10 25 241.114
10 26 -656.152
10 27 74.2772
10 28 -100.987
10 29 978.748
10 30 -716.608
10 31 -874.529
10 32 160.016
10 33 -134.452
10 34 -142.39
10 35 957.924
10 36 220.839
10 37 373.691
10 38 197.267
10 39 549.322
10 40 -982.619
10 41 -941.887
10 42 -467.087
10 43 504.193
10 44 855.087
10 45 -325.776
10 46 -384.157
10 47 -461.59
10 48 678.418
10 49 -910.742
10 50 -290.601
11 1 -748.913
11 2 524.406
11 3 -296.708
11 4 96.5058
11 5 -644.549
11 6 568.497
11 7 43.0106
11 8 -967.169
11 9 565.688
11 10 -781.645
11 12 233.969
11 13 -908.483
11 14 -680.456
11 15 -309.166
11 16 27.5605
11 17 -174.634
11 18 -462.812
11 19 -501.04
11 20 75.926
11 21 695.762
11 22 -418.049
11 23 303.952
11 24 138.703
11 25 -801.737
11 26 -366.02
11 27 552.192
11 28 912.979
11 29 131.192
11 30 -351.058
11 31 348.348
11 32 -831.904
11 33 925.192
11 34 -905.185
11 35 994.138
11 36 885.987
11 37 997.802
11 38 656.068
11 39 630.114
11 40 67.4376
11 41 51.1937
11 42 -918.315
11 43 426.515
11 44 -68.6819
11 45 -742.257
11 46 -611.023
11 47 748.463
11 48 154.52
11 49 269.449
11 50 -424.095
12 1 -258.541
12 2 867.422
12 3 -14.0265
12 4 62.4912
12 5 -224.404
12 6 -921.918
12 7 30.6139
12 8 -973.336
12 9 175.894
12 10 226.152
12 11 853.926
12 13 -163.153
12 14 -311.67
12 15 529.78
12 16 -585.924
12 17 -248.037
12 18 -886.254
12 19 845.072
12 20 375.951
12 21 96.9943
12 22 -455.117
12 23 -301.532
12 24 -255.304
12 25 -917.337
12 26 646.48
12 27 197.267
12 28 903.33
12 29 -527.971
12 30 416.744
12 31 490.33
12 32 -41.8733
12 33 266.518
12 34 869.743
12 35 482.941
12 36 361.6
12 37 612.71
12 38 -934.559
12 39 481.72
12 40 -280.403
12 41 -890.346
12 42 -55.3692
12 43 460.468
12 44 747.852
12 45 709.441
12 46 378.577
12 47 -365.226
12 48 -708.853
12 49 383.523
12 50 901.681
13 1 -965.275
13 2 -632.152
13 3 -229.534
13 4 540.528
13 5 758.722
13 6 149.146
13 7 -35.7665
13 8 -810.042
13 9 595.672
13 10 834.568
13 11 645.014
13 12 969.894
13 14 -284.678
13 15 348.776
13 16 738.875
13 17 991.695
13 18 96.3226
13 19 -198.389
13 20 792.431
13 21 994.87
13 22 -612.488
13 23 644.892
13 24 247.892
13 25 264.38
13 26 -102.33
13 27 465.232
13 28 -190.145
13 29 -715.998
13 30 -615.359
13 31 -643.999
13 32 88.2617
13 33 557.382
13 34 349.692
13 35 798.599
13 36 706.021
13 37 28.7819
13 38 -494.445
13 39 -14.0875
13 40 -941.52
13 41 -441.682
13 42 127.406
13 43 -452.552
13 44 920.002
13 45 -132.986
13 46 949.864
13 47 -415.484
13 48 60.3538
13 49 403.798
13 50 318.792
14 1 -25.7514
14 2 -901.521
14 3 -431.973
14 4 -724.73
14 5 -129.139
14 6 742.784
14 7 -272.403
14 8 259.007
14 9 345.539
14 10 -378.722
14 11 460.957
14 12 -883.628
14 13 -903.78
14 15 -96.6508
14 16 472.315
14 17 -883.384
14 18 -823.355
14 19 868.705
14 20 -388.432
14 21 638.297
14 22 665.533
14 23 -361.806
14 24 -562.657
14 25 -768.394
14 26 -773.829
14 27 -752.822
14 28 -242.541
14 29 -252.251
14 30 498.33
14 31 -763.081
14 32 -409.744
14 33 -802.286
14 34 234.274
14 35 968.733
14 36 -17.5073
14 37 60.5981
14 38 -848.087
14 39 834.141
14 40 -884.483
14 41 701.624
14 42 415.645
14 43 -437.163
14 44 -851.323
14 45 605.809
14 46 688.128
14 47 803.363
14 48 -776.699
14 49 -895.536
14 50 703.945
15 1 -838.133
15 2 77.8802
15 3 -711.479
15 4 284.105
15 5 911.391
15 6 702.479
15 7 -214.145
15 8 -258.724
15 9 -483.269
15 10 476.529
15 11 104.811
15 12 607.946
15 13 -788.119
15 14 -777.187
15 16 220.656
15 17 -376.401
15 18 772.829
15 19 619.671
15 20 95.5898
15 21 930.139
15 22 699.303
15 23 -603.084
15 24 -179.886
15 25 389.752
15 26 -8.28611
15 27 -221.29
15 28 63.285
15 29 992.977
15 30 -301.655
15 31 -422.996
15 32 -482.537
15 33 -736.516
15 34 -571.146
15 35 -597.344
15 36 -970.039
15 37 -373.226
15 38 22.6141
15 39 -586.29
15 40 -897.429
15 41 650.633
15 42 553.718
15 43 -954.405
15 44 451.247
15 45 120.017
15 46 866.14
15 47 160.749
15 48 309.387
15 49 873.651
15 50 -178.542
16 1 -951.841
16 2 171.13
16 3 331.494
16 4 453.14
16 5 -272.953
16 6 -351.852
16 7 -330.54
16 8 201.969
16 9 -33.507
16 10 140.23
16 11 -439.24
16 12 -561.192
16 13 485.506
16 14 998.046
16 15 431.95
16 17 447.705
16 18 751.211
16 19 -128.101
16 20 166.367
16 21 56.9951
16 22 -177.199
16 23 -65.2621
16 24 -801.553
16 25 120.2
16 26 -322.54
16 27 -344.829
16 28 -70.8803
16 29 -985.245
16 30 -550.993
16 31 -175.062
16 32 400.011
16 33 363.432
16 34 27.8048
16 35 -485.04
16 36 -827.202
16 37 147.925
16 38 -551.115
16 39 -344.28
16 40 -655.419
16 41 425.538
16 42 516.589
16 43 -76.5596
16 44 631.518
16 45 811.973
16 46 -912.635
16 47 -376.279
16 48 -531.94
16 49 -66.3003
16 50 472.621
17 1 260.289
17 2 61.6973
17 3 34.8886
17 4 365.936
17 5 470.422
17 6 320.318
17 7 918.292
17 8 -231.427
17 9 -976.573
17 10 -383.546
17 11 416.683
17 12 323.005
17 13 566.604
17 14 308.838
17 15 -417.744
17 16 -498.781
17 18 -206.633
17 19 -41.2015
17 20 -226.664
17 21 94.002
17 22 751.089
17 23 192.504
17 24 -168.466
17 25 -580.306
17 26 938.749
17 27 -872.147
17 28 540.1
17 29 713.166
17 30 914.505
17 31 -677.831
17 32 541.932
17 33 106.338
17 34 -921.185
17 35 160.26
17 36 915.421
17 37 -333.165
17 38 335.768
17 39 635.183
17 40 584.863
17 41 -95.2463
17 42 300.593
17 43 -548.673
17 44 -237.961
17 45 202.947
17 46 -231.244
17 47 392.378
17 48 -398.386
17 49 602.45
17 50 -891.506
18 1 -121.017
18 2 -743.417
18 3 -620.61
18 4 -722.593
18 5 676.708
18 6 528.009
18 7 -143.306
18 8 -853.705
18 9 665.533
18 10 -714.838
18 11 875.483
18 12 -177.687
18 13 630.786
18 14 -137.566
18 15 378.821
18 16 -348.982
18 17 -3.40071
18 19 -407.057
18 20 539.001
18 21 595.366
18 22 451.247
18 23 -304.097
18 24 -141.169
18 25 -334.265
18 26 390.729
18 27 -317.41
18 28 698.449
18 29 106.154
18 30 130.459
18 31 -518.872
18 32 -350.631
18 33 2.09537
18 34 812.645
18 35 463.461
18 36 -788.119
18 37 -980.542
18 38 949.131
18 39 -442.232
18 40 193.42
18 41 949.436
18 42 -458.11
18 43 -352.341
18 44 -723.021
18 45 741.562
18 46 -284.311
18 47 425.354
18 48 -797.462
18 49 -265.075
18 50 -207.061
19 1 903.452
19 2 -19.5225
19 3 -250.114
19 4 -235.824
19 5 -234.541
19 6 591.702
19 7 -260.984
19 8 77.5138
19 9 746.448
19 10 -395.21
19 11 -311.364
19 12 691.12
19 13 -781.645
19 14 151.1
19 15 -549.344
19 16 -675.999
19 17 -806.072
19 18 -315.212
19 20 -802.958
19 21 849.041
19 22 904.918
19 23 -16.2249
19 24 -818.164
19 25 747.303
19 26 163.558
19 27 -190.267
19 28 -500.368
19 29 590.237
19 30 -304.28
19 31 -319.853
19 32 -472.46
19 33 459.491
19 34 -384.829
19 35 -821.217
19 36 -260.678
19 37 257.846
19 38 -756.669
19 39 250.396
19 40 -423.973
19 41 844.339
19 42 -542.871
19 43 907.971
19 44 65.3003
19 45 928.795
19 46 -251.213
19 47 801.897
19 48 871.514
19 49 669.197
19 50 -810.225
20 1 -922.04
20 2 468.224
20 3 -96.8951
20 4 -513.925
20 5 -30.1483
20 6 -878.926
20 7 -45.232
20 8 -694.013
20 9 550.421
20 10 -634.717
20 11 951.94
20 12 78.613
20 13 99.376
20 14 -336.585
20 15 -407.973
20 16 439.156
20 17 -490.781
20 18 -60.1935
20 19 -698.41
20 21 -481.498
20 22 171.008
20 23 671.151
20 24 -291.273
20 25 259.923
20 26 777.287
20 27 221.572
20 28 -614.931
20 29 944.917
20 30 -517.223
20 31 115.498
20 32 786.996
20 33 128.017
20 34 -139.093
20 35 927.207
20 36 -673.739
20 37 -839.598
20 38 80.9336
20 39 479.46
20 40 -471.667
20 41 -512.032
20 42 -236.74
20 43 -957.459
20 44 186.703
20 45 914.933
20 46 -63.9797
20 47 -786.225
20 48 -523.452
20 49 19.6218
20 50 533.505
21 1 -835.324
21 2 -44.9266
21 3 916.765
21 4 876.888
21 5 954.566
21 6 379.248
21 7 -466.781
21 8 -428.125
21 9 580.955
21 10 292.288
21 11 -384.89
21 12 -734.623
21 13 -525.65
21 14 306.151
21 15 -377.867
21 16 688.739
21 17 106.46
21 18 20.782
21 19 722.631
21 20 -566.871
21 22 -595.145
21 23 518.849
21 24 -942.314
21 25 -97.8722
21 26 674.571
21 27 -631.114
21 28 482.575
21 29 -146.054
21 30 -311.181
21 31 -915.383
21 32 941.314
21 33 0.0801416
21 34 -333.41
21 35 963.237
21 36 699.853
21 37 77.1474
21 38 795.057
21 39 -752.028
21 40 -403.821
21 41 -160.589
21 42 -996.908
21 43 -434.354
21 44 -490.964
21 45 407.034
21 46 -323.517
21 47 543.337
21 48 -774.745
21 49 404.042
21 50 977.771
22 1 575.458
22 2 -97.5669
22 3 331.921
22 4 487.094
22 5 662.968
22 6 303.036
22 7 -393.5
22 8 -161.443
22 9 -739.936
22 10 -1.44655
22 11 -295.792
22 12 -965.886
22 13 76.781
22 14 -276.434
22 15 -153.138
22 16 -866.774
22 17 758.356
22 18 -931.383
22 19 671.273
22 20 999.145
22 21 -601.924
22 23 704.25
22 24 313.234
22 25 789.256
22 26 812.156
22 27 -689.128
22 28 351.28
22 29 -113.017
22 30 -499.147
22 31 427.919
22 32 38.2474
22 33 -53.1097
22 34 -733.952
22 35 -629.343
22 36 267.617
22 37 749.501
22 38 386.149
22 39 -553.863
22 40 -295.548
22 41 -446.69
22 42 309.204
22 43 -383.302
22 44 525.933
22 45 -364.676
22 46 799.332
22 47 827.057
22 48 198.428
22 49 692.83
22 50 -538.902
23 1 -837.095
23 2 743.822
23 3 810.141
23 4 598.542
23 5 -951.718
23 6 -85.964
23 7 672.373
23 8 -678.197
23 9 644.159
23 10 -269.289
23 11 -291.334
23 12 -129.017
23 13 655.945
23 14 810.08
23 15 861.193
23 16 59.0714
23 17 735.211
23 18 -80.1015
23 19 -345.806
23 20 801.775
23 21 650.694
23 22 -789.462
23 24 273.541
23 25 651.549
23 26 428.957
23 27 544.192
23 28 313.479
23 29 286.487
23 30 645.991
23 31 -634.045
23 32 907.483
23 33 881.651
23 34 -942.742
23 35 -432.767
23 36 -90.9105
23 37 -696.09
23 38 761.959
23 39 -248.648
23 40 827.057
23 41 77.0863
23 42 67.1323
23 43 366.241
23 44 -817.92
23 45 -969.062
23 46 -726.257
23 47 124.108
23 48 -999.168
23 49 605.198
23 50 538.513
24 1 -844.789
24 2 -897.979
24 3 -291.029
24 4 13.8814
24 5 -671.907
24 6 -109.719
24 7 110.796
24 8 463.033
24 9 -827.69
24 10 327.524
24 11 261.266
24 12 -485.956
24 13 -149.719
24 14 -221.412
24 15 513.109
24 16 -234.419
24 17 -396.676
24 18 415.645
24 19 661.075
24 20 -90.0555
24 21 -878.865
24 22 863.819
24 23 -256.22
24 25 -921.979
24 26 -736.516
24 27 786.569
24 28 -952.451
24 29 -414.63
24 30 -425.683
24 31 -911.536
24 32 243.373
24 33 263.403
24 34 -971.504
24 35 -569.314
24 36 -403.149
24 37 -426.599
24 38 -553.07
24 39 -266.113
24 40 198.916
24 41 685.808
24 42 -987.26
24 43 -625.862
24 44 -867.567
24 45 -296.647
24 46 337.723
24 47 747.058
24 48 -460.674
24 49 -762.714
24 50 499.796
25 1 885.254
25 2 499.307
25 3 499.796
25 4 -491.88
25 5 -169.443
25 6 678.174
25 7 113.36
25 8 619.488
25 9 -565.1
25 10 674.693
25 11 830.11
25 12 942.474
25 13 -719.051
25 14 0.996155
25 15 329.478
25 16 -218.542
25 17 -585.619
25 18 -359.73
25 19 -696.7
25 20 -855.598
25 21 571.733
25 22 114.154
25 23 -1000.08
25 24 -146.116
25 26 -411.393
25 27 -1.08014
25 28 -578.535
25 29 -297.868
25 30 687.578
25 31 832.37
25 32 362.211
25 33 -909.521
25 34 311.036
25 35 -662.075
25 36 473.231
25 37 583.519
25 38 214.427
25 39 921.65
25 40 544.131
25 41 -185.809
25 42 483.063
25 43 -649.068
25 44 183.71
25 45 194.702
25 46 -826.835
25 47 592.802
25 48 93.3913
25 49 843.056
25 50 266.09
26 1 -297.991
26 2 -884.85
26 3 186.641
26 4 607.519
26 5 743.333
26 6 249.236
26 7 671.335
26 8 -457.987
26 9 644.221
26 10 815.576
26 11 -993.855
26 12 -85.5976
26 13 948.581
26 14 964.886
26 15 -599.542
26 16 124.902
26 17 385.172
26 18 -289.38
26 19 205.023
26 20 -62.3309
26 21 204.046
26 22 680.739
26 23 -581.222
26 24 -280.708
26 25 -793.187
26 27 762.63
26 28 -512.154
26 29 -201.565
26 30 419.797
26 31 -150.268
26 32 829.255
26 33 -365.409
26 34 332.593
26 35 859.117
26 36 525.2
26 37 -516.857
26 38 659.426
26 39 210.397
26 40 -372.31
26 41 244.167
26 42 -460.43
26 43 -32.9574
26 44 -500.063
26 45 179.802
26 46 133.574
26 47 -192.222
26 48 639.702
26 49 195.435
26 50 -467.025
27 1 30.736
27 2 420.164
27 3 361.905
27 4 -56.4073
27 5 -229.839
27 6 -809.553
27 7 -627.267
27 8 -942.375
27 9 -382.447
27 10 -834.53
27 11 -373.775
27 12 -428.553
27 13 830.965
27 14 -455.911
27 15 -391.729
27 16 769.409
27 17 319.585
27 18 300.288
27 19 279.831
27 20 123.681
27 21 -399.912
27 22 75.8039
27 23 -859.507
27 24 -153.566
27 25 899.055
27 26 620.221
27 28 672.373
27 29 321.601
27 30 593.534
27 31 -795.63
27 32 828.95
27 33 -635.877
27 34 -812.179
27 35 -538.108
27 36 284.716
27 37 -755.142
27 38 -1.26334
27 39 74.4604
27 40 109.391
27 41 407.584
27 42 -260.251
27 43 -241.564
27 44 565.138
27 45 -174.512
27 46 -795.386
27 47 -19.0951
27 48 712.433
27 49 937.711
27 50 -778.531
28 1 -160.344
28 2 -487.178
28 3 -915.078
28 4 72.8726
28 5 553.413
28 6 117.33
28 7 -589.283
28 8 -432.095
28 9 -9.8128
28 10 17.9119
28 11 -868.056
28 12 -41.3847
28 13 682.693
28 14 768.432
28 15 -852.606
28 16 876.644
28 17 -247.121
28 18 -57.934
28 19 901.742
28 20 488.559
28 21 202.275
28 22 -969.367
28 23 -554.413
28 24 55.8959
28 25 -15.4921
28 26 -40.9572
28 27 645.991
28 29 80.3229
28 30 317.937
28 31 -92.254
28 32 -550.383
28 33 -772.546
28 34 -341.226
28 35 -862.255
28 36 -819.874
28 37 219.496
28 38 786.508
28 39 -505.498
28 40 768.554
28 41 -128.284
28 42 -577.191
28 43 281.357
28 44 -125.536
28 45 -520.46
28 46 -154.97
28 47 -805.401
28 48 840.308
28 49 725.257
28 50 -98.7882
29 1 -992.756
29 2 -608.763
29 3 -701.403
29 4 894.231
29 5 -321.074
29 6 -948.36
29 7 -569.802
29 8 749.806
29 9 592.13
29 10 -816.698
29 11 -499.636
29 12 -78.5138
29 13 596.038
29 14 -392.951
29 15 -63.7354
29 16 460.59
29 17 547.428
29 18 -267.212
29 19 -431.667
29 20 -311.975
29 21 32.6902
29 22 -860.423
29 23 -357.226
29 24 918.78
29 25 963.97
29 26 -456.827
29 27 -330.356
29 28 653.808
29 30 -271.976
29 31 -915.933
29 32 302.426
29 33 703.761
29 34 592.68
29 35 884.277
29 36 -572.001
29 37 657.045
29 38 31.2857
29 39 792.431
29 40 666.327
29 41 -853.888
29 42 683.67
29 43 279.342
29 44 448.316
29 45 -653.831
29 46 613.442
29 47 -603.145
29 48 884.399
29 49 -866.285
29 50 569.779
30 1 -246.45
30 2 587.122
30 3 -639.724
30 4 928.368
30 5 436.469
30 6 653.014
30 7 662.968
30 8 -996.908
30 9 822.66
30 10 -20.4996
30 11 255.526
30 12 423.828
30 13 -786.897
30 14 -886.804
30 15 -857.247
30 16 -756.18
30 17 -767.6
30 18 811.851
30 19 -814.744
30 20 503.338
30 21 919.391
30 22 502.361
30 23 456.926
30 24 -108.803
30 25 459.186
30 26 842.385
30 27 334.425
30 28 235.068
30 29 -505.376
30 31 -455.362
30 32 758.295
30 33 -527.971
30 34 -58.4226
30 35 678.296
30 36 -908.666
30 37 -185.504
30 38 -746.409
30 39 609.778
30 40 -969.856
30 41 778.569
30 42 81.4832
30 43 797.317
30 44 986.87
30 45 -225.198
30 46 -754.715
30 47 602.328
30 48 392.439
30 49 949.68
30 50 -18.9119
31 1 320.99
31 2 -637.221
31 3 -52.4379
31 4 373.936
31 5 -384.157
31 6 148.169
31 7 -689.494
31 8 -62.7584
31 9 -460.919
31 10 -185.993
31 11 173.695
31 12 -737.188
31 13 -669.648
31 14 597.137
31 15 960.673
31 16 683.182
31 17 183.283
31 18 -642.472
31 19 764.951
31 20 878.476
31 21 -841.186
31 22 584.68
31 23 101.086
31 24 -621.038
31 25 -552.52
31 26 369.417
31 27 713.776
31 28 -112.345
31 29 147.68
31 30 -190.878
31 32 -869.949
31 33 358.913
31 34 -233.503
31 35 -741.646
31 36 -344.829
31 37 785.348
31 38 622.969
31 39 -123.521
31 40 -525.406
31 41 616.313
31 42 334.73
31 43 -97.3836
31 44 -421.225
31 45 752.86
31 46 -409.683
31 47 103.529
31 48 175.344
31 49 51.1937
31 50 381.569
32 1 -177.626
32 2 287.281
32 3 -719.967
32 4 -114.421
32 5 73.4223
32 6 223.832
32 7 461.568
32 8 195.435
32 9 -885.949
32 10 607.885
32 11 533.871
32 12 -932.116
32 13 941.07
32 14 649.533
32 15 -717.28
32 16 -103.735
32 17 130.032
32 18 -645.953
32 19 468.712
32 20 74.094
32 21 -514.963
32 22 353.661
32 23 84.6587
32 24 -40.4687
32 25 -95.857
32 26 38.5527
32 27 700.708
32 28 -389.164
32 29 918.536
32 30 -303.12
32 31 -192.283
32 33 -511.422
32 34 -663.785
32 35 -671.357
32 36 -879.598
32 37 309.693
32 38 434.82
32 39 -164.985
32 40 761.043
32 41 240.32
32 42 -880.269
32 43 -736.7
32 44 -735.539
32 45 619.977
32 46 -479.972
32 47 -196.679
32 48 -641.129
32 49 395.187
32 50 421.813
33 1 -790.195
33 2 427.858
33 3 460.285
33 4 -995.443
33 5 -645.953
33 6 -380.371
33 7 83.8037
33 8 310.486
33 9 -423.118
33 10 532.528
33 11 616.618
33 12 868.644
33 13 -457.499
33 14 -598.809
33 15 659.732
33 16 -61.2927
33 17 -725.83
33 18 -253.533
33 19 -110.574
33 20 792.92
33 21 -938.711
33 22 -602.412
33 23 -279.609
33 24 -528.643
33 25 925.803
33 26 851.056
33 27 -5.72127
33 28 -530.658
33 29 329.356
33 30 880.002
33 31 -114.849
33 32 -234.175
33 34 -174.207
33 35 353.661
33 36 208.015
33 37 654.541
33 38 -677.586
33 39 186.153
33 40 -686.136
33 41 800.737
33 42 657.472
33 43 361.111
33 44 -232.16
33 45 -31.0643
33 46 -833.614
33 47 -31.5528
33 48 -15.6753
33 49 855.636
33 50 -54.5753
34 1 -808.271
34 2 21.4538
34 3 459.491
34 4 -532.612
34 5 -819.324
34 6 -288.037
34 7 442.087
34 8 273.785
34 9 747.669
34 10 322.883
34 11 897.956
34 12 -600.641
34 13 -176.039
34 14 -72.9566
34 15 983.329
34 16 242.03
34 17 624.679
34 18 -317.837
34 19 838.843
34 20 541.749
34 21 435.431
34 22 -805.217
34 23 240.992
34 24 178.581
34 25 987.176
34 26 165.207
34 27 423.278
34 28 -538.78
34 29 332.654
34 30 492.712
34 31 499.613
34 32 -399.179
34 33 179.924
34 35 38.9191
34 36 934.658
34 37 54.186
34 38 606.298
34 39 228.167
34 40 -508.979
34 41 427.614
34 42 -901.46
34 43 673.167
34 44 100.414
34 45 -374.386
34 46 -139.765
34 47 -982.435
34 48 79.5901
34 49 -63.7965
34 50 306.334
35 1 -814.805
35 2 150.978
35 3 730.997
35 4 706.937
35 5 208.87
35 6 686.54
35 7 -521.742
35 8 -102.819
35 9 844.888
35 10 620.954
35 11 756.646
35 12 -995.87
35 13 150.184
35 14 472.621
35 15 938.566
35 16 119.284
35 17 -787.508
35 18 -95.6127
35 19 -740.058
35 20 -144.528
35 21 219.19
35 22 -732.547
35 23 943.085
35 24 737.715
35 25 49.9113
35 26 -438.202
35 27 -944.513
35 28 343.341
35 29 593.596
35 30 251.068
35 31 824.98
35 32 -848.026
35 33 957.986
35 34 -627.816
35 36 -952.635
35 37 -973.52
35 38 -225.87
35 39 -622.442
35 40 332.471
35 41 -732.364
35 42 780.401
35 43 -861.155
35 44 818.629
35 45 183.954
35 46 -139.032
35 47 -437.469
35 48 -909.582
35 49 -892.972
35 50 752.371
36 1 -755.936
36 2 963.054
36 3 800.859
36 4 -426.904
36 5 -393.134
36 6 -187.153
36 7 -819.202
36 8 -603.511
36 9 -46.0869
36 10 -824.515
36 11 315.372
36 12 -975.229
36 13 -120.65
36 14 -740.608
36 15 -396.248
36 16 -825.248
36 17 -528.765
36 18 88.567
36 19 -889.613
36 20 248.808
36 21 745.654
36 22 952.612
36 23 -38.2703
36 24 883.85
36 25 744.554
36 26 852.4
36 27 -243.885
36 28 -533.711
36 29 -253.472
36 30 -369.012
36 31 -70.6971
36 32 -198.084
36 33 -984.145
36 34 475.125
36 35 999.267
36 37 -883.934
36 38 -468.491
36 39 -530.658
36 40 637.625
36 41 -406.202
36 42 134.978
36 43 909.498
36 44 506.635
36 45 -376.096
36 46 534.971
36 47 32.4459
36 48 789.561
36 49 -46.5755
36 50 -396.615
37 1 -114.727
37 2 360.195
37 3 926.963
37 4 405.202
37 5 -12.1944
37 6 -471.606
37 7 3.80526
37 8 388.042
37 9 -500.674
37 10 -704.822
37 11 -254.571
37 12 187.741
37 13 568.558
37 14 56.934
37 15 -553.741
37 16 -530.78
37 17 548.955
37 18 -304.036
37 19 612.16
37 20 -747.875
37 21 781.684
37 22 -0.408399
37 23 -540.978
37 24 -849.064
37 25 616.435
37 26 -666.167
37 27 637.625
37 28 974.596
37 29 370.821
37 30 524.284
37 31 -655.846
37 32 -888.391
37 33 -91.6433
37 34 -136.223
37 35 39.4687
37 36 -839.232
37 38 527.215
37 39 206.733
37 40 928.368
37 41 -789.828
37 42 841.163
37 43 63.1018
37 44 414.484
37 45 -763.63
37 46 349.081
37 47 -350.264
37 48 706.998
37 49 -959.474
37 50 -627.389
38 1 -174.512
38 2 760.31
38 3 167.283
38 4 -946.467
38 5 850.018
38 6 -252.068
38 7 237.389
38 8 95.5898
38 9 904.002
38 10 -750.379
38 11 -857.919
38 12 -60.2546
38 13 -688.395
38 14 -662.197
38 15 -472.522
38 16 -934.986
38 17 399.401
38 18 757.562
38 19 -994.832
38 20 94.3074
38 21 921.467
38 22 379.798
38 23 540.223
38 24 392.622
38 25 -993.122
38 26 126.612
38 27 432.805
38 28 -142.696
38 29 -444.736
38 30 540.955
38 31 355.554
38 32 574.481
38 33 7.83572
38 34 -801.431
38 35 861.743
38 36 31.591
38 37 -543.909
38 39 -847.232
38 40 814.355
38 41 583.458
38 42 -993.55
38 43 -415.546
38 44 172.352
38 45 843.423
38 46 344.013
38 47 -138.482
38 48 569.046
38 49 -298.235
38 50 430.606
39 1 -813.889
39 2 -882.834
39 3 652.587
39 4 -715.998
39 5 -979.748
39 6 -108.986
39 7 -891.201
39 8 765.317
39 9 473.903
39 10 501.445
39 11 415.645
39 12 -692.059
39 13 -155.398
39 14 224.687
39 15 -784.027
39 16 551.215
39 17 504.987
39 18 -892.788
39 19 -105.017
39 20 776.92
39 21 305.296
39 22 490.452
39 23 752.676
39 24 -875.995
39 25 701.807
39 26 383.279
39 27 -379.394
39 28 -502.2
39 29 780.035
39 30 141.024
39 31 -399.973
39 32 109.33
39 33 372.165
39 34 -136.406
39 35 601.168
39 36 -402.966
39 37 -549.955
39 38 967.146
39 40 -616.946
39 41 -340.921
39 42 -15.5531
39 43 -644.243
39 44 -217.687
39 45 -869.949
39 46 -548.062
39 47 -352.096
39 48 -199.183
39 49 -549.772
39 50 190.428
40 1 -133.108
40 2 -737.31
40 3 454.239
40 4 -228.557
40 5 -937.978
40 6 714.143
40 7 423.706
40 8 598.115
40 9 -717.952
40 10 -749.219
40 11 -659.694
40 12 -105.628
40 13 337.784
40 14 -19.2783
40 15 -725.158
40 16 295.586
40 17 798.477
40 18 777.775
40 19 847.759
40 20 205.145
40 21 -343.486
40 22 -956.176
40 23 -298.479
40 24 125.269
40 25 98.521
40 26 155.192
40 27 -68.2544
40 28 134.368
40 29 -187.092
40 30 266.945
40 31 389.813
40 32 706.815
40 33 -713.433
40 34 -808.637
40 35 820.889
40 36 58.0943
40 37 515.002
40 38 15.8966
40 39 -241.137
40 41 208.992
40 42 -435.209
40 43 -850.774
40 44 -875.506
40 45 946.322
40 46 -560.825
40 47 -499.147
40 48 -545.131
40 49 -123.826
40 50 662.846
41 1 456.987
41 2 710.235
41 3 -241.137
41 4 38.9802
41 5 -641.129
41 6 591.214
41 7 -700.609
41 8 -983.657
41 9 167.833
41 10 -691.021
41 11 599.641
41 12 93.8799
41 13 -9.50746
41 14 739.303
41 15 -558.993
41 16 703.456
41 17 -825.492
41 18 895.269
41 19 -392.828
41 20 -982.252
41 21 -355.577
41 22 -326.692
41 23 -593.13
41 24 -887.231
41 25 -831.11
41 26 792.309
41 27 -389.225
41 28 -85.2923
41 29 256.747
41 30 -136.711
41 31 972.031
41 32 -614.137
41 33 -648.946
41 34 -452.552
41 35 524.04
41 36 378.699
41 37 -967.962
41 38 -286.937
41 39 849.774
41 40 -412.859
41 42 892.521
41 43 -452.491
41 44 -506.964
41 45 52.5982
41 46 -214.145
41 47 -443.759
41 48 720.921
41 49 638.786
41 50 -856.881
42 1 383.89
42 2 800.309
42 3 932.52
42 4 23.2247
42 5 397.202
42 6 -997.702
42 7 997.374
42 8 -399.546
42 9 970.443
42 10 -495.544
42 11 419.492
42 12 -220.252
42 13 -598.687
42 14 375.768
42 15 85.819
42 16 -388.981
42 17 411.309
42 18 848.919
42 19 -872.392
42 20 206.672
42 21 142.368
42 22 -947.627
42 23 473.72
42 24 -162.665
42 25 -380.92
42 26 -600.519
42 27 -561.619
42 28 -95.4295
42 29 -412.309
42 30 -192.771
42 31 803.79
42 32 -533.833
42 33 -319.059
42 34 -46.5755
42 35 802.813
42 36 -988.054
42 37 -153.138
42 38 743.7
42 39 -527.055
42 40 -828.728
42 41 975.39
42 43 179.313
42 44 -203.885
42 45 -959.291
42 46 659.854
42 47 -179.764
42 48 -934.986
42 49 -176.466
42 50 -962.589
43 1 -980.726
43 2 928.185
43 3 460.957
43 4 639.702
43 5 -873.857
43 6 -473.926
43 7 951.024
43 8 -816.881
43 9 840.186
43 10 189.328
43 11 35.5604
43 12 -734.074
43 13 902.903
43 14 95.834
43 15 950.108
43 16 -131.459
43 17 -676.854
43 18 -637.16
43 19 -89.2006
43 20 -371.882
43 21 -686.624
43 22 -12.8051
43 23 -952.512
43 24 810.691
43 25 -876.239
43 26 -923.994
43 27 448.56
43 28 -86.3915
43 29 -24.7743
43 30 -183.061
43 31 -987.016
43 32 -146.726
43 33 -738.593
43 34 605.321
43 35 812.645
43 36 -347.028
43 37 -776.088
43 38 -215.61
43 39 616.068
43 40 588.099
43 41 271.77
43 42 428.896
43 44 -695.235
43 45 712.677
43 46 -856.453
43 47 601.595
43 48 837.255
43 49 715.608
43 50 -897.552
44 1 -464.4
44 2 -546.23
44 3 -966.924
44 4 336.807
44 5 -829.339
44 6 832.98
44 7 -833.492
44 8 -233.076
44 9 -522.047
44 10 -153.688
44 11 -871.964
44 12 447.583
44 13 -980.909
44 14 643.61
44 15 -29.7208
44 16 -263.976
44 17 -825.187
44 18 -284.617
44 19 -680.456
44 20 437.629
44 21 -526.261
44 22 -345.44
44 23 866.995
44 24 91.6204
44 25 469.384
44 26 277.51
44 27 -266.113
44 28 607.946
44 29 -407.546
44 30 809.53
44 31 677.93
44 32 -578.291
44 33 429.507
44 34 -184.527
44 35 -957.764
44 36 372.226
44 37 845.133
44 38 566.176
44 39 -576.947
44 40 -527.91
44 41 407.401
44 42 518.36
44 43 -44.0717
44 45 -219.213
44 46 540.223
44 47 613.137
44 48 -811.446
44 49 542.238
44 50 -159.123
45 1 -937.612
45 2 -536.948
45 3 794.996
45 4 8.56853
45 5 -673.495
45 6 -258.052
45 7 633.228
45 8 810.446
45 9 954.138
45 10 -173.107
45 11 306.822
45 12 -469.835
45 13 985.71
45 14 900.094
45 15 348.837
45 16 -660.487
45 17 606.42
45 18 323.494
45 19 918.047
45 20 15.347
45 21 726.417
45 22 -354.783
45 23 -457.743
45 24 -543.543
45 25 -816.698
45 26 -264.831
45 27 -542.322
45 28 -568.092
45 29 -740.852
45 30 -2.72897
45 31 -284.311
45 32 -7.7365
45 33 183.832
45 34 -405.469
45 35 -738.226
45 36 -10.9731
45 37 -671.48
45 38 -376.157
45 39 166.795
45 40 138.398
45 41 773.439
45 42 174.489
45 43 191.71
45 44 62.6133
45 46 -78.758
45 47 -787.508
45 48 -111.796
45 49 -248.709
45 50 874.506
46 1 -770.165
46 2 408.439
46 3 878.353
46 4 228.595
46 5 586.817
46 6 -783.294
46 7 407.767
46 8 0.935087
46 9 -506.841
46 10 -102.147
46 11 -61.9645
46 12 -642.045
46 13 -429.896
46 14 -768.516
46 15 -793.493
46 16 -154.848
46 17 913.284
46 18 -256.098
46 19 -796.241
46 20 -204.985
46 21 -390.63
46 22 901.926
46 23 -671.663
46 24 612.221
46 25 -353.379
46 26 -849.675
46 27 24.5072
46 28 611.244
46 29 136.566
46 30 -16.347
46 31 -665.006
46 32 -895.231
46 33 -194.115
46 34 216.748
46 35 815.026
46 36 426.576
46 37 -312.525
46 38 -326.631
46 39 -772.546
46 40 565.321
46 41 -55.3692
46 42 457.965
46 43 -513.498
46 44 121.666
46 45 -229.045
46 47 -998.802
46 48 -750.44
46 49 252.106
46 50 303.891
47 1 -918.986
47 2 630.297
47 3 -703.113
47 4 -516.918
47 5 983.695
47 6 -557.283
47 7 784.676
47 8 802.813
47 9 -990.68
47 10 -561.131
47 11 485.567
47 12 877.376
47 13 515.551
47 14 -49.3846
47 15 -777.31
47 16 -219.58
47 17 653.136
47 18 395.554
47 19 -890.346
47 20 -923.322
47 21 26.4613
47 22 73.6055
47 23 -91.4601
47 24 -509.406
47 25 -568.459
47 26 695.395
47 27 -801.187
47 28 -850.713
47 29 874.995
47 30 74.094
47 31 -954.467
47 32 341.448
47 33 -947.199
47 34 430.24
47 35 845.072
47 36 -282.601
47 37 495.582
47 38 -269.35
47 39 -958.863
47 40 -113.444
47 41 532.223
47 42 -483.269
47 43 -587.206
47 44 -672.151
47 45 -699.449
47 46 -356.615
47 48 588.649
47 49 571.672
47 50 964.825
48 1 -622.931
48 2 508.04
48 3 -429.225
48 4 -672.273
48 5 -712.578
48 6 502.177
48 7 221.572
48 8 52.1097
48 9 -633.373
48 10 679.09
48 11 944.612
48 12 637.259
48 13 -180.802
48 14 -693.342
48 15 -713.738
48 16 375.951
48 17 -44.6824
48 18 -116.07
48 19 -528.398
48 20 -541.345
48 21 -371.027
48 22 573.199
48 23 833.163
48 24 -582.565
48 25 656.312
48 26 -299.7
48 27 72.0177
48 28 96.0783
48 29 648.434
48 30 -0.652669
48 31 -716.914
48 32 -664.151
48 33 706.082
48 34 -715.448
48 35 672.922
48 36 568.558
48 37 -598.992
48 38 252.9
48 39 -86.819
48 40 488.254
48 41 494.605
48 42 -915.628
48 43 -921.002
48 44 12.9043
48 45 813.805
48 46 -448.217
48 47 -911.841
48 49 703.09
48 50 -255.549
49 1 299.8
49 2 593.779
49 3 -167.611
49 4 762.936
49 5 4.53807
49 6 -739.142
49 7 305.662
49 8 441.782
49 9 91.0708
49 10 377.416
49 11 593.718
49 12 -614.809
49 13 -308.189
49 14 709.746
49 15 891.483
49 16 512.742
49 17 544.803
49 18 573.138
49 19 674.571
49 20 -867.934
49 21 506.513
49 22 30.5528
49 23 -153.566
49 24 256.503
49 25 -620.183
49 26 168.749
49 27 664.556
49 28 -428.797
49 29 -264.525
49 30 -616.885
49 31 625.778
49 32 -476.43
49 33 413.507
49 34 -383.241
49 35 -488.277
49 36 943.451
49 37 -599.786
49 38 480.56
49 39 771.302
49 40 -353.501
49 41 -234.236
49 42 200.565
49 43 423.645
49 44 465.109
49 45 -660.793
49 46 -671.357
49 47 -311.303
49 48 117.635
49 50 -172.985
50 1 150.184
50 2 510.849
50 3 -613.282
50 4 45.148
50 5 -274.907
50 6 172.107
50 7 19.6828
50 8 964.886
50 9 -488.277
50 10 190.061
50 11 796.523
50 12 -750.501
50 13 -505.498
50 14 -327.364
50 15 206.733
50 16 984.855
50 17 -235.579
50 18 331.066
50 19 169.97
50 20 262.548
50 21 -514.78
50 22 -673.373
50 23 231.893
50 24 344.013
50 25 185.848
50 26 -846.438
50 27 682.693
50 28 52.9036
50 29 -690.533
50 30 727.7
50 31 28.2933
50 32 -889.735
50 33 970.932
50 34 880.247
50 35 -742.196
50 36 -910.864
50 37 -163.398
50 38 446.728
50 39 338.7
50 40 -325.166
50 41 -903.292
50 42 126.795
50 43 -622.87
50 44 924.948
50 45 434.087
50 46 311.219
50 47 -106.055
50 48 -790.928
50 49 946.383
