50 2450
1
2
3
4
5
6
7
8
9
10
11
12
13
14
15
16
17
18
19
20
21
22
23
24
25
26
27
28
29
30
31
32
33
34
35
36
37
38
39
40
41
42
43
44
45
46
47
48
49
50
1 2 592.924
1 3 -369.501
1 4 159.772
1 5 -98.2997
1 6 912.551
1 7 -499.391
1 8 888.307
1 9 228.656
1 10 -184.038
1 11 882.445
1 12 -773.401
1 13 -521.742
1 14 119.04
1 15 -752.577
1 16 4.72127
1 17 422.301
1 18 751.516
1 19 -916.421
1 20 935.207
1 21 -595.023
1 22 -788.119
1 23 -723.509
1 24 201.847
1 25 345.906
1 26 -665.8
1 27 575.397
1 28 -176.71
1 29 -603.817
1 30 -959.84
1 31 -935.352
1 32 977.771
1 33 -284.861
1 34 -213.901
1 35 594.512
1 36 480.254
1 37 777.165
1 38 372.897
1 39 80.7504
1 40 607.03
1 41 -334.936
1 42 820.034
1 43 649.228
1 44 -563.39
1 45 785.775
1 46 982.84
1 47 525.139
1 48 -83.8267
1 49 -571.878
1 50 -396.859
2 1 632.496
2 3 820.156
2 4 -368.951
2 5 485.506
2 6 824.492
2 7 -194.481
2 8 -234.175
2 9 -528.704
2 10 -310.448
2 11 -254.083
2 12 297.601
2 13 925.009
2 14 -127.612
2 15 522.757
2 16 -853.949
2 17 -614.992
2 18 -162.97
2 19 -526.322
2 20 -904.696
2 21 -893.704
2 22 23.8965
2 23 685.319
2 24 676.586
2 25 -857.247
2 26 327.097
2 27 300.471
2 28 972.214
2 29 688.189
2 30 834.446
2 31 55.5905
2 32 -221.595
2 33 342.547
2 34 766.417
2 35 209.236
2 36 -441.377
2 37 8.87387
2 38 -447.545
2 39 64.6285
2 40 623.885
2 41 -910.986
2 42 983.267
2 43 -730.165
2 44 -16.1638
2 45 -317.654
2 46 366.18
2 47 83.4984
2 48 -692.487
2 49 462.117
2 50 -356.188
3 1 -212.557
3 2 421.019
3 4 -71.8574
3 5 388.653
3 6 -552.093
3 7 -215.549
3 8 718.357
3 9 -377.623
3 10 197.634
3 11 396.531
3 12 -341.41
3 13 405.508
3 14 -767.539
3 15 542.482
3 16 -741.707
3 17 114.154
3 18 718.051
3 19 -156.314
3 20 -684.365
3 21 364.775
3 22 -227.152
3 23 35.194
3 24 338.394
3 25 -495.727
3 26 745.348
3 27 908.765
3 28 -543.604
3 29 -380.798
3 30 -61.1095
3 31 863.575
3 32 525.261
3 33 987.664
3 34 4.17167
3 35 501.628
3 36 -911.964
3 37 -80.0405
3 38 159.711
3 39 700.952
3 40 -87.5518
3 41 930.383
3 42 -553.802
3 43 -394.599
3 44 -244.007
3 45 -844.301
3 46 -804.79
3 47 -23.3087
3 48 -920.147
3 49 -7.79757
3 50 -102.391
4 1 -671.113
4 2 -623.542
4 3 -151.001
4 5 663.029
4 6 305.235
4 7 -194.97
4 8 993.283
4 9 457.171
4 10 -289.197
4 11 -173.352
4 12 394.088
4 13 -695.113
4 14 -337.013
4 15 -478.689
4 16 -474.109
4 17 645.32
4 18 -725.891
4 19 276.838
4 20 -948.848
4 21 -980.542
4 22 322.395
4 23 -467.209
4 24 -669.953
4 25 302.67
4 26 -666.777
4 27 278.243
4 28 691.914
4 29 629.259
4 30 -473.315
4 31 973.375
4 32 404.103
4 33 -761.554
4 34 -954.405
4 35 599.275
4 36 283.189
4 37 -597.16
4 38 925.375
4 39 515.429
4 40 -127.246
4 41 630.602
4 42 -780.913
4 43 -190.451
4 44 -862.193
4 45 336.379
4 46 747.058
4 47 -164.314
4 48 -391.973
4 49 168.382
4 50 865.163
5 1 619.488
5 2 -96.0402
5 3 -833.003
5 4 735.455
5 6 823.576
5 7 593.473
5 8 958.963
5 9 501.75
5 10 -39.3695
5 11 304.135
5 12 -845.095
5 13 -174.939
5 14 539.551
5 15 40.0183
5 16 168.504
5 17 212.717
5 18 828.156
5 19 -369.317
5 20 -398.752
5 21 574.176
5 22 -69.3536
5 23 -742.929
5 24 -573.833
5 25 449.232
5 26 -139.948
5 27 -11.2174
5 28 123.192
5 29 339.799
5 30 289.662
5 31 268.106
5 32 970.749
5 33 -416.278
5 34 680.189
5 35 285.388
5 36 677.93
5 37 -788.485
5 38 -536.276
5 39 -825.675
5 40 -455.484
5 41 218.336
5 42 977.527
5 43 973.924
5 44 -665.373
5 45 691.609
5 46 -180.008
5 47 279.098
5 48 51.1326
5 49 234.641
5 50 -654.625
6 1 -455.911
6 2 -198.267
6 3 -881.735
6 4 -48.4075
6 5 947.482
6 7 945.283
6 8 602.45
6 9 -129.933
6 10 769.47
6 11 695.151
6 12 -144.406
6 13 142.001
6 14 -772.791
6 15 -616.03
6 16 -68.2544
6 17 460.529
6 18 -309.288
6 19 564.039
6 20 213.389
6 21 -425.866
6 22 219.252
6 23 129.299
6 24 -219.824
6 25 938.566
6 26 -632.946
6 27 665.594
6 28 -867.934
6 29 -707.082
6 30 -813.767
6 31 189.328
6 32 705.41
6 33 873.773
6 34 -637.465
6 35 -513.925
6 36 -386.538
6 37 915.849
6 38 -571.146
6 39 -778.592
6 40 -931.444
6 41 -831.11
6 42 990.962
6 43 -982.985
6 44 -104.162
6 45 -910.62
6 46 897.284
6 47 -318.753
6 48 595.55
6 49 -600.885
6 50 -696.334
7 1 776.859
7 2 -613.16
7 3 -289.93
7 4 -442.293
7 5 717.685
7 6 671.823
7 8 892.704
7 9 -159.306
7 10 -418.843
7 11 -656.518
7 12 -125.536
7 13 -483.636
7 14 -177.626
7 15 -595.328
7 16 -432.156
7 17 113.36
7 18 -926.131
7 19 300.471
7 20 -403.454
7 21 -120.711
7 22 231.77
7 23 -572.978
7 24 525.139
7 25 -148.497
7 26 995.664
7 27 248.93
7 28 -732.791
7 29 372.897
7 30 70.1246
7 31 448.988
7 32 373.875
7 33 -4.68313
7 34 204.107
7 35 -431.301
7 36 865.774
7 37 -289.991
7 38 -748.608
7 39 563.489
7 40 -675.144
7 41 436.408
7 42 -544.52
7 43 707.792
7 44 917.253
7 45 709.99
7 46 128.2
7 47 302.792
7 48 -975.168
7 49 510.238
7 50 -77.1703
8 1 608.252
8 2 -792.088
8 3 160.321
8 4 -114.116
8 5 -558.138
8 6 141.268
8 7 238.854
8 9 -531.391
8 10 -109.536
8 11 -753.493
8 12 -560.337
8 13 696.739
8 14 554.696
8 15 -303.12
8 16 323.005
8 17 672.434
8 18 781.989
8 19 471.033
8 20 -117.658
8 21 -387.088
8 22 -686.075
8 23 160.505
8 24 884.033
8 25 598.969
8 26 -206.939
8 27 210.58
8 28 894.658
8 29 221.022
8 30 -446.568
8 31 277.876
8 32 955.299
8 33 326.486
8 34 -847.232
8 35 -600.397
8 36 822.66
8 37 33.7284
8 38 -934.314
8 39 -339.7
8 40 725.99
8 41 217.786
8 42 985.161
8 43 37.0871
8 44 571.062
8 45 -356.493
8 46 161.787
8 47 -879.415
8 48 532.528
8 49 944.306
8 50 235.618
9 1 395.492
9 2 -31.4307
9 3 -381.103
9 4 971.726
9 5 759.089
9 6 600.618
9 7 257.541
9 8 358.608
9 10 -16.2249
9 11 886.659
9 12 -847.415
9 13 -498.842
9 14 -204.618
9 15 -463.239
9 16 -483.758
9 17 -259.823
9 18 259.007
9 19 -897.429
9 20 461.995
9 21 439.705
9 22 162.398
9 23 -426.782
9 24 -42.2397
9 25 882.689
9 26 -915.628
9 27 925.314
9 28 933.62
9 29 707.975
9 30 -165.535
9 31 556.833
9 32 720.25
9 33 328.868
9 34 945.467
9 35 550.665
9 36 -975.352
9 37 -232.282
9 38 -81.6893
9 39 691.792
9 40 617.534
9 41 -652.426
9 42 902.597
9 43 189.145
9 44 -85.7197
9 45 677.014
9 46 -513.864
9 47 33.6062
9 48 -337.196
9 49 -639.358
9 50 310.303
10 1 928.551
10 2 894.536
10 3 -110.269
10 4 163.863
10 5 731.425
10 6 343.096
10 7 121.849
10 8 274.701
10 9 349.448
10 11 523.368
10 12 -183.367
10 13 464.316
10 14 16.4462
10 15 638.847
10 16 646.969
10 17 863.942
10 18 897.162
10 19 -476.125
10 20 125.635
10 21 -124.803
10 22 -50.5448
10 23 801.042
10 24 894.536
10 25 68.659
10 26 994.26
10 27 -568.336
10 28 -202.481
10 29 695.945
10 30 -91.2158
10 31 -127.368
10 32 194.519
10 33 516.467
10 34 910.414
10 35 992.794
10 36 -67.888
10 37 -380.737
10 38 -165.535
10 39 -35.4612
10 40 429.69
10 41 -72.1017
10 42 -621.587
10 43 309.815
10 44 -699.449
10 45 -926.925
10 46 220.106
10 47 275.556
10 48 -37.7817
10 49 -668.365
10 50 964.703
11 1 746.753
11 2 653.564
11 3 302.914
11 4 854.842
11 5 868.094
11 6 316.837
11 7 -976.817
11 8 178.642
11 9 571.062
11 10 -230.083
11 12 205.878
11 13 314.761
11 14 190.122
11 15 -392.951
11 16 276.96
11 17 349.264
11 18 355.676
11 19 -731.204
11 20 -78.5748
11 21 207.832
11 22 351.524
11 23 719.15
11 24 804.706
11 25 -764.974
11 26 126.307
11 27 -840.576
11 28 -835.934
11 29 162.886
11 30 143.711
11 31 236.045
11 32 -30.9422
11 33 -603.389
11 34 259.923
11 35 147.314
11 36 311.83
11 37 -426.599
11 38 -184.283
11 39 123.07
11 40 -254.694
11 41 -690.838
11 42 132.963
11 43 -312.952
11 44 237.328
11 45 90.338
11 46 -403.271
11 47 153.848
11 48 -570.84
11 49 -767.233
11 50 520.681
12 1 791.515
12 2 -100.742
12 3 862.232
12 4 -30.3315
12 5 -909.582
12 6 100.414
12 7 -171.092
12 8 -256.281
12 9 -419.759
12 10 -324.311
12 11 528.314
12 13 -306.112
12 14 616.007
12 15 831.454
12 16 -473.926
12 17 -430.507
12 18 -408.767
12 19 450.514
12 20 -37.8428
12 21 -419.942
12 22 8.01892
12 23 649.717
12 24 640.373
12 25 858.629
12 26 830.293
12 27 447.827
12 28 -237.473
12 29 12.7822
12 30 -424.584
12 31 249.236
12 32 237.755
12 33 961.65
12 34 -424.706
12 35 -179.886
12 36 495.704
12 37 223.526
12 38 834.751
12 39 -549.894
12 40 -243.457
12 41 871.514
12 42 937.772
12 43 984.611
12 44 -313.929
12 45 -685.708
12 46 -563.329
12 47 411.614
12 48 -628.793
12 49 119.162
12 50 157.39
13 1 704.922
13 2 -437.652
13 3 -966.985
13 4 854.293
13 5 588.832
13 6 -889.491
13 7 -576.52
13 8 666.632
13 9 -67.888
13 10 -454.079
13 11 294.792
13 12 802.508
13 14 -552.276
13 15 725.624
13 16 -911.231
13 17 888.063
13 18 -611.633
13 19 -505.254
13 20 -546.535
13 21 425.293
13 22 926.78
13 23 303.219
13 24 -846.682
13 25 -207.855
13 26 903.635
13 27 -304.708
13 28 331.433
13 29 222.793
13 30 -358.875
13 31 -361.195
13 32 -712.151
13 33 -796.729
13 34 498.025
13 35 -395.515
13 36 -14.3318
13 37 730.875
13 38 853.865
13 39 350.974
13 40 444.774
13 41 852.705
13 42 -776.821
13 43 -657.739
13 44 236.961
13 45 -50.3006
13 46 176.26
13 47 746.57
13 48 253.999
13 49 179.985
13 50 -253.35
14 1 -65.9339
14 2 940.032
14 3 -473.438
14 4 -963.321
14 5 -560.031
14 6 175.649
14 7 895.513
14 8 684.892
14 9 301.571
14 10 -993.489
14 11 -316.86
14 12 -110.513
14 13 -277.289
14 15 395.248
14 16 277.144
14 17 691.059
14 18 -994.405
14 19 -816.21
14 20 895.636
14 21 -828.362
14 22 675.792
14 23 472.865
14 24 -769.371
14 25 292.227
14 26 741.745
14 27 571.611
14 28 323.005
14 29 20.9652
14 30 -962.161
14 31 -258.48
14 32 -907.872
14 33 -526.078
14 34 -426.171
14 35 897.59
14 36 991.145
14 37 730.387
14 38 -171.947
14 39 -542.932
14 40 -817.981
14 41 -983.351
14 42 937.711
14 43 542.909
14 44 -283.334
14 45 962.627
14 46 -295.487
14 47 695.212
14 48 -889.43
14 49 -418.416
14 50 371.981
15 1 314.395
15 2 -207.366
15 3 -290.113
15 4 -912.208
15 5 -2.24042
15 6 -166.756
15 7 545.719
15 8 -981.275
15 9 968.062
15 10 413.263
15 11 -993.244
15 12 -973.581
15 13 777.103
15 14 -546.902
15 16 588.222
15 17 -136.528
15 18 480.498
15 19 855.514
15 20 -611.45
15 21 814.11
15 22 457.965
15 23 -220.923
15 24 27.5605
15 25 723.73
15 26 -924.299
15 27 -591.725
15 28 -897.674
15 29 353.539
15 30 -619.755
15 31 -372.92
15 32 907.299
15 33 -5.84341
15 34 -1.69082
15 35 -945.001
15 36 -930.162
15 37 -720.211
15 38 -553.009
15 39 877.926
15 40 829.255
15 41 -859.751
15 42 32.4459
15 43 -100.437
15 44 -402.721
15 45 825.286
15 46 520.925
15 47 -723.082
15 48 542.909
15 49 -61.2317
15 50 -219.824
16 1 346.394
16 2 836.156
16 3 431.828
16 4 572.894
16 5 -2.8511
16 6 -720.822
16 7 468.224
16 8 -316.677
16 9 -968.878
16 10 993.16
16 11 -874.957
16 12 -417.744
16 13 -65.4453
16 14 -160.894
16 15 -146.848
16 17 -203.58
16 18 -496.887
16 19 293.632
16 20 -370.539
16 21 -814.561
16 22 769.531
16 23 -575.359
16 24 -242.663
16 25 -689.983
16 26 -350.936
16 27 691.975
16 28 -768.088
16 29 72.6284
16 30 767.455
16 31 230.427
16 32 623.946
16 33 -174.084
16 34 -122.482
16 35 -670.686
16 36 -596.183
16 37 -865.003
16 38 -664.457
16 39 -225.32
16 40 667.121
16 41 377.844
16 42 46.4304
16 43 -249.808
16 44 165.329
16 45 368.806
16 46 329.54
16 47 990.168
16 48 -383.668
16 49 206.488
16 50 -856.881
17 1 857.957
17 2 -797.767
17 3 -484.43
17 4 101.758
17 5 54.0028
17 6 -791.416
17 7 -716.975
17 8 -284.006
17 9 -373.226
17 10 -262.938
17 11 469.445
17 12 312.929
17 13 -19.4004
17 14 429.385
17 15 584.069
17 16 -950.253
17 18 -432.644
17 19 -859.568
17 20 -582.932
17 21 -517.834
17 22 -47.9189
17 23 -497.498
17 24 109.452
17 25 -899.689
17 26 932.52
17 27 304.196
17 28 744.616
17 29 -704.945
17 30 406.79
17 31 639.335
17 32 663.274
17 33 -829.522
17 34 678.296
17 35 -247.671
17 36 677.197
17 37 -344.341
17 38 -126.33
17 39 -478.14
17 40 -629.404
17 41 -658.411
17 42 178.581
17 43 514.941
17 44 684.892
17 45 492.284
17 46 -439.545
17 47 -446.14
17 48 957.802
17 49 653.259
17 50 684.098
18 1 -261.106
18 2 627.183
18 3 311.402
18 4 -312.097
18 5 847.026
18 6 767.272
18 7 30.3086
18 8 531.734
18 9 -939.566
18 10 -348.005
18 11 -496.094
18 12 -424.4
18 13 -36.9268
18 14 -461.468
18 15 -32.2246
18 16 107.803
18 17 -280.037
18 19 846.659
18 20 400.011
18 21 -520.948
18 22 411.37
18 23 -70.2697
18 24 956.398
18 25 558.787
18 26 427.858
18 27 -369.989
18 28 70.1246
18 29 175.1
18 30 -115.276
18 31 788.34
18 32 661.869
18 33 250.03
18 34 -16.7745
18 35 -90.2387
18 36 -115.704
18 37 296.685
18 38 256.503
18 39 -824.637
18 40 -142.207
18 41 980.153
18 42 642.816
18 43 -27.0949
18 44 -185.504
18 45 -579.512
18 46 318.975
18 47 144.016
18 48 -896.452
18 49 -62.453
18 50 234.091
19 1 138.703
19 2 -510.811
19 3 904.002
19 4 -722.349
19 5 254.671
19 6 174.794
19 7 -583.298
19 8 -974.191
19 9 155.497
19 10 -0.591601
19 11 465.964
19 12 995.481
19 13 854.965
19 14 239.831
19 15 275.495
19 16 -654.686
19 17 349.936
19 18 451.552
19 20 529.352
19 21 978.138
19 22 -901.155
19 23 794.386
19 24 -855.171
19 25 -57.2623
19 26 524.528
19 27 -727.417
19 28 302.364
19 29 123.681
19 30 726.417
19 31 -663.419
19 32 -604.977
19 33 -890.529
19 34 606.664
19 35 268.106
19 36 -383.607
19 37 -788.424
19 38 577.291
19 39 -197.595
19 40 -158.757
19 41 548.833
19 42 -953.734
19 43 -580.0
19 44 512.681
19 45 145.787
19 46 873.773
19 47 -261.655
19 48 -793.554
19 49 -13.9654
19 50 968.245
20 1 449.293
20 2 574.848
20 3 -56.4684
20 4 -762.287
20 5 236.595
20 6 334.73
20 7 543.52
20 8 61.5752
20 9 -887.231
20 10 18.4615
20 11 -517.712
20 12 470.3
20 13 611.61
20 14 146.764
20 15 851.911
20 16 239.282
20 17 266.274
20 18 526.421
20 19 990.535
20 21 66.7659
20 22 -169.016
20 23 -643.877
20 24 -80.4679
20 25 -972.237
20 26 -339.883
20 27 -167.917
20 28 286.059
20 29 -502.078
20 30 696.922
20 31 -71.3078
20 32 751.883
20 33 722.57
20 34 502.483
20 35 59.4989
20 36 -225.381
20 37 -769.982
20 38 771.302
20 39 291.25
20 40 713.41
20 41 -722.654
20 42 757.134
20 43 -194.725
20 44 188.107
20 45 -501.712
20 46 59.5599
20 47 294.67
20 48 649.778
20 49 964.764
20 50 -798.256
21 1 -22.5759
21 2 -924.116
21 3 830.965
21 4 -560.703
21 5 -75.3383
21 6 752.615
21 7 762.142
21 8 234.702
21 9 -620.732
21 10 51.6822
21 11 320.563
21 12 -160.283
21 13 -237.412
21 14 -823.782
21 15 509.383
21 16 -577.68
21 17 47.835
21 18 779.668
21 19 -348.31
21 20 170.214
21 22 -804.424
21 23 -591.664
21 24 803.607
21 25 -187.641
21 26 336.44
21 27 -280.098
21 28 872.125
21 29 1.30149
21 30 379.615
21 31 382.546
21 32 646.785
21 33 982.413
21 34 -246.938
21 35 -377.256
21 36 -87.1243
21 37 995.237
21 38 -54.0257
21 39 -653.526
21 40 846.537
21 41 846.171
21 42 -453.468
21 43 -233.32
21 44 -131.276
21 45 -918.498
21 46 468.346
21 47 -516.551
21 48 -838.377
21 49 210.091
21 50 -959.474
22 1 953.222
22 2 15.7134
22 3 -605.588
22 4 -332.127
22 5 274.334
22 6 -794.714
22 7 76.6588
22 8 -278.082
22 9 -754.287
22 10 587.183
22 11 -55.9188
22 12 -620.855
22 13 616.374
22 14 -912.574
22 15 -301.593
22 16 -926.864
22 17 469.384
22 18 -704.517
22 19 50.7051
22 20 257.968
22 21 691.487
22 23 -182.023
22 24 -616.336
22 25 163.314
22 26 -557.772
22 27 -390.569
22 28 -476.186
22 29 241.785
22 30 582.664
22 31 -548.245
22 32 51.1937
22 33 978.626
22 34 -21.782
22 35 772.951
22 36 592.802
22 37 763.73
22 38 -359.119
22 39 991.206
22 40 -466.964
22 41 -489.193
22 42 -379.027
22 43 -420.919
22 44 582.97
22 45 710.479
22 46 604.221
22 47 28.4765
22 48 -367.241
22 49 596.771
22 50 -858.774
23 1 -101.353
23 2 -651.144
23 3 135.039
23 4 460.652
23 5 151.894
23 6 -73.1398
23 7 496.437
23 8 778.02
23 9 -53.2318
23 10 -545.619
23 11 -282.54
23 12 69.8193
23 13 87.5289
23 14 320.929
23 15 -764.913
23 16 -773.951
23 17 -689.739
23 18 -901.46
23 19 -24.5911
23 20 528.742
23 21 601.351
23 22 353.905
23 24 689.472
23 25 -612.549
23 26 -278.693
23 27 -200.771
23 28 224.503
23 29 287.159
23 30 -855.171
23 31 -747.142
23 32 417.11
23 33 855.514
23 34 -421.835
23 35 819.912
23 36 -710.502
23 37 -983.046
23 38 259.007
23 39 739.974
23 40 -750.257
23 41 -842.285
23 42 221.633
23 43 350.058
23 44 -32.1635
23 45 230.732
23 46 -285.777
23 47 581.016
23 48 627.488
23 49 -244.679
23 50 -44.4381
24 1 -563.146
24 2 -764.791
24 3 643.121
24 4 417.294
24 5 897.345
24 6 -320.708
24 7 776.187
24 8 -176.649
24 9 664.251
24 10 212.962
24 11 293.754
24 12 53.2089
24 13 -785.126
24 14 67.6819
24 15 511.338
24 16 -871.048
24 17 -422.08
24 18 -127.612
24 19 -587.695
24 20 488.62
24 21 274.884
24 22 567.459
24 23 -342.142
24 25 712.983
24 26 873.651
24 27 501.811
24 28 37.026
24 29 916.765
24 30 580.955
24 31 -595.756
24 32 310.975
24 33 -29.4155
24 34 -682.96
24 35 912.979
24 36 378.394
24 37 757.073
24 38 -291.029
24 39 343.28
24 40 -297.38
24 41 -367.424
24 42 -566.566
24 43 -596.794
24 44 -60.3767
24 45 304.502
24 46 362.455
24 47 519.215
24 48 699.426
24 49 283.8
24 50 -70.575
25 1 470.361
25 2 -616.641
25 3 -873.491
25 4 -827.935
25 5 26.9499
25 6 -962.1
25 7 636.77
25 8 876.216
25 9 -734.807
25 10 -851.812
25 11 214.244
25 12 257.541
25 13 -743.722
25 14 -674.716
25 15 -443.82
25 16 -362.478
25 17 -187.947
25 18 816.614
25 19 -124.803
25 20 -475.941
25 21 -21.782
25 22 -226.419
25 23 -165.535
25 24 -446.568
25 26 962.443
25 27 -771.752
25 28 -611.817
25 29 -275.151
25 30 178.581
25 31 -304.28
25 32 -289.563
25 33 -635.267
25 34 107.803
25 35 -644.427
25 36 398.973
25 37 260.655
25 38 646.785
25 39 -252.129
25 40 146.825
25 41 -604.183
25 42 644.465
25 43 -87.3686
25 44 66.5216
25 45 -264.464
25 46 -690.472
25 47 921.04
25 48 -148.864
25 49 483.735
25 50 -822.133
26 1 -274.296
26 2 -34.3009
26 3 -736.516
26 4 -679.54
26 5 281.174
26 6 51.3158
26 7 -344.158
26 8 491.368
26 9 851.911
26 10 733.379
26 11 522.024
26 12 891.91
26 13 -534.322
26 14 -983.413
26 15 564.527
26 16 247.892
26 17 442.331
26 18 465.659
26 19 554.146
26 20 880.857
26 21 -76.9871
26 22 335.097
26 23 660.709
26 24 -541.223
26 25 -636.549
26 27 869.743
26 28 -673.006
26 29 128.383
26 30 904.185
26 31 931.055
26 32 -872.758
26 33 692.525
26 34 -436.614
26 35 -842.102
26 36 36.7207
26 37 544.375
26 38 204.901
26 39 843.484
26 40 -439.667
26 41 31.591
26 42 186.58
26 43 -297.685
26 44 158.367
26 45 -59.3996
26 46 -339.15
26 47 748.035
26 48 -606.687
26 49 790.416
26 50 442.759
27 1 -574.321
27 2 -745.127
27 3 621.076
27 4 -612.977
27 5 -770.714
27 6 82.0938
27 7 970.077
27 8 -776.21
27 9 956.52
27 10 -468.247
27 11 -286.815
27 12 771.058
27 13 -192.283
27 14 30.8582
27 15 472.499
27 16 -526.627
27 17 -479.239
27 18 -861.339
27 19 -741.402
27 20 212.473
27 21 -292.739
27 22 274.823
27 23 61.3309
27 24 -700.731
27 25 -400.95
27 26 227.923
27 28 46.1861
27 29 -379.638
27 30 384.378
27 31 907.971
27 32 72.0177
27 33 -155.092
27 34 -683.205
27 35 -245.411
27 36 -803.263
27 37 -348.188
27 38 -202.725
27 39 262.426
27 40 872.918
27 41 -96.5287
27 42 598.053
27 43 -963.871
27 44 -496.399
27 45 -295.67
27 46 433.721
27 47 841.285
27 48 -925.704
27 49 -712.944
27 50 -941.337
28 1 55.102
28 2 514.025
28 3 659.182
28 4 -921.063
28 5 -6.88156
28 6 -504.338
28 7 944.917
28 8 -337.135
28 9 511.399
28 10 -634.473
28 11 371.554
28 12 346.333
28 13 -652.915
28 14 869.01
28 15 -175.245
28 16 113.055
28 17 -370.172
28 18 -623.542
28 19 -84.1931
28 20 -58.1783
28 21 990.168
28 22 -698.349
28 23 499.185
28 24 2.88925
28 25 716.097
28 26 376.684
28 27 576.13
28 29 -304.219
28 30 393.294
28 31 -506.841
28 32 -476.247
28 33 -284.556
28 34 456.194
28 35 794.691
28 36 -413.591
28 37 331.86
28 38 98.3989
28 39 -311.731
28 40 561.901
28 41 -929.368
28 42 977.039
28 43 -505.437
28 44 628.099
28 45 -9.6296
28 46 142.795
28 47 392.256
28 48 244.9
28 49 -275.029
28 50 646.541
29 1 -636.244
29 2 -935.413
29 3 504.681
29 4 -760.272
29 5 830.477
29 6 795.485
29 7 -682.838
29 8 -368.89
29 9 645.381
29 10 -57.2623
29 11 -579.634
29 12 710.967
29 13 -841.125
29 14 -610.412
29 15 -629.587
29 16 200.748
29 17 23.8965
29 18 726.112
29 19 -225.931
29 20 -840.392
29 21 429.507
29 22 279.892
29 23 938.688
29 24 -220.435
29 25 -534.383
29 26 792.126
29 27 -388.737
29 28 -89.9945
29 30 292.655
29 31 -345.013
29 32 2.70605
29 33 756.341
29 34 801.653
29 35 -326.753
29 36 -736.578
29 37 -823.11
29 38 466.025
29 39 -736.211
29 40 625.473
29 41 -967.596
29 42 61.0866
29 43 51.0105
29 44 371.188
29 45 -996.786
29 46 -58.9111
29 47 779.668
29 48 -157.657
29 49 -664.884
29 50 -436.797
30 1 -506.658
30 2 654.907
30 3 936.062
30 4 -53.415
30 5 915.177
30 6 316.654
30 7 -736.455
30 8 -250.969
30 9 952.917
30 10 441.415
30 11 453.812
30 12 657.533
30 13 -706.593
30 14 732.768
30 15 99.376
30 16 768.188
30 17 2.15644
30 18 936.856
30 19 152.505
30 20 -344.158
30 21 -934.681
30 22 -53.415
30 23 357.753
30 24 -186.542
30 25 833.896
30 26 247.709
30 27 -329.623
30 28 145.054
30 29 273.602
30 31 886.537
30 32 94.4295
30 33 211.374
30 34 995.847
30 35 -842.652
30 36 370.027
30 37 906.322
30 38 -30.1483
30 39 195.924
30 40 -39.9802
30 41 252.533
30 42 887.33
30 43 649.472
30 44 765.44
30 45 11.1334
30 46 -914.589
30 47 -362.05
30 48 -996.481
30 49 -219.274
30 50 -0.103061
31 1 -824.515
31 2 704.25
31 3 285.204
31 4 47.2853
31 5 -759.844
31 6 -770.714
31 7 529.169
31 8 -89.1395
31 9 -311.67
31 10 296.624
31 11 514.818
31 12 -858.774
31 13 194.58
31 14 899.177
31 15 203.313
31 16 23.2247
31 17 406.668
31 18 -405.164
31 19 410.271
31 20 -363.943
31 21 -496.826
31 22 586.573
31 23 320.99
31 24 59.3767
31 25 -658.289
31 26 -976.878
31 27 -683.754
31 28 -355.821
31 29 381.997
31 30 -14.7593
31 32 -205.107
31 33 -697.372
31 34 574.054
31 35 558.115
31 36 674.999
31 37 743.516
31 38 403.187
31 39 -538.963
31 40 271.22
31 41 591.702
31 42 269.754
31 43 -345.745
31 44 231.099
31 45 -659.938
31 46 -602.29
31 47 357.57
31 48 -787.813
31 49 -943.108
31 50 460.896
32 1 -68.9872
32 2 -0.164129
32 3 792.554
32 4 -896.513
32 5 48.3235
32 6 737.593
32 7 -378.478
32 8 564.833
32 9 596.344
32 10 -26.3621
32 11 269.51
32 12 562.573
32 13 -254.571
32 14 202.458
32 15 -765.279
32 16 659.06
32 17 628.16
32 18 -416.156
32 19 375.768
32 20 -733.097
32 21 -948.421
32 22 541.871
32 23 -129.566
32 24 504.193
32 25 -295.304
32 26 913.406
32 27 -486.567
32 28 64.6896
32 29 -733.585
32 30 350.486
32 31 265.419
32 33 318.12
32 34 -114.788
32 35 -347.089
32 36 -996.97
32 37 -200.282
32 38 -560.825
32 39 -278.51
32 40 413.63
32 41 -701.891
32 42 36.4764
32 43 -180.558
32 44 949.314
32 45 -283.823
32 46 -825.37
32 47 -167.611
32 48 807.943
32 49 -103.002
32 50 -985.611
33 1 210.152
33 2 854.72
33 3 -395.699
33 4 188.962
33 5 279.525
33 6 431.644
33 7 -157.779
33 8 -404.492
33 9 616.862
33 10 993.649
33 11 -300.494
33 12 611.183
33 13 164.718
33 14 -498.353
33 15 -86.7579
33 16 -848.026
33 17 -214.694
33 18 524.162
33 19 330.761
33 20 40.5069
33 21 932.398
33 22 961.65
33 23 -537.009
33 24 -913.857
33 25 -871.231
33 26 358.119
33 27 -682.289
33 28 -648.885
33 29 952.917
33 30 719.334
33 31 -307.578
33 32 -992.817
33 34 187.069
33 35 776.859
33 36 -877.277
33 37 -754.165
33 38 -139.154
33 39 644.953
33 40 673.105
33 41 -337.745
33 42 -164.68
33 43 -202.481
33 44 -254.144
33 45 -439.362
33 46 641.717
33 47 309.815
33 48 119.467
33 49 615.213
33 50 -750.562
34 1 294.181
34 2 -626.717
34 3 -680.701
34 4 -537.07
34 5 -520.887
34 6 -84.1931
34 7 676.037
34 8 615.458
34 9 -140.558
34 10 779.485
34 11 -460.43
34 12 -733.524
34 13 -644.793
34 14 386.882
34 15 -918.192
34 16 -413.652
34 17 -573.588
34 18 -530.963
34 19 786.569
34 20 -900.3
34 21 568.619
34 22 321.234
34 23 -572.245
34 24 -499.452
34 25 634.205
34 26 -416.278
34 27 -524.49
34 28 -796.424
34 29 -81.445
34 30 746.57
34 31 342.608
34 32 -663.48
34 33 -57.5676
34 35 -456.583
34 36 933.253
34 37 -151.856
34 38 -130.116
34 39 450.942
34 40 920.918
34 41 -573.161
34 42 -496.338
34 43 -551.848
34 44 -807.538
34 45 -82.1778
34 46 791.576
34 47 -742.257
34 48 902.658
34 49 918.536
34 50 777.653
35 1 226.396
35 2 -441.988
35 3 -751.783
35 4 -51.9494
35 5 -950.07
35 6 -397.286
35 7 981.802
35 8 896.307
35 9 531.734
35 10 -98.0554
35 11 713.654
35 12 -754.287
35 13 541.566
35 14 -407.79
35 15 -225.564
35 16 -215.122
35 17 -607.42
35 18 723.425
35 19 57.3004
35 20 -277.96
35 21 -200.405
35 22 -875.567
35 23 -847.782
35 24 28.843
35 25 613.198
35 26 -49.3235
35 27 -515.33
35 28 787.363
35 29 523.49
35 30 -681.861
35 31 -872.147
35 32 -512.582
35 33 915.727
35 34 499.674
35 36 995.725
35 37 217.114
35 38 61.5141
35 39 85.0251
35 40 83.132
35 41 665.411
35 42 -156.253
35 43 573.626
35 44 -532.795
35 45 897.773
35 46 -810.652
35 47 810.141
35 48 728.799
35 49 825.591
35 50 -589.222
36 1 721.593
36 2 -502.261
36 3 313.112
36 4 -367.852
36 5 -219.152
36 6 -183.489
36 7 860.094
36 8 -503.849
36 9 -359.302
36 10 -14.6982
36 11 792.065
36 12 -664.64
36 13 370.027
36 14 -398.691
36 15 905.712
36 16 995.054
36 17 734.539
36 18 466.575
36 19 496.01
36 20 -507.88
36 21 -40.2244
36 22 -950.741
36 23 711.028
36 24 714.326
36 25 -589.099
36 26 -797.889
36 27 -835.812
36 28 -686.197
36 29 -373.592
36 30 801.897
36 31 754.203
36 32 25.5453
36 33 -854.865
36 34 -984.878
36 35 606.969
36 37 555.795
36 38 568.008
36 39 -118.696
36 40 109.147
36 41 -739.631
36 42 278.853
36 43 873.896
36 44 -58.5447
36 45 -213.107
36 46 -718.196
36 47 159.589
36 48 -935.902
36 49 -139.826
36 50 -425.683
37 1 -774.317
37 2 -407.912
37 3 419.126
37 4 -500.063
37 5 562.817
37 6 489.292
37 7 272.38
37 8 524.833
37 9 -908.666
37 10 27.988
37 11 474.758
37 12 863.331
37 13 -966.253
37 14 -50.667
37 15 -399.302
37 16 402.149
37 17 893.315
37 18 -745.371
37 19 113.666
37 20 352.073
37 21 246.976
37 22 577.779
37 23 -995.565
37 24 66.7048
37 25 -959.047
37 26 -940.299
37 27 906.322
37 28 469.445
37 29 -938.894
37 30 688.189
37 31 846.354
37 32 520.376
37 33 275.983
37 34 2.40071
37 35 854.598
37 36 166.795
37 38 -260.068
37 39 144.444
37 40 -413.652
37 41 209.786
37 42 -254.083
37 43 -845.583
37 44 -832.026
37 45 526.177
37 46 905.284
37 47 -522.536
37 48 439.766
37 49 -917.032
37 50 850.385
38 1 597.87
38 2 789.073
38 3 -812.729
38 4 250.518
38 5 -247.549
38 6 -234.419
38 7 -605.343
38 8 819.484
38 9 659.426
38 10 658.877
38 11 -468.308
38 12 -996.054
38 13 -815.721
38 14 -777.981
38 15 -742.562
38 16 54.6745
38 17 -90.9716
38 18 -251.274
38 19 607.519
38 20 138.52
38 21 508.406
38 22 -337.99
38 23 951.024
38 24 -786.775
38 25 -99.7042
38 26 831.393
38 27 -189.596
38 28 328.746
38 29 -908.116
38 30 781.5
38 31 -29.0491
38 32 44.5373
38 33 661.381
38 34 0.0801416
38 35 316.96
38 36 -333.165
38 37 -190.328
38 39 517.322
38 40 841.652
38 41 -26.8506
38 42 937.284
38 43 -51.0945
38 44 -741.463
38 45 -878.01
38 46 652.709
38 47 198.428
38 48 -337.99
38 49 439.095
38 50 -817.492
39 1 991.695
39 2 657.533
39 3 -248.77
39 4 -901.094
39 5 -558.138
39 6 -581.832
39 7 981.008
39 8 -693.525
39 9 -165.535
39 10 -901.521
39 11 -341.471
39 12 -766.195
39 13 803.301
39 14 32.7513
39 15 -928.574
39 16 -840.637
39 17 104.75
39 18 168.504
39 19 709.441
39 20 -388.432
39 21 170.703
39 22 -829.889
39 23 -291.701
39 24 -220.557
39 25 618.694
39 26 -373.897
39 27 987.848
39 28 -124.62
39 29 920.124
39 30 -204.863
39 31 742.967
39 32 -618.168
39 33 -593.496
39 34 -660.732
39 35 -990.557
39 36 124.719
39 37 -193.443
39 38 472.621
39 40 -30.2094
39 41 104.383
39 42 -510.872
39 43 -38.8809
39 44 -314.479
39 45 -968.878
39 46 619.916
39 47 424.683
39 48 -35.278
39 49 -504.46
39 50 397.324
40 1 359.463
40 2 26.4003
40 3 709.196
40 4 -424.645
40 5 -664.701
40 6 667.365
40 7 761.531
40 8 -554.718
40 9 -202.481
40 10 608.679
40 11 326.364
40 12 470.056
40 13 -93.5364
40 14 -283.029
40 15 -247.915
40 16 759.333
40 17 865.407
40 18 783.332
40 19 478.3
40 20 -426.538
40 21 -841.736
40 22 542.787
40 23 710.723
40 24 43.0717
40 25 -846.133
40 26 -362.722
40 27 300.716
40 28 283.617
40 29 489.72
40 30 193.359
40 31 758.661
40 32 -891.384
40 33 -306.662
40 34 706.876
40 35 -661.464
40 36 -481.743
40 37 476.834
40 38 928.917
40 39 -857.736
40 41 146.948
40 42 124.047
40 43 432.56
40 44 164.23
40 45 -130.177
40 46 433.232
40 47 -448.705
40 48 -774.073
40 49 -251.946
40 50 631.396
41 1 376.562
41 2 -259.152
41 3 -501.651
41 4 711.578
41 5 497.17
41 6 -770.653
41 7 680.861
41 8 623.763
41 9 -820.729
41 10 -455.85
41 11 -215.794
41 12 -241.625
41 13 665.594
41 14 -276.006
41 15 -590.077
41 16 162.947
41 17 274.334
41 18 427.309
41 19 723.975
41 20 -78.9413
41 21 9.78988
41 22 -126.94
41 23 -624.213
41 24 143.955
41 25 -656.823
41 26 236.717
41 27 78.3687
41 28 -0.835871
41 29 -127.734
41 30 425.293
41 31 12.8433
41 32 -776.943
41 33 -466.293
41 34 182.733
41 35 274.396
41 36 551.703
41 37 -931.627
41 38 -545.131
41 39 -475.88
41 40 -499.574
41 42 415.523
41 43 -45.9648
41 44 -951.108
41 45 -50.2395
41 46 -274.357
41 47 858.201
41 48 -593.008
41 49 947.054
41 50 692.281
42 1 -413.958
42 2 -147.703
42 3 -816.271
42 4 866.14
42 5 -411.698
42 6 724.952
42 7 583.764
42 8 664.067
42 9 78.1855
42 10 -8.83572
42 11 -583.298
42 12 -256.77
42 13 -343.669
42 14 128.566
42 15 415.278
42 16 437.079
42 17 759.882
42 18 531.246
42 19 288.258
42 20 932.215
42 21 866.934
42 22 -365.531
42 23 106.032
42 24 -115.215
42 25 -592.275
42 26 -56.6516
42 27 969.649
42 28 -842.774
42 29 311.097
42 30 144.932
42 31 411.431
42 32 359.829
42 33 -883.689
42 34 -496.216
42 35 -31.4307
42 36 -111.857
42 37 612.954
42 38 721.471
42 39 -644.121
42 40 152.26
42 41 -89.0785
42 43 442.087
42 44 -313.99
42 45 -334.02
42 46 916.765
42 47 -391.79
42 48 -834.102
42 49 -296.464
42 50 -884.911
43 1 837.133
43 2 -282.418
43 3 196.351
43 4 631.518
43 5 -991.596
43 6 -53.4761
43 7 566.665
43 8 472.438
43 9 268.655
43 10 910.292
43 11 181.206
43 12 -76.926
43 13 -395.393
43 14 111.162
43 15 114.704
43 16 6.3701
43 17 215.282
43 18 164.474
43 19 907.422
43 20 957.192
43 21 832.37
43 22 -436.858
43 23 5.63729
43 24 645.137
43 25 201.481
43 26 -6.45408
43 27 -420.553
43 28 -112.589
43 29 903.696
43 30 -374.936
43 31 390.79
43 32 -417.744
43 33 -303.364
43 34 824.614
43 35 411.126
43 36 -395.943
43 37 582.603
43 38 -282.846
43 39 -124.62
43 40 400.134
43 41 -235.579
43 42 52.5982
43 44 -546.474
43 45 -779.386
43 46 706.937
43 47 788.34
43 48 -768.516
43 49 -69.7201
43 50 460.163
44 1 -150.818
44 2 -811.507
44 3 319.585
44 4 -539.39
44 5 -506.903
44 6 858.934
44 7 -123.398
44 8 -21.721
44 9 -286.449
44 10 860.827
44 11 -59.2775
44 12 -599.176
44 13 -873.186
44 14 -8.71358
44 15 -821.278
44 16 -446.201
44 17 -221.351
44 18 561.779
44 19 328.379
44 20 227.374
44 21 -699.815
44 22 -335.181
44 23 -868.3
44 24 108.902
44 25 866.079
44 26 -929.49
44 27 -581.161
44 28 -693.342
44 29 371.004
44 30 -576.52
44 31 -748.974
44 32 650.205
44 33 -712.028
44 34 -561.436
44 35 87.1625
44 36 -50.667
44 37 622.603
44 38 -217.687
44 39 -108.681
44 40 418.759
44 41 408.805
44 42 322.395
44 43 134.246
44 45 -572.489
44 46 195.374
44 47 437.079
44 48 -387.943
44 49 789.378
44 50 940.948
45 1 -929.185
45 2 -967.474
45 3 754.325
45 4 -234.053
45 5 225.725
45 6 -703.051
45 7 916.46
45 8 4.78234
45 9 565.688
45 10 -581.039
45 11 200.809
45 12 -23.4309
45 13 840.675
45 14 -980.542
45 15 -866.346
45 16 934.719
45 17 -201.321
45 18 -666.961
45 19 576.374
45 20 -386.416
45 21 286.853
45 22 -339.15
45 23 105.727
45 24 -172.252
45 25 216.809
45 26 -787.08
45 27 246.549
45 28 540.039
45 29 96.0783
45 30 -724.608
45 31 -280.892
45 32 856.003
45 33 -198.939
45 34 -364.005
45 35 -90.2387
45 36 -629.038
45 37 285.449
45 38 211.496
45 39 -261.839
45 40 313.418
45 41 907.666
45 42 -189.351
45 43 -881.002
45 44 -90.7884
45 46 68.659
45 47 974.352
45 48 199.466
45 49 -573.222
45 50 -151.856
46 1 820.034
46 2 557.688
46 3 319.036
46 4 318.364
46 5 845.743
46 6 -439.606
46 7 -91.7044
46 8 232.809
46 9 -388.859
46 10 57.7279
46 11 -941.826
46 12 -225.259
46 13 -749.157
46 14 600.74
46 15 258.213
46 16 49.5448
46 17 -257.503
46 18 380.164
46 19 -439.362
46 20 -990.924
46 21 -122.421
46 22 65.5445
46 23 822.355
46 24 504.315
46 25 870.903
46 26 733.196
46 27 -339.455
46 28 133.94
46 29 -462.079
46 30 69.6971
46 31 -405.653
46 32 604.71
46 33 994.931
46 34 47.1632
46 35 -224.038
46 36 261.205
46 37 -208.771
46 38 -758.44
46 39 775.027
46 40 -503.483
46 41 -551.482
46 42 -0.164129
46 43 -162.665
46 44 717.502
46 45 -692.67
46 47 -374.875
46 48 69.3307
46 49 552.375
46 50 645.198
47 1 -213.107
47 2 967.817
47 3 1.54576
47 4 987.664
47 5 -675.449
47 6 749.318
47 7 -799.111
47 8 563.062
47 9 647.946
47 10 -89.9945
47 11 498.636
47 12 -174.207
47 13 907.177
47 14 451.98
47 15 522.024
47 16 -5.90448
47 17 136.566
47 18 211.74
47 19 937.65
47 20 -466.354
47 21 -454.629
47 22 739.119
47 23 573.199
47 24 534.177
47 25 148.535
47 26 149.085
47 27 604.16
47 28 -98.2997
47 29 924.765
47 30 -602.168
47 31 -518.017
47 32 -677.525
47 33 691.365
47 34 -590.015
47 35 -698.777
47 36 918.719
47 37 881.712
47 38 -500.246
47 39 281.785
47 40 539.734
47 41 -592.031
47 42 524.284
47 43 -938.467
47 44 -362.966
47 45 809.958
47 46 -799.111
47 48 -507.819
47 49 -357.898
47 50 854.842
48 1 -961.55
48 2 -394.416
48 3 -205.107
48 4 805.5
48 5 300.349
48 6 -537.864
48 7 362.333
48 8 -483.514
48 9 454.117
48 10 -446.507
48 11 177.481
48 12 565.443
48 13 -459.27
48 14 451.186
48 15 444.346
48 16 589.748
48 17 -102.819
48 18 -612.427
48 19 -263.243
48 20 36.6596
48 21 668.892
48 22 465.415
48 23 140.047
48 24 497.109
48 25 557.077
48 26 162.337
48 27 -540.245
48 28 -185.26
48 29 -766.989
48 30 846.598
48 31 -549.955
48 32 -833.309
48 33 859.606
48 34 -36.3772
48 35 984.977
48 36 -708.975
48 37 146.093
48 38 -395.76
48 39 116.719
48 40 55.4073
48 41 400.195
48 42 123.07
48 43 -33.8734
48 44 553.657
48 45 -18.3012
48 46 506.635
48 47 363.737
48 49 -82.6664
48 50 623.274
49 1 -824.515
49 2 196.534
49 3 30.9803
49 4 35.255
49 5 -90.2998
49 6 391.34
49 7 332.898
49 8 250.152
49 9 574.176
49 10 469.751
49 11 -103.368
49 12 125.696
49 13 -650.533
49 14 617.229
49 15 978.993
49 16 -539.39
49 17 145.116
49 18 199.466
49 19 -787.325
49 20 -849.797
49 21 -124.742
49 22 668.403
49 23 653.014
49 24 823.148
49 25 -695.174
49 26 -213.046
49 27 832.186
49 28 391.951
49 29 134.49
49 30 -876.728
49 31 47.4686
49 32 970.199
49 33 18.7057
49 34 -262.266
49 35 41.4839
49 36 -431.851
49 37 210.58
49 38 7.28611
49 39 272.869
49 40 -967.535
49 41 -490.842
49 42 528.803
49 43 967.207
49 44 -357.043
49 45 -792.332
49 46 28.2323
49 47 -870.743
49 48 -179.947
49 50 722.143
50 1 -776.027
50 2 716.463
50 3 376.378
50 4 589.443
50 5 574.726
50 6 -866.346
50 7 -255.121
50 8 531.795
50 9 847.148
50 10 -719.662
50 11 630.236
50 12 -741.952
50 13 454.85
50 14 -710.746
50 15 -492.918
50 16 -293.472
50 17 489.781
50 18 -817.614
50 19 -576.581
50 20 400.317
50 21 -609.985
50 22 611.794
50 23 -477.957
50 24 619.0
50 25 187.435
50 26 874.506
50 27 -261.533
50 28 63.1018
50 29 258.152
50 30 -600.58
50 31 100.597
50 32 703.456
50 33 532.039
50 34 -116.192
50 35 -928.391
50 36 -503.055
50 37 81.4832
50 38 263.159
50 39 377.661
50 40 -329.562
50 41 -961.428
50 42 -282.052
50 43 743.028
50 44 -761.127
50 45 -226.419
50 46 891.972
50 47 -6.75942
50 48 468.285
50 49 -732.975
