50 2450
1
2
3
4
5
6
7
8
9
10
11
12
13
14
15
16
17
18
19
20
21
22
23
24
25
26
27
28
29
30
31
32
33
34
35
36
37
38
39
40
41
42
43
44
45
46
47
48
49
50
1 2 792.493
1 3 914.2
1 4 -425.438
1 5 -861.033
1 6 924.582
1 7 -232.038
1 8 740.952
1 9 14.1257
1 10 508.651
1 11 417.843
1 12 503.155
1 13 -160.039
1 14 953.344
1 15 -468.369
1 16 -827.935
1 17 -272.647
1 18 -199.122
1 19 858.873
1 20 -627.267
1 21 -793.737
1 22 -742.501
1 23 394.454
1 24 276.533
1 25 272.808
1 26 -193.931
1 27 288.258
1 28 -353.806
1 29 4.1106
1 30 99.4981
1 31 -89.567
1 32 378.699
1 33 -306.174
1 34 -680.151
1 35 -471.3
1 36 -777.065
1 37 -570.84
1 38 -809.798
1 39 -973.397
1 40 381.264
1 41 58.2775
1 42 -177.443
1 43 -897.307
1 44 -345.745
1 45 -520.704
1 46 596.221
1 47 -613.343
1 48 -151.917
1 49 -803.935
1 50 250.03
2 1 913.101
2 3 -899.078
2 4 67.9262
2 5 -620.977
2 6 -616.885
2 7 842.201
2 8 -803.935
2 9 -481.743
2 10 668.709
2 11 -952.696
2 12 892.338
2 13 3.37779
2 14 965.863
2 15 -492.735
2 16 -355.516
2 17 799.088
2 18 -929.734
2 19 760.737
2 20 50.1555
2 21 477.262
2 22 -808.759
2 23 -589.588
2 24 -381.714
2 25 -462.384
2 26 -261.594
2 27 -500.735
2 28 -590.809
2 29 254.365
2 30 536.375
2 31 622.664
2 32 428.774
2 33 -766.562
2 34 -110.941
2 35 480.926
2 36 722.753
2 37 -117.414
2 38 -58.1172
2 39 555.123
2 40 -889.613
2 41 959.024
2 42 -232.404
2 43 585.229
2 44 493.994
2 45 402.027
2 46 626.816
2 47 548.528
2 48 669.075
2 49 631.58
2 50 828.034
3 1 -179.947
3 2 -401.561
3 4 491.857
3 5 636.404
3 6 206.122
3 7 -934.986
3 8 42.0335
3 9 659.548
3 10 532.039
3 11 -351.18
3 12 -629.587
3 13 150.612
3 14 -519.482
3 15 966.718
3 16 -374.875
3 17 670.602
3 18 364.104
3 19 111.101
3 20 -555.146
3 21 -462.384
3 22 511.093
3 23 230.122
3 24 983.817
3 25 515.673
3 26 970.627
3 27 172.596
3 28 706.815
3 29 159.039
3 30 -795.08
3 31 -848.026
3 32 -841.247
3 33 -724.853
3 34 474.758
3 35 -640.763
3 36 881.04
3 37 -77.5367
3 38 581.138
3 39 457.598
3 40 661.258
3 41 -612.305
3 42 -317.776
3 43 904.979
3 44 -674.594
3 45 -410.965
3 46 -153.077
3 47 39.3466
3 48 -765.951
3 49 -674.411
3 50 41.6671
4 1 -137.749
4 2 681.777
4 3 -172.985
4 5 -757.951
4 6 456.133
4 7 -613.16
4 8 -972.481
4 9 -647.053
4 10 -21.6599
4 11 266.518
4 12 -985.0
4 13 621.198
4 14 -830.988
4 15 -338.845
4 16 78.3077
4 17 -767.783
4 18 -695.174
4 19 -773.096
4 20 -199.733
4 21 -213.351
4 22 -460.613
4 23 -342.448
4 24 635.854
4 25 320.196
4 26 570.451
4 27 -563.146
4 28 398.851
4 29 582.054
4 30 565.81
4 31 809.164
4 32 -887.048
4 33 -758.501
4 34 292.349
4 35 143.894
4 36 653.197
4 37 720.311
4 38 -622.503
4 39 902.536
4 40 610.206
4 41 -678.502
4 42 649.472
4 43 368.378
4 44 836.644
4 45 -625.984
4 46 481.231
4 47 354.211
4 48 86.796
4 49 -959.108
4 50 95.1623
5 1 -947.688
5 2 -793.676
5 3 512.986
5 4 -254.694
5 6 233.236
5 7 299.8
5 8 250.885
5 9 727.822
5 10 960.917
5 11 312.685
5 12 -16.7134
5 13 -850.774
5 14 33.2398
5 15 477.811
5 16 130.276
5 17 404.164
5 18 322.211
5 19 45.9419
5 20 351.096
5 21 272.869
5 22 -803.019
5 23 -247.549
5 24 901.193
5 25 -390.019
5 26 236.106
5 27 -551.665
5 28 -517.284
5 29 536.192
5 30 391.218
5 31 -660.793
5 32 -715.387
5 33 -923.933
5 34 -184.527
5 35 -734.257
5 36 885.621
5 37 195.496
5 38 525.505
5 39 -534.505
5 40 -281.869
5 41 145.543
5 42 -912.269
5 43 -748.058
5 44 -212.496
5 45 84.3533
5 46 -469.712
5 47 -949.825
5 48 -690.777
5 49 -111.429
5 50 -356.799
6 1 224.687
6 2 981.252
6 3 104.872
6 4 880.735
6 5 135.467
6 7 552.558
6 8 974.779
6 9 -969.062
6 10 868.522
6 11 401.477
6 12 470.544
6 13 -136.406
6 14 -937.612
6 15 -214.878
6 16 284.227
6 17 912.124
6 18 -709.891
6 19 468.224
6 20 -302.51
6 21 -390.386
6 22 407.156
6 23 -596.489
6 24 280.808
6 25 951.573
6 26 -673.373
6 27 -832.515
6 28 -650.9
6 29 861.193
6 30 -347.638
6 31 -179.519
6 32 -875.873
6 33 472.865
6 34 -405.653
6 35 892.521
6 36 -474.17
6 37 -505.376
6 38 625.351
6 39 -824.026
6 40 -458.598
6 41 -146.421
6 42 -703.357
6 43 -979.199
6 44 -892.544
6 45 -199.366
6 46 -329.99
6 47 801.897
6 48 440.194
6 49 -325.654
6 50 779.79
7 1 262.915
7 2 748.157
7 3 -500.246
7 4 583.886
7 5 426.148
7 6 -723.204
7 8 -383.424
7 9 833.225
7 10 735.516
7 11 612.771
7 12 521.597
7 13 290.701
7 14 -859.262
7 15 -822.622
7 16 -888.636
7 17 749.501
7 18 -195.092
7 19 876.216
7 20 -476.918
7 21 -724.73
7 22 110.612
7 23 800.614
7 24 -260.923
7 25 -874.773
7 26 -327.364
7 27 960.611
7 28 168.688
7 29 762.936
7 30 -970.161
7 31 954.321
7 32 -625.19
7 33 -580.489
7 34 708.83
7 35 -471.483
7 36 -853.888
7 37 643.915
7 38 340.959
7 39 -33.507
7 40 90.8265
7 41 253.816
7 42 537.841
7 43 -771.997
7 44 -52.6822
7 45 159.527
7 46 -813.523
7 47 -198.511
7 48 -199.122
7 49 469.262
7 50 877.926
8 1 180.962
8 2 385.172
8 3 -671.419
8 4 -870.926
8 5 925.559
8 6 -337.868
8 7 932.154
8 9 122.765
8 10 225.603
8 11 -129.078
8 12 -871.842
8 13 -393.989
8 14 -77.2314
8 15 -778.409
8 16 -914.223
8 17 -318.753
8 18 -88.5899
8 19 437.812
8 20 422.668
8 21 -858.407
8 22 -132.375
8 23 -684.487
8 24 261.205
8 25 61.1477
8 26 239.892
8 27 -488.827
8 28 -358.508
8 29 311.036
8 30 -563.329
8 31 717.502
8 32 -277.594
8 33 704.861
8 34 -844.85
8 35 437.018
8 36 -786.287
8 37 446.117
8 38 779.607
8 39 534.849
8 40 -520.154
8 41 -424.584
8 42 790.722
8 43 749.623
8 44 744.799
8 45 100.903
8 46 131.681
8 47 361.356
8 48 -159.306
8 49 495.949
8 50 -546.535
9 1 198.916
9 2 943.635
9 3 -739.509
9 4 -813.156
9 5 172.596
9 6 -286.388
9 7 229.144
9 8 376.684
9 10 523.856
9 11 307.128
9 12 -696.884
9 13 -788.18
9 14 -24.8965
9 15 -334.753
9 16 -681.434
9 17 -798.561
9 18 973.741
9 19 548.222
9 20 709.807
9 21 -87.2464
9 22 -795.386
9 23 -276.434
9 24 674.083
9 25 228.412
9 26 -418.049
9 27 773.928
9 28 523.795
9 29 -948.116
9 30 -124.009
9 31 -67.1552
9 32 -97.2615
9 33 -598.992
9 34 193.481
9 35 416.316
9 36 -434.293
9 37 819.79
9 38 -521.803
9 39 -341.898
9 40 -598.137
9 41 56.0791
9 42 -769.004
9 43 913.101
9 44 -607.42
9 45 943.94
9 46 -372.981
9 47 -359.18
9 48 190.977
9 49 -591.237
9 50 226.213
10 1 134.551
10 2 -993.0
10 3 563.978
10 4 460.59
10 5 802.935
10 6 -503.727
10 7 -199.428
10 8 86.1243
10 9 -433.255
10 11 -679.357
10 12 845.316
10 13 788.157
10 14 -200.588
10 15 91.6204
10 16 687.701
10 17 -878.499
10 18 239.343
10 19 -636.976
10 20 345.539
10 21 -10.7899
10 22 -672.029
10 23 -621.404
10 24 -616.824
10 25 820.339
10 26 -596.733
10 27 244.656
10 28 -866.468
10 29 -337.074
10 30 -820.545
10 31 228.228
10 32 554.329
10 33 -635.389
10 34 -34.4841
10 35 865.59
10 36 -343.058
10 37 -975.84
10 38 44.293
10 39 -439.057
10 40 456.499
10 41 915.299
10 42 663.823
10 43 -622.748
10 44 356.348
10 45 54.6745
10 46 65.3003
10 47 688.922
10 48 -67.7048
10 49 623.152
10 50 998.534
11 1 397.019
11 2 34.4612
11 3 397.752
11 4 145.543
11 5 -605.221
11 6 151.344
11 7 -588.672
11 8 912.551
11 9 -38.5145
11 10 975.207
11 12 10.0342
11 13 0.507614
11 14 -224.282
11 15 -899.445
11 16 496.987
11 17 -780.119
11 18 244.839
11 19 806.355
11 20 -440.644
11 21 964.459
11 22 -177.871
11 23 831.637
11 24 -340.555
11 25 789.378
11 26 15.0417
11 27 -879.537
11 28 573.138
11 29 -458.11
11 30 758.111
11 31 -555.879
11 32 -728.822
11 33 465.598
11 34 847.881
11 35 843.545
11 36 -666.533
11 37 -281.685
11 38 124.108
11 39 -160.833
11 40 66.7659
11 41 -242.236
11 42 -916.238
11 43 344.257
11 44 533.078
11 45 8.50746
11 46 617.107
11 47 -798.317
11 48 666.144
11 49 265.541
11 50 -454.201
12 1 310.609
12 2 664.617
12 3 -736.028
12 4 672.128
12 5 -751.173
12 6 849.835
12 7 -143.062
12 8 993.16
12 9 -638.992
12 10 -824.698
12 11 -770.836
12 13 800.92
12 14 -781.218
12 15 581.748
12 16 -398.386
12 17 -666.472
12 18 415.584
12 19 -634.351
12 20 -156.314
12 21 -323.578
12 22 -385.134
12 23 783.088
12 24 -551.787
12 25 591.153
12 26 -192.16
12 27 -966.924
12 28 -703.174
12 29 -28.8659
12 30 696.8
12 31 -145.932
12 32 655.457
12 33 -393.622
12 34 -842.041
12 35 875.728
12 36 835.973
12 37 -60.621
12 38 -278.571
12 39 -49.6899
12 40 969.283
12 41 507.368
12 42 -12.9272
12 43 634.694
12 44 314.883
12 45 756.279
12 46 940.337
12 47 -997.458
12 48 555.55
12 49 912.796
12 50 -917.643
13 1 999.878
13 2 505.536
13 3 -399.179
13 4 333.875
13 5 494.849
13 6 678.968
13 7 -103.246
13 8 620.16
13 9 -748.18
13 10 147.375
13 11 496.926
13 12 -889.491
13 14 981.619
13 15 -869.338
13 16 -298.907
13 17 -975.413
13 18 667.06
13 19 -244.984
13 20 892.643
13 21 -53.0486
13 22 -633.984
13 23 413.019
13 24 -807.599
13 25 595.672
13 26 -342.936
13 27 171.985
13 28 0.324412
13 29 -23.1866
13 30 -75.3383
13 31 661.442
13 32 -924.177
13 33 -135.612
13 34 677.197
13 35 -125.78
13 36 883.788
13 37 537.78
13 38 -925.521
13 39 -669.77
13 40 855.697
13 41 720.982
13 42 866.323
13 43 -973.397
13 44 288.685
13 45 -340.188
13 46 -96.2844
13 47 -377.562
13 48 -457.743
13 49 273.48
13 50 450.514
14 1 288.502
14 2 234.885
14 3 -688.64
14 4 438.911
14 5 -334.997
14 6 121.543
14 7 -529.559
14 8 890.811
14 9 363.493
14 10 -652.549
14 11 -611.939
14 12 -328.219
14 13 442.576
14 15 -242.969
14 16 467.125
14 17 779.18
14 18 309.937
14 19 -53.2929
14 20 456.804
14 21 -666.411
14 22 474.453
14 23 -243.579
14 24 739.119
14 25 -510.994
14 26 592.741
14 27 879.941
14 28 -754.959
14 29 -583.848
14 30 -754.104
14 31 -720.273
14 32 -46.6365
14 33 575.397
14 34 888.185
14 35 109.269
14 36 889.895
14 37 -554.169
14 38 -610.901
14 39 802.874
14 40 -414.752
14 41 917.681
14 42 638.663
14 43 -950.741
14 44 -79.9794
14 45 -492.246
14 46 -390.752
14 47 -676.976
14 48 -716.303
14 49 -377.134
14 50 358.241
15 1 652.404
15 2 8.32426
15 3 -981.519
15 4 367.035
15 5 -671.541
15 6 -9.996
15 7 675.121
15 8 -313.685
15 9 -760.699
15 10 456.865
15 11 -749.28
15 12 306.517
15 13 -498.72
15 14 -196.985
15 16 -672.64
15 17 193.542
15 18 95.1012
15 19 -558.871
15 20 -395.149
15 21 -563.634
15 22 -818.042
15 23 599.519
15 24 258.884
15 25 934.536
15 26 795.607
15 27 4.96554
15 28 -366.569
15 29 -940.116
15 30 581.565
15 31 -602.718
15 32 -535.238
15 33 753.531
15 34 297.907
15 35 798.111
15 36 815.698
15 37 453.568
15 38 737.959
15 39 478.239
15 40 -87.9792
15 41 -660.365
15 42 -223.183
15 43 -429.774
15 44 77.2084
15 45 294.609
15 46 -768.699
15 47 247.892
15 48 932.765
15 49 -967.352
15 50 -790.928
16 1 -583.909
16 2 -931.261
16 3 845.927
16 4 -354.478
16 5 859.606
16 6 -626.778
16 7 -625.374
16 8 -289.624
16 9 -236.373
16 10 -813.462
16 11 881.04
16 12 774.722
16 13 576.863
16 14 497.842
16 15 416.5
16 17 -380.676
16 18 117.391
16 19 345.417
16 20 -634.351
16 21 -414.446
16 22 893.987
16 23 628.648
16 24 771.668
16 25 336.501
16 26 551.459
16 27 -498.597
16 28 -110.208
16 29 -67.0941
16 30 400.256
16 31 -449.804
16 32 422.179
16 33 -93.0479
16 34 951.146
16 35 930.505
16 36 -158.207
16 37 -986.466
16 38 -600.458
16 39 657.9
16 40 273.174
16 41 359.89
16 42 -996.115
16 43 243.74
16 44 343.096
16 45 -416.462
16 46 -723.021
16 47 851.545
16 48 456.682
16 49 791.271
16 50 947.543
17 1 169.054
17 2 925.07
17 3 -85.964
17 4 615.336
17 5 188.535
17 6 -614.259
17 7 200.809
17 8 -949.764
17 9 68.9033
17 10 959.756
17 11 -494.994
17 12 60.4759
17 13 -719.112
17 14 -437.713
17 15 79.7733
17 16 -132.314
17 18 -784.271
17 19 -160.589
17 20 547.123
17 21 -56.4073
17 22 444.53
17 23 127.894
17 24 744.677
17 25 -777.737
17 26 -183.184
17 27 -92.1929
17 28 -872.147
17 29 644.526
17 30 593.779
17 31 170.031
17 32 -577.863
17 33 -45.5984
17 34 -216.038
17 35 136.566
17 36 200.565
17 37 -291.762
17 38 -105.567
17 39 778.02
17 40 90.2769
17 41 408.622
17 42 -739.57
17 43 557.138
17 44 286.182
17 45 -283.579
17 46 161.482
17 47 -155.092
17 48 -943.169
17 49 -321.074
17 50 894.414
18 1 -560.886
18 2 -59.3386
18 3 900.521
18 4 -995.809
18 5 -373.836
18 6 303.28
18 7 -398.63
18 8 -142.696
18 9 -776.943
18 10 -36.0108
18 11 508.773
18 12 -270.144
18 13 -959.779
18 14 563.001
18 15 -505.925
18 16 -374.63
18 17 -803.935
18 19 -639.908
18 20 927.635
18 21 986.932
18 22 727.089
18 23 162.642
18 24 -348.982
18 25 -503.3
18 26 924.765
18 27 -950.375
18 28 544.07
18 29 165.085
18 30 847.392
18 31 -393.439
18 32 -416.95
18 33 -132.803
18 34 430.423
18 35 -670.38
18 36 -634.045
18 37 547.612
18 38 -357.104
18 39 -87.2464
18 40 -988.786
18 41 -747.081
18 42 -875.384
18 43 -915.933
18 44 -610.962
18 45 203.679
18 46 740.585
18 47 697.838
18 48 -390.813
18 49 -934.436
18 50 -513.254
19 1 747.364
19 2 -288.098
19 3 641.595
19 4 -798.805
19 5 13.0265
19 6 -506.964
19 7 134.184
19 8 -509.467
19 9 -990.619
19 10 405.141
19 11 -796.729
19 12 333.753
19 13 -67.3384
19 14 466.941
19 15 977.955
19 16 -212.252
19 17 -713.922
19 18 -873.43
19 20 -782.256
19 21 -760.333
19 22 -112.895
19 23 11.2555
19 24 -169.688
19 25 -364.493
19 26 -78.9413
19 27 493.567
19 28 -105.506
19 29 -873.308
19 30 -250.052
19 31 29.5147
19 32 415.767
19 33 -422.446
19 34 150.795
19 35 191.771
19 36 -26.1178
19 37 358.241
19 38 674.571
19 39 336.807
19 40 -533.406
19 41 873.59
19 42 -184.71
19 43 -149.841
19 44 -873.918
19 45 257.663
19 46 -322.967
19 47 903.391
19 48 3.19459
19 49 -324.127
19 50 819.851
20 1 654.785
20 2 -899.811
20 3 -333.349
20 4 -22.2095
20 5 846.232
20 6 351.951
20 7 -34.3009
20 8 342.486
20 9 -285.716
20 10 621.259
20 11 248.198
20 12 -919.108
20 13 172.291
20 14 922.139
20 15 -774.317
20 16 -200.527
20 17 -818.591
20 18 36.5985
20 19 539.612
20 21 616.74
20 22 270.731
20 23 727.395
20 24 875.85
20 25 -446.385
20 26 117.574
20 27 -279.976
20 28 759.333
20 29 -80.1626
20 30 -847.232
20 31 -339.333
20 32 -554.535
20 33 -624.702
20 34 -892.239
20 35 216.015
20 36 360.501
20 37 -626.778
20 38 -551.909
20 39 518.421
20 40 513.414
20 41 654.663
20 42 -366.02
20 43 137.971
20 44 336.99
20 45 -510.567
20 46 -858.102
20 47 769.775
20 48 -623.419
20 49 359.402
20 50 186.092
21 1 -181.107
21 2 276.35
21 3 -252.801
21 4 -928.513
21 5 84.1701
21 6 489.598
21 7 750.722
21 8 -868.422
21 9 709.135
21 10 165.451
21 11 -822.622
21 12 -834.041
21 13 -395.943
21 14 -364.554
21 15 839.82
21 16 335.707
21 17 522.574
21 18 945.589
21 19 701.319
21 20 -560.703
21 22 968.123
21 23 863.88
21 24 -399.424
21 25 -478.567
21 26 138.52
21 27 -185.321
21 28 -789.523
21 29 -267.579
21 30 -919.231
21 31 162.52
21 32 933.009
21 33 -605.221
21 34 248.503
21 35 287.037
21 36 -588.061
21 37 205.206
21 38 645.32
21 39 -105.872
21 40 367.279
21 41 -493.59
21 42 -246.266
21 43 992.55
21 44 -594.718
21 45 578.878
21 46 424.927
21 47 -28.2552
21 48 -467.819
21 49 871.453
21 50 -84.1931
22 1 -767.233
22 2 23.9575
22 3 127.772
22 4 -724.364
22 5 -210.603
22 6 363.066
22 7 -666.9
22 8 253.083
22 9 -709.586
22 10 -81.7504
22 11 422.973
22 12 -82.6053
22 13 903.025
22 14 -940.421
22 15 -312.708
22 16 189.634
22 17 -523.085
22 18 393.966
22 19 822.416
22 20 454.362
22 21 456.804
22 23 -196.008
22 24 541.871
22 25 454.911
22 26 -58.5447
22 27 -4.68313
22 28 713.96
22 29 -349.165
22 30 -632.641
22 31 214.122
22 32 -63.2469
22 33 230.244
22 34 -776.394
22 35 844.461
22 36 508.406
22 37 -43.6442
22 38 -748.608
22 39 559.52
22 40 -286.632
22 41 49.1784
22 42 -438.934
22 43 723.12
22 44 -619.939
22 45 275.617
22 46 104.567
22 47 720.372
22 48 629.442
22 49 444.896
22 50 940.887
23 1 912.612
23 2 -238.328
23 3 493.75
23 4 731.12
23 5 899.3
23 6 224.809
23 7 347.921
23 8 -96.0402
23 9 -223.549
23 10 582.97
23 11 -250.663
23 12 -75.5825
23 13 81.0557
23 14 -557.711
23 15 -764.302
23 16 -895.72
23 17 100.17
23 18 -736.333
23 19 459.797
23 20 398.485
23 21 246.06
23 22 -6.51515
23 24 -967.901
23 25 -390.08
23 26 172.657
23 27 460.713
23 28 90.338
23 29 -537.07
23 30 327.83
23 31 473.659
23 32 -246.572
23 33 -42.7893
23 34 625.412
23 35 -448.705
23 36 682.815
23 37 458.636
23 38 -73.9948
23 39 -769.188
23 40 907.666
23 41 -42.9725
23 42 -984.145
23 43 884.888
23 44 123.925
23 45 931.177
23 46 768.065
23 47 -14.3929
23 48 642.572
23 49 -750.684
23 50 168.81
24 1 766.539
24 2 -826.896
24 3 -435.82
24 4 -83.277
24 5 192.382
24 6 646.358
24 7 609.107
24 8 253.755
24 9 -794.958
24 10 234.763
24 11 -139.093
24 12 736.555
24 13 161.36
24 14 793.836
24 15 -4.07245
24 16 628.16
24 17 405.63
24 18 -122.116
24 19 569.046
24 20 -401.989
24 21 924.459
24 22 -455.545
24 23 -634.412
24 25 -580.855
24 26 5.14875
24 27 -884.911
24 28 862.903
24 29 345.845
24 30 850.934
24 31 94.5516
24 32 221.206
24 33 864.247
24 34 -928.085
24 35 -576.153
24 36 273.235
24 37 503.032
24 38 -983.962
24 39 270.06
24 40 -84.0099
24 41 389.386
24 42 845.866
24 43 518.666
24 44 -632.763
24 45 -764.363
24 46 -679.235
24 47 179.069
24 48 712.677
24 49 -547.207
24 50 225.541
25 1 -125.597
25 2 -822.011
25 3 -935.23
25 4 -647.053
25 5 -390.813
25 6 -417.072
25 7 127.894
25 8 18.6447
25 9 3.37779
25 10 -617.068
25 11 -675.937
25 12 9.36241
25 13 -823.965
25 14 768.676
25 15 -563.512
25 16 -71.5521
25 17 -525.711
25 18 -765.585
25 19 -627.633
25 20 -139.765
25 21 -778.409
25 22 -922.223
25 23 -560.092
25 24 297.907
25 26 -310.937
25 27 -760.027
25 28 -444.919
25 29 269.083
25 30 462.789
25 31 -50.4838
25 32 -929.49
25 33 601.168
25 34 -596.428
25 35 -408.523
25 36 -85.4755
25 37 -743.539
25 38 387.981
25 39 249.052
25 40 -279.121
25 41 686.418
25 42 -996.97
25 43 -656.091
25 44 650.938
25 45 121.971
25 46 -591.237
25 47 -171.764
25 48 576.985
25 49 767.882
25 50 525.688
26 1 347.738
26 2 332.776
26 3 805.5
26 4 758.173
26 5 -170.604
26 6 -295.242
26 7 167.527
26 8 -568.092
26 9 -75.8268
26 10 -140.558
26 11 8.07999
26 12 133.94
26 13 -261.594
26 14 889.895
26 15 809.042
26 16 135.772
26 17 300.349
26 18 171.13
26 19 60.1095
26 20 -896.33
26 21 -809.553
26 22 216.381
26 23 -544.154
26 24 -730.471
26 25 784.432
26 27 -291.578
26 28 535.581
26 29 251.007
26 30 526.055
26 31 410.088
26 32 710.357
26 33 715.242
26 34 697.044
26 35 -373.959
26 36 620.221
26 37 70.1246
26 38 91.0097
26 39 919.757
26 40 747.364
26 41 370.027
26 42 -949.093
26 43 752.066
26 44 229.511
26 45 -380.065
26 46 297.601
26 47 -246.633
26 48 -187.153
26 49 677.136
26 50 983.695
27 1 297.235
27 2 -124.375
27 3 920.429
27 4 424.316
27 5 -932.482
27 6 -535.177
27 7 894.231
27 8 929.04
27 9 320.196
27 10 -716.181
27 11 -902.681
27 12 172.657
27 13 500.712
27 14 564.466
27 15 -881.796
27 16 555.489
27 17 -65.3843
27 18 761.776
27 19 289.418
27 20 -28.4384
27 21 256.625
27 22 16.3241
27 23 62.1858
27 24 -558.566
27 25 -728.089
27 26 -688.884
27 28 -714.288
27 29 32.0185
27 30 -54.1478
27 31 265.968
27 32 571.855
27 33 507.612
27 34 -807.904
27 35 -496.277
27 36 934.963
27 37 151.344
27 38 -831.965
27 39 -463.484
27 40 904.49
27 41 191.588
27 42 744.677
27 43 -909.643
27 44 -717.036
27 45 268.411
27 46 -150.268
27 47 826.019
27 48 -250.175
27 49 -616.763
27 50 376.745
28 1 -626.839
28 2 483.43
28 3 -232.282
28 4 327.646
28 5 -357.165
28 6 -993.733
28 7 -897.918
28 8 899.849
28 9 320.257
28 10 -566.26
28 11 -464.705
28 12 -813.523
28 13 506.757
28 14 302.181
28 15 927.391
28 16 195.008
28 17 432.988
28 18 184.26
28 19 762.936
28 20 847.575
28 21 182.306
28 22 -733.585
28 23 174.0
28 24 -321.99
28 25 -635.511
28 26 78.613
28 27 500.162
28 29 897.345
28 30 -322.906
28 31 -440.766
28 32 -170.42
28 33 508.406
28 34 -712.578
28 35 -342.936
28 36 -36.4993
28 37 -819.813
28 38 982.535
28 39 639.152
28 40 -771.691
28 41 -451.698
28 42 -991.84
28 43 303.83
28 44 -411.393
28 45 634.511
28 46 562.268
28 47 -712.761
28 48 -516.795
28 49 -921.429
28 50 837.805
29 1 -356.921
29 2 835.973
29 3 -128.956
29 4 -399.912
29 5 886.537
29 6 -335.852
29 7 256.014
29 8 203.435
29 9 692.342
29 10 742.295
29 11 -482.048
29 12 990.535
29 13 435.553
29 14 -271.121
29 15 323.127
29 16 23.3469
29 17 754.692
29 18 -770.348
29 19 301.815
29 20 -924.788
29 21 -669.709
29 22 202.58
29 23 -427.454
29 24 -181.84
29 25 72.262
29 26 -840.331
29 27 883.483
29 28 146.52
29 30 -114.91
29 31 606.664
29 32 57.3615
29 33 -419.759
29 34 223.526
29 35 -865.125
29 36 -555.268
29 37 -322.967
29 38 -397.103
29 39 639.213
29 40 49.2395
29 41 391.218
29 42 269.571
29 43 -944.146
29 44 -972.848
29 45 321.906
29 46 -797.157
29 47 104.628
29 48 252.35
29 49 -213.473
29 50 655.091
30 1 426.515
30 2 614.297
30 3 654.602
30 4 392.683
30 5 -406.508
30 6 -237.595
30 7 -122.91
30 8 854.965
30 9 -595.145
30 10 -33.9955
30 11 662.174
30 12 -611.084
30 13 -87.8571
30 14 -220.374
30 15 212.595
30 16 774.05
30 17 614.969
30 18 211.068
30 19 -13.3547
30 20 196.779
30 21 261.266
30 22 -933.032
30 23 -600.214
30 24 -105.445
30 25 -307.395
30 26 176.871
30 27 918.597
30 28 -373.775
30 29 -833.675
30 31 -835.873
30 32 -528.52
30 33 176.504
30 34 598.969
30 35 478.666
30 36 135.039
30 37 71.8956
30 38 159.833
30 39 -654.381
30 40 -999.229
30 41 703.151
30 42 -332.982
30 43 -646.808
30 44 -802.897
30 45 31.6521
30 46 205.267
30 47 -666.777
30 48 971.665
30 49 80.6282
30 50 413.752
31 1 248.625
31 2 -210.175
31 3 383.279
31 4 882.628
31 5 -242.724
31 6 -610.168
31 7 588.649
31 8 -912.391
31 9 -845.888
31 10 -287.853
31 11 405.691
31 12 313.662
31 13 366.363
31 14 660.648
31 15 74.7657
31 16 981.558
31 17 -306.845
31 18 -377.317
31 19 -446.446
31 20 -154.726
31 21 -11.5227
31 22 -306.051
31 23 -393.5
31 24 -523.33
31 25 -46.8808
31 26 530.635
31 27 982.474
31 28 -523.269
31 29 243.984
31 30 782.233
31 32 868.888
31 33 -140.375
31 34 -925.765
31 35 35.6825
31 36 816.614
31 37 40.5069
31 38 -997.214
31 39 -791.966
31 40 -691.143
31 41 -133.169
31 42 -412.859
31 43 -675.51
31 44 -821.767
31 45 130.337
31 46 -399.546
31 47 -378.966
31 48 -958.008
31 49 995.359
31 50 -505.742
32 1 911.025
32 2 961.405
32 3 -217.198
32 4 -206.878
32 5 -853.949
32 6 -506.719
32 7 553.108
32 8 110.185
32 9 -875.873
32 10 347.127
32 11 907.422
32 12 473.109
32 13 -743.234
32 14 -201.382
32 15 468.529
32 16 -355.944
32 17 -640.152
32 18 -913.246
32 19 462.484
32 20 127.04
32 21 389.813
32 22 953.772
32 23 841.652
32 24 539.49
32 25 63.8957
32 26 521.902
32 27 390.18
32 28 -951.352
32 29 -689.25
32 30 -290.052
32 31 248.991
32 33 555.673
32 34 -522.414
32 35 -647.175
32 36 292.41
32 37 -699.754
32 38 -763.447
32 39 228.228
32 40 800.859
32 41 -393.012
32 42 -868.178
32 43 -829.278
32 44 862.048
32 45 420.774
32 46 697.96
32 47 -529.62
32 48 -58.1172
32 49 349.325
32 50 87.2235
33 1 -275.029
33 2 60.9645
33 3 888.063
33 4 -844.667
33 5 354.089
33 6 -990.008
33 7 511.826
33 8 -75.094
33 9 -52.4379
33 10 53.1478
33 11 -669.953
33 12 -626.351
33 13 645.808
33 14 539.856
33 15 987.237
33 16 492.59
33 17 728.555
33 18 881.102
33 19 -511.544
33 20 531.612
33 21 -387.638
33 22 313.296
33 23 -335.608
33 24 392.805
33 25 -563.756
33 26 895.697
33 27 924.887
33 28 90.8265
33 29 421.019
33 30 170.764
33 31 -981.519
33 32 227.984
33 34 196.168
33 35 -62.2698
33 36 -518.2
33 37 416.866
33 38 282.273
33 39 -438.446
33 40 -556.917
33 41 591.58
33 42 -92.8647
33 43 -732.73
33 44 -499.758
33 45 141.513
33 46 354.089
33 47 -149.291
33 48 336.99
33 49 809.347
33 50 21.0263
34 1 243.068
34 2 -227.03
34 3 283.189
34 4 -613.588
34 5 -628.732
34 6 940.459
34 7 432.683
34 8 62.4912
34 9 -250.602
34 10 -741.219
34 11 -888.33
34 12 -877.216
34 13 -768.149
34 14 921.406
34 15 -519.238
34 16 904.368
34 17 381.386
34 18 544.925
34 19 -230.694
34 20 -553.802
34 21 -130.482
34 22 711.517
34 23 -566.993
34 24 -211.458
34 25 -631.297
34 26 -947.383
34 27 632.74
34 28 -722.043
34 29 354.15
34 30 -408.584
34 31 970.688
34 32 -896.269
34 33 261.632
34 35 6.79757
34 36 433.232
34 37 -772.607
34 38 444.408
34 39 -471.667
34 40 466.514
34 41 906.322
34 42 -646.686
34 43 -863.11
34 44 124.536
34 45 -10.3013
34 46 -608.58
34 47 759.821
34 48 -767.6
34 49 -810.469
34 50 867.728
35 1 -853.461
35 2 -501.529
35 3 493.262
35 4 -504.399
35 5 -871.659
35 6 -490.964
35 7 -82.4221
35 8 880.613
35 9 -80.7122
35 10 553.841
35 11 -201.015
35 12 408.194
35 13 -825.98
35 14 -794.47
35 15 788.279
35 16 6.06476
35 17 480.498
35 18 -390.569
35 19 750.967
35 20 186.703
35 21 963.665
35 22 -604.488
35 23 761.592
35 24 824.858
35 25 709.196
35 26 178.031
35 27 -631.053
35 28 -898.59
35 29 677.075
35 30 557.321
35 31 -667.327
35 32 59.7431
35 33 798.966
35 34 577.046
35 36 5.02661
35 37 190.306
35 38 948.337
35 39 -435.454
35 40 -442.965
35 41 -488.765
35 42 468.163
35 43 299.006
35 44 234.213
35 45 559.52
35 46 946.566
35 47 -566.443
35 48 819.912
35 49 -266.052
35 50 -78.5138
36 1 -871.537
36 2 -493.04
36 3 -558.138
36 4 214.0
36 5 -189.596
36 6 -639.969
36 7 466.087
36 8 561.291
36 9 -990.069
36 10 -451.759
36 11 -997.824
36 12 252.411
36 13 214.977
36 14 549.749
36 15 -190.634
36 16 -554.352
36 17 663.457
36 18 504.009
36 19 -110.452
36 20 -142.879
36 21 32.8734
36 22 908.826
36 23 161.115
36 24 -495.361
36 25 950.352
36 26 839.087
36 27 -458.72
36 28 205.023
36 29 -741.585
36 30 -115.948
36 31 890.75
36 32 -504.155
36 33 994.687
36 34 988.031
36 35 -758.867
36 37 -311.731
36 38 -12.8662
36 39 -627.45
36 40 -230.328
36 41 -281.38
36 42 -953.306
36 43 752.005
36 44 -78.2084
36 45 503.582
36 46 655.396
36 47 993.588
36 48 -845.339
36 49 -526.688
36 50 105.055
37 1 447.705
37 2 718.967
37 3 983.817
37 4 -966.314
37 5 -891.445
37 6 914.628
37 7 274.151
37 8 275.739
37 9 -194.481
37 10 276.472
37 11 -313.441
37 12 -26.7285
37 13 -395.821
37 14 107.009
37 15 807.576
37 16 -103.674
37 17 619.061
37 18 803.485
37 19 -768.272
37 20 -109.902
37 21 405.813
37 22 -584.947
37 23 -355.638
37 24 -599.237
37 25 -860.361
37 26 874.995
37 27 -115.765
37 28 13.8203
37 29 -245.106
37 30 323.005
37 31 -297.013
37 32 -62.9416
37 33 232.442
37 34 989.619
37 35 890.689
37 36 376.989
37 38 235.007
37 39 -956.665
37 40 456.682
37 41 733.074
37 42 -734.929
37 43 -127.551
37 44 -435.27
37 45 557.627
37 46 540.65
37 47 -796.424
37 48 -104.956
37 49 -786.47
37 50 -234.541
38 1 -467.758
38 2 127.711
38 3 -829.095
38 4 -997.58
38 5 -731.081
38 6 238.366
38 7 -127.734
38 8 813.683
38 9 -937.184
38 10 287.586
38 11 115.009
38 12 864.735
38 13 726.478
38 14 -606.382
38 15 -118.452
38 16 191.893
38 17 -799.721
38 18 -420.858
38 19 -443.881
38 20 -701.097
38 21 -989.947
38 22 170.825
38 23 -535.177
38 24 -714.349
38 25 -373.714
38 26 -549.955
38 27 -321.868
38 28 189.634
38 29 -811.691
38 30 -762.409
38 31 -987.748
38 32 -269.777
38 33 -977.489
38 34 -905.368
38 35 -830.438
38 36 647.274
38 37 386.027
38 39 -162.909
38 40 949.314
38 41 -192.588
38 42 -121.75
38 43 -958.314
38 44 469.812
38 45 -713.25
38 46 966.535
38 47 242.946
38 48 348.348
38 49 597.137
38 50 40.4458
39 1 489.903
39 2 -244.19
39 3 252.839
39 4 462.545
39 5 -26.9117
39 6 304.502
39 7 -127.49
39 8 -978.466
39 9 391.462
39 10 -308.861
39 11 987.481
39 12 256.136
39 13 -248.77
39 14 46.3693
39 15 -247.366
39 16 -945.001
39 17 292.533
39 18 913.589
39 19 -243.152
39 20 -993.977
39 21 -784.027
39 22 -194.42
39 23 97.1775
39 24 897.773
39 25 916.215
39 26 276.655
39 27 927.818
39 28 831.576
39 29 384.134
39 30 434.148
39 31 -344.28
39 32 382.913
39 33 497.903
39 34 -153.932
39 35 -16.4692
39 36 234.518
39 37 857.652
39 38 -230.511
39 40 968.672
39 41 -269.533
39 42 874.018
39 43 639.091
39 44 305.418
39 45 -212.068
39 46 788.584
39 47 -244.617
39 48 -990.435
39 49 -402.05
39 50 -685.83
40 1 -885.46
40 2 -310.265
40 3 561.047
40 4 -412.004
40 5 306.029
40 6 -406.508
40 7 -114.788
40 8 112.689
40 9 422.179
40 10 626.511
40 11 -702.807
40 12 389.325
40 13 -76.4986
40 14 -485.163
40 15 -710.746
40 16 -82.8496
40 17 385.294
40 18 317.448
40 19 350.058
40 20 254.365
40 21 -933.215
40 22 453.201
40 23 -389.042
40 24 821.072
40 25 250.762
40 26 454.667
40 27 354.944
40 28 139.131
40 29 268.777
40 30 617.351
40 31 807.149
40 32 -806.011
40 33 177.542
40 34 740.707
40 35 -335.059
40 36 602.817
40 37 -1000.94
40 38 146.337
40 39 795.363
40 41 275.128
40 42 -520.643
40 43 162.642
40 44 529.169
40 45 -732.73
40 46 -711.112
40 47 257.968
40 48 10.7059
40 49 500.101
40 50 -381.775
41 1 17.2401
41 2 19.1332
41 3 32.7513
41 4 91.4982
41 5 145.054
41 6 710.357
41 7 -406.996
41 8 -55.6135
41 9 682.388
41 10 -286.693
41 11 31.9574
41 12 401.966
41 13 -374.386
41 14 -976.023
41 15 402.332
41 16 190.0
41 17 140.047
41 18 123.864
41 19 346.944
41 20 -875.812
41 21 -458.659
41 22 -233.747
41 23 482.636
41 24 -289.319
41 25 252.9
41 26 -123.948
41 27 466.575
41 28 -309.532
41 29 -94.8799
41 30 -17.1409
41 31 -565.711
41 32 -521.07
41 33 784.493
41 34 -360.035
41 35 499.124
41 36 -576.581
41 37 -200.527
41 38 -739.387
41 39 -10.3013
41 40 825.591
41 42 -827.263
41 43 809.347
41 44 -867.995
41 45 -341.898
41 46 -974.252
41 47 782.661
41 48 845.866
41 49 929.589
41 50 58.5218
42 1 929.04
42 2 -654.564
42 3 606.664
42 4 -496.582
42 5 -873.186
42 6 -748.486
42 7 -936.329
42 8 550.787
42 9 -122.116
42 10 -130.665
42 11 975.451
42 12 415.767
42 13 831.148
42 14 -652.549
42 15 -412.248
42 16 -744.516
42 17 798.844
42 18 396.592
42 19 333.265
42 20 -890.895
42 21 -314.601
42 22 246.06
42 23 -314.967
42 24 -950.07
42 25 -226.603
42 26 543.825
42 27 229.144
42 28 -254.571
42 29 798.599
42 30 -130.543
42 31 -140.558
42 32 -397.592
42 33 258.701
42 34 562.329
42 35 57.4836
42 36 -305.99
42 37 -607.542
42 38 538.452
42 39 -824.454
42 40 -352.951
42 41 260.472
42 43 -201.443
42 44 -323.395
42 45 -315.15
42 46 366.424
42 47 303.647
42 48 -747.387
42 49 -992.023
42 50 267.006
43 1 906.872
43 2 776.493
43 3 -294.815
43 4 592.985
43 5 35.194
43 6 -995.87
43 7 373.997
43 8 -72.9566
43 9 -194.359
43 10 992.977
43 11 648.862
43 12 -21.8431
43 13 257.297
43 14 133.085
43 15 817.347
43 16 -519.788
43 17 -604.855
43 18 778.752
43 19 -287.975
43 20 -734.868
43 21 -266.907
43 22 -630.381
43 23 -928.879
43 24 -63.1858
43 25 -987.199
43 26 -982.191
43 27 -453.224
43 28 589.26
43 29 -196.985
43 30 -530.536
43 31 555.245
43 32 5.88156
43 33 -352.646
43 34 -603.572
43 35 -845.644
43 36 778.936
43 37 468.651
43 38 951.451
43 39 140.902
43 40 -223.244
43 41 897.651
43 42 -485.712
43 44 537.597
43 45 -585.008
43 46 228.656
43 47 589.138
43 48 683.67
43 49 -851.873
43 50 -316.799
44 1 757.134
44 2 -906.04
44 3 -364.615
44 4 -333.471
44 5 657.655
44 6 -710.319
44 7 -991.901
44 8 710.662
44 9 909.803
44 10 -227.58
44 11 -314.357
44 12 786.08
44 13 921.834
44 14 -654.259
44 15 -836.973
44 16 676.342
44 17 -473.621
44 18 963.848
44 19 -773.218
44 20 93.9409
44 21 -621.282
44 22 286.792
44 23 -982.741
44 24 233.358
44 25 48.6899
44 26 151.833
44 27 390.729
44 28 -558.932
44 29 -246.266
44 30 -879.292
44 31 -995.992
44 32 -299.456
44 33 668.281
44 34 -685.464
44 35 -419.576
44 36 605.992
44 37 -263.365
44 38 -293.777
44 39 764.646
44 40 524.04
44 41 -53.2318
44 42 70.1857
44 43 31.4078
44 45 -372.615
44 46 -21.5378
44 47 -230.206
44 48 75.0711
44 49 485.567
44 50 -815.599
45 1 573.993
45 2 -890.529
45 3 897.956
45 4 -168.588
45 5 -316.433
45 6 532.406
45 7 667.365
45 8 -464.522
45 9 169.115
45 10 372.165
45 11 991.389
45 12 -157.535
45 13 987.97
45 14 -22.5148
45 15 159.955
45 16 -125.353
45 17 -214.817
45 18 366.058
45 19 254.793
45 20 995.176
45 21 662.174
45 22 -320.402
45 23 525.75
45 24 -584.764
45 25 85.819
45 26 187.741
45 27 142.917
45 28 699.548
45 29 -848.209
45 30 263.77
45 31 6.79757
45 32 -922.65
45 33 -633.984
45 34 -214.389
45 35 302.609
45 36 -462.079
45 37 142.306
45 38 389.935
45 39 -511.238
45 40 -396.004
45 41 -796.485
45 42 -985.061
45 43 -590.565
45 44 757.073
45 46 76.6588
45 47 184.382
45 48 210.885
45 49 427.614
45 50 -145.383
46 1 -556.489
46 2 -244.251
46 3 504.864
46 4 -565.1
46 5 -581.588
46 6 -775.6
46 7 -712.7
46 8 -597.344
46 9 904.613
46 10 -417.316
46 11 829.499
46 12 -243.885
46 13 439.827
46 14 609.29
46 15 600.008
46 16 659.548
46 17 801.347
46 18 -830.683
46 19 -583.664
46 20 409.843
46 21 -152.222
46 22 427.553
46 23 570.207
46 24 -191.428
46 25 164.291
46 26 668.586
46 27 85.6358
46 28 -879.903
46 29 929.406
46 30 -559.482
46 31 -936.696
46 32 810.202
46 33 454.911
46 34 -311.364
46 35 27.8048
46 36 243.007
46 37 832.675
46 38 -431.789
46 39 222.977
46 40 -457.56
46 41 -882.59
46 42 637.015
46 43 -198.878
46 44 782.966
46 45 501.139
46 47 98.1546
46 48 -168.161
46 49 -292.617
46 50 -110.696
47 1 -202.481
47 2 71.8956
47 3 171.13
47 4 -648.946
47 5 -352.768
47 6 -563.94
47 7 473.231
47 8 -151.001
47 9 174.123
47 10 -894.315
47 11 -211.336
47 12 703.639
47 13 -125.169
47 14 -791.233
47 15 -125.414
47 16 -774.317
47 17 70.6742
47 18 -987.382
47 19 238.732
47 20 -41.1404
47 21 941.253
47 22 -431.973
47 23 -36.5604
47 24 -46.6365
47 25 -569.558
47 26 736.677
47 27 369.539
47 28 -467.209
47 29 718.112
47 30 -456.644
47 31 -295.853
47 32 973.008
47 33 -78.0252
47 34 -203.824
47 35 48.9952
47 36 532.894
47 37 -247.793
47 38 -105.628
47 39 -376.035
47 40 288.38
47 41 772.707
47 42 783.21
47 43 688.494
47 44 -814.011
47 45 -24.5911
47 46 976.855
47 48 210.946
47 49 -226.969
47 50 356.043
48 1 597.015
48 2 -486.506
48 3 24.6904
48 4 -837.034
48 5 -641.74
48 6 61.2698
48 7 722.998
48 8 -471.239
48 9 442.637
48 10 -407.851
48 11 -191.183
48 12 -851.323
48 13 -809.126
48 14 -220.313
48 15 159.283
48 16 716.524
48 17 570.268
48 18 -396.737
48 19 211.496
48 20 -217.503
48 21 322.7
48 22 -373.287
48 23 -112.651
48 24 746.264
48 25 -232.831
48 26 -637.282
48 27 -755.264
48 28 642.633
48 29 -834.896
48 30 918.047
48 31 298.7
48 32 -563.634
48 33 -397.958
48 34 -903.414
48 35 -557.039
48 36 496.01
48 37 316.105
48 38 -830.866
48 39 925.62
48 40 -67.1552
48 41 -585.191
48 42 464.987
48 43 789.439
48 44 511.093
48 45 919.452
48 46 -998.618
48 47 -254.327
48 49 791.393
48 50 60.2927
49 1 -668.182
49 2 395.248
49 3 -784.21
49 4 -213.534
49 5 783.943
49 6 -760.394
49 7 -185.199
49 8 399.156
49 9 295.708
49 10 934.108
49 11 -787.508
49 12 -735.784
49 13 -969.062
49 14 -808.027
49 15 -357.653
49 16 541.383
49 17 955.421
49 18 -184.405
49 19 -365.592
49 20 -150.024
49 21 559.642
49 22 248.075
49 23 -919.047
49 24 -162.604
49 25 -62.8194
49 26 -879.231
49 27 359.218
49 28 -441.988
49 29 376.256
49 30 216.381
49 31 194.825
49 32 -377.928
49 33 670.419
49 34 278.548
49 35 -31.2475
49 36 40.0183
49 37 -666.655
49 38 -873.796
49 39 -863.415
49 40 705.105
49 41 905.529
49 42 -506.78
49 43 -538.169
49 44 -551.482
49 45 -473.682
49 46 -968.207
49 47 741.013
49 48 -388.309
49 50 -8.95785
50 1 -69.4758
50 2 -286.021
50 3 58.0943
50 4 -561.069
50 5 565.81
50 6 851.484
50 7 -419.942
50 8 -102.147
50 9 641.411
50 10 687.762
50 11 628.465
50 12 845.499
50 13 242.091
50 14 413.507
50 15 298.578
50 16 -10.2403
50 17 243.862
50 18 393.477
50 19 -476.491
50 20 -545.558
50 21 515.918
50 22 -692.731
50 23 399.218
50 24 -451.881
50 25 -646.32
50 26 -397.775
50 27 581.321
50 28 -685.83
50 29 583.764
50 30 -64.5293
50 31 701.258
50 32 46.7968
50 33 -236.251
50 34 306.334
50 35 -275.518
50 36 955.604
50 37 -60.1325
50 38 556.039
50 39 201.542
50 40 -827.874
50 41 371.676
50 42 -72.9566
50 43 335.402
50 44 -711.051
50 45 682.143
50 46 370.21
50 47 819.118
50 48 601.595
50 49 -139.154
