50 2450
1
2
3
4
5
6
7
8
9
10
11
12
13
14
15
16
17
18
19
20
21
22
23
24
25
26
27
28
29
30
31
32
33
34
35
36
37
38
39
40
41
42
43
44
45
46
47
48
49
50
1 2 -933.215
1 3 774.539
1 4 -135.184
1 5 866.201
1 6 -678.197
1 7 -259.396
1 8 -373.836
1 9 30.736
1 10 -822.316
1 11 22.9805
1 12 -477.285
1 13 -767.6
1 14 -467.148
1 15 -836.667
1 16 -787.019
1 17 -368.89
1 18 -497.926
1 19 -960.94
1 20 403.798
1 21 -896.636
1 22 -532.917
1 23 -538.841
1 24 -207.794
1 25 158.367
1 26 -909.46
1 27 882.201
1 28 701.502
1 29 -206.023
1 30 -516.673
1 31 644.282
1 32 75.01
1 33 -750.684
1 34 -290.296
1 35 213.206
1 36 541.688
1 37 575.153
1 38 823.332
1 39 -176.405
1 40 216.32
1 41 -35.8886
1 42 -387.516
1 43 -16.5302
1 44 -57.6287
1 45 790.599
1 46 -742.929
1 47 270.182
1 48 650.449
1 49 273.235
1 50 -935.841
2 1 858.507
2 3 525.872
2 4 724.891
2 5 489.231
2 6 -786.287
2 7 675.976
2 8 -697.25
2 9 -384.279
2 10 -602.901
2 11 976.916
2 12 -780.852
2 13 -703.479
2 14 403.553
2 15 793.042
2 16 328.135
2 17 -875.567
2 18 987.664
2 19 255.831
2 20 41.6671
2 21 437.263
2 22 -594.168
2 23 788.34
2 24 510.971
2 25 532.223
2 26 -483.086
2 27 560.497
2 28 999.267
2 29 -710.38
2 30 -333.41
2 31 -429.225
2 32 -604.183
2 33 382.79
2 34 -188.008
2 35 33.7284
2 36 -192.283
2 37 259.617
2 38 -690.533
2 39 760.615
2 40 152.81
2 41 -899.628
2 42 810.813
2 43 -772.363
2 44 712.433
2 45 921.528
2 46 695.456
2 47 18.5836
2 48 -435.27
2 49 -987.443
2 50 -506.109
3 1 -686.441
3 2 -152.283
3 4 -80.0405
3 5 722.448
3 6 139.803
3 7 775.882
3 8 121.116
3 9 -431.24
3 10 41.7893
3 11 -638.442
3 12 620.71
3 13 -115.338
3 14 -116.376
3 15 777.653
3 16 -374.691
3 17 893.926
3 18 -547.39
3 19 279.22
3 20 503.338
3 21 76.3535
3 22 563.489
3 23 656.068
3 24 -800.76
3 25 -341.104
3 26 -659.999
3 27 118.734
3 28 314.639
3 29 -856.697
3 30 379.554
3 31 581.565
3 32 12.5379
3 33 -680.701
3 34 459.98
3 35 -738.104
3 36 965.13
3 37 192.87
3 38 507.735
3 39 -449.377
3 40 -497.865
3 41 271.281
3 42 -510.017
3 43 70.6742
3 44 175.955
3 45 -358.081
3 46 933.925
3 47 -119.307
3 48 -99.7042
3 49 281.479
3 50 -254.51
4 1 751.333
4 2 881.773
4 3 28.5376
4 5 39.1634
4 6 448.682
4 7 503.887
4 8 -330.54
4 9 -365.104
4 10 -25.9346
4 11 -627.145
4 12 -438.873
4 13 -61.2317
4 14 685.319
4 15 -301.227
4 16 -763.875
4 17 874.75
4 18 241.785
4 19 -799.172
4 20 427.492
4 21 -435.637
4 22 -683.571
4 23 736.555
4 24 943.94
4 25 446.301
4 26 3.25565
4 27 821.683
4 28 -155.276
4 29 -497.315
4 30 -141.535
4 31 -748.791
4 32 -657.923
4 33 311.83
4 34 524.101
4 35 993.893
4 36 -130.788
4 37 580.466
4 38 855.026
4 39 541.81
4 40 -244.495
4 41 872.002
4 42 -499.819
4 43 -69.2926
4 44 -52.6211
4 45 198.55
4 46 872.125
4 47 585.84
4 48 -795.141
4 49 176.26
4 50 -570.352
5 1 197.939
5 2 221.877
5 3 422.118
5 4 240.992
5 6 820.278
5 7 93.3913
5 8 887.758
5 9 726.173
5 10 -641.618
5 11 -414.324
5 12 -187.641
5 13 -450.293
5 14 661.564
5 15 631.213
5 16 989.008
5 17 -414.752
5 18 376.012
5 19 488.865
5 20 -984.695
5 21 885.804
5 22 -220.313
5 23 18.0951
5 24 246.61
5 25 607.763
5 26 -241.992
5 27 489.109
5 28 97.2997
5 29 -175.611
5 30 123.009
5 31 374.058
5 32 421.874
5 33 158.795
5 34 -540.612
5 35 560.619
5 36 -372.493
5 37 178.153
5 38 -311.609
5 39 -584.764
5 40 -770.959
5 41 491.857
5 42 528.375
5 43 146.398
5 44 -480.582
5 45 -518.383
5 46 48.5678
5 47 -111.673
5 48 51.0715
5 49 611.488
5 50 503.093
6 1 964.703
6 2 -386.966
6 3 -760.882
6 4 -378.111
6 5 -254.51
6 7 -606.198
6 8 -107.765
6 9 564.1
6 10 -439.973
6 11 11.683
6 12 -85.964
6 13 699.731
6 14 -922.772
6 15 104.383
6 16 447.278
6 17 429.935
6 18 614.542
6 19 -832.576
6 20 671.09
6 21 214.916
6 22 -207.672
6 23 325.753
6 24 241.724
6 25 -993.977
6 26 994.748
6 27 -280.342
6 28 -131.459
6 29 270.67
6 30 44.293
6 31 211.74
6 32 964.214
6 33 786.386
6 34 561.474
6 35 76.9642
6 36 303.403
6 37 410.027
6 38 -586.046
6 39 386.577
6 40 639.946
6 41 -6.27088
6 42 -276.556
6 43 -244.434
6 44 -801.92
6 45 -359.608
6 46 840.186
6 47 155.375
6 48 -999.107
6 49 488.498
6 50 -257.747
7 1 465.903
7 2 949.497
7 3 208.809
7 4 -706.593
7 5 -534.078
7 6 -396.004
7 8 -591.481
7 9 -214.694
7 10 946.077
7 11 612.404
7 12 -878.804
7 13 -785.309
7 14 620.526
7 15 693.746
7 16 574.665
7 17 732.524
7 18 -451.148
7 19 150.428
7 20 -578.596
7 21 688.067
7 22 -267.762
7 23 821.988
7 24 -368.707
7 25 -271.731
7 26 581.077
7 27 -576.947
7 28 -790.806
7 29 370.638
7 30 -56.7127
7 31 -784.516
7 32 953.711
7 33 -509.04
7 34 382.241
7 35 -69.7811
7 36 417.965
7 37 -823.477
7 38 379.554
7 39 895.88
7 40 287.403
7 41 363.31
7 42 -833.247
7 43 -698.777
7 44 -666.533
7 45 705.532
7 46 864.613
7 47 538.329
7 48 -845.766
7 49 -883.201
7 50 609.534
8 1 542.299
8 2 874.628
8 3 417.11
8 4 379.248
8 5 -902.681
8 6 998.534
8 7 512.009
8 9 -824.637
8 10 21.7591
8 11 607.58
8 12 -432.461
8 13 -725.952
8 14 -828.423
8 15 -920.574
8 16 -405.653
8 17 -785.187
8 18 219.557
8 19 527.337
8 20 -113.261
8 21 -769.859
8 22 -881.918
8 23 131.62
8 24 758.6
8 25 -207.733
8 26 -786.348
8 27 576.802
8 28 -994.466
8 29 968.917
8 30 -77.1703
8 31 -249.136
8 32 -456.033
8 33 -725.891
8 34 927.452
8 35 -79.1245
8 36 640.801
8 37 -289.624
8 38 815.942
8 39 -448.4
8 40 -802.347
8 41 -332.799
8 42 114.338
8 43 -28.3773
8 44 -483.147
8 45 392.622
8 46 -361.379
8 47 61.2698
8 48 -26.1789
8 49 701.563
8 50 109.269
9 1 -841.308
9 2 -944.879
9 3 623.152
9 4 -35.4612
9 5 -631.419
9 6 -811.63
9 7 -333.898
9 8 -686.624
9 10 -543.726
9 11 -202.969
9 12 -605.038
9 13 961.283
9 14 -475.27
9 15 28.0491
9 16 999.939
9 17 441.66
9 18 653.686
9 19 584.741
9 20 -451.514
9 21 9.36241
9 22 689.288
9 23 -901.094
9 24 -380.798
9 25 509.383
9 26 378.699
9 27 491.735
9 28 -21.721
9 29 72.9337
9 30 -972.909
9 31 738.326
9 32 13.1486
9 33 -420.858
9 34 -126.024
9 35 -497.071
9 36 -403.515
9 37 -188.252
9 38 364.287
9 39 60.7202
9 40 -928.757
9 41 252.717
9 42 -481.804
9 43 -55.0638
9 44 -955.688
9 45 452.224
9 46 -424.522
9 47 771.852
9 48 676.525
9 49 -90.8494
9 50 100.231
10 1 662.785
10 2 152.871
10 3 -598.748
10 4 -257.381
10 5 -284.922
10 6 33.3009
10 7 -298.357
10 8 -159.123
10 9 -48.7128
10 11 -849.675
10 12 618.511
10 13 -953.612
10 14 183.283
10 15 -238.144
10 16 297.662
10 17 -831.049
10 18 -763.508
10 19 -369.989
10 20 -273.808
10 21 -580.916
10 22 -32.7742
10 23 -271.243
10 24 370.088
10 25 -756.241
10 26 -496.521
10 27 -746.043
10 28 -115.704
10 29 940.337
10 30 164.657
10 31 634.572
10 32 -158.695
10 33 227.923
10 34 475.796
10 35 219.679
10 36 401.966
10 37 -15.6142
10 38 733.013
10 39 -652.243
10 40 -124.62
10 41 -690.594
10 42 544.864
10 43 -534.261
10 44 106.399
10 45 -876.117
10 46 793.958
10 47 -3.88925
10 48 -381.714
10 49 480.437
10 50 -548.734
11 1 639.152
11 2 -538.841
11 3 774.905
11 4 -311.059
11 5 795.851
11 6 -307.639
11 7 53.1478
11 8 -284.922
11 9 -201.321
11 10 -567.237
11 12 591.764
11 13 785.409
11 14 641.106
11 15 437.079
11 16 -60.0714
11 17 812.706
11 18 883.788
11 19 -893.399
11 20 622.664
11 21 26.0338
11 22 -560.092
11 23 901.132
11 24 673.411
11 25 106.704
11 26 918.231
11 27 56.3844
11 28 203.13
11 29 -760.027
11 30 201.359
11 31 585.229
11 32 179.13
11 33 529.719
11 34 976.184
11 35 -542.139
11 36 606.969
11 37 194.641
11 38 867.056
11 39 -65.2011
11 40 302.364
11 41 -991.901
11 42 890.933
11 43 -39.0031
11 44 -558.138
11 45 -602.412
11 46 -99.7042
11 47 -418.477
11 48 -922.528
11 49 -351.425
11 50 -284.311
12 1 302.364
12 2 802.874
12 3 -342.692
12 4 -376.523
12 5 335.707
12 6 756.951
12 7 -339.639
12 8 -63.0637
12 9 675.121
12 10 -837.339
12 11 382.79
12 13 -699.571
12 14 -73.323
12 15 -424.278
12 16 40.4458
12 17 -569.069
12 18 845.255
12 19 -969.856
12 20 639.763
12 21 -24.8354
12 22 498.941
12 23 -714.532
12 24 -999.901
12 25 -821.034
12 26 -982.069
12 27 341.326
12 28 956.459
12 29 -945.429
12 30 850.262
12 31 420.897
12 32 148.657
12 33 726.784
12 34 -540.917
12 35 -391.79
12 36 -123.521
12 37 650.205
12 38 -574.565
12 39 -676.976
12 40 -583.664
12 41 -607.908
12 42 856.125
12 43 823.026
12 44 -733.891
12 45 -344.585
12 46 61.453
12 47 919.024
12 48 742.173
12 49 -766.928
12 50 -562.963
13 1 98.8263
13 2 367.096
13 3 -408.95
13 4 473.72
13 5 -764.363
13 6 495.643
13 7 -247.243
13 8 843.606
13 9 75.01
13 10 599.58
13 11 184.626
13 12 -497.926
13 14 -315.761
13 15 663.151
13 16 361.966
13 17 738.509
13 18 61.0866
13 19 -880.331
13 20 708.158
13 21 -896.208
13 22 -926.253
13 23 773.378
13 24 590.542
13 25 180.657
13 26 -63.1858
13 27 -874.407
13 28 -936.513
13 29 -906.59
13 30 -608.519
13 31 578.756
13 32 48.0792
13 33 -260.984
13 34 -199.428
13 35 908.277
13 36 622.969
13 37 636.343
13 38 -678.197
13 39 -515.635
13 40 136.016
13 41 360.623
13 42 -632.518
13 43 -344.768
13 44 806.233
13 45 488.193
13 46 -477.407
13 47 730.326
13 48 -494.017
13 49 986.26
13 50 -881.491
14 1 12.8433
14 2 -576.397
14 3 -8.16398
14 4 -352.829
14 5 315.128
14 6 -726.379
14 7 918.902
14 8 -801.737
14 9 -617.74
14 10 762.203
14 11 817.164
14 12 -882.163
14 13 682.998
14 15 -22.1484
14 16 941.681
14 17 63.6514
14 18 -19.7057
14 19 -585.741
14 20 -549.65
14 21 -349.043
14 22 -852.85
14 23 291.006
14 24 -817.309
14 25 881.712
14 26 -360.585
14 27 -126.574
14 28 443.186
14 29 -472.766
14 30 -924.36
14 31 -518.689
14 32 -263.304
14 33 -321.99
14 34 -633.679
14 35 -137.81
14 36 396.714
14 37 -381.836
14 38 -184.527
14 39 -375.18
14 40 25.9117
14 41 -761.921
14 42 -355.15
14 43 -577.924
14 44 710.235
14 45 -842.285
14 46 -626.106
14 47 -436.736
14 48 922.383
14 49 752.799
14 50 -510.017
15 1 -250.48
15 2 -931.261
15 3 -732.914
15 4 -149.108
15 5 617.9
15 6 -388.798
15 7 -785.981
15 8 254.549
15 9 -220.435
15 10 -309.105
15 11 227.068
15 12 -385.317
15 13 47.1021
15 14 -786.836
15 16 572.405
15 17 181.206
15 18 524.467
15 19 314.089
15 20 500.773
15 21 235.312
15 22 261.999
15 23 -853.4
15 24 624.496
15 25 -290.357
15 26 -843.873
15 27 -59.2775
15 28 -491.33
15 29 160.566
15 30 -217.076
15 31 247.282
15 32 -330.967
15 33 -469.346
15 34 848.614
15 35 -669.22
15 36 153.176
15 37 -851.568
15 38 -46.4533
15 39 633.534
15 40 904.429
15 41 -610.29
15 42 354.15
15 43 243.617
15 44 -912.818
15 45 -552.886
15 46 -600.885
15 47 325.814
15 48 572.039
15 49 -357.043
15 50 -651.633
16 1 -573.222
16 2 744.799
16 3 -278.327
16 4 240.808
16 5 613.626
16 6 -138.971
16 7 -439.484
16 8 -487.544
16 9 -635.938
16 10 -894.926
16 11 -263.854
16 12 51.9265
16 13 170.459
16 14 554.146
16 15 383.157
16 17 -632.518
16 18 -236.862
16 19 -773.035
16 20 -217.076
16 21 -426.599
16 22 -76.3153
16 23 424.194
16 24 -876.361
16 25 863.88
16 26 -201.137
16 27 513.719
16 28 862.598
16 29 173.146
16 30 670.602
16 31 385.844
16 32 -873.125
16 33 -287.853
16 34 -893.765
16 35 -261.839
16 36 -389.348
16 37 -945.429
16 38 -556.489
16 39 -608.275
16 40 -631.114
16 41 -523.696
16 42 -476.979
16 43 -179.336
16 44 -16.0417
16 45 223.282
16 46 632.801
16 47 -916.971
16 48 515.063
16 49 -596.489
16 50 -420.37
17 1 347.432
17 2 -317.41
17 3 -810.225
17 4 -154.299
17 5 186.153
17 6 -278.388
17 7 12.599
17 8 -256.342
17 9 -154.543
17 10 -665.19
17 11 -560.642
17 12 532.284
17 13 660.159
17 14 195.741
17 15 429.141
17 16 411.004
17 18 -192.283
17 19 425.599
17 20 636.648
17 21 -655.358
17 22 -402.721
17 23 -506.109
17 24 -528.643
17 25 647.762
17 26 464.682
17 27 -26.7285
17 28 587.672
17 29 261.999
17 30 873.407
17 31 582.298
17 32 489.17
17 33 -317.288
17 34 307.372
17 35 -35.4001
17 36 953.711
17 37 -550.627
17 38 539.612
17 39 -364.615
17 40 -56.3463
17 41 -848.82
17 42 -637.587
17 43 -470.14
17 44 708.83
17 45 883.544
17 46 -22.3927
17 47 597.931
17 48 -250.175
17 49 85.0862
17 50 216.32
18 1 -124.375
18 2 -647.419
18 3 711.395
18 4 795.729
18 5 482.208
18 6 -641.74
18 7 654.602
18 8 784.676
18 9 -38.3313
18 10 -127.551
18 11 374.729
18 12 -525.833
18 13 -572.306
18 14 -406.996
18 15 661.991
18 16 839.576
18 17 933.375
18 19 -550.261
18 20 473.476
18 21 -229.656
18 22 -494.506
18 23 236.289
18 24 784.065
18 25 281.601
18 26 -702.258
18 27 -73.6894
18 28 -617.191
18 29 860.705
18 30 270.426
18 31 -635.816
18 32 562.879
18 33 -836.423
18 34 860.216
18 35 11.1944
18 36 623.763
18 37 -759.6
18 38 -934.07
18 39 436.163
18 40 -851.69
18 41 -534.994
18 42 -606.504
18 43 -756.241
18 44 974.291
18 45 377.966
18 46 83.4984
18 47 -875.873
18 48 793.47
18 49 612.832
18 50 79.2237
19 1 -294.571
19 2 -658.655
19 3 103.59
19 4 160.016
19 5 -92.8036
19 6 -911.719
19 7 755.791
19 8 -322.601
19 9 -522.78
19 10 379.554
19 11 -234.114
19 12 -662.197
19 13 399.218
19 14 -36.1329
19 15 -210.481
19 16 -537.131
19 17 -145.444
19 18 851.606
19 20 -873.552
19 21 169.115
19 22 -560.947
19 23 -576.886
19 24 130.093
19 25 902.658
19 26 305.479
19 27 751.028
19 28 -990.435
19 29 -233.442
19 30 928.673
19 31 41.3618
19 32 -766.195
19 33 82.8877
19 34 -818.164
19 35 -832.576
19 36 -299.945
19 37 613.504
19 38 -588.916
19 39 203.13
19 40 -124.131
19 41 895.208
19 42 183.832
19 43 906.933
19 44 -909.46
19 45 113.238
19 46 -582.932
19 47 97.2386
19 48 168.688
19 49 959.207
19 50 564.833
20 1 -149.291
20 2 584.252
20 3 899.116
20 4 542.604
20 5 458.453
20 6 -661.831
20 7 306.639
20 8 -903.964
20 9 -917.032
20 10 736.555
20 11 -116.62
20 12 286.792
20 13 58.5218
20 14 -751.722
20 15 810.813
20 16 -220.19
20 17 -248.098
20 18 659.915
20 19 68.2315
20 21 641.167
20 22 -49.812
20 23 -328.341
20 24 363.249
20 25 -695.968
20 26 686.846
20 27 -831.66
20 28 -905.551
20 29 421.263
20 30 458.209
20 31 -686.258
20 32 -193.199
20 33 259.556
20 34 766.844
20 35 -320.402
20 36 551.886
20 37 -644.793
20 38 921.162
20 39 588.71
20 40 614.42
20 41 95.773
20 42 38.1863
20 43 858.751
20 44 26.9499
20 45 -79.7351
20 46 183.893
20 47 137.971
20 48 -684.182
20 49 -164.008
20 50 -418.232
21 1 -982.252
21 2 -84.9259
21 3 925.498
21 4 -158.451
21 5 -891.017
21 6 683.975
21 7 536.436
21 8 129.299
21 9 270.365
21 10 970.932
21 11 849.53
21 12 229.572
21 13 -823.538
21 14 -344.524
21 15 -504.765
21 16 -570.718
21 17 420.042
21 18 612.16
21 19 927.94
21 20 -834.713
21 22 314.883
21 23 19.866
21 24 218.702
21 25 368.44
21 26 616.496
21 27 -22.0263
21 28 -13.2326
21 29 -556.184
21 30 321.479
21 31 -158.268
21 32 125.635
21 33 -167.001
21 34 750.783
21 35 -268.556
21 36 -969.428
21 37 -924.543
21 38 92.5975
21 39 -355.089
21 40 13.3318
21 41 331.982
21 42 604.16
21 43 614.42
21 44 -422.385
21 45 282.334
21 46 645.442
21 47 -659.877
21 48 -733.952
21 49 359.463
21 50 747.303
22 1 751.15
22 2 -256.22
22 3 -764.608
22 4 -110.147
22 5 -94.0249
22 6 818.507
22 7 -485.712
22 8 -813.339
22 9 -295.304
22 10 81.4221
22 11 554.085
22 12 -844.667
22 13 -183.55
22 14 -139.337
22 15 368.195
22 16 -232.587
22 17 -717.708
22 18 -836.789
22 19 539.673
22 20 -537.864
22 21 223.587
22 23 307.861
22 24 -921.612
22 25 315.86
22 26 -912.452
22 27 921.834
22 28 -826.103
22 29 -455.85
22 30 884.766
22 31 -997.153
22 32 762.447
22 33 541.749
22 34 827.606
22 35 -271.976
22 36 861.499
22 37 -376.035
22 38 842.934
22 39 -315.517
22 40 -394.783
22 41 -314.418
22 42 -637.099
22 43 -763.692
22 44 -85.3533
22 45 936.245
22 46 -143.001
22 47 691.975
22 48 -262.999
22 49 -81.1397
22 50 521.292
23 1 965.314
23 2 806.111
23 3 998.473
23 4 582.664
23 5 428.774
23 6 843.117
23 7 -511.055
23 8 -358.447
23 9 631.457
23 10 -849.064
23 11 638.358
23 12 -502.75
23 13 575.275
23 14 532.284
23 15 -378.905
23 16 888.063
23 17 241.236
23 18 -541.528
23 19 765.44
23 20 586.878
23 21 -954.039
23 22 -543.36
23 24 -836.057
23 25 -703.906
23 26 -76.9871
23 27 -383.974
23 28 893.681
23 29 -232.587
23 30 705.838
23 31 -822.194
23 32 991.573
23 33 -413.347
23 34 -486.14
23 35 136.139
23 36 -584.947
23 37 72.8116
23 38 -177.443
23 39 783.149
23 40 145.543
23 41 -287.975
23 42 -104.04
23 43 146.642
23 44 -373.531
23 45 -422.019
23 46 287.525
23 47 250.701
23 48 -258.358
23 49 -834.713
23 50 81.1168
24 1 134.062
24 2 -502.75
24 3 83.0709
24 4 -431.301
24 5 572.772
24 6 613.137
24 7 35.3161
24 8 48.2014
24 9 -565.1
24 10 -802.897
24 11 539.978
24 12 427.553
24 13 616.923
24 14 708.525
24 15 808.187
24 16 -671.663
24 17 479.582
24 18 368.745
24 19 -766.989
24 20 374.485
24 21 746.753
24 22 243.007
24 23 924.398
24 25 -657.8
24 26 -219.702
24 27 -851.995
24 28 712.005
24 29 884.704
24 30 -813.523
24 31 596.16
24 32 83.1931
24 33 -516.368
24 34 -320.891
24 35 944.734
24 36 -536.032
24 37 355.31
24 38 -857.613
24 39 958.718
24 40 298.151
24 41 957.68
24 42 836.4
24 43 956.154
24 44 352.928
24 45 819.912
24 46 665.411
24 47 732.158
24 48 699.242
24 49 363.31
24 50 -528.643
25 1 448.988
25 2 -209.931
25 3 405.446
25 4 -732.242
25 5 -322.662
25 6 -911.536
25 7 -965.825
25 8 -639.297
25 9 779.485
25 10 -329.257
25 11 -453.53
25 12 -702.868
25 13 -186.237
25 14 248.747
25 15 123.009
25 16 574.848
25 17 -835.324
25 18 50.0945
25 19 946.138
25 20 46.6136
25 21 -935.108
25 22 990.779
25 23 -567.482
25 24 970.871
25 26 212.168
25 27 573.626
25 28 -718.441
25 29 624.19
25 30 661.442
25 31 -37.1711
25 32 9.48454
25 33 436.957
25 34 -815.599
25 35 657.167
25 36 675.121
25 37 -429.957
25 38 282.945
25 39 206.916
25 40 474.209
25 41 -116.009
25 42 -968.756
25 43 416.622
25 44 -106.605
25 45 -773.951
25 46 964.153
25 47 458.819
25 48 -891.506
25 49 987.786
25 50 -842.53
26 1 347.921
26 2 -681.983
26 3 849.957
26 4 -263.609
26 5 -795.08
26 6 -304.83
26 7 678.113
26 8 -51.3387
26 9 -244.373
26 10 -348.188
26 11 480.987
26 12 32.6902
26 13 -510.506
26 14 -903.109
26 15 386.027
26 16 -957.459
26 17 -65.7507
26 18 379.798
26 19 -437.774
26 20 -170.359
26 21 464.682
26 22 599.519
26 23 32.5681
26 24 -643.205
26 25 96.1394
26 27 -19.4615
26 28 305.357
26 29 -449.682
26 30 -303.242
26 31 990.962
26 32 772.829
26 33 858.018
26 34 52.1708
26 35 -111.124
26 36 -194.97
26 37 -288.708
26 38 224.259
26 39 -597.893
26 40 485.323
26 41 84.964
26 42 -358.631
26 43 204.717
26 44 911.574
26 45 320.868
26 46 357.508
26 47 -106.177
26 48 17.6676
26 49 -573.039
26 50 911.696
27 1 -846.316
27 2 -158.329
27 3 26.8888
27 4 236.534
27 5 -213.168
27 6 177.298
27 7 143.528
27 8 -955.077
27 9 301.937
27 10 553.169
27 11 -982.985
27 12 -865.491
27 13 -246.999
27 14 -527.727
27 15 -863.842
27 16 45.6365
27 17 -489.926
27 18 -145.749
27 19 -332.86
27 20 -485.468
27 21 -350.875
27 22 606.847
27 23 -522.597
27 24 -840.331
27 25 -348.005
27 26 -722.715
27 28 937.162
27 29 -169.504
27 30 103.59
27 31 -281.624
27 32 679.09
27 33 63.7125
27 34 -930.406
27 35 -307.212
27 36 520.437
27 37 84.7197
27 38 -148.986
27 39 376.256
27 40 716.708
27 41 787.729
27 42 -211.885
27 43 676.281
27 44 745.287
27 45 131.742
27 46 820.767
27 47 317.692
27 48 -194.909
27 49 398.179
27 50 -527.177
28 1 625.9
28 2 219.068
28 3 733.501
28 4 969.222
28 5 944.612
28 6 -78.5748
28 7 428.225
28 8 -855.842
28 9 -369.378
28 10 -770.531
28 11 -638.015
28 12 869.01
28 13 -438.202
28 14 76.2924
28 15 -945.306
28 16 637.015
28 17 -912.33
28 18 893.62
28 19 759.211
28 20 43.2549
28 21 374.913
28 22 -661.403
28 23 32.2627
28 24 -191.611
28 25 68.5369
28 26 50.583
28 27 233.541
28 29 -947.505
28 30 225.053
28 31 -389.409
28 32 366.669
28 33 -494.994
28 34 434.881
28 35 -81.5061
28 36 -277.777
28 37 -669.525
28 38 -913.368
28 39 148.23
28 40 749.867
28 41 269.449
28 42 708.586
28 43 487.094
28 44 592.863
28 45 768.859
28 46 -690.838
28 47 -163.886
28 48 737.287
28 49 801.225
28 50 687.395
29 1 667.121
29 2 -804.607
29 3 -948.238
29 4 -393.928
29 5 -788.363
29 6 678.54
29 7 168.932
29 8 812.523
29 9 189.939
29 10 -826.408
29 11 749.806
29 12 -200.405
29 13 238.61
29 14 396.225
29 15 -227.763
29 16 285.266
29 17 -744.577
29 18 513.536
29 19 143.406
29 20 312.624
29 21 -172.863
29 22 616.496
29 23 -949.337
29 24 -64.7736
29 25 -68.3766
29 26 -651.449
29 27 -179.825
29 28 409.904
29 30 -888.147
29 31 -853.094
29 32 947.116
29 33 -163.337
29 34 -700.792
29 35 520.498
29 36 -995.87
29 37 -809.065
29 38 474.025
29 39 -189.596
29 40 -887.659
29 41 -324.372
29 42 355.799
29 43 875.422
29 44 -354.844
29 45 -666.045
29 46 311.036
29 47 118.918
29 48 877.865
29 49 -132.253
29 50 658.449
30 1 -676.243
30 2 251.678
30 3 -415.851
30 4 -434.66
30 5 -292.739
30 6 -47.4304
30 7 -575.604
30 8 726.417
30 9 -353.562
30 10 -521.62
30 11 -1.20228
30 12 -4.01138
30 13 -487.666
30 14 896.429
30 15 572.344
30 16 187.619
30 17 43.9877
30 18 -535.971
30 19 -61.9034
30 20 199.954
30 21 -297.929
30 22 -678.747
30 23 116.108
30 24 -321.868
30 25 -555.207
30 26 914.689
30 27 809.225
30 28 -612.305
30 29 355.066
30 31 -139.154
30 32 -439.057
30 33 490.33
30 34 560.924
30 35 -61.9034
30 36 -445.408
30 37 908.093
30 38 890.201
30 39 -126.574
30 40 -23.1866
30 41 -31.0032
30 42 -311.914
30 43 636.099
30 44 900.948
30 45 -484.308
30 46 246.366
30 47 908.643
30 48 -385.256
30 49 664.434
30 50 -733.768
31 1 -567.482
31 2 342.303
31 3 403.614
31 4 -186.298
31 5 -86.0862
31 6 277.144
31 7 -774.684
31 8 -819.69
31 9 -833.553
31 10 -109.536
31 11 -32.6521
31 12 -889.063
31 13 201.053
31 14 431.339
31 15 -946.467
31 16 816.614
31 17 923.727
31 18 563.428
31 19 335.524
31 20 217.603
31 21 151.283
31 22 -921.002
31 23 697.594
31 24 -136.162
31 25 -379.149
31 26 -374.142
31 27 -361.684
31 28 949.864
31 29 -320.28
31 30 375.462
31 32 0.324412
31 33 -124.864
31 34 -651.327
31 35 586.756
31 36 35.194
31 37 793.531
31 38 446.117
31 39 990.657
31 40 3.31672
31 41 566.176
31 42 451.858
31 43 -65.4453
31 44 -516.124
31 45 -416.95
31 46 -187.153
31 47 231.221
31 48 589.993
31 49 871.88
31 50 364.898
32 1 636.465
32 2 -732.181
32 3 932.765
32 4 561.047
32 5 908.338
32 6 -115.215
32 7 751.76
32 8 201.786
32 9 374.363
32 10 -732.852
32 11 410.759
32 12 345.661
32 13 950.596
32 14 -595.573
32 15 -255.976
32 16 -910.986
32 17 541.993
32 18 983.817
32 19 475.979
32 20 911.574
32 21 -225.625
32 22 954.383
32 23 272.014
32 24 254.426
32 25 -16.5913
32 26 310.975
32 27 152.81
32 28 -950.436
32 29 -598.382
32 30 -726.074
32 31 -305.563
32 33 858.079
32 34 -512.093
32 35 63.1018
32 36 -536.948
32 37 -685.892
32 38 325.021
32 39 443.736
32 40 -884.85
32 41 -417.988
32 42 -969.367
32 43 244.472
32 44 606.114
32 45 476.957
32 46 124.169
32 47 23.2858
32 48 936.062
32 49 -31.9192
32 50 -234.114
33 1 73.5444
33 2 -115.643
33 3 -259.396
33 4 837.072
33 5 958.352
33 6 -842.896
33 7 -502.017
33 8 767.394
33 9 -242.724
33 10 389.874
33 11 703.151
33 12 -928.33
33 13 -777.798
33 14 441.843
33 15 435.064
33 16 521.414
33 17 14.3699
33 18 -572.917
33 19 -938.284
33 20 881.163
33 21 -778.165
33 22 -90.6662
33 23 405.08
33 24 -829.706
33 25 -652.671
33 26 699.12
33 27 82.8877
33 28 -630.809
33 29 939.91
33 30 -301.227
33 31 736.799
33 32 -495.239
33 34 -931.566
33 35 -770.592
33 36 -196.618
33 37 -929.856
33 38 833.469
33 39 269.51
33 40 544.619
33 41 703.151
33 42 71.5292
33 43 -949.093
33 44 -0.958007
33 45 -942.864
33 46 487.094
33 47 455.827
33 48 566.726
33 49 824.858
33 50 -646.259
34 1 -371.638
34 2 891.972
34 3 813.622
34 4 -992.817
34 5 272.869
34 6 749.44
34 7 54.0638
34 8 293.998
34 9 -960.085
34 10 -389.531
34 11 846.354
34 12 -826.225
34 13 471.46
34 14 -416.95
34 15 692.097
34 16 670.602
34 17 -90.2998
34 18 405.691
34 19 57.9722
34 20 -665.495
34 21 841.652
34 22 -809.553
34 23 -104.223
34 24 438.423
34 25 82.7656
34 26 604.832
34 27 -138.299
34 28 -943.719
34 29 -733.036
34 30 160.26
34 31 -825.614
34 32 -748.791
34 33 58.6439
34 35 327.28
34 36 -952.879
34 37 524.345
34 38 -466.903
34 39 131.986
34 40 630.236
34 41 -263.426
34 42 -830.988
34 43 -55.5524
34 44 -599.786
34 45 -314.051
34 46 -123.032
34 47 135.284
34 48 -53.1708
34 49 515.979
34 50 509.994
35 1 -710.013
35 2 67.743
35 3 -844.301
35 4 294.609
35 5 674.083
35 6 138.581
35 7 980.581
35 8 616.313
35 9 622.419
35 10 675.915
35 11 860.094
35 12 595.428
35 13 -438.934
35 14 36.7207
35 15 -186.237
35 16 -103.307
35 17 -668.854
35 18 -803.63
35 19 433.11
35 20 -794.042
35 21 -492.246
35 22 -465.804
35 23 -732.852
35 24 -188.191
35 25 406.24
35 26 568.314
35 27 -629.221
35 28 728.616
35 29 -544.093
35 30 -421.774
35 31 -819.507
35 32 803.057
35 33 639.64
35 34 56.4455
35 36 927.757
35 37 238.06
35 38 -333.959
35 39 911.391
35 40 757.501
35 41 971.543
35 42 592.68
35 43 -623.053
35 44 -239.915
35 45 344.867
35 46 552.802
35 47 -438.324
35 48 85.3915
35 49 -490.659
35 50 304.807
36 1 -439.179
36 2 -667.022
36 3 994.992
36 4 -730.837
36 5 -908.971
36 6 -585.13
36 7 881.834
36 8 754.997
36 9 570.817
36 10 -937.734
36 11 24.5072
36 12 47.7128
36 13 -418.049
36 14 179.252
36 15 -251.091
36 16 -929.612
36 17 -332.066
36 18 -784.271
36 19 468.346
36 20 279.342
36 21 -619.877
36 22 -233.259
36 23 655.457
36 24 -506.903
36 25 533.261
36 26 -439.545
36 27 609.656
36 28 354.211
36 29 -410.416
36 30 48.0182
36 31 451.675
36 32 83.8648
36 33 -872.331
36 34 -238.144
36 35 788.096
36 37 -754.348
36 38 -688.029
36 39 -354.295
36 40 -521.437
36 41 -813.523
36 42 317.937
36 43 -468.186
36 44 953.222
36 45 -151.428
36 46 -359.18
36 47 -39.0031
36 48 -503.483
36 49 -358.814
36 50 -766.012
37 1 528.375
37 2 969.283
37 3 61.0255
37 4 402.332
37 5 944.978
37 6 363.31
37 7 741.074
37 8 -604.305
37 9 0.87402
37 10 -330.356
37 11 -376.645
37 12 -352.89
37 13 621.503
37 14 -536.337
37 15 -56.0409
37 16 -426.904
37 17 193.054
37 18 664.067
37 19 704.983
37 20 -104.529
37 21 363.676
37 22 -107.093
37 23 337.539
37 24 -593.496
37 25 -512.826
37 26 887.941
37 27 235.679
37 28 -874.773
37 29 -85.2923
37 30 -619.023
37 31 -155.703
37 32 -225.931
37 33 -694.319
37 34 -88.5899
37 35 -2.60683
37 36 518.727
37 38 162.52
37 39 -22.637
37 40 187.313
37 41 -92.7425
37 42 758.356
37 43 -5.66021
37 44 456.56
37 45 949.131
37 46 -338.356
37 47 476.59
37 48 -402.66
37 49 -740.974
37 50 -962.589
38 1 888.185
38 2 349.936
38 3 227.496
38 4 909.803
38 5 -400.401
38 6 -722.715
38 7 122.521
38 8 -425.316
38 9 -609.618
38 10 22.3698
38 11 -906.284
38 12 366.18
38 13 -74.3612
38 14 -389.225
38 15 994.687
38 16 -69.7201
38 17 -345.257
38 18 512.131
38 19 -40.713
38 20 230.977
38 21 568.008
38 22 123.62
38 23 695.639
38 24 -553.558
38 25 238.854
38 26 385.233
38 27 395.981
38 28 -35.5833
38 29 605.565
38 30 -806.011
38 31 -763.692
38 32 646.358
38 33 -87.796
38 34 323.86
38 35 -618.656
38 36 -438.018
38 37 -737.494
38 39 -483.208
38 40 -563.512
38 41 378.21
38 42 212.168
38 43 -539.757
38 44 292.41
38 45 578.268
38 46 840.675
38 47 -690.411
38 48 -712.089
38 49 719.211
38 50 745.959
39 1 -535.116
39 2 642.633
39 3 897.712
39 4 391.584
39 5 -722.654
39 6 -924.605
39 7 -380.798
39 8 -754.226
39 9 380.103
39 10 578.329
39 11 -739.509
39 12 155.008
39 13 -678.38
39 14 -757.341
39 15 -696.578
39 16 377.722
39 17 206.061
39 18 119.65
39 19 -461.835
39 20 733.746
39 21 -998.13
39 22 -991.046
39 23 417.904
39 24 -712.028
39 25 239.16
39 26 -847.476
39 27 751.699
39 28 -977.611
39 29 -252.801
39 30 -262.022
39 31 -73.1398
39 32 -82.6664
39 33 155.68
39 34 172.413
39 35 847.087
39 36 893.742
39 37 815.698
39 38 -948.054
39 40 766.111
39 41 47.5296
39 42 849.102
39 43 -227.824
39 44 220.778
39 45 617.351
39 46 -995.382
39 47 -296.464
39 48 -765.035
39 49 -889.307
39 50 -986.954
40 1 890.323
40 2 992.244
40 3 -950.741
40 4 117.94
40 5 -812.729
40 6 152.566
40 7 744.677
40 8 -515.941
40 9 -203.275
40 10 24.2018
40 11 559.581
40 12 166.978
40 13 112.811
40 14 -252.739
40 15 91.6814
40 16 -681.25
40 17 -158.207
40 18 -298.479
40 19 706.021
40 20 339.371
40 21 -684.365
40 22 313.112
40 23 -139.093
40 24 -363.76
40 25 -57.2012
40 26 450.881
40 27 671.151
40 28 -293.838
40 29 -268.8
40 30 602.756
40 31 -872.209
40 32 -799.233
40 33 -171.398
40 34 -987.016
40 35 438.362
40 36 -314.845
40 37 -994.344
40 38 -21.6599
40 39 892.216
40 41 -239.793
40 42 32.0795
40 43 472.621
40 44 722.57
40 45 249.785
40 46 869.071
40 47 310.914
40 48 377.416
40 49 -871.537
40 50 631.335
41 1 22.4309
41 2 -351.73
41 3 -110.086
41 4 -755.508
41 5 -374.386
41 6 92.4143
41 7 26.0949
41 8 741.99
41 9 495.521
41 10 183.038
41 11 -674.96
41 12 -873.98
41 13 -496.216
41 14 -368.707
41 15 661.319
41 16 760.31
41 17 -367.669
41 18 312.257
41 19 964.581
41 20 187.069
41 21 228.9
41 22 230.427
41 23 -931.872
41 24 -646.198
41 25 -891.506
41 26 -27.9499
41 27 114.399
41 28 -850.591
41 29 -315.334
41 30 70.6742
41 31 -804.485
41 32 -793.37
41 33 -694.013
41 34 729.227
41 35 -54.27
41 36 905.59
41 37 6.61437
41 38 335.036
41 39 738.142
41 40 -492.368
41 42 -163.581
41 43 207.771
41 44 199.893
41 45 376.928
41 46 -23.1866
41 47 11.0112
41 48 722.753
41 49 -805.828
41 50 -185.016
42 1 -727.662
42 2 -349.409
42 3 -860.606
42 4 -825.614
42 5 -553.314
42 6 848.491
42 7 946.81
42 8 -115.338
42 9 -43.0335
42 10 317.326
42 11 788.401
42 12 -125.108
42 13 656.007
42 14 568.802
42 15 -74.9108
42 16 -11.4616
42 17 141.879
42 18 -578.291
42 19 -950.558
42 20 695.395
42 21 369.478
42 22 -70.9414
42 23 -731.814
42 24 894.292
42 25 987.115
42 26 -896.147
42 27 657.778
42 28 -5.04953
42 29 -155.703
42 30 152.627
42 31 331.799
42 32 -535.238
42 33 -891.933
42 34 -120.284
42 35 962.443
42 36 -975.596
42 37 -584.092
42 38 -24.8354
42 39 -321.074
42 40 -312.402
42 41 -487.972
42 43 -148.436
42 44 302.181
42 45 824.431
42 46 -196.374
42 47 -267.64
42 48 828.095
42 49 -558.688
42 50 -730.837
43 1 -328.463
43 2 -880.025
43 3 868.827
43 4 163.985
43 5 -805.034
43 6 738.387
43 7 -976.451
43 8 -51.0334
43 9 -748.852
43 10 -168.649
43 11 -530.23
43 12 897.284
43 13 -844.301
43 14 -943.352
43 15 -576.581
43 16 796.095
43 17 222.977
43 18 -562.352
43 19 -74.9108
43 20 -800.332
43 21 764.279
43 22 110.735
43 23 343.951
43 24 661.319
43 25 149.085
43 26 898.994
43 27 412.53
43 28 -626.656
43 29 611.488
43 30 -355.577
43 31 -24.469
43 32 682.327
43 33 485.75
43 34 -755.447
43 35 -358.875
43 36 -125.658
43 37 -430.812
43 38 318.181
43 39 521.963
43 40 -288.586
43 41 291.372
43 42 449.232
43 44 251.312
43 45 -879.537
43 46 -625.19
43 47 -55.1249
43 48 -530.414
43 49 497.964
43 50 -310.876
44 1 -960.573
44 2 -41.0794
44 3 48.1403
44 4 966.23
44 5 486.788
44 6 616.313
44 7 613.748
44 8 -922.589
44 9 471.827
44 10 458.148
44 11 -588.367
44 12 565.688
44 13 -206.633
44 14 838.415
44 15 136.444
44 16 91.3761
44 17 239.526
44 18 66.1552
44 19 -155.947
44 20 -478.995
44 21 98.0935
44 22 619.0
44 23 78.4909
44 24 311.036
44 25 -252.251
44 26 125.024
44 27 657.228
44 28 -110.88
44 29 -744.211
44 30 319.952
44 31 -434.538
44 32 -274.296
44 33 928.185
44 34 -853.217
44 35 -603.084
44 36 -230.572
44 37 740.28
44 38 205.206
44 39 -232.465
44 40 944.978
44 41 -397.592
44 42 716.341
44 43 152.505
44 45 393.721
44 46 379.493
44 47 214.0
44 48 577.84
44 49 -845.766
44 50 -393.012
45 1 -867.873
45 2 604.16
45 3 959.207
45 4 -145.2
45 5 -515.879
45 6 41.4229
45 7 -164.802
45 8 -346.783
45 9 816.004
45 10 -167.856
45 11 -785.065
45 12 940.093
45 13 -372.859
45 14 538.452
45 15 216.931
45 16 948.764
45 17 -551.665
45 18 872.552
45 19 -198.206
45 20 491.552
45 21 -250.907
45 22 -291.029
45 23 492.651
45 24 -439.423
45 25 879.941
45 26 16.5073
45 27 331.555
45 28 194.58
45 29 -774.562
45 30 137.91
45 31 779.058
45 32 -460.98
45 33 -232.16
45 34 872.247
45 35 -773.401
45 36 -947.627
45 37 225.908
45 38 -220.496
45 39 -173.107
45 40 778.813
45 41 -15.431
45 42 -838.255
45 43 -692.12
45 44 631.824
45 46 -16.2249
45 47 -859.201
45 48 -516.307
45 49 -363.76
45 50 759.516
46 1 284.655
46 2 -873.735
46 3 -951.657
46 4 824.492
46 5 -789.645
46 6 903.208
46 7 302.792
46 8 579.123
46 9 -387.21
46 10 52.354
46 11 -281.197
46 12 -66.056
46 13 137.177
46 14 504.071
46 15 914.567
46 16 837.316
46 17 -446.568
46 18 -891.689
46 19 844.339
46 20 887.819
46 21 660.098
46 22 -314.418
46 23 423.278
46 24 -769.249
46 25 -651.022
46 26 -440.339
46 27 -344.646
46 28 918.475
46 29 288.624
46 30 286.731
46 31 214.427
46 32 912.612
46 33 -366.02
46 34 -754.898
46 35 -592.153
46 36 -57.2012
46 37 233.114
46 38 -205.84
46 39 472.376
46 40 -618.595
46 41 -261.777
46 42 667.548
46 43 -880.147
46 44 -664.579
46 45 -917.826
46 47 308.227
46 48 -702.929
46 49 -858.713
46 50 -257.32
47 1 824.736
47 2 67.3155
47 3 451.247
47 4 -764.363
47 5 -751.356
47 6 575.581
47 7 91.9257
47 8 -716.547
47 9 800.431
47 10 -977.55
47 11 896.674
47 12 81.0557
47 13 -178.726
47 14 591.947
47 15 -321.502
47 16 -892.483
47 17 -903.292
47 18 252.472
47 19 556.466
47 20 -76.2543
47 21 -777.31
47 22 -599.42
47 23 794.202
47 24 -623.908
47 25 724.646
47 26 253.694
47 27 -633.984
47 28 669.625
47 29 607.336
47 30 943.39
47 31 -578.168
47 32 720.311
47 33 31.2857
47 34 -750.44
47 35 836.583
47 36 -750.196
47 37 792.187
47 38 -89.7502
47 39 40.8733
47 40 43.377
47 41 -704.761
47 42 -567.726
47 43 -678.136
47 44 -192.771
47 45 -277.411
47 46 -634.9
47 48 767.699
47 49 -919.963
47 50 -942.253
48 1 -47.98
48 2 -948.177
48 3 618.939
48 4 -317.288
48 5 -892.605
48 6 257.846
48 7 -301.471
48 8 209.603
48 9 661.381
48 10 898.689
48 11 -220.862
48 12 253.816
48 13 791.76
48 14 355.615
48 15 -46.6976
48 16 -175.184
48 17 606.481
48 18 900.155
48 19 -368.768
48 20 -974.191
48 21 -209.198
48 22 490.025
48 23 893.498
48 24 751.699
48 25 -729.921
48 26 537.719
48 27 -56.5295
48 28 62.4301
48 29 -179.581
48 30 -176.1
48 31 113.788
48 32 943.146
48 33 565.627
48 34 757.318
48 35 -159.734
48 36 104.75
48 37 299.861
48 38 -846.56
48 39 63.8957
48 40 546.451
48 41 -427.393
48 42 -258.663
48 43 482.819
48 44 538.879
48 45 471.338
48 46 556.65
48 47 -901.704
48 49 738.326
48 50 37.8809
49 1 436.347
49 2 496.62
49 3 -897.857
49 4 267.617
49 5 788.157
49 6 -714.96
49 7 309.265
49 8 610.817
49 9 -179.519
49 10 153.299
49 11 -650.778
49 12 -71.0635
49 13 432.377
49 14 957.741
49 15 1.8511
49 16 -162.298
49 17 -66.9109
49 18 299.677
49 19 -142.757
49 20 370.577
49 21 800.614
49 22 18.5225
49 23 595.366
49 24 -93.7196
49 25 643.976
49 26 36.4153
49 27 -810.652
49 28 298.273
49 29 577.413
49 30 -0.469466
49 31 740.89
49 32 -866.102
49 33 177.42
49 34 -851.201
49 35 608.374
49 36 77.697
49 37 221.45
49 38 861.193
49 39 549.016
49 40 -786.592
49 41 -612.305
49 42 -712.944
49 43 531.429
49 44 350.669
49 45 112.994
49 46 548.222
49 47 925.314
49 48 -797.889
49 50 -218.42
50 1 -105.994
50 2 747.18
50 3 -598.87
50 4 452.285
50 5 -703.967
50 6 654.968
50 7 266.762
50 8 -710.563
50 9 886.109
50 10 372.959
50 11 -724.486
50 12 907.91
50 13 686.662
50 14 -759.966
50 15 -827.874
50 16 -207.305
50 17 81.7885
50 18 -432.705
50 19 647.213
50 20 14.6753
50 21 -553.68
50 22 -513.131
50 23 529.475
50 24 393.783
50 25 -615.603
50 26 991.817
50 27 432.438
50 28 324.837
50 29 10.3395
50 30 -162.115
50 31 -219.946
50 32 440.988
50 33 -290.785
50 34 -983.718
50 35 162.031
50 36 -698.044
50 37 -181.107
50 38 460.835
50 39 946.688
50 40 302.67
50 41 662.907
50 42 690.937
50 43 -905.185
50 44 -25.385
50 45 -622.931
50 46 -917.582
50 47 -883.75
50 48 -110.635
50 49 973.619
