50 2450
1
2
3
4
5
6
7
8
9
10
11
12
13
14
15
16
17
18
19
20
21
22
23
24
25
26
27
28
29
30
31
32
33
34
35
36
37
38
39
40
41
42
43
44
45
46
47
48
49
50
1 2 338.944
1 3 -802.103
1 4 456.56
1 5 -240.892
1 6 -140.925
1 7 816.126
1 8 -670.014
1 9 -826.713
1 10 -138.604
1 11 -995.687
1 12 -626.351
1 13 -388.248
1 14 -367.974
1 15 57.4836
1 16 258.09
1 17 -576.153
1 18 -966.985
1 19 648.434
1 20 176.687
1 21 374.363
1 22 734.6
1 23 -109.719
1 24 -571.695
1 25 -353.684
1 26 -62.8805
1 27 905.529
1 28 -537.253
1 29 -540.429
1 30 -710.196
1 31 838.171
1 32 577.168
1 33 723.303
1 34 -332.249
1 35 -738.043
1 36 453.384
1 37 170.764
1 38 512.986
1 39 -90.0555
1 40 726.478
1 41 -581.161
1 42 421.08
1 43 -341.654
1 44 -239.06
1 45 -625.19
1 46 -337.013
1 47 -278.266
1 48 837.438
1 49 439.4
1 50 -674.167
2 1 976.611
2 3 -81.445
2 4 -61.2927
2 5 762.63
2 6 359.646
2 7 206.0
2 8 -770.531
2 9 35.3772
2 10 284.227
2 11 -351.547
2 12 -96.5287
2 13 -949.337
2 14 -2.54576
2 15 613.565
2 16 -464.461
2 17 57.2394
2 18 830.293
2 19 -111.124
2 20 417.904
2 21 -797.828
2 22 266.579
2 23 222.244
2 24 -296.525
2 25 -156.68
2 26 781.745
2 27 -435.27
2 28 415.4
2 29 -718.868
2 30 370.21
2 31 -773.829
2 32 -262.877
2 33 -375.302
2 34 719.822
2 35 -886.559
2 36 45.7587
2 37 456.377
2 38 -48.2243
2 39 -750.257
2 40 -898.345
2 41 -2.48469
2 42 -119.979
2 43 -242.419
2 44 854.72
2 45 459.186
2 46 713.288
2 47 494.361
2 48 -720.456
2 49 258.09
2 50 -854.133
3 1 527.093
3 2 711.028
3 4 797.866
3 5 779.546
3 6 636.587
3 7 -926.864
3 8 490.208
3 9 791.149
3 10 -967.23
3 11 -510.872
3 12 -284.739
3 13 -182.329
3 14 -521.314
3 15 662.113
3 16 -600.397
3 17 967.878
3 18 -5.477
3 19 -501.04
3 20 903.941
3 21 905.651
3 22 -652.365
3 23 403.553
3 24 -96.9562
3 25 954.688
3 26 -493.712
3 27 663.518
3 28 -39.7359
3 29 -856.636
3 30 -759.905
3 31 392.683
3 32 459.43
3 33 -855.476
3 34 -933.032
3 35 447.827
3 36 603.733
3 37 -971.016
3 38 724.219
3 39 763.424
3 40 158.917
3 41 -208.404
3 42 -649.312
3 43 542.848
3 44 630.602
3 45 568.863
3 46 -416.278
3 47 743.822
3 48 -441.194
3 49 497.109
3 50 -270.327
4 1 291.189
4 2 -371.21
4 3 144.932
4 5 -776.821
4 6 461.445
4 7 -731.143
4 8 455.461
4 9 -451.392
4 10 869.193
4 11 439.705
4 12 137.36
4 13 -189.229
4 14 -502.445
4 15 287.586
4 16 -553.925
4 17 -851.323
4 18 214.061
4 19 364.348
4 20 -713.677
4 21 -822.622
4 22 193.298
4 23 85.9411
4 24 -423.423
4 25 641.106
4 26 707.425
4 27 129.299
4 28 -186.787
4 29 -531.513
4 30 -299.639
4 31 447.583
4 32 -227.946
4 33 426.942
4 34 -400.034
4 35 595.55
4 36 -716.731
4 37 -461.713
4 38 791.271
4 39 -950.009
4 40 -981.214
4 41 -524.185
4 42 197.206
4 43 -782.134
4 44 -772.424
4 45 -899.261
4 46 -592.275
4 47 806.966
4 48 358.791
4 49 -652.915
4 50 -217.442
5 1 260.961
5 2 507.49
5 3 628.893
5 4 973.497
5 6 944.978
5 7 -374.264
5 8 -37.4153
5 9 302.853
5 10 753.104
5 11 -569.802
5 12 998.595
5 13 -561.558
5 14 -152.467
5 15 945.711
5 16 -870.743
5 17 -206.572
5 18 202.092
5 19 622.236
5 20 892.399
5 21 -905.551
5 22 -361.134
5 23 970.81
5 24 -183.184
5 25 562.085
5 26 55.9569
5 27 638.419
5 28 -54.9417
5 29 -877.888
5 30 518.299
5 31 -122.788
5 32 -824.82
5 33 114.215
5 34 912.551
5 35 335.28
5 36 -356.31
5 37 899.3
5 38 845.866
5 39 -893.888
5 40 -686.258
5 41 837.194
5 42 -521.498
5 43 -14.0875
5 44 -25.7514
5 45 51.4379
5 46 980.581
5 47 -144.711
5 48 -179.336
5 49 425.416
5 50 -713.677
6 1 -853.094
6 2 -179.581
6 3 -736.883
6 4 864.919
6 5 319.524
6 7 37.7588
6 8 -936.513
6 9 -851.14
6 10 -723.143
6 11 -886.987
6 12 -171.581
6 13 -639.48
6 14 -314.662
6 15 -916.177
6 16 -643.938
6 17 -626.351
6 18 -898.529
6 19 729.532
6 20 -45.4762
6 21 -663.297
6 22 874.201
6 23 -369.989
6 24 -996.42
6 25 -277.166
6 26 733.501
6 27 136.994
6 28 -180.863
6 29 502.666
6 30 29.3926
6 31 -581.1
6 32 236.961
6 33 -876.178
6 34 535.581
6 35 798.66
6 36 -626.045
6 37 -6.20981
6 38 765.684
6 39 542.665
6 40 -7.85864
6 41 -867.812
6 42 743.089
6 43 -685.525
6 44 900.826
6 45 711.883
6 46 -846.499
6 47 461.995
6 48 845.316
6 49 -860.117
6 50 -173.413
7 1 327.463
7 2 311.83
7 3 -595.145
7 4 -530.352
7 5 784.065
7 6 687.456
7 8 -661.953
7 9 -387.21
7 10 -837.034
7 11 -789.89
7 12 510.116
7 13 682.082
7 14 -218.114
7 15 -842.652
7 16 -573.1
7 17 -851.934
7 18 236.961
7 19 -307.761
7 20 -268.495
7 21 -305.99
7 22 672.434
7 23 822.782
7 24 -922.834
7 25 -681.311
7 26 -805.279
7 27 -99.9485
7 28 -616.397
7 29 -659.694
7 30 -366.63
7 31 -898.04
7 32 142.306
7 33 216.076
7 34 819.057
7 35 329.112
7 36 -527.055
7 37 -875.445
7 38 -415.912
7 39 955.97
7 40 615.763
7 41 -746.532
7 42 668.831
7 43 881.529
7 44 535.398
7 45 714.57
7 46 -296.525
7 47 304.807
7 48 345.417
7 49 37.3313
7 50 485.628
8 1 670.785
8 2 220.168
8 3 179.985
8 4 706.021
8 5 218.397
8 6 493.994
8 7 -21.5988
8 9 -662.381
8 10 577.535
8 11 -370.6
8 12 991.756
8 13 -137.078
8 14 -160.466
8 15 748.646
8 16 664.129
8 17 521.353
8 18 553.047
8 19 -598.321
8 20 -243.518
8 21 -220.252
8 22 66.7048
8 23 282.334
8 24 972.214
8 25 204.412
8 26 -326.082
8 27 -451.82
8 28 716.524
8 29 916.46
8 30 -18.3623
8 31 466.087
8 32 940.032
8 33 -169.565
8 34 949.07
8 35 -961.795
8 36 984.122
8 37 -140.619
8 38 30.9192
8 39 -672.823
8 40 380.836
8 41 264.38
8 42 869.254
8 43 -863.048
8 44 539.062
8 45 -649.74
8 46 -45.7205
8 47 -235.457
8 48 251.801
8 49 -310.204
8 50 -283.029
9 1 490.025
9 2 970.138
9 3 55.4073
9 4 -534.933
9 5 -496.094
9 6 770.386
9 7 -739.753
9 8 620.648
9 10 -42.6061
9 11 964.947
9 12 88.567
9 13 -319.731
9 14 814.294
9 15 280.563
9 16 496.681
9 17 -645.892
9 18 -795.813
9 19 554.329
9 20 287.403
9 21 -701.586
9 22 -36.5604
9 23 873.163
9 24 432.744
9 25 899.788
9 26 -966.558
9 27 103.956
9 28 -765.646
9 29 -468.186
9 30 435.247
9 31 749.135
9 32 518.421
9 33 743.7
9 34 -527.788
9 35 56.5676
9 36 33.3619
9 37 -216.099
9 38 -115.704
9 39 -660.793
9 40 -735.6
9 41 938.566
9 42 -392.767
9 43 -576.825
9 44 828.583
9 45 80.384
9 46 852.278
9 47 -827.69
9 48 644.892
9 49 903.635
9 50 -827.996
10 1 -973.092
10 2 -920.086
10 3 248.259
10 4 -777.249
10 5 489.598
10 6 238.854
10 7 981.252
10 8 -116.925
10 9 -505.498
10 11 -409.194
10 12 -154.36
10 13 440.743
10 14 611.733
10 15 -864.392
10 16 740.585
10 17 523.673
10 18 -2.60683
10 19 273.968
10 20 842.812
10 21 -536.887
10 22 58.8882
10 23 -418.782
10 24 33.0566
10 25 -218.969
10 26 -255.121
10 27 -320.891
10 28 -952.573
10 29 479.827
10 30 -583.481
10 31 374.363
10 32 797.805
10 33 834.629
10 34 227.679
10 35 267.8
10 36 292.533
10 37 366.18
10 38 953.283
10 39 16.3852
10 40 -387.577
10 41 -313.807
10 42 207.038
10 43 -567.726
10 44 -644.549
10 45 -100.193
10 46 984.367
10 47 -388.676
10 48 -996.237
10 49 -747.02
10 50 -540.734
11 1 274.579
11 2 -352.402
11 3 719.639
11 4 994.321
11 5 -487.361
11 6 -501.651
11 7 -801.737
11 8 -731.875
11 9 123.986
11 10 -362.783
11 12 34.5222
11 13 -499.819
11 14 -278.266
11 15 427.492
11 16 -480.766
11 17 -334.631
11 18 815.82
11 19 32.6902
11 20 -911.719
11 21 672.983
11 22 36.5375
11 23 -518.322
11 24 -117.353
11 25 -576.825
11 26 710.54
11 27 -289.991
11 28 -631.236
11 29 -302.632
11 30 -50.0563
11 31 -981.153
11 32 711.212
11 33 798.538
11 34 470.422
11 35 395.309
11 36 567.764
11 37 898.323
11 38 299.006
11 39 -885.033
11 40 17.9119
11 41 -979.748
11 42 581.81
11 43 90.5822
11 44 291.678
11 45 599.214
11 46 662.113
11 47 -629.954
11 48 -4.56099
11 49 540.528
11 50 627.671
12 1 -742.868
12 2 -474.598
12 3 746.448
12 4 507.918
12 5 -536.948
12 6 -651.816
12 7 15.0417
12 8 312.074
12 9 -255.793
12 10 -158.146
12 11 -728.883
12 13 94.2463
12 14 457.11
12 15 -618.839
12 16 55.5295
12 17 233.786
12 18 466.819
12 19 361.172
12 20 -788.607
12 21 -883.872
12 22 852.217
12 23 -166.207
12 24 -284.006
12 25 409.111
12 26 -163.581
12 27 463.216
12 28 575.336
12 29 -894.987
12 30 -608.397
12 31 466.941
12 32 -262.327
12 33 545.108
12 34 943.574
12 35 248.625
12 36 958.23
12 37 -424.584
12 38 619.0
12 39 398.118
12 40 539.978
12 41 63.5293
12 42 -518.994
12 43 749.928
12 44 912.796
12 45 -75.3993
12 46 -824.82
12 47 -811.691
12 48 962.199
12 49 -125.169
12 50 432.316
13 1 -109.597
13 2 64.2621
13 3 -919.658
13 4 863.942
13 5 -320.769
13 6 -243.579
13 7 -99.521
13 8 -508.246
13 9 198.977
13 10 -20.9271
13 11 902.536
13 12 444.774
13 14 575.52
13 15 -168.1
13 16 346.883
13 17 -747.509
13 18 266.701
13 19 -220.252
13 20 -676.182
13 21 197.634
13 22 782.6
13 23 -757.279
13 24 728.555
13 25 131.497
13 26 -39.4916
13 27 514.33
13 28 -741.28
13 29 -778.348
13 30 -506.841
13 31 934.658
13 32 641.839
13 33 48.9952
13 34 -616.519
13 35 271.098
13 36 -756.547
13 37 -506.536
13 38 24.7514
13 39 -769.188
13 40 288.563
13 41 861.682
13 42 -413.713
13 43 48.8731
13 44 -161.81
13 45 668.709
13 46 -599.664
13 47 -916.421
13 48 749.623
13 49 -462.262
13 50 -973.886
14 1 372.226
14 2 -226.053
14 3 -363.333
14 4 -309.777
14 5 58.3386
14 6 6.61437
14 7 92.7196
14 8 -219.03
14 9 658.51
14 10 -147.032
14 11 830.538
14 12 -906.59
14 13 -922.528
14 15 718.845
14 16 262.121
14 17 -493.59
14 18 -664.945
14 19 595.611
14 20 -727.051
14 21 777.897
14 22 -82.9106
14 23 -258.236
14 24 936.368
14 25 -849.553
14 26 709.99
14 27 -362.05
14 28 391.157
14 29 -540.184
14 30 -557.65
14 31 -594.046
14 32 337.234
14 33 413.202
14 34 581.81
14 35 884.46
14 36 561.535
14 37 -251.091
14 38 606.298
14 39 537.23
14 40 951.024
14 41 955.36
14 42 614.114
14 43 -601.069
14 44 421.324
14 45 226.091
14 46 185.542
14 47 -771.997
14 48 -796.912
14 49 -638.381
14 50 -551.726
15 1 62.6133
15 2 920.979
15 3 -717.463
15 4 -721.799
15 5 -632.396
15 6 -104.895
15 7 -145.749
15 8 574.542
15 9 -36.7436
15 10 127.589
15 11 708.525
15 12 544.375
15 13 909.559
15 14 -624.274
15 16 747.791
15 17 943.39
15 18 550.054
15 19 783.088
15 20 -978.527
15 21 194.275
15 22 -105.2
15 23 -522.414
15 24 663.335
15 25 337.6
15 26 -472.155
15 27 604.221
15 28 563.306
15 29 737.104
15 30 231.404
15 31 193.481
15 32 490.514
15 33 -511.544
15 34 510.605
15 35 -659.327
15 36 323.921
15 37 467.674
15 38 -789.401
15 39 -894.681
15 40 -903.719
15 41 943.39
15 42 413.019
15 43 580.955
15 44 537.108
15 45 -288.098
15 46 786.935
15 47 -431.667
15 48 789.5
15 49 678.724
15 50 605.321
16 1 300.777
16 2 -989.764
16 3 -181.596
16 4 593.901
16 5 -364.982
16 6 524.345
16 7 473.354
16 8 -192.588
16 9 175.039
16 10 -784.577
16 11 899.666
16 12 725.196
16 13 -261.289
16 14 870.109
16 15 -978.588
16 17 741.196
16 18 -372.004
16 19 120.261
16 20 323.25
16 21 253.205
16 22 -878.56
16 23 715.975
16 24 -196.618
16 25 523.673
16 26 640.862
16 27 -224.282
16 28 -42.2397
16 29 -495.422
16 30 -984.817
16 31 -265.197
16 32 -302.571
16 33 821.133
16 34 -698.227
16 35 654.663
16 36 162.214
16 37 83.8037
16 38 570.817
16 39 594.695
16 40 352.623
16 41 -257.32
16 42 118.124
16 43 733.135
16 44 528.192
16 45 644.282
16 46 -465.438
16 47 916.032
16 48 301.693
16 49 -506.536
16 50 -937.734
17 1 330.15
17 2 -628.061
17 3 413.691
17 4 -314.967
17 5 986.321
17 6 -168.833
17 7 -230.938
17 8 -615.542
17 9 692.586
17 10 -20.0111
17 11 468.163
17 12 -994.466
17 13 -781.218
17 14 598.115
17 15 905.712
17 16 161.848
17 18 329.295
17 19 -404.675
17 20 753.959
17 21 619.549
17 22 -632.824
17 23 -5.66021
17 24 777.348
17 25 -395.454
17 26 -900.788
17 27 -835.202
17 28 861.682
17 29 463.827
17 30 -519.238
17 31 268.594
17 32 -553.802
17 33 -887.537
17 34 48.3235
17 35 -170.604
17 36 549.444
17 37 -275.151
17 38 619.977
17 39 389.202
17 40 -438.507
17 41 78.613
17 42 991.084
17 43 165.085
17 44 16.9958
17 45 15.7134
17 46 -686.808
17 47 663.945
17 48 505.048
17 49 -558.81
17 50 -150.94
18 1 177.054
18 2 -71.2467
18 3 -696.151
18 4 -225.564
18 5 105.544
18 6 290.334
18 7 -6.27088
18 8 -260.19
18 9 41.3007
18 10 -813.645
18 11 595.305
18 12 -143.429
18 13 551.398
18 14 -786.775
18 15 -565.772
18 16 -192.222
18 17 -403.698
18 19 454.85
18 20 -642.472
18 21 767.516
18 22 -473.193
18 23 -750.257
18 24 174.55
18 25 -187.214
18 26 586.756
18 27 -569.436
18 28 -292.006
18 29 527.704
18 30 -132.925
18 31 -797.706
18 32 -109.292
18 33 466.025
18 34 -348.249
18 35 -127.612
18 36 -664.335
18 37 -816.149
18 38 79.8954
18 39 -399.729
18 40 832.003
18 41 -485.956
18 42 73.4223
18 43 368.317
18 44 -814.133
18 45 -229.717
18 46 -534.81
18 47 -652.793
18 48 -129.322
18 49 -421.286
18 50 262.854
19 1 862.171
19 2 -111.979
19 3 -984.939
19 4 -16.8966
19 5 121.177
19 6 -687.724
19 7 -261.228
19 8 -994.954
19 9 926.414
19 10 935.024
19 11 -192.649
19 12 868.583
19 13 520.314
19 14 446.911
19 15 868.583
19 16 -546.719
19 17 -214.755
19 18 612.893
19 20 -597.588
19 21 -1.01907
19 22 -36.8657
19 23 -148.07
19 24 721.593
19 25 -133.413
19 26 90.338
19 27 682.754
19 28 -612.488
19 29 14.9196
19 30 338.089
19 31 452.652
19 32 769.592
19 33 -895.536
19 34 -560.337
19 35 -192.832
19 36 -610.351
19 37 -817.858
19 38 -601.618
19 39 -679.602
19 40 786.019
19 41 871.575
19 42 -344.28
19 43 -266.724
19 44 538.329
19 45 -986.832
19 46 -84.8037
19 47 233.847
19 48 -817.858
19 49 702.906
19 50 -194.481
20 1 219.374
20 2 674.021
20 3 632.312
20 4 571.428
20 5 977.039
20 6 -904.086
20 7 -286.632
20 8 976.428
20 9 715.914
20 10 -688.395
20 11 -109.719
20 12 612.343
20 13 -602.534
20 14 223.893
20 15 -912.88
20 16 796.645
20 17 795.179
20 18 352.867
20 19 -762.226
20 21 244.717
20 22 214.0
20 23 407.889
20 24 -681.067
20 25 -287.975
20 26 -669.525
20 27 541.139
20 28 338.7
20 29 784.798
20 30 564.161
20 31 973.619
20 32 206.916
20 33 -991.535
20 34 429.324
20 35 -322.051
20 36 -565.039
20 37 554.94
20 38 314.15
20 39 -186.787
20 40 -406.202
20 41 585.351
20 42 105.666
20 43 583.642
20 44 -530.108
20 45 534.91
20 46 -887.842
20 47 225.664
20 48 862.903
20 49 475.186
20 50 -283.029
21 1 803.973
21 2 950.718
21 3 -242.297
21 4 194.825
21 5 -503.177
21 6 -826.591
21 7 123.559
21 8 140.474
21 9 75.2543
21 10 -435.392
21 11 461.201
21 12 937.162
21 13 -759.295
21 14 462.361
21 15 -591.725
21 16 702.906
21 17 -465.438
21 18 553.291
21 19 982.29
21 20 160.871
21 22 -517.589
21 23 -824.942
21 24 -585.191
21 25 860.4
21 26 680.25
21 27 -179.764
21 28 408.072
21 29 190.244
21 30 494.849
21 31 769.348
21 32 958.596
21 33 628.893
21 34 80.1397
21 35 -193.626
21 36 975.634
21 37 -346.783
21 38 383.706
21 39 946.566
21 40 856.613
21 41 -236.923
21 42 -162.115
21 43 102.307
21 44 216.015
21 45 -961.428
21 46 425.904
21 47 -348.677
21 48 -44.8656
21 49 -312.647
21 50 -200.16
22 1 817.103
22 2 858.201
22 3 -999.779
22 4 152.993
22 5 -187.031
22 6 901.864
22 7 173.451
22 8 -482.964
22 9 694.601
22 10 471.888
22 11 -589.161
22 12 188.84
22 13 834.324
22 14 -335.059
22 15 771.241
22 16 -42.8503
22 17 -17.6905
22 18 870.964
22 19 -832.942
22 20 834.446
22 21 835.057
22 23 814.477
22 24 988.336
22 25 963.787
22 26 47.9571
22 27 -742.684
22 28 746.142
22 29 403.37
22 30 -354.6
22 31 537.108
22 32 -780.974
22 33 467.308
22 34 -254.816
22 35 -875.018
22 36 -494.994
22 37 -690.533
22 38 549.444
22 39 -584.092
22 40 428.347
22 41 -551.787
22 42 533.139
22 43 903.513
22 44 -256.22
22 45 -96.9562
22 46 772.035
22 47 953.405
22 48 573.443
22 49 647.457
22 50 340.654
23 1 355.799
23 2 -497.987
23 3 53.27
23 4 726.112
23 5 -161.627
23 6 -209.87
23 7 -977.55
23 8 186.641
23 9 732.83
23 10 118.612
23 11 487.888
23 12 2.46178
23 13 -20.6828
23 14 321.418
23 15 -32.6521
23 16 -454.751
23 17 665.655
23 18 533.627
23 19 -123.276
23 20 113.788
23 21 269.999
23 22 -806.317
23 24 -736.394
23 25 464.804
23 26 -183.184
23 27 344.318
23 28 -329.685
23 29 -15.9196
23 30 115.925
23 31 -348.005
23 32 800.37
23 33 431.4
23 34 279.769
23 35 -390.019
23 36 683.548
23 37 193.237
23 38 708.525
23 39 -666.228
23 40 26.3392
23 41 -9.69066
23 42 -276.617
23 43 -593.252
23 44 -569.863
23 45 -32.2246
23 46 45.8197
23 47 -796.912
23 48 -830.927
23 49 -889.185
23 50 295.281
24 1 -869.216
24 2 214.794
24 3 924.765
24 4 -290.479
24 5 -771.752
24 6 192.015
24 7 305.418
24 8 -734.868
24 9 555.428
24 10 961.527
24 11 -439.728
24 12 -614.32
24 13 812.523
24 14 -497.315
24 15 492.59
24 16 -571.146
24 17 631.885
24 18 803.912
24 19 498.33
24 20 -861.033
24 21 -29.5376
24 22 420.347
24 23 -381.409
24 25 -748.364
24 26 -952.268
24 27 -579.695
24 28 474.88
24 29 -563.39
24 30 -736.333
24 31 -620.671
24 32 24.1408
24 33 770.691
24 34 533.2
24 35 121.788
24 36 -914.651
24 37 921.345
24 38 476.773
24 39 -102.391
24 40 558.665
24 41 -761.86
24 42 -92.3761
24 43 682.815
24 44 277.999
24 45 -67.3384
24 46 44.6594
24 47 281.296
24 48 -551.054
24 49 528.498
24 50 -106.177
25 1 -68.804
25 2 589.626
25 3 -213.962
25 4 -762.47
25 5 -911.841
25 6 -80.7733
25 7 276.533
25 8 -333.532
25 9 84.6587
25 10 143.65
25 11 -209.198
25 12 -912.086
25 13 341.631
25 14 553.474
25 15 784.126
25 16 159.772
25 17 834.202
25 18 391.035
25 19 25.9728
25 20 70.1246
25 21 484.651
25 22 415.034
25 23 -336.952
25 24 120.078
25 26 -820.423
25 27 600.74
25 28 -137.2
25 29 529.291
25 30 -903.658
25 31 915.055
25 32 238.732
25 33 912.857
25 34 -979.504
25 35 -897.429
25 36 239.709
25 37 -137.505
25 38 -646.686
25 39 426.576
25 40 -307.517
25 41 74.3383
25 42 486.727
25 43 -717.647
25 44 -316.738
25 45 449.72
25 46 236.106
25 47 -345.257
25 48 966.291
25 49 -379.638
25 50 -976.268
26 1 319.341
26 2 85.0251
26 3 329.356
26 4 492.773
26 5 -247.06
26 6 404.592
26 7 -902.62
26 8 236.595
26 9 680.434
26 10 221.145
26 11 632.19
26 12 350.119
26 13 -811.691
26 14 -841.186
26 15 -610.717
26 16 465.171
26 17 363.188
26 18 -971.932
26 19 -242.175
26 20 974.901
26 21 -638.137
26 22 334.425
26 23 -729.738
26 24 -872.941
26 25 -112.345
26 27 628.038
26 28 307.861
26 29 -318.143
26 30 973.924
26 31 -115.765
26 32 712.128
26 33 804.401
26 34 38.5527
26 35 -905.002
26 36 761.47
26 37 900.582
26 38 -861.461
26 39 -736.211
26 40 935.024
26 41 -928.574
26 42 356.409
26 43 989.619
26 44 -92.5593
26 45 878.415
26 46 -740.913
26 47 -173.168
26 48 -784.577
26 49 92.5364
26 50 380.592
27 1 -380.798
27 2 25.1178
27 3 147.803
27 4 -363.638
27 5 972.703
27 6 443.064
27 7 -53.2318
27 8 -358.57
27 9 -926.131
27 10 811.485
27 11 -264.464
27 12 840.675
27 13 44.6594
27 14 -582.993
27 15 -278.876
27 16 403.92
27 17 -7.43117
27 18 60.7202
27 19 -877.766
27 20 -174.084
27 21 -17.5684
27 22 -89.3227
27 23 344.318
27 24 -844.85
27 25 -914.04
27 26 -903.048
27 28 -44.377
27 29 802.508
27 30 716.097
27 31 468.835
27 32 -829.522
27 33 854.415
27 34 416.072
27 35 953.161
27 36 -492.368
27 37 846.904
27 38 315.189
27 39 965.68
27 40 320.929
27 41 -84.9259
27 42 411.859
27 43 -705.433
27 44 -109.475
27 45 274.457
27 46 -110.33
27 47 -91.5212
27 48 762.386
27 49 -42.7893
27 50 649.106
28 1 110.246
28 2 -987.199
28 3 -245.106
28 4 236.473
28 5 495.033
28 6 148.413
28 7 292.838
28 8 370.21
28 9 131.131
28 10 -704.884
28 11 179.435
28 12 237.328
28 13 -587.329
28 14 404.958
28 15 -830.438
28 16 759.699
28 17 16.6905
28 18 126.673
28 19 -723.692
28 20 -991.84
28 21 400.073
28 22 -937.184
28 23 -233.87
28 24 965.68
28 25 282.579
28 26 77.8802
28 27 982.84
28 29 -200.221
28 30 544.619
28 31 349.57
28 32 929.65
28 33 -125.902
28 34 -20.4386
28 35 863.026
28 36 -445.774
28 37 -359.547
28 38 -657.923
28 39 17.1791
28 40 669.625
28 41 -365.898
28 42 125.024
28 43 -953.123
28 44 441.782
28 45 740.89
28 46 502.055
28 47 -64.0408
28 48 402.332
28 49 929.04
28 50 -119.368
29 1 -486.995
29 2 -100.681
29 3 -363.455
29 4 496.559
29 5 426.27
29 6 -59.3996
29 7 -1.81295
29 8 -516.429
29 9 666.571
29 10 -642.106
29 11 93.0249
29 12 -128.956
29 13 344.623
29 14 -763.508
29 15 -584.031
29 16 -73.9948
29 17 -601.985
29 18 540.589
29 19 -252.495
29 20 -703.418
29 21 921.467
29 22 875.178
29 23 611.488
29 24 -616.946
29 25 -201.382
29 26 -673.8
29 27 512.559
29 28 375.157
29 30 -655.968
29 31 -688.701
29 32 139.925
29 33 396.042
29 34 -385.683
29 35 374.363
29 36 720.494
29 37 -808.882
29 38 97.9103
29 39 871.819
29 40 -288.83
29 41 -202.969
29 42 461.995
29 43 483.857
29 44 -976.084
29 45 623.03
29 46 45.3923
29 47 485.689
29 48 -39.858
29 49 -605.832
29 50 -213.962
30 1 716.219
30 2 47.1021
30 3 -611.267
30 4 -732.975
30 5 -814.561
30 6 -29.904
30 7 -602.351
30 8 574.726
30 9 -740.852
30 10 -223.488
30 11 -139.765
30 12 -353.318
30 13 347.493
30 14 547.306
30 15 600.985
30 16 815.21
30 17 -952.268
30 18 717.746
30 19 610.45
30 20 -795.202
30 21 679.395
30 22 -757.646
30 23 -692.487
30 24 708.525
30 25 127.528
30 26 787.546
30 27 -279.609
30 28 188.229
30 29 -32.7742
30 31 -872.025
30 32 -983.351
30 33 -371.027
30 34 772.523
30 35 -33.9345
30 36 837.499
30 37 902.17
30 38 -433.072
30 39 -682.35
30 40 848.491
30 41 837.316
30 42 -646.93
30 43 695.578
30 44 -27.0949
30 45 -702.197
30 46 -354.844
30 47 -759.05
30 48 721.593
30 49 -64.3461
30 50 956.825
31 1 24.4461
31 2 -936.513
31 3 312.196
31 4 -828.606
31 5 668.586
31 6 -711.479
31 7 -913.857
31 8 746.814
31 9 -488.888
31 10 273.663
31 11 946.444
31 12 662.663
31 13 -519.116
31 14 614.359
31 15 968.367
31 16 87.5289
31 17 870.048
31 18 -953.795
31 19 -894.01
31 20 -329.868
31 21 -801.126
31 22 -400.095
31 23 486.239
31 24 -591.909
31 25 -633.251
31 26 -84.6816
31 27 190.367
31 28 -971.138
31 29 251.923
31 30 171.191
31 32 236.717
31 33 -179.642
31 34 975.39
31 35 -947.81
31 36 -580.428
31 37 -154.787
31 38 -999.657
31 39 200.809
31 40 -284.434
31 41 -515.818
31 42 -735.356
31 43 -422.263
31 44 -70.3307
31 45 -762.226
31 46 516.101
31 47 -808.149
31 48 280.38
31 49 728.311
31 50 59.7431
32 1 -388.981
32 2 602.389
32 3 835.24
32 4 -904.513
32 5 708.952
32 6 -140.986
32 7 -87.6739
32 8 -171.153
32 9 -922.711
32 10 -347.394
32 11 10.767
32 12 544.742
32 13 -448.827
32 14 -585.985
32 15 50.4609
32 16 -160.466
32 17 -737.127
32 18 -32.3467
32 19 -117.536
32 20 191.527
32 21 -308.983
32 22 -848.82
32 23 173.207
32 24 53.5753
32 25 -882.651
32 26 187.924
32 27 49.728
32 28 667.854
32 29 947.238
32 30 482.086
32 31 -553.558
32 33 776.615
32 34 311.586
32 35 -454.14
32 36 87.4678
32 37 -572.855
32 38 415.217
32 39 -268.922
32 40 40.5069
32 41 54.8577
32 42 -962.589
32 43 453.14
32 44 -211.946
32 45 23.2858
32 46 650.999
32 47 -397.164
32 48 743.761
32 49 827.606
32 50 570.451
33 1 832.247
33 2 154.215
33 3 -872.453
33 4 596.16
33 5 388.225
33 6 -668.915
33 7 -180.374
33 8 564.772
33 9 206.122
33 10 -860.972
33 11 -691.571
33 12 -740.608
33 13 926.108
33 14 -315.212
33 15 196.412
33 16 -884.911
33 17 -466.354
33 18 142.612
33 19 -449.621
33 20 148.719
33 21 -685.647
33 22 -344.524
33 23 -43.6442
33 24 -439.423
33 25 795.485
33 26 -752.577
33 27 -470.69
33 28 445.201
33 29 -625.74
33 30 -316.25
33 31 83.6205
33 32 35.4382
33 34 326.486
33 35 -782.195
33 36 -363.882
33 37 938.139
33 38 856.491
33 39 166.062
33 40 444.224
33 41 -223.305
33 42 -92.3761
33 43 237.572
33 44 750.112
33 45 701.624
33 46 -598.076
33 47 -429.347
33 48 -565.466
33 49 179.435
33 50 -402.172
34 1 -598.26
34 2 -240.221
34 3 526.482
34 4 259.556
34 5 -692.243
34 6 -617.557
34 7 599.458
34 8 321.601
34 9 963.97
34 10 842.507
34 11 -902.559
34 12 -261.9
34 13 -656.029
34 14 -307.883
34 15 909.07
34 16 202.824
34 17 -679.968
34 18 479.827
34 19 -73.0788
34 20 424.561
34 21 571.062
34 22 -255.976
34 23 801.592
34 24 653.991
34 25 761.531
34 26 237.999
34 27 -972.054
34 28 139.681
34 29 -79.4909
34 30 -456.216
34 31 -153.993
34 32 208.931
34 33 -44.8045
34 35 -713.067
34 36 -648.518
34 37 653.197
34 38 235.801
34 39 120.689
34 40 293.143
34 41 111.651
34 42 -804.118
34 43 677.441
34 44 -39.4306
34 45 140.841
34 46 884.582
34 47 -325.837
34 48 626.938
34 49 -350.325
34 50 394.027
35 1 -641.862
35 2 -38.1481
35 3 -601.252
35 4 -873.064
35 5 -524.612
35 6 -128.589
35 7 -758.134
35 8 -184.71
35 9 -41.7511
35 10 -814.255
35 11 -196.741
35 12 237.511
35 13 -486.689
35 14 646.907
35 15 -726.379
35 16 -421.225
35 17 302.364
35 18 -382.935
35 19 -980.726
35 20 363.798
35 21 -106.116
35 22 970.565
35 23 682.998
35 24 -104.895
35 25 688.861
35 26 -428.736
35 27 466.697
35 28 150.673
35 29 -11.828
35 30 814.477
35 31 -706.105
35 32 59.0714
35 33 911.635
35 34 627.977
35 36 524.162
35 37 -895.597
35 38 -669.037
35 39 -591.237
35 40 -90.6662
35 41 192.931
35 42 -967.046
35 43 -693.586
35 44 -503.849
35 45 712.555
35 46 270.854
35 47 -701.403
35 48 138.765
35 49 -262.449
35 50 -88.5289
36 1 -498.536
36 2 322.883
36 3 304.868
36 4 364.714
36 5 -854.988
36 6 -10.8509
36 7 696.555
36 8 -532.734
36 9 -343.425
36 10 -963.443
36 11 -321.807
36 12 530.085
36 13 -717.463
36 14 -800.515
36 15 -376.035
36 16 713.654
36 17 697.777
36 18 980.458
36 19 459.98
36 20 941.986
36 21 22.9194
36 22 328.501
36 23 373.569
36 24 -476.674
36 25 710.479
36 26 759.76
36 27 223.587
36 28 680.617
36 29 709.502
36 30 -414.568
36 31 -417.072
36 32 159.833
36 33 372.043
36 34 -38.4535
36 35 -641.007
36 37 -869.155
36 38 -478.384
36 39 -577.069
36 40 923.543
36 41 543.398
36 42 -870.56
36 43 612.16
36 44 689.96
36 45 -867.69
36 46 32.6902
36 47 868.705
36 48 84.8419
36 49 -722.288
36 50 131.559
37 1 386.088
37 2 -164.069
37 3 -125.963
37 4 509.628
37 5 -390.264
37 6 524.772
37 7 426.332
37 8 -96.5898
37 9 -429.957
37 10 337.234
37 11 -455.85
37 12 -29.7208
37 13 -164.985
37 14 -45.232
37 15 28.843
37 16 782.294
37 17 -226.48
37 18 -485.04
37 19 -269.106
37 20 989.863
37 21 -185.687
37 22 -413.042
37 23 381.63
37 24 92.17
37 25 387.859
37 26 -906.467
37 27 -432.156
37 28 -749.951
37 29 -762.165
37 30 124.169
37 31 56.2623
37 32 77.9413
37 33 798.294
37 34 565.566
37 35 -365.714
37 36 -147.764
37 38 302.731
37 39 501.445
37 40 -324.005
37 41 581.932
37 42 344.745
37 43 -693.891
37 44 -397.286
37 45 363.432
37 46 545.047
37 47 -620.977
37 48 -562.169
37 49 473.781
37 50 33.9116
38 1 -552.642
38 2 -362.356
38 3 625.9
38 4 -570.413
38 5 -613.221
38 6 386.516
38 7 -168.222
38 8 -1.26334
38 9 -511.605
38 10 -456.094
38 11 -689.8
38 12 686.724
38 13 112.628
38 14 -564.367
38 15 872.552
38 16 709.868
38 17 666.938
38 18 -334.631
38 19 -777.31
38 20 392.195
38 21 -154.176
38 22 146.337
38 23 -373.226
38 24 -64.7125
38 25 72.6284
38 26 -467.209
38 27 -644.182
38 28 810.263
38 29 71.346
38 30 -755.814
38 31 376.195
38 32 -545.558
38 33 519.704
38 34 263.403
38 35 -304.464
38 36 -25.8125
38 37 709.502
38 39 899.605
38 40 825.652
38 41 -483.453
38 42 -842.102
38 43 707.364
38 44 775.638
38 45 -973.947
38 46 108.475
38 47 743.211
38 48 36.9649
38 49 -948.482
38 50 846.904
39 1 -652.732
39 2 -19.3393
39 3 -698.716
39 4 -211.397
39 5 -353.684
39 6 -891.201
39 7 -367.119
39 8 264.014
39 9 -50.5448
39 10 605.198
39 11 -837.4
39 12 -67.5827
39 13 -757.707
39 14 606.237
39 15 -814.378
39 16 781.256
39 17 956.947
39 18 -347.883
39 19 589.687
39 20 -373.165
39 21 -801.798
39 22 736.249
39 23 -549.039
39 24 75.1932
39 25 640.495
39 26 394.027
39 27 -489.926
39 28 -142.879
39 29 240.198
39 30 283.128
39 31 -806.439
39 32 499.185
39 33 -1.38548
39 34 -328.769
39 35 -107.765
39 36 -753.371
39 37 924.887
39 38 286.059
39 40 -834.591
39 41 196.229
39 42 -595.756
39 43 -47.4304
39 44 -425.622
39 45 552.436
39 46 164.413
39 47 467.796
39 48 815.698
39 49 970.26
39 50 -996.481
40 1 135.65
40 2 -144.955
40 3 -98.0554
40 4 -499.086
40 5 414.973
40 6 749.135
40 7 899.239
40 8 865.041
40 9 -897.063
40 10 827.057
40 11 792.431
40 12 -872.025
40 13 -492.124
40 14 942.169
40 15 -294.632
40 16 874.323
40 17 29.1483
40 18 462.606
40 19 826.263
40 20 -335.12
40 21 -398.508
40 22 699.548
40 23 873.346
40 24 388.225
40 25 -570.107
40 26 -548.123
40 27 -793.187
40 28 -321.196
40 29 452.774
40 30 367.462
40 31 511.643
40 32 -370.05
40 33 973.619
40 34 -211.702
40 35 983.267
40 36 961.1
40 37 -99.5821
40 38 794.08
40 39 976.855
40 41 839.27
40 42 28.5376
40 43 -898.59
40 44 33.5452
40 45 -454.201
40 46 798.233
40 47 538.879
40 48 -765.096
40 49 -834.225
40 50 975.817
41 1 747.974
41 2 818.019
41 3 491.246
41 4 689.349
41 5 836.522
41 6 -15.0035
41 7 -673.312
41 8 -744.638
41 9 -359.119
41 10 862.598
41 11 393.721
41 12 240.259
41 13 304.624
41 14 -481.743
41 15 -3.58391
41 16 180.229
41 17 -156.131
41 18 5.51515
41 19 -332.127
41 20 419.431
41 21 -592.641
41 22 342.791
41 23 -41.2015
41 24 481.353
41 25 -100.01
41 26 389.935
41 27 568.924
41 28 425.232
41 29 666.388
41 30 545.169
41 31 6.12583
41 32 619.122
41 33 -78.6359
41 34 -798.134
41 35 962.749
41 36 367.707
41 37 617.412
41 38 -89.1395
41 39 586.695
41 40 -164.863
41 42 424.194
41 43 168.688
41 44 -147.703
41 45 697.41
41 46 -473.499
41 47 791.882
41 48 -798.5
41 49 -40.8351
41 50 914.2
42 1 -206.023
42 2 652.831
42 3 384.622
42 4 850.568
42 5 -280.525
42 6 -442.171
42 7 -39.3084
42 8 222.793
42 9 356.531
42 10 209.42
42 11 -149.902
42 12 442.759
42 13 -221.9
42 14 461.69
42 15 -744.455
42 16 594.878
42 17 -352.707
42 18 -423.79
42 19 645.014
42 20 -480.094
42 21 -283.64
42 22 468.59
42 23 -238.389
42 24 -479.239
42 25 -534.2
42 26 537.841
42 27 -122.605
42 28 -628.854
42 29 -182.084
42 30 283.495
42 31 700.83
42 32 -673.006
42 33 860.033
42 34 -119.857
42 35 -603.084
42 36 -182.268
42 37 517.444
42 38 908.093
42 39 154.459
42 40 508.895
42 41 116.475
42 43 -581.466
42 44 -278.937
42 45 -576.031
42 46 -233.32
42 47 -462.812
42 48 -629.648
42 49 815.881
42 50 -492.185
43 1 -231.549
43 2 715.608
43 3 -539.329
43 4 -845.156
43 5 -787.813
43 6 -183.977
43 7 90.0937
43 8 781.806
43 9 -131.581
43 10 -977.489
43 11 -386.538
43 12 773.928
43 13 214.855
43 14 982.046
43 15 852.461
43 16 -599.481
43 17 255.098
43 18 246.304
43 19 -555.329
43 20 832.797
43 21 -784.455
43 22 937.039
43 23 634.816
43 24 -459.697
43 25 85.3915
43 26 -126.391
43 27 -395.271
43 28 29.8811
43 29 177.237
43 30 -365.775
43 31 69.9414
43 32 -173.535
43 33 -88.7731
43 34 962.138
43 35 792.859
43 36 668.403
43 37 996.947
43 38 967.146
43 39 726.54
43 40 -171.214
43 41 202.153
43 42 563.306
43 44 465.903
43 45 520.925
43 46 -92.315
43 47 -432.644
43 48 692.525
43 49 -696.334
43 50 -382.142
44 1 907.849
44 2 -697.006
44 3 -550.444
44 4 -371.21
44 5 369.478
44 6 -85.964
44 7 186.947
44 8 -965.947
44 9 -670.014
44 10 -584.642
44 11 774.172
44 12 -739.631
44 13 906.445
44 14 -719.051
44 15 -667.449
44 16 -685.83
44 17 954.077
44 18 305.235
44 19 -617.007
44 20 -65.4453
44 21 369.233
44 22 -538.169
44 23 10.4616
44 24 833.102
44 25 114.154
44 26 577.596
44 27 610.145
44 28 211.618
44 29 -589.038
44 30 -510.322
44 31 143.039
44 32 748.768
44 33 544.68
44 34 -598.015
44 35 -158.207
44 36 -770.043
44 37 702.479
44 38 -901.46
44 39 -699.387
44 40 29.6368
44 41 301.998
44 42 -275.029
44 43 893.071
44 45 -393.928
44 46 231.954
44 47 810.874
44 48 444.835
44 49 226.091
44 50 -551.909
45 1 -773.401
45 2 -883.506
45 3 79.4069
45 4 -633.801
45 5 -231.915
45 6 415.584
45 7 -7.67544
45 8 480.682
45 9 -964.421
45 10 -721.616
45 11 -87.4296
45 12 -347.516
45 13 -675.388
45 14 -821.706
45 15 -638.137
45 16 -492.002
45 17 188.657
45 18 168.077
45 19 -959.596
45 20 372.165
45 21 378.332
45 22 -184.1
45 23 -228.923
45 24 186.092
45 25 -160.65
45 26 -32.0414
45 27 -30.9422
45 28 846.171
45 29 455.888
45 30 -733.768
45 31 -169.504
45 32 391.218
45 33 -776.76
45 34 372.592
45 35 -579.878
45 36 -510.383
45 37 552.314
45 38 -179.519
45 39 850.873
45 40 -346.417
45 41 -633.496
45 42 -547.512
45 43 -264.892
45 44 -380.676
45 46 -285.838
45 47 -640.213
45 48 113.299
45 49 -662.686
45 50 546.696
46 1 -724.914
46 2 19.2553
46 3 3.43886
46 4 -622.381
46 5 352.684
46 6 -102.513
46 7 -431.912
46 8 -497.987
46 9 269.022
46 10 -958.558
46 11 169.298
46 12 -547.512
46 13 -408.706
46 14 251.068
46 15 914.139
46 16 398.363
46 17 340.776
46 18 -115.032
46 19 457.72
46 20 158.917
46 21 690.754
46 22 -486.384
46 23 813.744
46 24 -468.186
46 25 745.104
46 26 341.142
46 27 827.24
46 28 -387.638
46 29 -676.915
46 30 593.29
46 31 758.966
46 32 -202.481
46 33 699.303
46 34 -939.139
46 35 408.744
46 36 -838.011
46 37 -781.829
46 38 984.794
46 39 221.816
46 40 895.269
46 41 752.249
46 42 -545.009
46 43 -189.046
46 44 475.43
46 45 899.666
46 47 547.428
46 48 -664.213
46 49 -709.464
46 50 900.338
47 1 -662.381
47 2 175.039
47 3 371.554
47 4 -823.782
47 5 -973.336
47 6 325.875
47 7 -68.4987
47 8 -545.558
47 9 329.112
47 10 977.832
47 11 -588.489
47 12 -607.969
47 13 -670.319
47 14 -315.639
47 15 -298.723
47 16 660.892
47 17 -999.84
47 18 587.0
47 19 233.175
47 20 410.088
47 21 544.925
47 22 -893.765
47 23 635.976
47 24 -939.566
47 25 -223.122
47 26 -432.522
47 27 -366.569
47 28 357.325
47 29 717.135
47 30 -834.53
47 31 880.491
47 32 616.557
47 33 -418.782
47 34 736.005
47 35 410.027
47 36 -881.674
47 37 -628.061
47 38 -254.938
47 39 -597.588
47 40 571.062
47 41 235.862
47 42 -38.942
47 43 942.108
47 44 -422.141
47 45 -209.259
47 46 -783.722
47 48 454.972
47 49 70.0635
47 50 608.618
48 1 -275.09
48 2 529.047
48 3 -390.752
48 4 -971.26
48 5 371.371
48 6 -219.213
48 7 -472.583
48 8 512.742
48 9 -577.252
48 10 476.834
48 11 820.767
48 12 -305.441
48 13 -902.803
48 14 581.321
48 15 743.455
48 16 355.432
48 17 420.408
48 18 932.398
48 19 43.5602
48 20 -531.757
48 21 -186.603
48 22 -779.874
48 23 -232.099
48 24 535.826
48 25 -144.284
48 26 -531.146
48 27 -420.797
48 28 379.432
48 29 -356.554
48 30 692.097
48 31 524.711
48 32 592.863
48 33 -802.469
48 34 -574.26
48 35 188.107
48 36 -173.718
48 37 -649.801
48 38 -175.733
48 39 -829.278
48 40 104.506
48 41 -451.82
48 42 -10.1792
48 43 831.759
48 44 -646.564
48 45 -986.71
48 46 247.037
48 47 -779.142
48 49 -663.785
48 50 -303.181
49 1 32.8734
49 2 -835.08
49 3 -827.568
49 4 460.041
49 5 -903.109
49 6 -590.993
49 7 -360.279
49 8 927.085
49 9 -301.227
49 10 782.905
49 11 436.652
49 12 441.66
49 13 -516.124
49 14 308.715
49 15 -400.584
49 16 567.886
49 17 -261.289
49 18 -796.851
49 19 -738.776
49 20 568.191
49 21 697.471
49 22 -302.265
49 23 933.986
49 24 302.914
49 25 596.954
49 26 620.282
49 27 504.071
49 28 -15.9196
49 29 168.321
49 30 679.64
49 31 140.291
49 32 -778.653
49 33 -755.02
49 34 -614.259
49 35 -720.578
49 36 801.164
49 37 -817.309
49 38 545.291
49 39 -102.086
49 40 -374.142
49 41 -227.091
49 42 261.266
49 43 241.358
49 44 273.724
49 45 341.57
49 46 394.699
49 47 212.962
49 48 -416.889
49 50 -281.502
50 1 -598.565
50 2 598.542
50 3 -266.602
50 4 768.127
50 5 -498.353
50 6 -683.082
50 7 232.564
50 8 158.062
50 9 103.895
50 10 892.949
50 11 266.029
50 12 -927.475
50 13 433.293
50 14 318.547
50 15 -162.298
50 16 -460.552
50 17 -705.372
50 18 -479.056
50 19 -859.873
50 20 65.2392
50 21 913.223
50 22 -403.821
50 23 594.695
50 24 -729.249
50 25 776.92
50 26 -990.496
50 27 991.756
50 28 -790.317
50 29 442.148
50 30 953.894
50 31 182.367
50 32 -946.1
50 33 -784.76
50 34 36.8428
50 35 -254.694
50 36 842.934
50 37 -335.425
50 38 -488.949
50 39 71.346
50 40 -27.9499
50 41 888.369
50 42 -795.569
50 43 -696.334
50 44 126.856
50 45 486.239
50 46 -639.541
50 47 576.069
50 48 -676.854
50 49 -831.415
