25 600
1
2
3
4
5
6
7
8
9
10
11
12
13
14
15
16
17
18
19
20
21
22
23
24
25
1 2 -251.457
1 3 206.0
1 4 -53.6593
1 5 -923.2
1 6 562.268
1 7 671.884
1 8 63.1629
1 9 -506.17
1 10 -916.421
1 11 -435.209
1 12 671.884
1 13 -201.626
1 14 -205.779
1 15 529.291
1 16 600.618
1 17 -767.172
1 18 776.004
1 19 881.285
1 20 201.542
1 21 832.064
1 22 -338.417
1 23 518.482
1 24 382.119
1 25 -929.49
2 1 426.148
2 3 306.395
2 4 -806.256
2 5 851.728
2 6 195.557
2 7 381.569
2 8 673.472
2 9 -265.197
2 10 282.151
2 11 -188.557
2 12 -393.989
2 13 386.332
2 14 614.236
2 15 48.9952
2 16 925.131
2 17 -853.705
2 18 -241.686
2 19 -386.477
2 20 -596.672
2 21 -313.746
2 22 -278.876
2 23 444.835
2 24 358.424
2 25 -335.73
3 1 -289.136
3 2 -643.999
3 4 -977.489
3 5 -659.449
3 6 55.8959
3 7 -961.245
3 8 -697.433
3 9 74.4604
3 10 460.407
3 11 39.2244
3 12 -417.866
3 13 -356.005
3 14 -211.641
3 15 156.352
3 16 280.93
3 17 333.875
3 18 -436.003
3 19 698.265
3 20 842.263
3 21 714.265
3 22 371.188
3 23 25.9728
3 24 843.484
3 25 -938.162
4 1 -657.129
4 2 -166.451
4 3 915.483
4 5 -642.595
4 6 -65.2621
4 7 590.725
4 8 155.924
4 9 -214.939
4 10 151.955
4 11 -407.301
4 12 -270.449
4 13 691.426
4 14 439.156
4 15 58.0332
4 16 -664.151
4 17 -75.5215
4 18 -596.855
4 19 697.471
4 20 238.854
4 21 503.704
4 22 569.352
4 23 208.137
4 24 -462.018
4 25 542.055
5 1 343.035
5 2 122.398
5 3 -619.145
5 4 376.562
5 6 385.6
5 7 445.995
5 8 -211.58
5 9 830.66
5 10 570.573
5 11 -471.239
5 12 793.409
5 13 -449.927
5 14 -278.815
5 15 606.969
5 16 572.955
5 17 -643.572
5 18 314.7
5 19 441.721
5 20 -732.242
5 21 -458.476
5 22 332.226
5 23 511.765
5 24 -829.644
5 25 54.4302
6 1 456.865
6 2 177.97
6 3 970.077
6 4 -489.682
6 5 -207.427
6 7 270.793
6 8 744.127
6 9 964.581
6 10 303.158
6 11 529.963
6 12 -610.473
6 13 377.294
6 14 -853.583
6 15 -661.281
6 16 -831.66
6 17 -272.892
6 18 -891.384
6 19 -808.943
6 20 -937.978
6 21 -310.815
6 22 305.418
6 23 321.112
6 24 -374.325
6 25 -172.191
7 1 -647.541
7 2 -59.3996
7 3 -977.794
7 4 -760.211
7 5 -806.683
7 6 -476.063
7 8 933.62
7 9 -415.546
7 10 -242.358
7 11 -433.316
7 12 18.4004
7 13 -565.65
7 14 652.587
7 15 265.541
7 16 -366.936
7 17 -106.971
7 18 67.1934
7 19 -447.972
7 20 -529.436
7 21 407.156
7 22 -917.765
7 23 924.704
7 24 -170.97
7 25 718.234
8 1 -433.683
8 2 500.651
8 3 186.092
8 4 -112.406
8 5 848.43
8 6 -251.762
8 7 770.386
8 9 335.036
8 10 -642.472
8 11 -683.815
8 12 815.698
8 13 -179.031
8 14 420.164
8 15 408.439
8 16 187.191
8 17 -676.854
8 18 382.851
8 19 -863.232
8 20 66.4606
8 21 -267.884
8 22 278.182
8 23 301.326
8 24 -620.305
8 25 -691.51
9 1 -805.034
9 2 9.85095
9 3 664.983
9 4 844.766
9 5 557.932
9 6 -393.256
9 7 52.2318
9 8 454.056
9 10 -513.193
9 11 322.395
9 12 -937.245
9 13 946.016
9 14 449.049
9 15 -908.849
9 16 897.59
9 17 -298.907
9 18 -641.679
9 19 983.206
9 20 905.406
9 21 6.43117
9 22 -656.152
9 23 663.335
9 24 -65.7507
9 25 -233.747
10 1 344.562
10 2 349.448
10 3 232.442
10 4 547.612
10 5 -262.205
10 6 674.815
10 7 595.244
10 8 879.208
10 9 185.42
10 11 -90.2387
10 12 449.598
10 13 755.547
10 14 -126.146
10 15 -19.5225
10 16 -442.049
10 17 -725.952
10 18 -647.663
10 19 711.761
10 20 -968.695
10 21 350.913
10 22 144.261
10 23 741.257
10 24 337.112
10 25 438.667
11 1 -678.869
11 2 540.467
11 3 -11.4616
11 4 -794.347
11 5 -762.959
11 6 -24.5301
11 7 613.931
11 8 -903.964
11 9 594.023
11 10 -149.169
11 12 72.323
11 13 711.883
11 14 37.3924
11 15 -131.032
11 16 -673.983
11 17 -42.1786
11 18 472.193
11 19 447.156
11 20 740.89
11 21 -107.216
11 22 -729.127
11 23 826.08
11 24 -495.361
11 25 -793.737
12 1 583.092
12 2 909.925
12 3 -133.536
12 4 278.731
12 5 908.826
12 6 -726.685
12 7 856.858
12 8 745.471
12 9 150.184
12 10 777.958
12 11 -800.027
12 13 -483.147
12 14 -692.181
12 15 220.473
12 16 101.513
12 17 -815.904
12 18 -981.764
12 19 -522.536
12 20 -420.37
12 21 -256.342
12 22 119.223
12 23 556.65
12 24 -940.421
12 25 -411.637
13 1 428.103
13 2 3.62206
13 3 -109.048
13 4 698.754
13 5 927.452
13 6 -889.796
13 7 487.704
13 8 -35.0948
13 9 -465.987
13 10 -654.686
13 11 -220.374
13 12 -408.278
13 14 -347.272
13 15 -545.07
13 16 -340.005
13 17 507.674
13 18 -314.357
13 19 -329.257
13 20 112.383
13 21 -275.945
13 22 702.845
13 23 -540.795
13 24 -288.281
13 25 -411.82
14 1 445.507
14 2 252.655
14 3 -814.194
14 4 -149.291
14 5 864.186
14 6 -404.981
14 7 719.822
14 8 501.2
14 9 -637.221
14 10 149.696
14 11 691.914
14 12 300.288
14 13 956.215
14 15 -8.71358
14 16 538.94
14 17 951.39
14 18 -498.72
14 19 -363.455
14 20 -578.84
14 21 -159.062
14 22 -773.462
14 23 238.244
14 24 -609.985
14 25 -701.219
15 1 707.853
15 2 384.073
15 3 733.868
15 4 -700.792
15 5 504.009
15 6 -57.6287
15 7 196.473
15 8 -446.446
15 9 636.709
15 10 386.088
15 11 -240.037
15 12 -73.6284
15 13 -911.597
15 14 32.1406
15 16 665.655
15 17 -888.086
15 18 -474.964
15 19 -357.959
15 20 370.21
15 21 514.269
15 22 -590.565
15 23 811.24
15 24 -871.842
15 25 -746.348
16 1 717.013
16 2 587.122
16 3 -121.017
16 4 -736.761
16 5 417.294
16 6 762.875
16 7 126.551
16 8 381.752
16 9 931.91
16 10 -732.914
16 11 -489.559
16 12 403.004
16 13 -267.09
16 14 106.277
16 15 -256.342
16 17 13.8814
16 18 292.899
16 19 -724.73
16 20 607.885
16 21 -447.911
16 22 -450.171
16 23 -899.567
16 24 696.372
16 25 -472.277
17 1 99.437
17 2 426.637
17 3 592.374
17 4 -156.68
17 5 279.037
17 6 -900.483
17 7 -835.324
17 8 -349.043
17 9 349.081
17 10 187.741
17 11 677.686
17 12 785.47
17 13 -52.5601
17 14 356.165
17 15 -614.626
17 16 703.761
17 18 -989.214
17 19 -139.826
17 20 -672.151
17 21 -118.94
17 22 -651.51
17 23 575.642
17 24 -19.3393
17 25 -411.027
18 1 -947.871
18 2 -492.918
18 3 -527.971
18 4 998.046
18 5 940.52
18 6 223.099
18 7 47.4075
18 8 -460.186
18 9 -792.454
18 10 -365.837
18 11 -539.696
18 12 -521.009
18 13 -509.895
18 14 577.352
18 15 993.893
18 16 606.969
18 17 505.536
18 19 -381.775
18 20 -221.351
18 21 18.1561
18 22 479.949
18 23 534.055
18 24 122.643
18 25 901.315
19 1 538.94
19 2 888.796
19 3 -492.368
19 4 -731.204
19 5 247.282
19 6 161.909
19 7 -29.0491
19 8 588.161
19 9 -508.612
19 10 854.354
19 11 535.765
19 12 -781.89
19 13 -110.757
19 14 -993.367
19 15 -607.542
19 16 629.076
19 17 -88.8953
19 18 -414.324
19 20 -484.002
19 21 -700.303
19 22 909.315
19 23 -852.667
19 24 396.286
19 25 272.563
20 1 230.366
20 2 -754.592
20 3 -416.889
20 4 -737.31
20 5 613.259
20 6 999.023
20 7 729.593
20 8 -702.746
20 9 42.0946
20 10 265.358
20 11 -191.122
20 12 789.561
20 13 -738.959
20 14 -134.94
20 15 216.259
20 16 -995.076
20 17 -877.399
20 18 275.861
20 19 415.889
20 21 -140.681
20 22 966.169
20 23 -750.501
20 24 843.484
20 25 -38.5756
21 1 206.611
21 2 -211.641
21 3 -263.182
21 4 -128.406
21 5 336.868
21 6 905.956
21 7 593.84
21 8 487.949
21 9 -494.506
21 10 624.435
21 11 928.795
21 12 -492.491
21 13 884.216
21 14 -359.974
21 15 -965.337
21 16 -95.0631
21 17 988.519
21 18 -908.422
21 19 428.469
21 20 -649.617
21 22 -837.766
21 23 872.796
21 24 655.579
21 25 525.444
22 1 397.691
22 2 -79.2466
22 3 169.237
22 4 -748.73
22 5 674.815
22 6 935.513
22 7 -53.5982
22 8 393.416
22 9 -971.565
22 10 937.284
22 11 -461.957
22 12 447.705
22 13 -486.75
22 14 130.948
22 15 243.373
22 16 779.79
22 17 -749.219
22 18 495.094
22 19 -911.841
22 20 427.675
22 21 -233.87
22 23 536.925
22 24 307.677
22 25 421.874
23 1 -219.885
23 2 -342.753
23 3 -0.103061
23 4 551.276
23 5 659.793
23 6 558.237
23 7 664.861
23 8 517.75
23 9 703.517
23 10 -875.934
23 11 -710.868
23 12 414.668
23 13 -541.65
23 14 234.152
23 15 -311.242
23 16 466.636
23 17 251.373
23 18 913.712
23 19 773.684
23 20 968.917
23 21 116.719
23 22 -708.181
23 24 -559.665
23 25 362.089
24 1 -676.915
24 2 787.79
24 3 -223.366
24 4 385.111
24 5 -328.036
24 6 -47.1861
24 7 -749.463
24 8 234.03
24 9 -240.098
24 10 -562.901
24 11 -404.37
24 12 675.06
24 13 397.874
24 14 484.224
24 15 -942.375
24 16 40.629
24 17 365.875
24 18 410.21
24 19 -292.311
24 20 -946.283
24 21 -301.655
24 22 -494.628
24 23 494.055
24 25 411.309
25 1 683.609
25 2 787.974
25 3 -267.701
25 4 62.9186
25 5 -239.244
25 6 -955.26
25 7 -281.808
25 8 137.116
25 9 517.322
25 10 618.633
25 11 -857.919
25 12 430.728
25 13 951.024
25 14 341.753
25 15 7.46931
25 16 415.584
25 17 -794.225
25 18 -905.002
25 19 725.685
25 20 694.357
25 21 961.405
25 22 400.073
25 23 87.5289
25 24 -159.978
