25 600
1
2
3
4
5
6
7
8
9
10
11
12
13
14
15
16
17
18
19
20
21
22
23
24
25
1 2 -862.255
1 3 -131.215
1 4 -998.374
1 5 -841.919
1 6 423.706
1 7 -784.027
1 8 704.677
1 9 751.455
1 10 -251.946
1 11 338.028
1 12 -153.749
1 13 427.614
1 14 -450.904
1 15 34.4001
1 16 687.823
1 17 420.469
1 18 -904.33
1 19 -405.286
1 20 -929.429
1 21 -930.772
1 22 758.844
1 23 741.318
1 24 339.677
1 25 -171.764
2 1 740.219
2 3 177.298
2 4 -567.97
2 5 -283.823
2 6 -537.131
2 7 -815.355
2 8 -144.284
2 9 -837.4
2 10 -204.435
2 11 -303.426
2 12 -789.279
2 13 172.718
2 14 302.242
2 15 -713.555
2 16 -31.6139
2 17 752.066
2 18 -288.403
2 19 520.437
2 20 -825.858
2 21 536.009
2 22 -211.458
2 23 -908.544
2 24 -217.992
2 25 -447.301
3 1 791.699
3 2 198.672
3 4 -713.616
3 5 -938.894
3 6 709.807
3 7 -423.668
3 8 360.867
3 9 399.706
3 10 466.514
3 11 647.274
3 12 -830.561
3 13 782.844
3 14 272.747
3 15 202.214
3 16 62.308
3 17 -10.2403
3 18 -679.54
3 19 74.0329
3 20 314.944
3 21 874.201
3 22 6.49223
3 23 -780.852
3 24 -374.264
3 25 -369.623
4 1 864.98
4 2 -338.234
4 3 42.461
4 5 771.791
4 6 -592.458
4 7 724.952
4 8 -993.55
4 9 729.288
4 10 -944.574
4 11 996.397
4 12 -786.103
4 13 -961.428
4 14 -659.877
4 15 462.056
4 16 -36.5604
4 17 -966.253
4 18 -424.156
4 19 243.984
4 20 -306.357
4 21 985.893
4 22 -817.004
4 23 380.164
4 24 392.012
4 25 -369.195
5 1 852.278
5 2 -914.284
5 3 -443.392
5 4 -969.733
5 6 -270.51
5 7 -63.9797
5 8 412.897
5 9 680.617
5 10 829.622
5 11 395.676
5 12 52.9646
5 13 -174.878
5 14 -165.84
5 15 150.673
5 16 207.282
5 17 -87.6739
5 18 -503.116
5 19 666.449
5 20 316.288
5 21 114.948
5 22 813.683
5 23 411.981
5 24 -397.653
5 25 -131.215
6 1 -839.843
6 2 -806.439
6 3 -174.146
6 4 -640.64
6 5 591.886
6 7 30.6139
6 8 -591.97
6 9 -105.322
6 10 464.499
6 11 6.1869
6 12 618.694
6 13 -900.116
6 14 -398.386
6 15 545.474
6 16 502.3
6 17 881.224
6 18 165.879
6 19 540.955
6 20 -753.86
6 21 -924.849
6 22 432.744
6 23 776.187
6 24 665.716
6 25 755.73
7 1 659.548
7 2 -924.543
7 3 492.346
7 4 89.3609
7 5 -773.584
7 6 629.503
7 8 -830.499
7 9 727.456
7 10 -751.783
7 11 911.452
7 12 826.08
7 13 -372.493
7 14 830.965
7 15 -346.6
7 16 -887.17
7 17 276.838
7 18 -828.973
7 19 -705.983
7 20 -382.142
7 21 226.702
7 22 -309.227
7 23 343.463
7 24 -495.361
7 25 899.91
8 1 371.981
8 2 -895.781
8 3 101.452
8 4 588.893
8 5 505.231
8 6 193.42
8 7 -898.59
8 9 597.321
8 10 24.1408
8 11 -720.761
8 12 79.5901
8 13 -550.138
8 14 618.206
8 15 504.254
8 16 -4.68313
8 17 -880.453
8 18 806.904
8 19 -4.13352
8 20 389.752
8 21 199.099
8 22 171.436
8 23 -64.1629
8 24 946.261
8 25 -40.1023
9 1 924.459
9 2 599.214
9 3 -888.391
9 4 241.053
9 5 2.40071
9 6 814.721
9 7 469.751
9 8 -909.093
9 10 -117.658
9 11 282.701
9 12 -467.27
9 13 -883.018
9 14 -709.097
9 15 184.138
9 16 -325.837
9 17 464.682
9 18 11.3166
9 19 -481.498
9 20 -146.543
9 21 -627.572
9 22 960.978
9 23 -386.172
9 24 846.11
9 25 246.671
10 1 -262.205
10 2 237.328
10 3 652.343
10 4 170.825
10 5 822.965
10 6 -248.037
10 7 -218.053
10 8 -185.077
10 9 610.389
10 11 755.425
10 12 94.1852
10 13 -337.745
10 14 479.277
10 15 -370.6
10 16 -118.33
10 17 -501.223
10 18 70.0635
10 19 -543.848
10 20 894.72
10 21 103.284
10 22 -31.2475
10 23 716.586
10 24 -21.9652
10 25 -928.696
11 1 -22.2706
11 2 -777.798
11 3 -974.13
11 4 -280.342
11 5 166.306
11 6 -275.823
11 7 -74.4223
11 8 993.344
11 9 884.766
11 10 611.427
11 12 184.871
11 13 -672.762
11 14 930.444
11 15 164.23
11 16 -63.7354
11 17 400.317
11 18 55.4684
11 19 -214.328
11 20 -4.74419
11 21 -302.51
11 22 -999.29
11 23 648.434
11 24 -335.242
11 25 -147.703
12 1 -755.508
12 2 -804.179
12 3 -24.1637
12 4 -325.898
12 5 -348.066
12 6 -54.5142
12 7 -954.894
12 8 821.439
12 9 217.969
12 10 -992.634
12 11 -752.455
12 13 -958.802
12 14 84.3533
12 15 787.974
12 16 877.743
12 17 -67.4606
12 18 24.4461
12 19 -719.234
12 20 -2.8511
12 21 141.818
12 22 577.596
12 23 421.813
12 24 -840.637
12 25 -39.1863
13 1 23.2247
13 2 902.048
13 3 684.525
13 4 240.808
13 5 -613.465
13 6 -83.9488
13 7 -820.484
13 8 -431.362
13 9 654.724
13 10 -741.097
13 11 -994.832
13 12 646.846
13 14 -606.748
13 15 215.404
13 16 -652.976
13 17 -198.634
13 18 -36.5604
13 19 679.09
13 20 606.053
13 21 576.497
13 22 501.567
13 23 944.306
13 24 780.645
13 25 -673.251
14 1 -125.414
14 2 -401.805
14 3 -464.338
14 4 -227.213
14 5 -214.755
14 6 -38.6367
14 7 641.961
14 8 430.484
14 9 214.183
14 10 500.712
14 11 467.247
14 12 -127.124
14 13 -609.069
14 15 -332.616
14 16 -775.294
14 17 -246.572
14 18 483.918
14 19 590.664
14 20 649.778
14 21 523.612
14 22 183.038
14 23 56.3233
14 24 791.332
14 25 -210.114
15 1 -616.213
15 2 -773.523
15 3 -375.668
15 4 248.686
15 5 -859.079
15 6 521.047
15 7 151.65
15 8 -875.445
15 9 88.6891
15 10 101.452
15 11 685.685
15 12 68.2315
15 13 513.109
15 14 408.317
15 16 -992.328
15 17 -571.39
15 18 -734.135
15 19 167.772
15 20 87.4678
15 21 -136.467
15 22 707.731
15 23 323.982
15 24 36.2932
15 25 -801.614
16 1 -144.772
16 2 -678.563
16 3 9.97308
16 4 -504.582
16 5 947.97
16 6 186.825
16 7 721.898
16 8 251.007
16 9 -413.469
16 10 832.003
16 11 -733.524
16 12 672.006
16 13 -334.081
16 14 33.6062
16 15 946.383
16 17 963.176
16 18 -742.501
16 19 516.528
16 20 -232.954
16 21 -437.957
16 22 655.884
16 23 -426.477
16 24 323.738
16 25 265.235
17 1 755.852
17 2 676.77
17 3 726.906
17 4 169.237
17 5 966.046
17 6 494.055
17 7 -713.616
17 8 384.928
17 9 829.744
17 10 773.867
17 11 628.282
17 12 442.27
17 13 552.131
17 14 -487.849
17 15 -78.1474
17 16 336.318
17 18 616.068
17 19 859.85
17 20 933.009
17 21 -854.743
17 22 -325.532
17 23 184.993
17 24 555.55
17 25 163.802
18 1 911.513
18 2 -243.64
18 3 -459.514
18 4 -522.963
18 5 47.1021
18 6 -542.505
18 7 89.1166
18 8 -65.8117
18 9 -805.706
18 10 -13.0494
18 11 3.07245
18 12 -566.627
18 13 -266.541
18 14 974.413
18 15 87.4678
18 16 -521.559
18 17 403.431
18 19 -547.635
18 20 481.537
18 21 928.734
18 22 -201.809
18 23 -873.857
18 24 612.588
18 25 885.437
19 1 -547.207
19 2 -135.429
19 3 459.186
19 4 -341.715
19 5 703.945
19 6 -135.307
19 7 -190.817
19 8 -260.739
19 9 -485.773
19 10 -76.7428
19 11 -797.706
19 12 -277.166
19 13 458.697
19 14 247.465
19 15 -756.669
19 16 -881.002
19 17 34.9497
19 18 -753.066
19 20 -26.8506
19 21 989.13
19 22 517.2
19 23 748.402
19 24 987.115
19 25 335.952
20 1 512.437
20 2 -946.345
20 3 -14.4539
20 4 -792.699
20 5 -573.71
20 6 310.242
20 7 450.575
20 8 424.561
20 9 18.0951
20 10 -411.21
20 11 121.116
20 12 885.804
20 13 227.129
20 14 150.978
20 15 975.512
20 16 388.653
20 17 472.315
20 18 305.296
20 19 387.737
20 21 896.979
20 22 -402.172
20 23 316.899
20 24 164.108
20 25 191.588
21 1 -336.097
21 2 793.409
21 3 -870.071
21 4 853.56
21 5 758.844
21 6 987.97
21 7 -29.9651
21 8 498.697
21 9 28.6597
21 10 460.529
21 11 -6.20981
21 12 221.511
21 13 114.154
21 14 531.307
21 15 531.612
21 16 -831.965
21 17 -832.576
21 18 962.199
21 19 631.58
21 20 189.206
21 22 -343.547
21 23 308.532
21 24 -243.03
21 25 497.414
22 1 125.085
22 2 -622.259
22 3 -833.553
22 4 282.579
22 5 -888.453
22 6 228.29
22 7 664.19
22 8 -792.088
22 9 -592.336
22 10 146.887
22 11 406.24
22 12 -266.541
22 13 -161.627
22 14 -949.337
22 15 461.506
22 16 -803.874
22 17 763.18
22 18 -259.152
22 19 -203.58
22 20 -402.538
22 21 475.613
22 23 -555.024
22 24 -612.366
22 25 -981.153
23 1 697.105
23 2 99.376
23 3 -861.033
23 4 -380.248
23 5 341.753
23 6 -210.175
23 7 -702.746
23 8 139.253
23 9 -247.976
23 10 806.233
23 11 50.0334
23 12 -147.032
23 13 584.069
23 14 731.425
23 15 -5.23273
23 16 -84.4373
23 17 -470.445
23 18 19.3164
23 19 -831.782
23 20 -976.268
23 21 -925.643
23 22 485.811
23 24 -679.357
23 25 -652.61
24 1 -538.23
24 2 153.543
24 3 -878.682
24 4 -347.638
24 5 -937.734
24 6 896.491
24 7 990.962
24 8 -433.927
24 9 -663.724
24 10 306.334
24 11 -767.417
24 12 -84.3152
24 13 -431.851
24 14 235.74
24 15 176.199
24 16 -924.788
24 17 -430.385
24 18 -561.008
24 19 -16.2249
24 20 268.106
24 21 -465.987
24 22 762.814
24 23 846.171
24 25 -253.717
25 1 -770.226
25 2 308.593
25 3 -776.027
25 4 806.966
25 5 -277.044
25 6 -976.084
25 7 848.003
25 8 -443.331
25 9 -188.557
25 10 142.673
25 11 135.162
25 12 -611.023
25 13 366.18
25 14 914.567
25 15 746.814
25 16 86.2464
25 17 757.379
25 18 73.9108
25 19 937.345
25 20 502.055
25 21 561.474
25 22 -527.238
25 23 409.965
25 24 756.035
