50 2450
1
2
3
4
5
6
7
8
9
10
11
12
13
14
15
16
17
18
19
20
21
22
23
24
25
26
27
28
29
30
31
32
33
34
35
36
37
38
39
40
41
42
43
44
45
46
47
48
49
50
1 2 -470.445
1 3 825.469
1 4 232.992
1 5 -308.128
1 6 576.191
1 7 212.107
1 8 -773.523
1 9 -946.589
1 10 32.8123
1 11 -509.467
1 12 -390.752
1 13 -254.999
1 14 954.444
1 15 207.71
1 16 -376.096
1 17 -610.595
1 18 404.225
1 19 358.669
1 20 711.639
1 21 380.409
1 22 63.5293
1 23 -673.617
1 24 446.606
1 25 -186.787
1 26 172.84
1 27 801.225
1 28 -463.239
1 29 -751.173
1 30 3.19459
1 31 109.635
1 32 -434.721
1 33 233.053
1 34 -956.543
1 35 -586.351
1 36 -834.957
1 37 515.002
1 38 90.1548
1 39 -809.675
1 40 -680.701
1 41 907.727
1 42 421.751
1 43 -553.07
1 44 -534.322
1 45 -283.212
1 46 258.457
1 47 -896.513
1 48 -900.727
1 49 687.64
1 50 682.143
2 1 983.145
2 3 559.947
2 4 -609.435
2 5 207.343
2 6 837.438
2 7 -315.273
2 8 8.87387
2 9 197.023
2 10 -135.429
2 11 30.3086
2 12 -566.504
2 13 300.227
2 14 -864.392
2 15 -671.724
2 16 635.183
2 17 108.292
2 18 -620.488
2 19 -114.849
2 20 222.122
2 21 212.473
2 22 560.802
2 23 -405.347
2 24 147.131
2 25 850.507
2 26 687.09
2 27 -734.074
2 28 478.666
2 29 -670.075
2 30 287.891
2 31 944.184
2 32 -811.935
2 33 422.851
2 34 -4.80526
2 35 911.33
2 36 -110.635
2 37 899.605
2 38 -332.433
2 39 67.4376
2 40 -544.398
2 41 416.072
2 42 496.681
2 43 -637.709
2 44 472.56
2 45 -78.2084
2 46 528.07
2 47 976.916
2 48 441.66
2 49 -217.381
2 50 -958.008
3 1 933.192
3 2 692.708
3 4 807.698
3 5 227.19
3 6 -164.985
3 7 925.681
3 8 362.943
3 9 -424.278
3 10 -590.015
3 11 330.15
3 12 769.165
3 13 -538.719
3 14 -452.247
3 15 -783.172
3 16 155.253
3 17 -690.594
3 18 -476.186
3 19 98.0325
3 20 973.13
3 21 818.935
3 22 95.4676
3 23 150.062
3 24 342.974
3 25 -343.486
3 26 152.749
3 27 8.8128
3 28 -564.062
3 29 81.2389
3 30 619.916
3 31 820.584
3 32 65.056
3 33 -90.8494
3 34 -714.532
3 35 491.857
3 36 -323.089
3 37 283.861
3 38 -739.753
3 39 -919.475
3 40 942.047
3 41 -331.028
3 42 735.761
3 43 259.495
3 44 -889.979
3 45 515.795
3 46 742.6
3 47 785.103
3 48 -654.503
3 49 27.3773
3 50 596.405
4 1 926.78
4 2 -801.737
4 3 -524.063
4 5 -292.25
4 6 -225.809
4 7 428.591
4 8 -506.964
4 9 -543.726
4 10 375.096
4 11 -651.51
4 12 -220.007
4 13 -193.443
4 14 626.328
4 15 -110.025
4 16 675.182
4 17 360.44
4 18 873.651
4 19 561.901
4 20 -989.397
4 21 529.475
4 22 141.513
4 23 -494.323
4 24 -292.128
4 25 516.773
4 26 -58.1783
4 27 830.049
4 28 -472.949
4 29 -206.572
4 30 -410.599
4 31 398.668
4 32 436.835
4 33 761.531
4 34 -28.6216
4 35 286.059
4 36 -985.061
4 37 281.479
4 38 -300.8
4 39 60.7813
4 40 -658.655
4 41 768.31
4 42 589.809
4 43 102.368
4 44 -204.069
4 45 -476.857
4 46 401.721
4 47 -869.949
4 48 -778.714
4 49 8.93493
4 50 -222.084
5 1 -862.438
5 2 878.17
5 3 -264.159
5 4 -679.663
5 6 -87.1854
5 7 -378.416
5 8 466.209
5 9 -259.884
5 10 337.845
5 11 762.386
5 12 -593.802
5 13 -982.374
5 14 654.602
5 15 13.515
5 16 -909.399
5 17 -482.17
5 18 880.674
5 19 998.718
5 20 629.992
5 21 983.878
5 22 -434.538
5 23 -275.273
5 24 17.9729
5 25 359.463
5 26 77.2695
5 27 488.01
5 28 193.176
5 29 376.745
5 30 596.649
5 31 619.977
5 32 522.696
5 33 -165.535
5 34 -979.443
5 35 539.306
5 36 413.935
5 37 -479.483
5 38 957.131
5 39 527.337
5 40 734.112
5 41 705.227
5 42 -16.2249
5 43 672.678
5 44 -276.983
5 45 144.2
5 46 392.256
5 47 -578.535
5 48 -905.307
5 49 538.757
5 50 -435.087
6 1 -826.469
6 2 -996.237
6 3 372.043
6 4 206.488
6 5 353.478
6 7 -424.95
6 8 78.2466
6 9 -408.95
6 10 401.843
6 11 -323.517
6 12 468.957
6 13 35.194
6 14 -874.529
6 15 629.076
6 16 358.913
6 17 -237.045
6 18 838.965
6 19 -467.697
6 20 -669.403
6 21 369.539
6 22 728.494
6 23 -92.8647
6 24 573.81
6 25 54.6745
6 26 -101.719
6 27 323.372
6 28 -271.426
6 29 828.644
6 30 512.62
6 31 720.494
6 32 692.586
6 33 862.11
6 34 -520.46
6 35 -906.162
6 36 298.09
6 37 183.527
6 38 124.963
6 39 246.243
6 40 828.278
6 41 900.399
6 42 271.831
6 43 -728.028
6 44 283.067
6 45 132.169
6 46 185.542
6 47 -506.841
6 48 -646.503
6 49 854.232
6 50 807.271
7 1 -499.941
7 2 -972.359
7 3 820.706
7 4 -283.579
7 5 -989.275
7 6 -228.74
7 8 774.722
7 9 -732.73
7 10 223.709
7 11 220.778
7 12 116.536
7 13 323.982
7 14 350.425
7 15 326.669
7 16 -772.119
7 17 40.2626
7 18 26.156
7 19 882.75
7 20 635.366
7 21 -875.323
7 22 -726.379
7 23 377.416
7 24 196.168
7 25 -981.336
7 26 -284.006
7 27 -888.819
7 28 509.872
7 29 430.667
7 30 719.883
7 31 -489.315
7 32 -279.853
7 33 -337.868
7 34 162.276
7 35 576.924
7 36 -83.5824
7 37 171.802
7 38 -492.002
7 39 -588.916
7 40 304.624
7 41 -204.557
7 42 -121.017
7 43 -243.946
7 44 -652.121
7 45 -918.131
7 46 807.82
7 47 476.285
7 48 -939.505
7 49 -833.247
7 50 363.921
8 1 -67.1552
8 2 -363.272
8 3 627.244
8 4 340.348
8 5 -817.492
8 6 -390.202
8 7 -247.121
8 9 -819.202
8 10 -65.0789
8 11 -272.403
8 12 -319.364
8 13 347.677
8 14 208.504
8 15 -272.586
8 16 811.118
8 17 801.225
8 18 -371.882
8 19 202.458
8 20 -39.797
8 21 -702.135
8 22 -706.593
8 23 744.554
8 24 684.892
8 25 -818.897
8 26 159.161
8 27 552.497
8 28 201.542
8 29 -649.617
8 30 863.331
8 31 693.685
8 32 -640.091
8 33 108.536
8 34 945.955
8 35 202.336
8 36 -909.826
8 37 -436.919
8 38 389.202
8 39 -790.806
8 40 -230.45
8 41 -721.799
8 42 -580.123
8 43 -716.242
8 44 944.367
8 45 855.881
8 46 -488.094
8 47 177.726
8 48 -154.909
8 49 136.566
8 50 -477.712
9 1 -840.637
9 2 136.383
9 3 718.906
9 4 -93.6585
9 5 130.154
9 6 -675.571
9 7 -539.513
9 8 940.948
9 10 695.151
9 11 282.334
9 12 -323.089
9 13 -103.246
9 14 396.347
9 15 -693.952
9 16 699.853
9 17 -897.429
9 18 281.846
9 19 164.535
9 20 -500.796
9 21 -173.168
9 22 -1000.21
9 23 553.23
9 24 -944.085
9 25 -77.5978
9 26 -386.416
9 27 414.668
9 28 -841.675
9 29 175.649
9 30 310.609
9 31 546.879
9 32 327.036
9 33 -714.227
9 34 -792.149
9 35 942.108
9 36 544.314
9 37 424.622
9 38 436.53
9 39 -706.471
9 40 -516.551
9 41 -701.219
9 42 -320.463
9 43 -887.353
9 44 -79.3077
9 45 675.304
9 46 378.332
9 47 -119.918
9 48 -987.443
9 49 -724.12
9 50 763.852
10 1 683.975
10 2 -858.102
10 3 15.7745
10 4 925.437
10 5 -225.87
10 6 -999.901
10 7 -516.124
10 8 89.3609
10 9 -525.467
10 11 611.0
10 12 -360.585
10 13 -697.311
10 14 883.666
10 15 967.756
10 16 -366.691
10 17 -295.426
10 18 -194.725
10 19 -12.9272
10 20 711.089
10 21 -425.805
10 22 357.264
10 23 -545.253
10 24 121.421
10 25 348.47
10 26 -329.807
10 27 653.869
10 28 982.474
10 29 785.592
10 30 143.589
10 31 -636.976
10 32 23.2858
10 33 -527.055
10 34 671.518
10 35 -76.926
10 36 162.153
10 37 864.369
10 38 -707.937
10 39 -965.947
10 40 -164.802
10 41 -979.81
10 42 695.212
10 43 -998.985
10 44 32.6291
10 45 270.487
10 46 -989.825
10 47 -910.254
10 48 966.962
10 49 944.062
10 50 -656.029
11 1 698.082
11 2 -684.792
11 3 -606.687
11 4 467.186
11 5 -983.718
11 6 -19.2172
11 7 479.644
11 8 117.574
11 9 885.071
11 10 -710.319
11 12 -299.395
11 13 -654.32
11 14 -498.597
11 15 -410.66
11 16 -826.286
11 17 -662.869
11 18 -289.746
11 19 159.955
11 20 635.366
11 21 -846.499
11 22 519.337
11 23 393.538
11 24 -344.585
11 25 -168.222
11 26 559.825
11 27 170.703
11 28 264.686
11 29 -727.967
11 30 -834.286
11 31 -625.923
11 32 156.841
11 33 -637.77
11 34 763.608
11 35 -523.513
11 36 -319.669
11 37 -236.557
11 38 -751.783
11 39 -861.705
11 40 789.683
11 41 -194.481
11 42 60.8423
11 43 759.211
11 44 -854.499
11 45 925.131
11 46 617.351
11 47 -91.7044
11 48 -433.316
11 49 -919.902
11 50 810.813
12 1 591.092
12 2 -6.27088
12 3 -407.546
12 4 252.594
12 5 263.464
12 6 179.069
12 7 -169.443
12 8 -49.9952
12 9 -443.209
12 10 275.495
12 11 199.221
12 13 -897.857
12 14 634.511
12 15 -486.567
12 16 852.339
12 17 708.952
12 18 -880.88
12 19 159.283
12 20 575.031
12 21 667.915
12 22 -456.4
12 23 932.276
12 24 -727.173
12 25 66.3995
12 26 -764.913
12 27 -921.307
12 28 504.193
12 29 -664.457
12 30 600.496
12 31 -710.624
12 32 -514.353
12 33 -33.3238
12 34 724.158
12 35 633.167
12 36 -970.588
12 37 470.85
12 38 237.755
12 39 -286.754
12 40 824.003
12 41 276.35
12 42 382.851
12 43 -770.409
12 44 509.322
12 45 245.022
12 46 210.214
12 47 121.421
12 48 -8.53038
12 49 -504.155
12 50 857.346
13 1 491.552
13 2 -584.947
13 3 -772.18
13 4 832.858
13 5 -502.078
13 6 246.549
13 7 -777.249
13 8 -745.677
13 9 -603.878
13 10 -104.162
13 11 -277.838
13 12 973.68
13 14 -81.7504
13 15 -673.922
13 16 360.684
13 17 515.673
13 18 182.794
13 19 74.7657
13 20 847.27
13 21 796.767
13 22 319.158
13 23 130.52
13 24 -922.04
13 25 -474.231
13 26 -6.69836
13 27 -892.544
13 28 -624.641
13 29 -746.348
13 30 24.1408
13 31 148.047
13 32 526.055
13 33 -11.1563
13 34 276.105
13 35 988.825
13 36 322.883
13 37 328.318
13 38 17.3623
13 39 -361.44
13 40 290.578
13 41 38.6748
13 42 -68.743
13 43 -900.422
13 44 -722.776
13 45 22.9194
13 46 -34.2398
13 47 562.817
13 48 -389.775
13 49 610.023
13 50 211.374
14 1 -476.918
14 2 492.223
14 3 106.948
14 4 993.832
14 5 258.701
14 6 335.036
14 7 553.23
14 8 -632.885
14 9 -911.475
14 10 715.608
14 11 605.687
14 12 204.046
14 13 -124.437
14 15 -365.165
14 16 503.643
14 17 -950.741
14 18 183.649
14 19 781.012
14 20 -958.253
14 21 956.031
14 22 -448.888
14 23 465.171
14 24 -503.239
14 25 454.972
14 26 303.525
14 27 941.314
14 28 432.744
14 29 883.3
14 30 342.364
14 31 -227.519
14 32 338.455
14 33 223.954
14 34 359.829
14 35 -45.6594
14 36 24.324
14 37 -328.83
14 38 903.33
14 39 461.201
14 40 -283.212
14 41 92.2921
14 42 -266.968
14 43 -78.8191
14 44 791.393
14 45 580.588
14 46 916.643
14 47 -901.826
14 48 -924.788
14 49 287.037
14 50 78.8573
15 1 869.377
15 2 -326.692
15 3 -283.579
15 4 -727.601
15 5 -619.45
15 6 227.007
15 7 675.548
15 8 -119.673
15 9 -912.086
15 10 572.955
15 11 -942.803
15 12 -999.657
15 13 -659.571
15 14 -280.098
15 16 -336.829
15 17 -245.045
15 18 -780.607
15 19 91.0097
15 20 -774.745
15 21 945.955
15 22 309.998
15 23 -41.1404
15 24 845.316
15 25 508.834
15 26 88.9334
15 27 25.1178
15 28 10.0952
15 29 198.855
15 30 -371.088
15 31 -931.872
15 32 -601.435
15 33 -60.8042
15 34 292.533
15 35 608.435
15 36 642.022
15 37 -721.25
15 38 -890.285
15 39 -487.239
15 40 238.793
15 41 393.294
15 42 -465.987
15 43 501.628
15 44 -184.1
15 45 61.5141
15 46 -754.409
15 47 -538.597
15 48 -89.9334
15 49 -931.933
15 50 -288.403
16 1 -463.3
16 2 -533.955
16 3 456.621
16 4 -828.545
16 5 907.727
16 6 240.198
16 7 -929.49
16 8 -249.198
16 9 209.847
16 10 287.83
16 11 -160.039
16 12 376.5
16 13 532.711
16 14 -265.258
16 15 -783.05
16 17 193.115
16 18 -80.2237
16 19 -990.68
16 20 -766.501
16 21 162.153
16 22 -672.823
16 23 729.104
16 24 591.336
16 25 -470.262
16 26 -35.7665
16 27 -579.39
16 28 234.641
16 29 857.468
16 30 957.68
16 31 282.212
16 32 -153.627
16 33 291.128
16 34 -720.761
16 35 -859.445
16 36 693.197
16 37 775.638
16 38 878.292
16 39 830.599
16 40 -736.639
16 41 878.048
16 42 934.658
16 43 145.238
16 44 -856.148
16 45 928.124
16 46 205.084
16 47 581.871
16 48 -446.812
16 49 -850.102
16 50 -630.503
17 1 -963.26
17 2 -11.767
17 3 -517.04
17 4 330.272
17 5 -333.898
17 6 -589.099
17 7 -235.641
17 8 394.638
17 9 -927.291
17 10 -582.382
17 11 -20.1332
17 12 288.197
17 13 34.5222
17 14 -177.504
17 15 -744.638
17 16 -75.9489
17 18 -65.4453
17 19 99.7424
17 20 -715.021
17 21 874.628
17 22 -895.597
17 23 -882.956
17 24 876.949
17 25 -524.979
17 26 -748.608
17 27 603.488
17 28 -692.365
17 29 -488.765
17 30 -837.461
17 31 775.455
17 32 -818.836
17 33 407.095
17 34 -122.36
17 35 -419.515
17 36 458.27
17 37 -132.192
17 38 510.177
17 39 -21.8431
17 40 364.409
17 41 912.979
17 42 911.513
17 43 697.471
17 44 858.812
17 45 223.465
17 46 360.501
17 47 918.902
17 48 342.242
17 49 -237.289
17 50 469.995
18 1 309.387
18 2 -695.113
18 3 587.428
18 4 -508.857
18 5 851.056
18 6 593.29
18 7 797.805
18 8 214.733
18 9 -104.162
18 10 -20.1943
18 11 565.077
18 12 641.167
18 13 897.773
18 14 -258.907
18 15 167.283
18 16 -377.623
18 17 -763.02
18 19 908.765
18 20 -24.4079
18 21 655.884
18 22 -396.37
18 23 893.559
18 24 326.791
18 25 10.0342
18 26 345.234
18 27 173.573
18 28 219.801
18 29 390.119
18 30 -757.585
18 31 723.486
18 32 776.126
18 33 306.7
18 34 141.451
18 35 -124.498
18 36 395.309
18 37 354.699
18 38 869.193
18 39 309.876
18 40 -447.85
18 41 578.39
18 42 -110.88
18 43 -157.169
18 44 165.207
18 45 114.215
18 46 122.948
18 47 -278.754
18 48 -525.772
18 49 -699.754
18 50 -628.549
19 1 -907.322
19 2 -625.007
19 3 -563.634
19 4 -212.313
19 5 352.867
19 6 -868.117
19 7 383.584
19 8 -177.871
19 9 -956.543
19 10 421.263
19 11 -809.248
19 12 -908.361
19 13 -990.741
19 14 630.602
19 15 -57.6287
19 16 -396.92
19 17 474.514
19 18 -636.305
19 20 -3.52284
19 21 -234.847
19 22 -253.289
19 23 79.6511
19 24 824.492
19 25 637.564
19 26 234.946
19 27 -199.794
19 28 619.977
19 29 842.385
19 30 -548.551
19 31 840.553
19 32 878.598
19 33 -415.24
19 34 -290.662
19 35 -523.452
19 36 124.414
19 37 217.175
19 38 -818.53
19 39 -487.483
19 40 982.351
19 41 -223.61
19 42 -974.497
19 43 -341.287
19 44 -230.755
19 45 950.841
19 46 -749.951
19 47 681.899
19 48 813.011
19 49 -110.086
19 50 -983.657
20 1 -753.005
20 2 657.35
20 3 321.051
20 4 62.2469
20 5 406.118
20 6 372.165
20 7 -618.656
20 8 930.872
20 9 -354.478
20 10 -869.094
20 11 -368.157
20 12 699.609
20 13 462.911
20 14 -741.402
20 15 666.022
20 16 -108.498
20 17 377.416
20 18 -73.0177
20 19 766.478
20 21 -743.234
20 22 -661.831
20 23 -306.662
20 24 43.4381
20 25 113.238
20 26 -547.818
20 27 -932.971
20 28 -511.605
20 29 931.482
20 30 -28.072
20 31 -710.929
20 32 -616.702
20 33 -143.734
20 34 486.239
20 35 513.597
20 36 -496.46
20 37 -149.169
20 38 245.755
20 39 -421.408
20 40 552.07
20 41 142.001
20 42 564.283
20 43 561.23
20 44 -742.013
20 45 668.892
20 46 228.534
20 47 284.655
20 48 590.115
20 49 -789.279
20 50 861.682
21 1 -9.26319
21 2 -503.361
21 3 -107.582
21 4 167.772
21 5 -656.274
21 6 -354.295
21 7 737.043
21 8 8.14106
21 9 -34.1787
21 10 -434.049
21 11 975.146
21 12 -768.943
21 13 683.609
21 14 -346.051
21 15 -216.771
21 16 208.443
21 17 -319.914
21 18 470.178
21 19 -854.682
21 20 -999.901
21 22 -261.167
21 23 -235.885
21 24 519.765
21 25 105.605
21 26 -242.602
21 27 673.96
21 28 1.72897
21 29 -289.075
21 30 733.807
21 31 521.292
21 32 -322.601
21 33 401.111
21 34 -601.313
21 35 659.426
21 36 -160.711
21 37 -754.47
21 38 -303.364
21 39 794.813
21 40 -235.03
21 41 220.106
21 42 -718.074
21 43 229.267
21 44 -257.869
21 45 878.048
21 46 -759.05
21 47 -541.467
21 48 25.7896
21 49 230.427
21 50 210.152
22 1 562.695
22 2 -583.42
22 3 -239.793
22 4 -916.055
22 5 -176.894
22 6 -850.102
22 7 508.406
22 8 -492.552
22 9 -982.68
22 10 778.813
22 11 171.985
22 12 322.211
22 13 810.752
22 14 -262.693
22 15 -844.423
22 16 -827.751
22 17 689.899
22 18 -713.677
22 19 -494.017
22 20 -547.94
22 21 887.269
22 23 504.925
22 24 -330.54
22 25 -227.824
22 26 711.883
22 27 -968.268
22 28 -985.184
22 29 149.024
22 30 742.845
22 31 249.419
22 32 -945.184
22 33 92.4143
22 34 -688.334
22 35 -428.186
22 36 -698.838
22 37 784.981
22 38 720.799
22 39 -440.705
22 40 697.41
22 41 535.948
22 42 -381.531
22 43 515.918
22 44 559.947
22 45 -295.914
22 46 996.886
22 47 275.373
22 48 -26.3621
22 49 270.548
22 50 213.023
23 1 -139.093
23 2 -430.873
23 3 248.991
23 4 508.895
23 5 699.365
23 6 626.389
23 7 128.688
23 8 434.82
23 9 80.445
23 10 -563.146
23 11 -471.667
23 12 637.747
23 13 557.077
23 14 -125.719
23 15 -745.921
23 16 437.263
23 17 -43.5831
23 18 88.6281
23 19 946.871
23 20 -365.104
23 21 -290.846
23 22 285.266
23 24 -497.315
23 25 -8.71358
23 26 168.138
23 27 -489.743
23 28 471.522
23 29 -194.909
23 30 612.954
23 31 388.775
23 32 -412.065
23 33 41.0565
23 34 626.511
23 35 -256.831
23 36 662.358
23 37 -567.543
23 38 529.536
23 39 45.8197
23 40 982.168
23 41 -993.183
23 42 -440.156
23 43 -377.256
23 44 440.499
23 45 -536.765
23 46 -511.422
23 47 565.993
23 48 -439.057
23 49 -156.863
23 50 352.989
24 1 273.48
24 2 614.542
24 3 934.352
24 4 -0.286264
24 5 -427.698
24 6 -991.779
24 7 -161.81
24 8 127.772
24 9 -652.121
24 10 -848.453
24 11 -850.041
24 12 509.2
24 13 623.213
24 14 -40.6519
24 15 -826.835
24 16 83.8037
24 17 23.7133
24 18 205.145
24 19 620.038
24 20 614.359
24 21 -427.332
24 22 899.788
24 23 226.274
24 25 -418.171
24 26 740.768
24 27 882.018
24 28 728.494
24 29 23.5911
24 30 -304.769
24 31 815.087
24 32 -376.34
24 33 -18.6676
24 34 -305.013
24 35 -230.083
24 36 171.069
24 37 -732.364
24 38 -453.041
24 39 -410.599
24 40 -950.619
24 41 224.32
24 42 84.048
24 43 -787.752
24 44 133.085
24 45 160.993
24 46 -413.897
24 47 155.131
24 48 797.928
24 49 172.779
24 50 93.7577
25 1 -671.785
25 2 217.542
25 3 9.60668
25 4 -461.346
25 5 387.187
25 6 74.9489
25 7 -305.38
25 8 -355.944
25 9 -212.557
25 10 -874.529
25 11 -423.851
25 12 517.078
25 13 755.119
25 14 59.7431
25 15 -500.49
25 16 -119.124
25 17 -667.022
25 18 88.2006
25 19 789.622
25 20 -115.704
25 21 -280.403
25 22 -296.586
25 23 -275.579
25 24 -583.726
25 26 -943.413
25 27 -958.863
25 28 202.885
25 29 876.399
25 30 884.216
25 31 287.464
25 32 269.571
25 33 -676.548
25 34 -579.512
25 35 -438.873
25 36 209.664
25 37 963.421
25 38 -112.651
25 39 725.318
25 40 884.521
25 41 877.56
25 42 -969.733
25 43 539.612
25 44 0.324412
25 45 971.359
25 46 -941.948
25 47 -381.226
25 48 -997.214
25 49 44.9648
25 50 -839.415
26 1 614.847
26 2 275.8
26 3 947.299
26 4 -189.412
26 5 64.6896
26 6 -666.838
26 7 732.646
26 8 26.6445
26 9 -647.969
26 10 -293.716
26 11 776.92
26 12 791.882
26 13 -795.447
26 14 -812.485
26 15 772.646
26 16 807.943
26 17 -826.042
26 18 -855.476
26 19 -448.827
26 20 -219.03
26 21 535.459
26 22 -427.026
26 23 669.319
26 24 -578.962
26 25 38.2474
26 27 -414.263
26 28 -314.234
26 29 -659.449
26 30 957.986
26 31 24.6904
26 32 -911.353
26 33 47.4686
26 34 867.361
26 35 -122.788
26 36 -215.244
26 37 211.679
26 38 585.962
26 39 -807.355
26 40 -895.842
26 41 400.317
26 42 -271.426
26 43 181.145
26 44 260.289
26 45 461.812
26 46 -700.242
26 47 -820.729
26 48 -815.904
26 49 752.127
26 50 767.455
27 1 -815.782
27 2 -301.716
27 3 386.088
27 4 52.0486
27 5 -377.195
27 6 937.772
27 7 707.12
27 8 -120.223
27 9 -939.2
27 10 -21.9652
27 11 -846.377
27 12 918.902
27 13 -466.171
27 14 -397.408
27 15 -275.457
27 16 -851.14
27 17 181.573
27 18 136.322
27 19 -791.355
27 20 -93.2921
27 21 883.239
27 22 -705.311
27 23 -606.626
27 24 21.8202
27 25 -426.721
27 26 987.054
27 28 415.462
27 29 509.872
27 30 -66.3613
27 31 994.321
27 32 -546.047
27 33 -763.142
27 34 -865.858
27 35 485.811
27 36 -42.9114
27 37 9.30134
27 38 332.104
27 39 -713.372
27 40 -428.186
27 41 -491.208
27 42 -408.34
27 43 -149.535
27 44 -12.1944
27 45 532.894
27 46 -60.8042
27 47 -137.2
27 48 862.476
27 49 954.138
27 50 213.267
28 1 426.576
28 2 -973.275
28 3 856.064
28 4 -580.489
28 5 -247.915
28 6 -839.049
28 7 -730.165
28 8 268.106
28 9 -697.555
28 10 -889.674
28 11 958.596
28 12 576.619
28 13 320.868
28 14 53.2089
28 15 670.785
28 16 238.732
28 17 -318.387
28 18 688.067
28 19 -671.907
28 20 435.919
28 21 -989.886
28 22 -360.34
28 23 -442.049
28 24 781.134
28 25 -5.72127
28 26 -731.081
28 27 -982.191
28 29 -915.2
28 30 -166.512
28 31 -934.009
28 32 959.451
28 33 -565.588
28 34 -232.221
28 35 -172.314
28 36 447.522
28 37 -741.707
28 38 612.71
28 39 794.752
28 40 -300.189
28 41 -914.162
28 42 243.862
28 43 944.856
28 44 957.986
28 45 -328.646
28 46 973.741
28 47 624.618
28 48 339.738
28 49 177.787
28 50 -256.404
29 1 708.341
29 2 -882.102
29 3 107.742
29 4 -912.33
29 5 -530.047
29 6 -153.077
29 7 668.709
29 8 -212.252
29 9 363.493
29 10 -218.786
29 11 255.22
29 12 -833.553
29 13 882.995
29 14 -968.512
29 15 -254.083
29 16 -38.8199
29 17 -290.418
29 18 -115.582
29 19 291.678
29 20 -300.983
29 21 321.662
29 22 725.074
29 23 -712.639
29 24 -468.857
29 25 249.541
29 26 -993.183
29 27 -779.508
29 28 447.339
29 30 180.779
29 31 705.471
29 32 -929.917
29 33 -184.771
29 34 85.819
29 35 675.731
29 36 959.329
29 37 187.191
29 38 560.985
29 39 -617.435
29 40 -267.396
29 41 -703.357
29 42 572.405
29 43 415.034
29 44 168.871
29 45 -798.317
29 46 -208.099
29 47 227.129
29 48 -515.757
29 49 -506.231
29 50 710.173
30 1 557.627
30 2 -152.1
30 3 524.223
30 4 709.38
30 5 945.955
30 6 569.352
30 7 -424.828
30 8 -703.479
30 9 -205.412
30 10 663.64
30 11 -74.6665
30 12 673.472
30 13 -585.313
30 14 -526.872
30 15 -271.915
30 16 826.996
30 17 -516.857
30 18 37.3313
30 19 662.663
30 20 -654.075
30 21 360.806
30 22 890.017
30 23 -725.158
30 24 -865.064
30 25 699.975
30 26 984.55
30 27 966.596
30 28 214.488
30 29 786.019
30 31 -575.176
30 32 -458.476
30 33 802.447
30 34 43.4992
30 35 695.395
30 36 285.51
30 37 -139.276
30 38 150.856
30 39 -935.963
30 40 -527.238
30 41 295.464
30 42 194.092
30 43 875.728
30 44 278.792
30 45 990.229
30 46 -695.723
30 47 380.042
30 48 1.42363
30 49 873.59
30 50 -786.531
31 1 -171.031
31 2 556.711
31 3 -800.821
31 4 162.703
31 5 -508.551
31 6 -836.973
31 7 -769.982
31 8 604.282
31 9 296.319
31 10 -827.263
31 11 -493.651
31 12 137.116
31 13 780.645
31 14 -32.8963
31 15 -102.025
31 16 108.048
31 17 -963.199
31 18 -130.421
31 19 618.511
31 20 -683.51
31 21 -654.381
31 22 -991.535
31 23 -609.618
31 24 -733.097
31 25 170.764
31 26 65.1171
31 27 956.703
31 28 397.263
31 29 -779.325
31 30 -158.573
31 32 105.971
31 33 -274.48
31 34 257.541
31 35 -400.889
31 36 430.912
31 37 -641.74
31 38 -670.625
31 39 -910.376
31 40 -27.9499
31 41 283.739
31 42 -862.682
31 43 225.358
31 44 -36.9268
31 45 898.506
31 46 -800.76
31 47 -679.968
31 48 -153.077
31 49 703.945
31 50 517.2
32 1 -149.535
32 2 760.31
32 3 607.397
32 4 422.851
32 5 655.64
32 6 666.877
32 7 264.258
32 8 301.265
32 9 -470.079
32 10 -664.64
32 11 -97.4447
32 12 -134.391
32 13 -858.041
32 14 342.913
32 15 -935.413
32 16 683.548
32 17 -791.844
32 18 287.281
32 19 -294.265
32 20 632.068
32 21 -129.017
32 22 412.591
32 23 81.8496
32 24 -20.866
32 25 211.801
32 26 816.248
32 27 873.163
32 28 771.363
32 29 839.82
32 30 435.736
32 31 -29.7208
32 33 213.572
32 34 489.536
32 35 -998.252
32 36 -627.633
32 37 -258.846
32 38 -428.492
32 39 143.894
32 40 621.748
32 41 455.644
32 42 607.458
32 43 -171.153
32 44 219.435
32 45 620.16
32 46 486.056
32 47 -661.403
32 48 -534.2
32 49 -95.3074
32 50 489.292
33 1 954.444
33 2 149.512
33 3 63.1629
33 4 -990.802
33 5 -459.026
33 6 529.658
33 7 728.372
33 8 909.803
33 9 234.274
33 10 -947.688
33 11 18.8889
33 12 449.598
33 13 -612.61
33 14 235.984
33 15 644.343
33 16 -265.503
33 17 999.695
33 18 152.26
33 19 -814.194
33 20 -394.844
33 21 -219.091
33 22 -36.194
33 23 -740.303
33 24 917.009
33 25 -926.375
33 26 933.131
33 27 227.251
33 28 -859.812
33 29 787.912
33 30 -650.35
33 31 158.001
33 32 233.419
33 34 -446.568
33 35 821.866
33 36 727.456
33 37 697.41
33 38 285.937
33 39 344.745
33 40 729.959
33 41 -217.626
33 42 -675.266
33 43 -382.63
33 44 -94.1471
33 45 763.546
33 46 365.386
33 47 15.4081
33 48 -236.984
33 49 -777.615
33 50 -658.533
34 1 672.006
34 2 -921.246
34 3 -709.403
34 4 -526.078
34 5 103.223
34 6 779.546
34 7 -233.686
34 8 647.213
34 9 815.942
34 10 -131.215
34 11 -937.001
34 12 318.914
34 13 -674.594
34 14 -884.422
34 15 921.772
34 16 146.52
34 17 -958.802
34 18 164.046
34 19 -188.619
34 20 -489.376
34 21 433.293
34 22 766.905
34 23 -16.9577
34 24 133.085
34 25 -66.4224
34 26 -168.1
34 27 -919.414
34 28 967.634
34 29 11.5608
34 30 963.482
34 31 277.571
34 32 -441.194
34 33 -155.398
34 35 179.68
34 36 -149.352
34 37 -943.719
34 38 -961.367
34 39 514.269
34 40 152.566
34 41 -940.055
34 42 -171.764
34 43 -836.85
34 44 898.872
34 45 -499.758
34 46 189.878
34 47 -110.086
34 48 720.86
34 49 -270.388
34 50 -682.655
35 1 352.073
35 2 -81.1397
35 3 18.7057
35 4 -111.857
35 5 -941.459
35 6 350.547
35 7 -360.34
35 8 555.489
35 9 -365.775
35 10 -609.435
35 11 730.448
35 12 -886.071
35 13 -927.414
35 14 -90.1166
35 15 117.33
35 16 -227.824
35 17 -316.128
35 18 -806.256
35 19 299.922
35 20 959.146
35 21 -596.672
35 22 758.173
35 23 -234.663
35 24 -881.369
35 25 167.588
35 26 -23.1255
35 27 -161.932
35 28 926.414
35 29 -972.481
35 30 -514.414
35 31 238.854
35 32 -656.213
35 33 -293.777
35 34 -727.662
35 36 549.322
35 37 -9.32426
35 38 -735.478
35 39 -588.977
35 40 -235.03
35 41 -776.394
35 42 -412.065
35 43 368.073
35 44 -872.27
35 45 401.843
35 46 360.684
35 47 819.301
35 48 420.347
35 49 -257.014
35 50 -773.584
36 1 -81.5061
36 2 912.185
36 3 236.35
36 4 -175.55
36 5 -47.064
36 6 -850.285
36 7 -977.306
36 8 -626.167
36 9 318.242
36 10 775.027
36 11 705.899
36 12 516.345
36 13 760.31
36 14 546.146
36 15 3.37779
36 16 -919.963
36 17 814.294
36 18 -221.045
36 19 208.931
36 20 479.582
36 21 -620.122
36 22 -634.656
36 23 869.682
36 24 405.813
36 25 -625.496
36 26 -427.209
36 27 -862.132
36 28 530.207
36 29 -609.801
36 30 809.469
36 31 233.297
36 32 880.308
36 33 -691.815
36 34 538.818
36 35 -566.443
36 37 -409.561
36 38 -204.008
36 39 540.467
36 40 -936.757
36 41 -285.288
36 42 628.77
36 43 -309.96
36 44 888.002
36 45 -222.755
36 46 -227.458
36 47 461.506
36 48 -635.144
36 49 -235.396
36 50 170.825
37 1 323.799
37 2 198.489
37 3 -765.401
37 4 159.039
37 5 236.045
37 6 -392.584
37 7 -763.753
37 8 462.3
37 9 -586.474
37 10 777.653
37 11 723.792
37 12 -301.471
37 13 563.062
37 14 906.628
37 15 -848.209
37 16 -664.029
37 17 764.218
37 18 -699.204
37 19 -46.5755
37 20 32.8123
37 21 198.855
37 22 -49.0182
37 23 558.421
37 24 302.181
37 25 -97.2615
37 26 -982.191
37 27 -327.303
37 28 -558.749
37 29 732.83
37 30 687.334
37 31 -513.193
37 32 -340.86
37 33 735.272
37 34 -197.473
37 35 -498.17
37 36 -663.48
37 38 -892.544
37 39 743.638
37 40 -331.456
37 41 367.585
37 42 -62.8805
37 43 958.902
37 44 -479.789
37 45 -495.727
37 46 -102.391
37 47 613.32
37 48 991.451
37 49 661.869
37 50 -891.994
38 1 775.394
38 2 -398.324
38 3 96.2004
38 4 -673.922
38 5 -417.255
38 6 -289.93
38 7 -579.939
38 8 668.22
38 9 832.186
38 10 501.078
38 11 371.737
38 12 -955.993
38 13 413.752
38 14 413.324
38 15 283.067
38 16 -497.681
38 17 -948.238
38 18 688.8
38 19 190.977
38 20 -349.226
38 21 768.371
38 22 -273.441
38 23 516.284
38 24 367.279
38 25 -490.842
38 26 938.81
38 27 256.93
38 28 -32.4689
38 29 -608.03
38 30 -220.068
38 31 631.641
38 32 -969.428
38 33 980.519
38 34 662.724
38 35 -893.704
38 36 61.6362
38 37 -955.321
38 39 -585.619
38 40 752.921
38 41 -822.316
38 42 249.358
38 43 -2.8511
38 44 855.575
38 45 19.9882
38 46 177.298
38 47 -854.682
38 48 -267.579
38 49 -946.467
38 50 165.695
39 1 -361.012
39 2 -314.967
39 3 472.315
39 4 -639.48
39 5 -127.062
39 6 -979.687
39 7 -134.757
39 8 445.812
39 9 431.644
39 10 -908.788
39 11 864.064
39 12 470.483
39 13 -658.839
39 14 -719.967
39 15 -72.4681
39 16 -772.302
39 17 699.365
39 18 -127.246
39 19 -520.46
39 20 610.817
39 21 352.989
39 22 -245.045
39 23 564.344
39 24 -620.671
39 25 -665.251
39 26 872.735
39 27 -781.523
39 28 798.172
39 29 726.112
39 30 386.821
39 31 -246.205
39 32 -451.82
39 33 637.32
39 34 472.071
39 35 -884.788
39 36 -611.633
39 37 -993.0
39 38 682.51
39 40 -469.346
39 41 -30.6368
39 42 892.399
39 43 833.469
39 44 -385.439
39 45 260.411
39 46 -65.5675
39 47 -669.403
39 48 -869.033
39 49 -981.642
39 50 713.532
40 1 890.323
40 2 -405.958
40 3 -260.739
40 4 -357.104
40 5 572.283
40 6 -106.605
40 7 519.643
40 8 -874.896
40 9 90.5822
40 10 -861.583
40 11 282.701
40 12 631.274
40 13 -689.372
40 14 -95.4906
40 15 -206.206
40 16 -598.137
40 17 890.506
40 18 63.7125
40 19 906.139
40 20 467.919
40 21 988.153
40 22 400.683
40 23 471.277
40 24 649.839
40 25 -8.10291
40 26 187.435
40 27 363.737
40 28 255.892
40 29 192.626
40 30 -86.3304
40 31 39.3466
40 32 -856.697
40 33 341.142
40 34 -644.671
40 35 -920.696
40 36 842.201
40 37 34.8886
40 38 171.863
40 39 152.383
40 41 -583.359
40 42 -135.246
40 43 -785.493
40 44 -173.718
40 45 777.348
40 46 259.312
40 47 -254.51
40 48 -317.288
40 49 -908.116
40 50 967.207
41 1 735.883
41 2 -847.049
41 3 28.2933
41 4 112.689
41 5 -552.093
41 6 528.375
41 7 -529.192
41 8 767.577
41 9 -515.208
41 10 -431.667
41 11 -560.642
41 12 -37.5375
41 13 -517.345
41 14 163.985
41 15 -132.681
41 16 96.8111
41 17 652.526
41 18 467.43
41 19 -57.5676
41 20 -337.44
41 21 341.997
41 22 950.352
41 23 -305.196
41 24 -762.776
41 25 -180.435
41 26 -188.435
41 27 -483.575
41 28 -328.219
41 29 -545.864
41 30 183.71
41 31 303.036
41 32 416.378
41 33 -512.154
41 34 561.474
41 35 -98.1775
41 36 920.49
41 37 -414.507
41 38 906.261
41 39 561.657
41 40 -955.505
41 42 -651.083
41 43 -148.619
41 44 -942.558
41 45 -574.993
41 46 985.527
41 47 -545.619
41 48 198.0
41 49 -284.8
41 50 309.631
42 1 925.009
42 2 -623.969
42 3 -337.99
42 4 -716.364
42 5 -229.29
42 6 883.483
42 7 939.421
42 8 263.22
42 9 -191.977
42 10 -359.363
42 11 678.235
42 12 -854.804
42 13 452.041
42 14 -934.192
42 15 640.618
42 16 -384.279
42 17 746.02
42 18 738.631
42 19 960.489
42 20 -338.112
42 21 557.016
42 22 562.695
42 23 399.401
42 24 559.092
42 25 376.012
42 26 -880.575
42 27 53.27
42 28 -496.826
42 29 161.237
42 30 887.269
42 31 442.576
42 32 90.8265
42 33 662.541
42 34 12.1104
42 35 927.635
42 36 -183.916
42 37 -338.417
42 38 -658.411
42 39 -614.137
42 40 793.225
42 41 573.382
42 43 377.478
42 44 -907.689
42 45 872.002
42 46 -169.321
42 47 853.438
42 48 728.86
42 49 -649.434
42 50 511.338
43 1 -375.302
43 2 470.606
43 3 464.132
43 4 621.32
43 5 -446.446
43 6 90.8876
43 7 830.415
43 8 -507.574
43 9 72.323
43 10 6.00369
43 11 59.3157
43 12 720.738
43 13 123.192
43 14 -789.523
43 15 697.166
43 16 -922.223
43 17 -844.606
43 18 -961.245
43 19 694.113
43 20 -143.734
43 21 870.537
43 22 684.769
43 23 594.145
43 24 51.499
43 25 -608.641
43 26 -580.123
43 27 622.236
43 28 -148.803
43 29 570.817
43 30 -542.749
43 31 -137.627
43 32 -151.001
43 33 86.6739
43 34 376.623
43 35 715.731
43 36 426.576
43 37 -947.871
43 38 -931.688
43 39 816.92
43 40 741.013
43 41 799.821
43 42 130.765
43 44 -389.225
43 45 -243.396
43 46 -467.025
43 47 641.9
43 48 -234.48
43 49 758.478
43 50 551.52
44 1 267.617
44 2 609.84
44 3 -223.977
44 4 703.639
44 5 626.45
44 6 -211.397
44 7 -624.824
44 8 787.363
44 9 851.301
44 10 324.104
44 11 231.648
44 12 564.466
44 13 -708.548
44 14 -742.868
44 15 -61.1095
44 16 86.0022
44 17 291.189
44 18 -922.467
44 19 -512.521
44 20 13.515
44 21 -30.82
44 22 109.88
44 23 846.171
44 24 623.335
44 25 -38.026
44 26 -945.978
44 27 82.3381
44 28 181.206
44 29 -958.07
44 30 -127.062
44 31 -525.711
44 32 379.615
44 33 -431.728
44 34 193.97
44 35 -970.588
44 36 -485.407
44 37 691.609
44 38 -562.718
44 39 865.529
44 40 -896.819
44 41 -737.127
44 42 -157.657
44 43 877.804
44 45 616.984
44 46 383.401
44 47 580.832
44 48 -853.217
44 49 22.6751
44 50 514.635
45 1 151.161
45 2 -492.246
45 3 828.95
45 4 -884.605
45 5 -761.798
45 6 -278.632
45 7 -697.983
45 8 -278.082
45 9 -776.943
45 10 697.044
45 11 568.558
45 12 409.355
45 13 532.406
45 14 188.351
45 15 -741.341
45 16 586.512
45 17 14.7364
45 18 -586.168
45 19 -584.642
45 20 47.2853
45 21 -462.262
45 22 27.4384
45 23 -680.456
45 24 -777.004
45 25 980.092
45 26 -118.086
45 27 -51.8273
45 28 571.306
45 29 -186.725
45 30 -972.237
45 31 734.6
45 32 34.339
45 33 471.338
45 34 377.355
45 35 -673.128
45 36 520.253
45 37 -330.906
45 38 469.445
45 39 -966.192
45 40 320.746
45 41 889.285
45 42 787.18
45 43 633.961
45 44 425.049
45 46 193.725
45 47 -953.428
45 48 246.366
45 49 -348.005
45 50 577.718
46 1 913.162
46 2 -46.0258
46 3 -451.087
46 4 -975.657
46 5 -442.782
46 6 851.545
46 7 -15.3699
46 8 -525.101
46 9 -474.048
46 10 -783.905
46 11 -618.168
46 12 -124.498
46 13 323.921
46 14 -504.765
46 15 526.421
46 16 512.437
46 17 172.962
46 18 777.165
46 19 -119.734
46 20 -194.481
46 21 -623.175
46 22 453.262
46 23 -645.587
46 24 759.394
46 25 -273.014
46 26 -246.45
46 27 460.224
46 28 245.877
46 29 -613.832
46 30 835.179
46 31 -214.572
46 32 325.021
46 33 -303.303
46 34 115.864
46 35 -260.678
46 36 -229.167
46 37 -662.869
46 38 -449.927
46 39 -512.399
46 40 -994.099
46 41 278.365
46 42 517.078
46 43 30.9192
46 44 624.374
46 45 963.298
46 47 18.95
46 48 352.806
46 49 686.357
46 50 -840.148
47 1 -118.452
47 2 583.336
47 3 989.435
47 4 -78.3916
47 5 630.725
47 6 -891.323
47 7 -520.276
47 8 -920.757
47 9 742.784
47 10 -427.393
47 11 -986.405
47 12 -270.754
47 13 956.154
47 14 693.075
47 15 -362.844
47 16 125.696
47 17 324.532
47 18 848.491
47 19 586.451
47 20 437.507
47 21 -292.067
47 22 361.783
47 23 -812.301
47 24 794.263
47 25 -618.534
47 26 -581.1
47 27 853.56
47 28 62.1858
47 29 454.728
47 30 564.405
47 31 -658.655
47 32 -208.099
47 33 784.432
47 34 -298.235
47 35 -502.322
47 36 766.539
47 37 -924.91
47 38 556.344
47 39 -364.798
47 40 594.512
47 41 -148.864
47 42 509.2
47 43 -238.205
47 44 -213.839
47 45 978.077
47 46 768.249
47 48 833.286
47 49 745.715
47 50 440.682
48 1 792.92
48 2 -782.317
48 3 -886.254
48 4 52.4761
48 5 -78.4527
48 6 -427.759
48 7 -83.7656
48 8 782.111
48 9 136.444
48 10 295.036
48 11 -73.9948
48 12 -610.962
48 13 898.75
48 14 766.233
48 15 708.586
48 16 -937.062
48 17 -1.81295
48 18 549.383
48 19 -238.389
48 20 -264.648
48 21 -645.282
48 22 -254.022
48 23 207.527
48 24 769.531
48 25 -298.784
48 26 690.265
48 27 455.339
48 28 -293.41
48 29 -907.994
48 30 166.733
48 31 290.09
48 32 -237.595
48 33 -822.683
48 34 352.073
48 35 813.561
48 36 -251.213
48 37 171.497
48 38 -350.997
48 39 676.77
48 40 -876.3
48 41 459.552
48 42 -381.592
48 43 46.1861
48 44 -151.428
48 45 -219.58
48 46 -817.92
48 47 736.921
48 49 -263.06
48 50 -79.4909
49 1 296.258
49 2 -52.9875
49 3 994.809
49 4 -146.665
49 5 270.854
49 6 43.9266
49 7 622.847
49 8 -729.555
49 9 936.673
49 10 -178.848
49 11 386.943
49 12 -564.734
49 13 -168.466
49 14 -319.425
49 15 -974.191
49 16 -704.09
49 17 -390.202
49 18 166.428
49 19 400.744
49 20 -198.206
49 21 846.049
49 22 292.472
49 23 254.671
49 24 352.44
49 25 431.583
49 26 -898.834
49 27 -705.677
49 28 323.799
49 29 753.837
49 30 892.521
49 31 -740.974
49 32 -394.966
49 33 -169.749
49 34 -452.125
49 35 -326.326
49 36 -914.834
49 37 -395.088
49 38 415.95
49 39 -24.5301
49 40 -975.229
49 41 576.802
49 42 -842.713
49 43 699.12
49 44 253.816
49 45 -41.8122
49 46 26.6445
49 47 405.508
49 48 128.2
49 50 -447.728
50 1 994.138
50 2 47.835
50 3 191.588
50 4 526.666
50 5 170.031
50 6 -544.825
50 7 -533.101
50 8 -722.837
50 9 959.756
50 10 -372.798
50 11 328.013
50 12 -422.568
50 13 377.661
50 14 -477.59
50 15 876.521
50 16 -819.874
50 17 -21.5378
50 18 -967.169
50 19 774.478
50 20 82.8877
50 21 -177.687
50 22 829.866
50 23 460.713
50 24 624.313
50 25 925.498
50 26 761.898
50 27 691.304
50 28 614.603
50 29 624.435
50 30 -490.109
50 31 340.837
50 32 -323.15
50 33 302.487
50 34 -831.721
50 35 -594.229
50 36 -6.14875
50 37 -97.6279
50 38 -553.192
50 39 -857.064
50 40 -361.134
50 41 673.533
50 42 -816.271
50 43 281.113
50 44 -308.372
50 45 583.214
50 46 -143.795
50 47 -756.302
50 48 -687.235
50 49 -160.894
