50 2450
1
2
3
4
5
6
7
8
9
10
11
12
13
14
15
16
17
18
19
20
21
22
23
24
25
26
27
28
29
30
31
32
33
34
35
36
37
38
39
40
41
42
43
44
45
46
47
48
49
50
1 2 430.606
1 3 -868.422
1 4 633.289
1 5 -514.902
1 6 -656.029
1 7 74.5215
1 8 -704.395
1 9 -604.305
1 10 799.882
1 11 -512.887
1 12 -297.441
1 13 298.395
1 14 -450.537
1 15 -606.931
1 16 -67.4606
1 17 511.643
1 18 -35.9497
1 19 -296.281
1 20 195.802
1 21 572.283
1 22 -68.1323
1 23 -746.471
1 24 -522.169
1 25 48.0792
1 26 170.153
1 27 630.358
1 28 808.859
1 29 490.208
1 30 -880.147
1 31 228.717
1 32 832.736
1 33 -544.825
1 34 624.251
1 35 -17.7516
1 36 384.073
1 37 -453.407
1 38 560.985
1 39 191.588
1 40 -259.884
1 41 -603.634
1 42 -358.936
1 43 -100.498
1 44 -753.249
1 45 541.139
1 46 538.513
1 47 247.892
1 48 -997.031
1 49 -884.972
1 50 545.596
2 1 -752.028
2 3 291.617
2 4 315.86
2 5 -48.896
2 6 -586.779
2 7 441.11
2 8 553.963
2 9 -685.098
2 10 677.258
2 11 -186.054
2 12 -747.264
2 13 -165.84
2 14 45.5144
2 15 599.947
2 16 -782.073
2 17 -15.1867
2 18 420.347
2 19 102.246
2 20 -485.529
2 21 632.496
2 22 20.5988
2 23 216.137
2 24 -201.321
2 25 -209.687
2 26 854.842
2 27 -230.999
2 28 34.4612
2 29 -777.432
2 30 -334.448
2 31 -573.71
2 32 534.238
2 33 70.0635
2 34 -197.962
2 35 -160.344
2 36 260.655
2 37 -308.738
2 38 -562.901
2 39 729.288
2 40 329.784
2 41 911.696
2 42 586.756
2 43 -413.164
2 44 648.251
2 45 -147.52
2 46 351.707
2 47 -307.578
2 48 625.717
2 49 -450.537
2 50 836.278
3 1 117.635
3 2 -99.8874
3 4 -475.209
3 5 -837.522
3 6 -580.184
3 7 11.9272
3 8 518.299
3 9 38.9191
3 10 -292.617
3 11 962.627
3 12 555.001
3 13 295.342
3 14 758.478
3 15 -401.805
3 16 -456.583
3 17 -150.94
3 18 889.407
3 19 -238.755
3 20 588.099
3 21 520.559
3 22 257.846
3 23 -871.109
3 24 -802.836
3 25 -860.972
3 26 -715.326
3 27 701.502
3 28 595.0
3 29 388.531
3 30 -114.055
3 31 -148.131
3 32 292.899
3 33 -193.138
3 34 197.084
3 35 902.475
3 36 143.161
3 37 407.217
3 38 487.094
3 39 133.513
3 40 -967.962
3 41 -672.823
3 42 939.482
3 43 -805.95
3 44 421.751
3 45 -28.3773
3 46 992.122
3 47 -172.252
3 48 -91.0326
3 49 60.7813
3 50 925.253
4 1 -139.337
4 2 -987.687
4 3 -955.871
4 5 -620.061
4 6 -606.626
4 7 351.89
4 8 -696.09
4 9 -496.887
4 10 -873.308
4 11 417.843
4 12 585.474
4 13 -607.908
4 14 -239.244
4 15 -874.896
4 16 98.7653
4 17 -455.178
4 18 406.607
4 19 327.769
4 20 -271.182
4 21 988.458
4 22 948.337
4 23 480.193
4 24 782.783
4 25 777.714
4 26 289.785
4 27 -351.058
4 28 -282.113
4 29 558.604
4 30 -571.451
4 31 46.5525
4 32 -704.578
4 33 871.086
4 34 -711.784
4 35 276.716
4 36 580.466
4 37 887.697
4 38 251.312
4 39 488.498
4 40 236.656
4 41 274.762
4 42 -672.518
4 43 616.068
4 44 558.97
4 45 862.048
4 46 -97.6279
4 47 897.712
4 48 664.067
4 49 804.34
4 50 -12.8662
5 1 857.896
5 2 292.533
5 3 933.192
5 4 -72.7124
5 6 -56.3463
5 7 653.259
5 8 -25.9957
5 9 -507.086
5 10 0.751885
5 11 -255.365
5 12 327.036
5 13 -705.006
5 14 774.417
5 15 601.107
5 16 -913.124
5 17 462.667
5 18 626.938
5 19 -115.887
5 20 6.49223
5 21 -482.598
5 22 -340.738
5 23 -720.822
5 24 -931.383
5 25 392.805
5 26 -579.268
5 27 -887.292
5 28 -619.267
5 29 514.635
5 30 394.576
5 31 642.389
5 32 53.1478
5 33 905.834
5 34 -551.36
5 35 448.56
5 36 768.31
5 37 -768.76
5 38 445.079
5 39 -624.152
5 40 718.54
5 41 -261.839
5 42 177.176
5 43 -550.383
5 44 -396.798
5 45 -991.473
5 46 847.331
5 47 -790.989
5 48 -627.022
5 49 -513.07
5 50 -752.455
6 1 902.109
6 2 403.92
6 3 -303.548
6 4 -144.955
6 5 -35.8886
6 7 794.874
6 8 -902.254
6 9 2.88925
6 10 240.381
6 11 475.857
6 12 522.269
6 13 341.326
6 14 -638.87
6 15 810.202
6 16 109.941
6 17 756.157
6 18 -264.831
6 19 -622.503
6 20 -292.25
6 21 942.352
6 22 -423.606
6 23 636.404
6 24 -354.661
6 25 -183.855
6 26 -581.527
6 27 131.681
6 28 839.27
6 29 958.474
6 30 543.581
6 31 964.825
6 32 155.558
6 33 263.281
6 34 765.134
6 35 181.878
6 36 -21.1714
6 37 -998.069
6 38 8.44639
6 39 -204.191
6 40 -90.9716
6 41 468.529
6 42 -881.308
6 43 107.803
6 44 -462.079
6 45 -601.191
6 46 337.112
6 47 28.4765
6 48 236.961
6 49 369.6
6 50 879.941
7 1 84.2923
7 2 891.239
7 3 330.883
7 4 66.2774
7 5 792.187
7 6 -477.285
7 8 -506.353
7 9 -575.97
7 10 92.6585
7 11 -258.724
7 12 -262.51
7 13 211.252
7 14 533.994
7 15 -52.8654
7 16 732.707
7 17 -206.756
7 18 -118.757
7 19 242.946
7 20 966.779
7 21 -682.044
7 22 -143.856
7 23 977.527
7 24 -138.482
7 25 116.597
7 26 677.624
7 27 -137.016
7 28 167.588
7 29 -729.127
7 30 101.33
7 31 -390.141
7 32 818.935
7 33 -205.779
7 34 646.785
7 35 -998.13
7 36 -555.329
7 37 -155.398
7 38 -313.441
7 39 -634.106
7 40 723.73
7 41 427.309
7 42 105.116
7 43 -639.663
7 44 -246.327
7 45 9.42347
7 46 192.443
7 47 29.759
7 48 653.381
7 49 -505.498
7 50 480.621
8 1 -945.978
8 2 -451.514
8 3 -12.9883
8 4 195.679
8 5 141.451
8 6 164.84
8 7 787.057
8 9 -978.894
8 10 484.834
8 11 -817.614
8 12 54.4913
8 13 858.262
8 14 240.869
8 15 -430.751
8 16 -419.149
8 17 -739.203
8 18 952.978
8 19 -944.879
8 20 98.8874
8 21 -740.486
8 22 858.934
8 23 -44.8656
8 24 575.275
8 25 -775.355
8 26 28.2323
8 27 -488.46
8 28 -78.0252
8 29 -511.788
8 30 -742.196
8 31 960.734
8 32 564.161
8 33 -605.954
8 34 -332.86
8 35 489.903
8 36 295.464
8 37 -528.582
8 38 929.589
8 39 297.418
8 40 -128.894
8 41 415.95
8 42 -922.528
8 43 919.696
8 44 764.646
8 45 -435.087
8 46 -172.436
8 47 -974.375
8 48 528.375
8 49 563.001
8 50 338.394
9 1 -128.956
9 2 203.374
9 3 888.246
9 4 -630.137
9 5 577.901
9 6 -796.973
9 7 946.871
9 8 763.546
9 10 -545.742
9 11 120.322
9 12 -592.214
9 13 175.161
9 14 -473.621
9 15 883.422
9 16 476.651
9 17 22.1255
9 18 -534.078
9 19 711.761
9 20 -220.313
9 21 554.696
9 22 116.108
9 23 -701.097
9 24 572.283
9 25 6.00369
9 26 -211.763
9 27 -334.448
9 28 928.307
9 29 -243.213
9 30 530.024
9 31 111.712
9 32 -377.317
9 33 -556.123
9 34 537.719
9 35 -280.22
9 36 -616.03
9 37 -40.4076
9 38 916.765
9 39 835.85
9 40 -800.332
9 41 -728.517
9 42 -37.6596
9 43 963.604
9 44 374.668
9 45 -990.313
9 46 -838.316
9 47 -478.445
9 48 16.9958
9 49 747.791
9 50 93.2692
10 1 -108.986
10 2 652.953
10 3 -80.7733
10 4 415.645
10 5 187.802
10 6 -359.852
10 7 319.219
10 8 139.436
10 9 -788.912
10 11 -912.452
10 12 -898.101
10 13 359.279
10 14 995.725
10 15 -49.1403
10 16 -757.768
10 17 -362.05
10 18 398.668
10 19 -999.595
10 20 -628.061
10 21 234.518
10 22 -819.08
10 23 355.005
10 24 -51.4609
10 25 -647.175
10 26 997.374
10 27 248.503
10 28 -318.937
10 29 -385.806
10 30 738.203
10 31 744.554
10 32 -841.492
10 33 -77.1703
10 34 677.93
10 35 -940.177
10 36 -387.21
10 37 928.001
10 38 841.102
10 39 208.137
10 40 -245.35
10 41 258.945
10 42 41.7893
10 43 -374.936
10 44 625.534
10 45 -269.594
10 46 -970.649
10 47 -506.658
10 48 -607.114
10 49 -305.99
10 50 175.833
11 1 -573.649
11 2 41.3007
11 3 733.074
11 4 -861.216
11 5 -783.6
11 6 -125.292
11 7 -117.78
11 8 956.031
11 9 328.44
11 10 -207.061
11 12 -431.728
11 13 -24.2247
11 14 -176.649
11 15 -740.058
11 16 445.14
11 17 101.819
11 18 -589.71
11 19 -87.5518
11 20 321.723
11 21 750.234
11 22 -700.242
11 23 738.997
11 24 371.004
11 25 984.672
11 26 -443.514
11 27 774.539
11 28 798.294
11 29 -746.165
11 30 635.549
11 31 243.251
11 32 -836.362
11 33 -824.148
11 34 -212.252
11 35 87.3457
11 36 -450.965
11 37 794.874
11 38 -970.894
11 39 819.851
11 40 -257.564
11 41 -239.732
11 42 -650.472
11 43 638.48
11 44 647.274
11 45 -132.009
11 46 858.323
11 47 -257.747
11 48 -913.857
11 49 -618.595
11 50 -451.453
12 1 782.416
12 2 204.717
12 3 594.695
12 4 379.187
12 5 383.462
12 6 637.381
12 7 -946.772
12 8 -663.48
12 9 -314.784
12 10 652.77
12 11 -105.689
12 13 197.695
12 14 827.362
12 15 444.041
12 16 -287.975
12 17 648.984
12 18 -682.044
12 19 760.31
12 20 -580.306
12 21 -525.833
12 22 -761.31
12 23 -936.024
12 24 520.62
12 25 -513.62
12 26 -803.874
12 27 -590.565
12 28 234.518
12 29 -112.101
12 30 -16.4692
12 31 -787.691
12 32 -76.6207
12 33 757.928
12 34 -126.574
12 35 -879.353
12 36 241.175
12 37 -655.846
12 38 489.292
12 39 -843.873
12 40 -547.085
12 41 858.384
12 42 -817.675
12 43 -677.403
12 44 363.982
12 45 -560.398
12 46 867.361
12 47 -133.23
12 48 283.067
12 49 10.4006
12 50 -770.348
13 1 -622.626
13 2 -523.94
13 3 670.357
13 4 278.06
13 5 -84.1931
13 6 532.162
13 7 349.509
13 8 135.711
13 9 -645.77
13 10 82.216
13 11 -608.641
13 12 49.728
13 14 125.574
13 15 -680.395
13 16 -243.152
13 17 526.543
13 18 553.23
13 19 744.432
13 20 534.36
13 21 -456.522
13 22 -33.9955
13 23 -427.515
13 24 -550.932
13 25 777.775
13 26 -224.282
13 27 -736.822
13 28 59.0103
13 29 773.073
13 30 -295.914
13 31 -424.706
13 32 -688.334
13 33 -994.954
13 34 -646.93
13 35 611.672
13 36 -828.118
13 37 -232.77
13 38 302.181
13 39 -721.616
13 40 986.809
13 41 -189.596
13 42 916.948
13 43 -393.989
13 44 284.838
13 45 694.662
13 46 -935.841
13 47 -648.152
13 48 705.349
13 49 -232.954
13 50 920.002
14 1 345.173
14 2 722.937
14 3 723.059
14 4 -960.94
14 5 990.351
14 6 -121.75
14 7 -332.127
14 8 -85.2312
14 9 382.607
14 10 189.206
14 11 -358.814
14 12 164.535
14 13 464.682
14 15 -570.23
14 16 -484.796
14 17 -425.072
14 18 -339.578
14 19 -24.8965
14 20 226.58
14 21 165.94
14 22 432.683
14 23 -116.681
14 24 263.709
14 25 -532.429
14 26 188.901
14 27 -80.1015
14 28 -642.045
14 29 -792.943
14 30 -11.6448
14 31 -803.813
14 32 310.731
14 33 -422.385
14 34 473.415
14 35 -878.01
14 36 -111.49
14 37 288.991
14 38 -530.536
14 39 349.57
14 40 741.379
14 41 581.504
14 42 696.616
14 43 402.271
14 44 -742.684
14 45 -606.809
14 46 11.744
14 47 678.907
14 48 -682.533
14 49 -131.398
14 50 647.213
15 1 509.811
15 2 862.232
15 3 -612.61
15 4 -148.314
15 5 964.52
15 6 -775.6
15 7 -681.434
15 8 400.011
15 9 87.9563
15 10 170.153
15 11 -331.517
15 12 -616.152
15 13 264.869
15 14 558.604
15 16 822.721
15 17 -254.938
15 18 -616.702
15 19 -408.401
15 20 -437.347
15 21 965.619
15 22 504.925
15 23 570.207
15 24 -446.385
15 25 368.928
15 26 -293.044
15 27 93.8799
15 28 -525.345
15 29 -533.345
15 30 809.225
15 31 658.694
15 32 997.618
15 33 781.195
15 34 644.587
15 35 -432.828
15 36 -214.511
15 37 -417.072
15 38 -411.332
15 39 111.773
15 40 -282.907
15 41 -3.46178
15 42 -983.779
15 43 -54.5142
15 44 -499.819
15 45 -117.047
15 46 379.615
15 47 600.13
15 48 -115.215
15 49 -34.6062
15 50 -406.813
16 1 -930.345
16 2 648.678
16 3 -384.157
16 4 -576.581
16 5 -584.214
16 6 -451.209
16 7 751.272
16 8 -449.194
16 9 -690.899
16 10 429.812
16 11 267.19
16 12 -990.68
16 13 -530.23
16 14 661.442
16 15 460.407
16 17 685.746
16 18 925.314
16 19 -885.766
16 20 -139.581
16 21 556.711
16 22 29.3315
16 23 848.247
16 24 -76.2543
16 25 -628.488
16 26 188.168
16 27 -307.517
16 28 15.4692
16 29 -551.848
16 30 211.984
16 31 935.391
16 32 125.452
16 33 276.96
16 34 249.052
16 35 -731.02
16 36 -249.991
16 37 -376.523
16 38 -772.241
16 39 220.717
16 40 381.508
16 41 -181.962
16 42 752.127
16 43 216.198
16 44 36.5375
16 45 -91.8265
16 46 -626.778
16 47 -501.345
16 48 -729.86
16 49 -623.725
16 50 203.13
17 1 -932.482
17 2 -895.292
17 3 102.49
17 4 -230.144
17 5 -166.879
17 6 314.089
17 7 256.503
17 8 -911.78
17 9 -827.935
17 10 500.223
17 11 817.469
17 12 859.3
17 13 -921.063
17 14 404.592
17 15 396.347
17 16 -259.335
17 18 -912.941
17 19 -117.475
17 20 -941.398
17 21 -357.715
17 22 159.894
17 23 986.626
17 24 830.599
17 25 955.787
17 26 730.814
17 27 587.672
17 28 -432.461
17 29 -323.211
17 30 -914.284
17 31 -15.2478
17 32 -100.987
17 33 -641.679
17 34 -724.486
17 35 -73.9948
17 36 -99.8263
17 37 -186.298
17 38 733.868
17 39 487.033
17 40 -789.706
17 41 -474.537
17 42 805.072
17 43 242.274
17 44 -732.486
17 45 -307.578
17 46 363.005
17 47 169.115
17 48 -649.007
17 49 846.659
17 50 -298.113
18 1 716.341
18 2 -878.376
18 3 -17.3241
18 4 896.002
18 5 -521.437
18 6 -653.953
18 7 -858.163
18 8 -194.054
18 9 -80.8343
18 10 -510.261
18 11 -624.458
18 12 -63.8576
18 13 563.734
18 14 -128.711
18 15 -964.726
18 16 -694.258
18 17 -880.941
18 19 -939.749
18 20 328.379
18 21 546.451
18 22 950.108
18 23 213.084
18 24 -935.352
18 25 -608.824
18 26 335.524
18 27 -979.26
18 28 -447.789
18 29 -233.137
18 30 -26.4232
18 31 980.336
18 32 -447.423
18 33 649.778
18 34 -859.995
18 35 642.572
18 36 -740.364
18 37 894.475
18 38 -39.4916
18 39 563.917
18 40 -777.981
18 41 -786.47
18 42 219.068
18 43 614.236
18 44 -847.049
18 45 -500.796
18 46 154.459
18 47 -650.594
18 48 566.115
18 49 664.556
18 50 -330.723
19 1 132.352
19 2 -832.27
19 3 -794.042
19 4 -603.023
19 5 -321.502
19 6 -39.6748
19 7 -327.547
19 8 60.2927
19 9 -265.319
19 10 965.863
19 11 -788.974
19 12 -440.461
19 13 -443.698
19 14 536.314
19 15 -596.489
19 16 233.847
19 17 -113.444
19 18 173.329
19 20 -441.133
19 21 -280.342
19 22 116.108
19 23 -207.183
19 24 663.029
19 25 -138.91
19 26 -684.426
19 27 -620.122
19 28 164.413
19 29 -907.445
19 30 828.278
19 31 -32.1025
19 32 793.286
19 33 747.73
19 34 -899.811
19 35 -123.826
19 36 -413.591
19 37 712.555
19 38 461.079
19 39 -848.209
19 40 325.57
19 41 885.682
19 42 504.071
19 43 145.604
19 44 -447.117
19 45 -143.368
19 46 -206.328
19 47 -841.797
19 48 -623.419
19 49 -739.509
19 50 560.069
20 1 -891.872
20 2 -768.333
20 3 -767.661
20 4 75.6207
20 5 138.398
20 6 -201.87
20 7 -592.519
20 8 -590.26
20 9 114.399
20 10 -744.028
20 11 902.964
20 12 -763.692
20 13 -51.5219
20 14 -927.841
20 15 -288.22
20 16 -611.145
20 17 -317.837
20 18 -503.239
20 19 964.581
20 21 -150.085
20 22 269.388
20 23 -35.4612
20 24 466.209
20 25 -139.154
20 26 995.481
20 27 586.634
20 28 981.68
20 29 841.957
20 30 -529.436
20 31 -82.2389
20 32 -325.654
20 33 -196.191
20 34 139.864
20 35 -808.698
20 36 162.947
20 37 951.879
20 38 231.038
20 39 204.107
20 40 -391.729
20 41 147.803
20 42 -899.078
20 43 -961.673
20 44 293.204
20 45 -54.8806
20 46 -98.2997
20 47 821.683
20 48 109.696
20 49 -141.291
20 50 -496.399
21 1 -315.089
21 2 -590.077
21 3 -426.049
21 4 -372.859
21 5 -858.163
21 6 646.114
21 7 -223.732
21 8 -897.552
21 9 -957.337
21 10 237.45
21 11 287.281
21 12 210.58
21 13 313.173
21 14 -885.643
21 15 198.611
21 16 -972.481
21 17 -345.745
21 18 -639.053
21 19 -309.838
21 20 730.692
21 22 -599.176
21 23 -600.214
21 24 217.969
21 25 -225.625
21 26 712.738
21 27 -837.766
21 28 759.577
21 29 -90.9105
21 30 -706.227
21 31 -325.715
21 32 808.126
21 33 -54.0868
21 34 -164.253
21 35 495.826
21 36 -201.198
21 37 229.938
21 38 348.532
21 39 -544.948
21 40 -342.264
21 41 -253.778
21 42 593.229
21 43 116.963
21 44 155.619
21 45 803.301
21 46 -213.29
21 47 -590.87
21 48 -239.366
21 49 -778.348
21 50 -226.175
22 1 867.056
22 2 -323.578
22 3 984.245
22 4 848.43
22 5 -92.8647
22 6 -253.106
22 7 -746.165
22 8 415.339
22 9 597.26
22 10 -77.4756
22 11 740.158
22 12 -315.944
22 13 327.83
22 14 -28.1331
22 15 -699.387
22 16 572.222
22 17 -147.764
22 18 -873.247
22 19 -232.404
22 20 10.0342
22 21 -887.475
22 23 350.852
22 24 -110.574
22 25 -157.474
22 26 299.189
22 27 909.559
22 28 -639.541
22 29 -499.574
22 30 573.749
22 31 -54.8806
22 32 -141.963
22 33 -358.57
22 34 -95.2463
22 35 732.463
22 36 -974.802
22 37 -59.3996
22 38 442.026
22 39 299.311
22 40 348.959
22 41 -777.554
22 42 869.132
22 43 116.414
22 44 -150.024
22 45 -878.682
22 46 178.214
22 47 524.833
22 48 -451.209
22 49 -546.902
22 50 300.532
23 1 599.947
23 2 619.732
23 3 492.284
23 4 24.5072
23 5 137.543
23 6 184.382
23 7 336.868
23 8 -349.715
23 9 -552.52
23 10 684.892
23 11 554.207
23 12 809.958
23 13 -356.31
23 14 -240.221
23 15 286.365
23 16 890.017
23 17 -884.544
23 18 -421.652
23 19 12.599
23 20 503.704
23 21 876.094
23 22 -446.568
23 24 -851.751
23 25 -561.985
23 26 459.491
23 27 -616.152
23 28 675.06
23 29 -477.895
23 30 -923.811
23 31 357.631
23 32 978.26
23 33 -153.016
23 34 -305.99
23 35 -149.23
23 36 96.689
23 37 783.455
23 38 738.875
23 39 970.565
23 40 557.321
23 41 225.48
23 42 -891.506
23 43 262.06
23 44 -17.0798
23 45 508.101
23 46 -814.011
23 47 -561.558
23 48 -326.143
23 49 -578.413
23 50 -475.27
24 1 51.9265
24 2 334.975
24 3 -220.984
24 4 -84.4984
24 5 -948.482
24 6 -857.064
24 7 954.444
24 8 507.674
24 9 173.695
24 10 -651.938
24 11 844.583
24 12 -323.7
24 13 -919.169
24 14 580.344
24 15 -312.952
24 16 326.547
24 17 -785.065
24 18 -936.94
24 19 169.543
24 20 -689.006
24 21 273.785
24 22 -76.9871
24 23 -734.868
24 25 -332.616
24 26 268.289
24 27 762.386
24 28 246.121
24 29 340.104
24 30 -907.2
24 31 709.319
24 32 290.578
24 33 -906.956
24 34 543.154
24 35 115.803
24 36 143.406
24 37 -705.128
24 38 714.815
24 39 -905.429
24 40 -749.524
24 41 254.671
24 42 -262.755
24 43 85.7579
24 44 815.332
24 45 -190.267
24 46 763.485
24 47 633.228
24 48 203.191
24 49 849.652
24 50 -846.499
25 1 -430.141
25 2 -848.453
25 3 451.675
25 4 -190.695
25 5 792.187
25 6 -800.393
25 7 -664.457
25 8 -434.11
25 9 -197.412
25 10 789.5
25 11 309.143
25 12 610.084
25 13 -768.149
25 14 -529.131
25 15 -606.992
25 16 -163.947
25 17 501.75
25 18 -342.081
25 19 328.99
25 20 99.0706
25 21 -170.726
25 22 -648.213
25 23 131.742
25 24 282.212
25 26 -233.076
25 27 293.632
25 28 400.317
25 29 132.78
25 30 446.545
25 31 965.069
25 32 53.331
25 33 795.424
25 34 -269.228
25 35 886.842
25 36 191.405
25 37 979.726
25 38 457.781
25 39 -354.6
25 40 764.401
25 41 -294.082
25 42 -45.9037
25 43 -910.742
25 44 -264.464
25 45 -438.324
25 46 22.7362
25 47 127.711
25 48 433.904
25 49 -596.428
25 50 575.764
26 1 573.26
26 2 -232.526
26 3 451.614
26 4 -890.895
26 5 -532.185
26 6 -993.0
26 7 702.113
26 8 -790.195
26 9 326.486
26 10 -191.977
26 11 -392.523
26 12 267.983
26 13 729.349
26 14 -833.858
26 15 -45.5984
26 16 -401.927
26 17 716.28
26 18 1.24042
26 19 872.918
26 20 -848.087
26 21 -593.802
26 22 -961.367
26 23 926.291
26 24 2.88925
26 25 288.38
26 27 699.975
26 28 -789.462
26 29 797.073
26 30 611.427
26 31 661.686
26 32 -594.473
26 33 -641.618
26 34 -675.449
26 35 -199.489
26 36 705.044
26 37 -363.821
26 38 997.313
26 39 188.351
26 40 578.145
26 41 -829.767
26 42 147.375
26 43 -167.856
26 44 -707.326
26 45 -717.769
26 46 -559.237
26 47 -145.383
26 48 -864.819
26 49 -838.438
26 50 171.436
27 1 789.378
27 2 266.09
27 3 45.6365
27 4 474.636
27 5 -313.807
27 6 150.673
27 7 673.533
27 8 -288.098
27 9 718.234
27 10 505.964
27 11 208.015
27 12 460.224
27 13 961.1
27 14 689.472
27 15 -190.39
27 16 538.696
27 17 54.4302
27 18 -520.826
27 19 -952.635
27 20 523.917
27 21 -582.81
27 22 179.619
27 23 341.387
27 24 -822.683
27 25 -291.884
27 26 981.741
27 28 -387.027
27 29 233.358
27 30 220.656
27 31 -470.69
27 32 349.509
27 33 971.42
27 34 900.216
27 35 -376.157
27 36 -756.119
27 37 28.4155
27 38 668.281
27 39 993.771
27 40 626.877
27 41 876.888
27 42 745.409
27 43 82.3381
27 44 -152.344
27 45 400.622
27 46 653.564
27 47 788.767
27 48 824.919
27 49 -974.985
27 50 -407.424
28 1 -916.666
28 2 -80.2847
28 3 -178.481
28 4 876.827
28 5 463.522
28 6 -648.152
28 7 -973.825
28 8 109.635
28 9 152.199
28 10 319.708
28 11 -574.993
28 12 805.133
28 13 -985.855
28 14 -975.596
28 15 -980.115
28 16 116.231
28 17 -901.887
28 18 -207.366
28 19 435.614
28 20 384.012
28 21 -246.022
28 22 462.422
28 23 -516.307
28 24 -827.263
28 25 264.625
28 26 245.144
28 27 346.15
28 29 -501.773
28 30 -74.3001
28 31 -763.936
28 32 -214.389
28 33 917.803
28 34 -486.872
28 35 -234.847
28 36 -148.986
28 37 -816.82
28 38 -927.353
28 39 771.974
28 40 -509.895
28 41 -853.461
28 42 -26.6064
28 43 -601.069
28 44 524.833
28 45 585.596
28 46 156.841
28 47 991.573
28 48 413.324
28 49 -341.654
28 50 529.23
29 1 -327.242
29 2 -750.99
29 3 -328.707
29 4 -579.39
29 5 717.013
29 6 -575.542
29 7 -168.161
29 8 -937.001
29 9 866.445
29 10 -602.656
29 11 -306.967
29 12 -989.58
29 13 -183.428
29 14 6.06476
29 15 -33.0795
29 16 451.552
29 17 -965.459
29 18 760.493
29 19 -604.977
29 20 340.898
29 21 -895.842
29 22 552.986
29 23 369.05
29 24 -700.487
29 25 -212.679
29 26 225.969
29 27 978.199
29 28 209.481
29 30 -12.5608
29 31 -570.535
29 32 184.626
29 33 -558.26
29 34 -195.763
29 35 -788.18
29 36 -194.42
29 37 -331.211
29 38 -136.039
29 39 776.92
29 40 -11.6448
29 41 178.153
29 42 114.521
29 43 -155.947
29 44 -128.528
29 45 -358.997
29 46 -726.746
29 47 -939.444
29 48 118.185
29 49 -732.303
29 50 -883.14
30 1 -116.009
30 2 -995.382
30 3 -715.448
30 4 794.752
30 5 385.294
30 6 761.348
30 7 674.449
30 8 -643.755
30 9 411.736
30 10 -165.108
30 11 -887.048
30 12 -308.677
30 13 538.879
30 14 -210.725
30 15 -948.421
30 16 43.9266
30 17 253.144
30 18 499.185
30 19 861.499
30 20 316.227
30 21 -195.825
30 22 347.188
30 23 994.992
30 24 -668.548
30 25 -839.049
30 26 -895.048
30 27 101.147
30 28 253.449
30 29 512.986
30 31 184.932
30 32 -978.588
30 33 337.906
30 34 -254.266
30 35 -55.7356
30 36 -387.76
30 37 221.084
30 38 -653.892
30 39 747.119
30 40 326.242
30 41 917.315
30 42 151.467
30 43 -552.581
30 44 -503.055
30 45 -282.418
30 46 395.615
30 47 5.82049
30 48 261.205
30 49 -814.5
30 50 -511.788
31 1 -98.9714
31 2 47.4686
31 3 422.057
31 4 961.344
31 5 -950.436
31 6 586.634
31 7 797.256
31 8 13.1486
31 9 904.49
31 10 -637.587
31 11 -661.098
31 12 110.551
31 13 418.698
31 14 458.636
31 15 -40.5908
31 16 56.0791
31 17 581.687
31 18 -282.907
31 19 -297.685
31 20 -16.8356
31 21 187.008
31 22 173.329
31 23 215.771
31 24 -297.441
31 25 544.192
31 26 677.075
31 27 -381.653
31 28 -156.68
31 29 -196.13
31 30 -341.898
31 32 963.054
31 33 -777.554
31 34 599.885
31 35 966.535
31 36 468.102
31 37 886.659
31 38 -323.15
31 39 -285.166
31 40 -274.357
31 41 250.457
31 42 -786.225
31 43 -914.467
31 44 -948.116
31 45 -208.649
31 46 508.406
31 47 10.5838
31 48 183.283
31 49 -287.609
31 50 -277.655
32 1 681.227
32 2 -506.109
32 3 -971.443
32 4 380.164
32 5 -179.519
32 6 -61.8423
32 7 510.666
32 8 289.235
32 9 655.762
32 10 884.094
32 11 -86.5747
32 12 -408.523
32 13 -479.605
32 14 43.0106
32 15 948.337
32 16 -380.92
32 17 42.0335
32 18 678.785
32 19 408.194
32 20 -755.325
32 21 829.561
32 22 272.625
32 23 912.063
32 24 420.347
32 25 -382.325
32 26 -148.803
32 27 -320.097
32 28 -420.003
32 29 -200.954
32 30 147.192
32 31 801.164
32 33 611.672
32 34 272.563
32 35 -211.214
32 36 -594.718
32 37 61.6362
32 38 560.863
32 39 -293.288
32 40 -793.737
32 41 286.426
32 42 124.23
32 43 940.764
32 44 -176.344
32 45 -786.287
32 46 -187.703
32 47 34.339
32 48 -657.8
32 49 422.851
32 50 388.409
33 1 -785.432
33 2 541.749
33 3 208.809
33 4 65.056
33 5 -471.972
33 6 223.038
33 7 -656.64
33 8 -6.94263
33 9 131.925
33 10 88.5059
33 11 198.794
33 12 -368.096
33 13 -73.0788
33 14 593.962
33 15 929.65
33 16 948.825
33 17 717.502
33 18 221.755
33 19 -595.023
33 20 -627.145
33 21 81.9717
33 22 -388.737
33 23 576.313
33 24 461.629
33 25 -847.232
33 26 980.519
33 27 -46.0869
33 28 185.603
33 29 -519.299
33 30 273.907
33 31 909.925
33 32 -195.214
33 34 176.932
33 35 489.414
33 36 460.346
33 37 -754.104
33 38 -478.323
33 39 -402.233
33 40 -756.302
33 41 -66.2392
33 42 227.74
33 43 -484.246
33 44 365.142
33 45 -995.382
33 46 536.131
33 47 -448.522
33 48 794.874
33 49 -147.337
33 50 346.883
34 1 773.928
34 2 21.7591
34 3 926.475
34 4 561.108
34 5 732.463
34 6 -363.943
34 7 -267.151
34 8 825.042
34 9 976.062
34 10 531.734
34 11 -20.7439
34 12 -135.246
34 13 796.034
34 14 -583.054
34 15 780.279
34 16 -399.79
34 17 -358.997
34 18 -671.602
34 19 -115.765
34 20 -780.668
34 21 -362.356
34 22 -181.962
34 23 -150.39
34 24 409.843
34 25 650.083
34 26 -482.17
34 27 -899.139
34 28 -75.5215
34 29 -677.525
34 30 763.852
34 31 817.591
34 32 683.243
34 33 545.535
34 35 959.879
34 36 -426.416
34 37 -421.652
34 38 763.73
34 39 382.851
34 40 692.83
34 41 -806.133
34 42 -409.011
34 43 -896.208
34 44 220.656
34 45 -394.905
34 46 -850.53
34 47 721.288
34 48 488.682
34 49 -540.306
34 50 -424.889
35 1 -418.416
35 2 -822.744
35 3 525.872
35 4 131.07
35 5 -800.332
35 6 838.354
35 7 886.842
35 8 364.47
35 9 534.726
35 10 791.699
35 11 981.619
35 12 742.906
35 13 -170.298
35 14 360.806
35 15 -331.456
35 16 -792.393
35 17 704.433
35 18 -641.068
35 19 508.101
35 20 -913.002
35 21 168.26
35 22 781.012
35 23 -560.764
35 24 795.485
35 25 -732.669
35 26 -376.523
35 27 59.4378
35 28 766.172
35 29 32.7513
35 30 793.836
35 31 -333.043
35 32 56.6287
35 33 -576.458
35 34 12.7211
35 36 280.93
35 37 53.6364
35 38 -38.2703
35 39 683.487
35 40 -196.313
35 41 -278.632
35 42 -272.037
35 43 633.412
35 44 -468.919
35 45 -166.39
35 46 -575.665
35 47 -310.509
35 48 -816.026
35 49 621.259
35 50 -821.4
36 1 12.2936
36 2 -341.593
36 3 274.579
36 4 783.699
36 5 126.001
36 6 675.365
36 7 743.455
36 8 54.4302
36 9 590.847
36 10 -478.75
36 11 259.984
36 12 -997.763
36 13 245.205
36 14 70.9796
36 15 -962.833
36 16 497.292
36 17 963.604
36 18 264.197
36 19 -430.996
36 20 -888.086
36 21 -142.513
36 22 -755.02
36 23 -29.0491
36 24 850.873
36 25 872.857
36 26 338.516
36 27 -193.26
36 28 -583.664
36 29 698.754
36 30 -952.573
36 31 830.66
36 32 -254.938
36 33 950.902
36 34 278.609
36 35 81.5442
36 37 456.377
36 38 -455.911
36 39 -47.0029
36 40 -221.778
36 41 -65.3843
36 42 -789.89
36 43 -776.821
36 44 -563.817
36 45 -281.808
36 46 81.2389
36 47 458.27
36 48 658.999
36 49 -119.246
36 50 290.212
37 1 -808.698
37 2 28.9651
37 3 98.8263
37 4 -479.483
37 5 -768.211
37 6 550.054
37 7 -910.07
37 8 -558.016
37 9 -897.674
37 10 -940.665
37 11 112.017
37 12 -31.7971
37 13 -985.855
37 14 69.8803
37 15 -799.538
37 16 -721.921
37 17 552.741
37 18 -546.841
37 19 -147.948
37 20 539.49
37 21 263.403
37 22 431.889
37 23 816.492
37 24 -739.936
37 25 -665.312
37 26 -713.128
37 27 704.677
37 28 227.19
37 29 552.863
37 30 -753.188
37 31 92.4143
37 32 -57.6287
37 33 718.051
37 34 -28.7437
37 35 805.622
37 36 -480.216
37 38 -277.472
37 39 -918.192
37 40 -925.948
37 41 -36.6825
37 42 463.216
37 43 -822.255
37 44 254.365
37 45 768.737
37 46 777.836
37 47 761.531
37 48 -218.175
37 49 -211.03
37 50 -397.103
38 1 522.94
38 2 74.3993
38 3 -698.838
38 4 533.261
38 5 -578.901
38 6 43.9266
38 7 204.779
38 8 963.359
38 9 -8.65252
38 10 923.605
38 11 -704.822
38 12 16.1409
38 13 -681.861
38 14 -914.284
38 15 -444.003
38 16 -567.176
38 17 -878.132
38 18 -446.812
38 19 390.18
38 20 613.137
38 21 -619.694
38 22 867.3
38 23 -256.465
38 24 -5.477
38 25 935.268
38 26 -975.901
38 27 -945.306
38 28 -33.4459
38 29 -487.239
38 30 -838.744
38 31 962.688
38 32 -509.712
38 33 609.29
38 34 663.762
38 35 709.99
38 36 -373.226
38 37 -346.967
38 39 401.111
38 40 -805.401
38 41 151.467
38 42 916.093
38 43 -225.381
38 44 587.122
38 45 448.072
38 46 -425.072
38 47 254.671
38 48 455.644
38 49 867.422
38 50 395.859
39 1 -897.735
39 2 -647.602
39 3 -263.976
39 4 -556.062
39 5 -31.3696
39 6 -221.229
39 7 210.641
39 8 290.334
39 9 41.7893
39 10 -527.421
39 11 150.123
39 12 -878.56
39 13 451.186
39 14 965.741
39 15 -788.119
39 16 219.74
39 17 -403.027
39 18 329.662
39 19 347.615
39 20 220.534
39 21 107.315
39 22 -929.612
39 23 -117.475
39 24 614.42
39 25 -904.025
39 26 88.8113
39 27 -615.908
39 28 907.727
39 29 427.125
39 30 -349.043
39 31 -514.841
39 32 -107.643
39 33 650.266
39 34 318.181
39 35 864.186
39 36 -540.123
39 37 -681.373
39 38 752.493
39 40 562.085
39 41 392.439
39 42 -638.503
39 43 -647.419
39 44 833.652
39 45 571.978
39 46 198.244
39 47 -346.967
39 48 703.822
39 49 -950.925
39 50 -709.097
40 1 414.729
40 2 -566.138
40 3 403.92
40 4 821.133
40 5 359.34
40 6 75.9871
40 7 829.011
40 8 -837.217
40 9 476.895
40 10 299.983
40 11 392.683
40 12 -129.688
40 13 -158.024
40 14 692.708
40 15 901.559
40 16 -170.909
40 17 -117.047
40 18 -296.22
40 19 -197.168
40 20 -706.044
40 21 -966.558
40 22 -563.817
40 23 -423.851
40 24 -521.864
40 25 714.692
40 26 -541.467
40 27 -966.863
40 28 389.264
40 29 568.924
40 30 836.95
40 31 -19.034
40 32 599.031
40 33 -94.4524
40 34 -435.881
40 35 -328.769
40 36 -363.76
40 37 -726.318
40 38 -411.82
40 39 488.437
40 41 687.823
40 42 -887.231
40 43 606.114
40 44 -704.395
40 45 289.662
40 46 -585.863
40 47 829.499
40 48 -102.33
40 49 712.799
40 50 -667.999
41 1 -97.2615
41 2 -965.947
41 3 -291.578
41 4 682.876
41 5 160.321
41 6 -634.717
41 7 -677.586
41 8 263.831
41 9 -592.947
41 10 -133.291
41 11 447.278
41 12 941.986
41 13 -578.718
41 14 -916.666
41 15 810.446
41 16 431.4
41 17 -647.602
41 18 -320.891
41 19 -913.307
41 20 -282.54
41 21 214.366
41 22 -290.479
41 23 819.484
41 24 48.9342
41 25 -348.799
41 26 -930.162
41 27 826.935
41 28 442.331
41 29 -826.042
41 30 546.268
41 31 -191.306
41 32 638.541
41 33 -956.665
41 34 -95.5516
41 35 -186.787
41 36 -556.917
41 37 996.824
41 38 470.667
41 39 263.587
41 40 -605.282
41 42 -3.27857
41 43 617.778
41 44 -767.539
41 45 -310.937
41 46 -794.225
41 47 -384.89
41 48 -346.967
41 49 307.372
41 50 -648.701
42 1 270.731
42 2 -857.308
42 3 -721.311
42 4 685.991
42 5 -202.847
42 6 -855.049
42 7 21.3316
42 8 723.669
42 9 -644.61
42 10 60.9034
42 11 686.54
42 12 -55.4913
42 13 -303.242
42 14 65.2392
42 15 460.468
42 16 648.373
42 17 -650.533
42 18 297.601
42 19 750.051
42 20 -855.171
42 21 789.134
42 22 106.765
42 23 190.0
42 24 482.453
42 25 -981.031
42 26 -955.505
42 27 -583.481
42 28 -124.62
42 29 20.3546
42 30 -706.532
42 31 537.352
42 32 50.8273
42 33 -524.246
42 34 -788.424
42 35 -765.035
42 36 672.128
42 37 -757.768
42 38 -308.738
42 39 456.133
42 40 -954.894
42 41 -20.1943
42 43 9.66774
42 44 -404.798
42 45 293.632
42 46 -611.206
42 47 866.262
42 48 145.665
42 49 173.939
42 50 495.216
43 1 -712.944
43 2 -278.205
43 3 745.776
43 4 -594.351
43 5 -904.391
43 6 -582.932
43 7 56.7508
43 8 994.87
43 9 -381.042
43 10 416.988
43 11 51.8654
43 12 -68.8651
43 13 335.097
43 14 812.095
43 15 -122.727
43 16 -486.323
43 17 139.131
43 18 551.031
43 19 780.157
43 20 -275.212
43 21 920.002
43 22 -534.933
43 23 -220.252
43 24 958.169
43 25 127.589
43 26 306.212
43 27 312.502
43 28 849.102
43 29 32.507
43 30 -271.182
43 31 -983.107
43 32 652.404
43 33 347.371
43 34 -832.026
43 35 872.796
43 36 595.366
43 37 -87.2464
43 38 534.177
43 39 -149.474
43 40 651.243
43 41 128.811
43 42 669.38
43 44 -704.945
43 45 167.833
43 46 -183.122
43 47 -490.842
43 48 -804.24
43 49 790.477
43 50 207.099
44 1 -122.91
44 2 554.268
44 3 110.979
44 4 -270.571
44 5 -150.085
44 6 25.301
44 7 492.223
44 8 -693.769
44 9 -358.325
44 10 -970.466
44 11 489.292
44 12 -175.672
44 13 -67.4606
44 14 512.315
44 15 -679.846
44 16 478.544
44 17 -415.607
44 18 -460.98
44 19 -183.672
44 20 -324.616
44 21 -316.555
44 22 932.215
44 23 285.632
44 24 -815.782
44 25 -158.94
44 26 103.895
44 27 737.654
44 28 -782.378
44 29 -303.914
44 30 309.57
44 31 -102.452
44 32 -864.514
44 33 -446.324
44 34 476.59
44 35 454.972
44 36 -541.345
44 37 -902.864
44 38 818.935
44 39 973.375
44 40 -123.704
44 41 114.032
44 42 413.141
44 43 -88.7121
44 45 938.932
44 46 166.123
44 47 -71.1857
44 48 187.435
44 49 119.711
44 50 -846.804
45 1 -303.242
45 2 -281.991
45 3 -59.6439
45 4 -302.143
45 5 305.662
45 6 382.241
45 7 835.545
45 8 -712.334
45 9 -87.9792
45 10 834.996
45 11 453.812
45 12 -874.896
45 13 -543.36
45 14 -382.813
45 15 83.8037
45 16 -392.34
45 17 -33.7513
45 18 -1.81295
45 19 -117.414
45 20 -616.763
45 21 -866.896
45 22 978.443
45 23 -396.248
45 24 -78.8191
45 25 -635.633
45 26 -95.7959
45 27 509.078
45 28 526.788
45 29 476.529
45 30 -873.308
45 31 -852.789
45 32 -254.022
45 33 -766.989
45 34 135.65
45 35 701.38
45 36 96.2004
45 37 915.238
45 38 -388.248
45 39 566.298
45 40 52.2318
45 41 -907.75
45 42 842.446
45 43 -123.337
45 44 238.488
45 46 816.248
45 47 918.169
45 48 -354.661
45 49 -246.755
45 50 -619.572
46 1 -830.072
46 2 -787.386
46 3 -429.713
46 4 -117.902
46 5 -728.028
46 6 -306.174
46 7 950.291
46 8 -273.441
46 9 443.98
46 10 107.376
46 11 -201.443
46 12 -699.998
46 13 201.969
46 14 876.827
46 15 920.612
46 16 974.962
46 17 91.7425
46 18 388.775
46 19 -915.933
46 20 -360.279
46 21 834.568
46 22 -699.693
46 23 864.064
46 24 956.337
46 25 329.601
46 26 278.121
46 27 163.069
46 28 501.2
46 29 954.688
46 30 -145.993
46 31 -608.03
46 32 14.1867
46 33 -412.248
46 34 99.9866
46 35 -791.538
46 36 -86.7579
46 37 809.225
46 38 789.012
46 39 773.867
46 40 277.937
46 41 693.807
46 42 -256.892
46 43 -545.558
46 44 -515.696
46 45 -339.211
46 47 57.3004
46 48 -78.758
46 49 683.609
46 50 -203.214
47 1 -128.345
47 2 -442.965
47 3 -701.586
47 4 -905.613
47 5 -600.336
47 6 139.803
47 7 -251.152
47 8 54.186
47 9 885.743
47 10 715.731
47 11 564.833
47 12 -930.284
47 13 179.619
47 14 -386.172
47 15 98.5821
47 16 55.3463
47 17 -369.317
47 18 536.681
47 19 13.7593
47 20 727.761
47 21 967.756
47 22 653.686
47 23 734.662
47 24 -996.176
47 25 -136.711
47 26 -345.929
47 27 49.9723
47 28 -58.4226
47 29 879.697
47 30 -317.41
47 31 -939.994
47 32 649.533
47 33 456.865
47 34 -904.574
47 35 647.091
47 36 -372.065
47 37 662.602
47 38 -14.4539
47 39 657.533
47 40 -39.0641
47 41 -636.06
47 42 399.095
47 43 996.824
47 44 796.95
47 45 -470.628
47 46 -805.034
47 48 803.607
47 49 564.283
47 50 -669.709
48 1 478.666
48 2 908.032
48 3 355.86
48 4 -253.045
48 5 -462.018
48 6 -250.297
48 7 915.666
48 8 -648.396
48 9 -755.875
48 10 -45.1098
48 11 -332.005
48 12 969.283
48 13 825.53
48 14 -255.793
48 15 -766.379
48 16 -113.139
48 17 -30.5758
48 18 376.928
48 19 -144.833
48 20 323.494
48 21 193.725
48 22 -197.107
48 23 -818.164
48 24 -182.206
48 25 404.714
48 26 -276.678
48 27 -148.741
48 28 249.724
48 29 601.046
48 30 235.251
48 31 293.326
48 32 -838.682
48 33 647.946
48 34 -744.089
48 35 -791.538
48 36 82.7656
48 37 64.4453
48 38 916.46
48 39 -848.636
48 40 -469.468
48 41 -239.976
48 42 95.5898
48 43 -347.455
48 44 -610.473
48 45 -343.791
48 46 -689.922
48 47 -675.999
48 49 343.951
48 50 -866.041
49 1 -881.369
49 2 -615.175
49 3 -943.963
49 4 243.984
49 5 246.671
49 6 37.7588
49 7 787.119
49 8 611.0
49 9 611.183
49 10 140.597
49 11 122.215
49 12 -18.118
49 13 -561.558
49 14 -390.508
49 15 -476.247
49 16 -655.968
49 17 -341.043
49 18 990.107
49 19 366.363
49 20 555.856
49 21 761.714
49 22 -372.188
49 23 159.222
49 24 -577.008
49 25 -695.113
49 26 895.208
49 27 644.282
49 28 172.352
49 29 -728.333
49 30 -119.49
49 31 446.056
49 32 235.007
49 33 -558.627
49 34 14.2478
49 35 973.252
49 36 -696.639
49 37 -14.6371
49 38 34.8886
49 39 -751.6
49 40 -416.95
49 41 -539.635
49 42 -242.969
49 43 367.707
49 44 -822.194
49 45 396.164
49 46 67.6819
49 47 -745.554
49 48 -443.759
49 50 653.075
50 1 -412.248
50 2 427.37
50 3 -977.611
50 4 752.676
50 5 -555.573
50 6 -566.566
50 7 -856.758
50 8 355.249
50 9 581.565
50 10 670.357
50 11 55.8959
50 12 79.8343
50 13 -949.825
50 14 -751.234
50 15 -397.775
50 16 -150.268
50 17 -273.747
50 18 -379.943
50 19 228.351
50 20 -45.5984
50 21 -131.704
50 22 619.916
50 23 576.008
50 24 12.6601
50 25 982.718
50 26 -356.799
50 27 -283.456
50 28 26.2781
50 29 408.988
50 30 -371.027
50 31 959.634
50 32 711.578
50 33 -918.803
50 34 -467.575
50 35 -835.202
50 36 -707.693
50 37 891.056
50 38 -11.0342
50 39 518.666
50 40 -46.5144
50 41 86.8571
50 42 844.95
50 43 678.052
50 44 -878.56
50 45 170.214
50 46 247.709
50 47 256.136
50 48 786.874
50 49 693.319
