50 2450
1
2
3
4
5
6
7
8
9
10
11
12
13
14
15
16
17
18
19
20
21
22
23
24
25
26
27
28
29
30
31
32
33
34
35
36
37
38
39
40
41
42
43
44
45
46
47
48
49
50
1 2 -111.918
1 3 -706.654
1 4 -113.261
1 5 476.651
1 6 207.527
1 7 -304.83
1 8 646.663
1 9 175.283
1 10 -435.026
1 11 -901.216
1 12 -516.368
1 13 73.6665
1 14 -38.8199
1 15 -335.059
1 16 442.82
1 17 -525.65
1 18 188.29
1 19 -91.8265
1 20 296.074
1 21 99.9256
1 22 -44.2549
1 23 -922.406
1 24 -838.682
1 25 997.679
1 26 916.643
1 27 830.354
1 28 -762.959
1 29 -915.139
1 30 781.073
1 31 -373.226
1 32 -657.068
1 33 273.357
1 34 -287.731
1 35 310.425
1 36 -37.2321
1 37 -910.376
1 38 -815.294
1 39 274.701
1 40 465.842
1 41 -234.48
1 42 493.445
1 43 686.846
1 44 -798.073
1 45 696.8
1 46 -898.529
1 47 183.832
1 48 157.512
1 49 -763.63
1 50 25.9117
2 1 -508.368
2 3 848.797
2 4 751.455
2 5 420.835
2 6 397.202
2 7 -841.919
2 8 866.201
2 9 578.329
2 10 -489.682
2 11 -209.198
2 12 857.835
2 13 -489.437
2 14 266.212
2 15 30.675
2 16 -884.788
2 17 315.066
2 18 -418.232
2 19 -496.582
2 20 617.839
2 21 -504.338
2 22 632.129
2 23 -381.531
2 24 -649.617
2 25 -551.543
2 26 155.802
2 27 -620.061
2 28 -375.791
2 29 276.594
2 30 -246.388
2 31 -739.326
2 32 -797.034
2 33 136.81
2 34 -404.065
2 35 -180.497
2 36 204.534
2 37 303.464
2 38 -10.2403
2 39 751.883
2 40 692.036
2 41 129.543
2 42 -763.325
2 43 -938.1
2 44 909.498
2 45 101.635
2 46 -774.623
2 47 49.0563
2 48 -914.223
2 49 169.848
2 50 -813.889
3 1 -223.427
3 2 757.745
3 4 -456.583
3 5 -944.818
3 6 740.158
3 7 527.948
3 8 -859.995
3 9 881.956
3 10 -606.198
3 11 228.351
3 12 873.163
3 13 -289.563
3 14 -753.127
3 15 393.844
3 16 963.97
3 17 392.5
3 18 195.618
3 19 -998.191
3 20 -523.94
3 21 -261.35
3 22 -206.389
3 23 416.072
3 24 -752.516
3 25 477.873
3 26 -853.339
3 27 454.789
3 28 410.027
3 29 435.675
3 30 -889.674
3 31 548.039
3 32 -311.609
3 33 -611.267
3 34 -513.925
3 35 896.368
3 36 669.93
3 37 -978.222
3 38 901.254
3 39 -419.026
3 40 214.366
3 41 426.026
3 42 57.85
3 43 -434.293
3 44 -783.905
3 45 577.474
3 46 47.1632
3 47 514.208
3 48 887.086
3 49 239.404
3 50 399.584
4 1 -625.435
4 2 750.234
4 3 714.204
4 5 576.069
4 6 667.121
4 7 -452.247
4 8 -112.04
4 9 -422.507
4 10 396.042
4 11 -770.409
4 12 -988.909
4 13 -634.412
4 14 550.726
4 15 -779.997
4 16 642.45
4 17 775.088
4 18 106.826
4 19 -847.965
4 20 -805.279
4 21 -389.348
4 22 -516.857
4 23 -746.715
4 24 538.39
4 25 -377.256
4 26 383.34
4 27 571.367
4 28 64.0179
4 29 29.2704
4 30 -41.5679
4 31 224.015
4 32 -316.677
4 33 292.288
4 34 -760.944
4 35 -128.772
4 36 -828.179
4 37 -174.451
4 38 760.615
4 39 582.298
4 40 311.647
4 41 -675.815
4 42 -678.136
4 43 294.181
4 44 -741.829
4 45 -598.626
4 46 832.614
4 47 -948.482
4 48 -414.324
4 49 -779.02
4 50 -849.125
5 1 208.87
5 2 -574.932
5 3 817.347
5 4 -106.055
5 6 780.096
5 7 -844.972
5 8 -221.717
5 9 -887.537
5 10 -863.476
5 11 -931.505
5 12 -0.103061
5 13 -191.367
5 14 -769.615
5 15 -541.528
5 16 -828.423
5 17 201.237
5 18 -474.415
5 19 559.215
5 20 709.257
5 21 700.097
5 22 -160.466
5 23 779.302
5 24 795.668
5 25 -489.682
5 26 271.525
5 27 668.281
5 28 243.129
5 29 -181.901
5 30 -592.886
5 31 -952.451
5 32 -156.619
5 33 478.483
5 34 -7.85864
5 35 751.944
5 36 903.574
5 37 -840.27
5 38 -749.585
5 39 402.576
5 40 -349.532
5 41 -124.131
5 42 52.4761
5 43 -322.601
5 44 -797.828
5 45 -166.39
5 46 100.231
5 47 486.788
5 48 -225.137
5 49 -447.85
5 50 -664.396
6 1 -494.139
6 2 828.95
6 3 -824.271
6 4 748.585
6 5 508.651
6 7 -165.046
6 8 925.742
6 9 769.348
6 10 -81.0175
6 11 -647.969
6 12 621.626
6 13 448.56
6 14 43.6824
6 15 -904.88
6 16 223.893
6 17 -406.202
6 18 -600.641
6 19 691.67
6 20 316.654
6 21 -937.49
6 22 591.214
6 23 -196.496
6 24 480.56
6 25 -607.114
6 26 -837.705
6 27 -681.8
6 28 490.208
6 29 962.871
6 30 -124.375
6 31 274.396
6 32 273.235
6 33 -138.36
6 34 -166.451
6 35 225.175
6 36 -432.278
6 37 672.8
6 38 906.2
6 39 -273.563
6 40 -782.256
6 41 331.372
6 42 878.903
6 43 629.992
6 44 -958.741
6 45 273.907
6 46 -224.709
6 47 870.231
6 48 211.679
6 49 -957.398
6 50 783.821
7 1 -559.604
7 2 -915.261
7 3 550.054
7 4 220.595
7 5 238.976
7 6 421.813
7 8 172.474
7 9 -15.0646
7 10 466.758
7 11 922.078
7 12 -114.849
7 13 923.055
7 14 280.869
7 15 -969.672
7 16 601.046
7 17 549.138
7 18 -623.847
7 19 -59.0332
7 20 914.994
7 21 -435.942
7 22 -810.225
7 23 -271.548
7 24 440.255
7 25 600.679
7 26 412.469
7 27 -432.828
7 28 920.918
7 29 -366.753
7 30 495.887
7 31 -47.064
7 32 -694.624
7 33 -496.46
7 34 848.553
7 35 -124.07
7 36 -17.8737
7 37 -21.9042
7 38 395.492
7 39 883.3
7 40 340.898
7 41 -208.038
7 42 -797.95
7 43 960.611
7 44 874.628
7 45 -889.369
7 46 843.24
7 47 180.596
7 48 -12.0112
7 49 -153.566
7 50 -801.981
8 1 -951.78
8 2 714.631
8 3 264.869
8 4 383.706
8 5 -516.857
8 6 -485.407
8 7 -673.8
8 9 -525.284
8 10 -626.778
8 11 362.577
8 12 -805.095
8 13 740.707
8 14 646.907
8 15 285.998
8 16 -650.961
8 17 -952.696
8 18 -214.145
8 19 -431.606
8 20 738.814
8 21 -851.14
8 22 735.211
8 23 786.752
8 24 -580.672
8 25 520.437
8 26 -875.934
8 27 -128.04
8 28 112.75
8 29 446.423
8 30 -235.457
8 31 -604.183
8 32 -891.384
8 33 -956.604
8 34 332.288
8 35 -751.478
8 36 975.817
8 37 902.292
8 38 -803.447
8 39 913.162
8 40 486.483
8 41 -970.1
8 42 323.066
8 43 511.521
8 44 226.458
8 45 -191.794
8 46 -821.706
8 47 824.98
8 48 -704.029
8 49 611.916
8 50 600.13
9 1 -545.131
9 2 -436.919
9 3 815.393
9 4 535.765
9 5 -665.373
9 6 891.056
9 7 -149.352
9 8 621.748
9 10 759.638
9 11 -213.962
9 12 -986.222
9 13 -486.995
9 14 -865.308
9 15 906.75
9 16 703.7
9 17 -80.529
9 18 -366.997
9 19 -148.192
9 20 -222.389
9 21 -729.188
9 22 928.368
9 23 696.433
9 24 728.738
9 25 966.352
9 26 -784.21
9 27 679.273
9 28 -658.594
9 29 123.253
9 30 701.135
9 31 -492.185
9 32 549.016
9 33 790.111
9 34 -274.907
9 35 -297.868
9 36 -856.697
9 37 530.757
9 38 750.173
9 39 -584.947
9 40 -937.673
9 41 -655.48
9 42 -646.747
9 43 178.031
9 44 -92.0708
9 45 844.278
9 46 452.896
9 47 995.908
9 48 405.08
9 49 627.183
9 50 919.879
10 1 -762.776
10 2 -518.75
10 3 -204.801
10 4 792.859
10 5 -239.915
10 6 656.495
10 7 540.406
10 8 263.953
10 9 693.746
10 11 420.469
10 12 -259.09
10 13 631.091
10 14 -664.518
10 15 306.151
10 16 -484.918
10 17 400.073
10 18 592.802
10 19 -675.815
10 20 653.32
10 21 731.791
10 22 -608.458
10 23 462.85
10 24 -123.765
10 25 -589.832
10 26 -478.323
10 27 -74.4833
10 28 861.682
10 29 -466.598
10 30 321.54
10 31 814.355
10 32 -42.4839
10 33 97.1775
10 34 -336.891
10 35 -79.0634
10 36 546.574
10 37 676.098
10 38 670.785
10 39 -661.526
10 40 971.543
10 41 -622.076
10 42 597.565
10 43 -439.362
10 44 -18.8508
10 45 268.533
10 46 -682.289
10 47 -232.465
10 48 624.19
10 49 -562.657
10 50 -141.78
11 1 -16.1638
11 2 523.795
11 3 -81.9336
11 4 405.813
11 5 794.141
11 6 -515.391
11 7 623.152
11 8 239.648
11 9 -697.494
11 10 358.241
11 12 -499.574
11 13 -984.084
11 14 -966.863
11 15 102.551
11 16 93.8799
11 17 -152.833
11 18 441.415
11 19 988.947
11 20 -315.395
11 21 -394.294
11 22 -261.472
11 23 871.88
11 24 221.206
11 25 906.2
11 26 718.601
11 27 479.888
11 28 205.023
11 29 -819.507
11 30 -744.883
11 31 650.266
11 32 734.784
11 33 -688.578
11 34 -814.805
11 35 -550.077
11 36 -114.544
11 37 -770.959
11 38 -763.081
11 39 127.162
11 40 621.32
11 41 940.032
11 42 -286.876
11 43 -185.871
11 44 414.118
11 45 400.622
11 46 604.771
11 47 -59.8271
11 48 -225.992
11 49 695.517
11 50 -175.184
12 1 273.724
12 2 -136.162
12 3 -66.6667
12 4 -744.761
12 5 -458.72
12 6 391.706
12 7 321.54
12 8 -715.998
12 9 560.619
12 10 -30.82
12 11 -162.115
12 13 -471.422
12 14 816.126
12 15 123.803
12 16 952.917
12 17 431.583
12 18 428.896
12 19 -853.583
12 20 -176.161
12 21 -588.306
12 22 447.278
12 23 973.313
12 24 418.637
12 25 267.739
12 26 -603.084
12 27 -729.555
12 28 981.252
12 29 -495.849
12 30 -963.993
12 31 -59.766
12 32 -700.059
12 33 292.533
12 34 -759.295
12 35 195.191
12 36 207.038
12 37 -273.014
12 38 969.588
12 39 -574.26
12 40 -265.686
12 41 88.9334
12 42 -765.951
12 43 27.4995
12 44 -610.107
12 45 -215.733
12 46 -969.672
12 47 -623.664
12 48 967.756
12 49 660.342
12 50 142.123
13 1 -847.659
13 2 -663.358
13 3 -626.29
13 4 -223.977
13 5 -816.82
13 6 -340.127
13 7 -486.079
13 8 962.566
13 9 6.43117
13 10 452.346
13 11 149.146
13 12 -355.333
13 14 -668.304
13 15 943.94
13 16 -498.964
13 17 418.149
13 18 598.115
13 19 168.382
13 20 -572.184
13 21 -170.604
13 22 799.332
13 23 222.61
13 24 -601.374
13 25 -799.782
13 26 -216.526
13 27 -874.163
13 28 -343.791
13 29 -107.46
13 30 201.725
13 31 -269.35
13 32 248.136
13 33 961.344
13 34 291.678
13 35 104.139
13 36 -383.18
13 37 133.574
13 38 696.739
13 39 -164.314
13 40 -561.497
13 41 51.1937
13 42 -506.841
13 43 -303.242
13 44 -608.885
13 45 706.509
13 46 626.999
13 47 -907.567
13 48 547.184
13 49 18.3393
13 50 -71.1246
14 1 747.18
14 2 -929.612
14 3 -514.78
14 4 -78.3916
14 5 -949.886
14 6 919.574
14 7 845.621
14 8 -421.347
14 9 -478.018
14 10 -783.661
14 11 685.869
14 12 244.717
14 13 -195.031
14 15 -991.168
14 16 943.757
14 17 -111.368
14 18 -352.096
14 19 -928.452
14 20 225.847
14 21 891.849
14 22 304.685
14 23 -535.36
14 24 -105.445
14 25 -458.537
14 26 785.348
14 27 522.391
14 28 -151.306
14 29 439.095
14 30 -596.0
14 31 -38.1481
14 32 -55.8577
14 33 -17.0798
14 34 59.0103
14 35 -194.725
14 36 -12.5608
14 37 143.467
14 38 -328.646
14 39 -208.771
14 40 241.969
14 41 692.525
14 42 241.847
14 43 975.146
14 44 -618.473
14 45 -911.353
14 46 -60.4989
14 47 195.618
14 48 -165.23
14 49 207.588
14 50 679.884
15 1 -892.605
15 2 -553.497
15 3 -913.918
15 4 612.954
15 5 453.507
15 6 -590.504
15 7 899.422
15 8 974.046
15 9 -731.387
15 10 -611.572
15 11 -679.418
15 12 -279.06
15 13 -283.701
15 14 -215.305
15 16 -508.551
15 17 -591.176
15 18 -781.401
15 19 73.0558
15 20 751.211
15 21 -274.785
15 22 595.733
15 23 -848.636
15 24 -660.671
15 25 135.772
15 26 -123.154
15 27 641.595
15 28 256.32
15 29 -929.246
15 30 495.704
15 31 -931.749
15 32 448.865
15 33 -904.147
15 34 -469.712
15 35 -121.811
15 36 537.536
15 37 494.361
15 38 702.662
15 39 -798.683
15 40 -750.196
15 41 707.914
15 42 -202.481
15 43 329.54
15 44 -237.473
15 45 73.9108
15 46 -782.134
15 47 817.53
15 48 124.841
15 49 -711.479
15 50 -663.663
16 1 -832.82
16 2 968.489
16 3 -960.756
16 4 -652.06
16 5 -976.695
16 6 675.609
16 7 -757.646
16 8 -692.609
16 9 -189.168
16 10 -796.179
16 11 324.837
16 12 35.6214
16 13 -234.541
16 14 750.722
16 15 -16.1028
16 17 584.13
16 18 289.357
16 19 436.53
16 20 -129.872
16 21 -52.3158
16 22 -437.347
16 23 -782.439
16 24 -380.92
16 25 711.517
16 26 361.844
16 27 191.222
16 28 681.35
16 29 -687.662
16 30 5.39302
16 31 489.231
16 32 -622.748
16 33 621.137
16 34 -616.336
16 35 -43.461
16 36 -370.417
16 37 -495.605
16 38 994.626
16 39 790.66
16 40 789.5
16 41 -911.414
16 42 925.925
16 43 -670.93
16 44 -988.603
16 45 380.103
16 46 733.746
16 47 188.229
16 48 -384.951
16 49 949.253
16 50 136.139
17 1 -85.903
17 2 850.262
17 3 -637.343
17 4 473.476
17 5 362.516
17 6 528.803
17 7 -950.497
17 8 -136.1
17 9 971.787
17 10 -51.8273
17 11 282.518
17 12 1.60683
17 13 128.872
17 14 542.055
17 15 -28.8048
17 16 -477.834
17 18 816.065
17 19 -301.96
17 20 -43.5221
17 21 -113.628
17 22 713.776
17 23 -812.301
17 24 -520.276
17 25 707.425
17 26 -34.9726
17 27 632.74
17 28 530.207
17 29 468.041
17 30 775.821
17 31 -549.467
17 32 -256.098
17 33 -437.224
17 34 38.6138
17 35 -270.693
17 36 -441.377
17 37 -399.912
17 38 -819.568
17 39 -557.65
17 40 292.41
17 41 -97.7501
17 42 405.385
17 43 468.957
17 44 -152.65
17 45 -855.415
17 46 -474.109
17 47 836.095
17 48 725.807
17 49 -929.795
17 50 582.176
18 1 -365.226
18 2 -967.046
18 3 212.046
18 4 411.248
18 5 41.0565
18 6 -823.049
18 7 565.688
18 8 382.424
18 9 873.59
18 10 925.009
18 11 -848.514
18 12 -537.62
18 13 138.642
18 14 526.116
18 15 -598.809
18 16 -185.016
18 17 993.405
18 19 584.008
18 20 299.189
18 21 -891.811
18 22 -443.82
18 23 353.6
18 24 230.06
18 25 733.135
18 26 -977.184
18 27 -834.713
18 28 -537.742
18 29 100.475
18 30 -499.269
18 31 658.632
18 32 204.29
18 33 229.45
18 34 17.9119
18 35 502.971
18 36 169.543
18 37 787.424
18 38 136.383
18 39 -684.853
18 40 597.931
18 41 -210.725
18 42 -391.485
18 43 -560.031
18 44 656.739
18 45 138.337
18 46 -486.384
18 47 -712.517
18 48 -829.828
18 49 186.519
18 50 -688.823
19 1 -76.6207
19 2 -388.37
19 3 518.421
19 4 -748.119
19 5 -413.775
19 6 -712.456
19 7 131.131
19 8 580.649
19 9 832.797
19 10 668.831
19 11 208.748
19 12 967.512
19 13 -17.8737
19 14 -214.511
19 15 669.991
19 16 -388.187
19 17 -431.545
19 18 -355.028
19 20 -317.532
19 21 -550.199
19 22 -534.139
19 23 -411.82
19 24 -667.754
19 25 901.559
19 26 -609.313
19 27 539.551
19 28 -372.493
19 29 600.008
19 30 461.384
19 31 -923.627
19 32 33.0566
19 33 -455.972
19 34 501.506
19 35 269.022
19 36 719.883
19 37 99.9866
19 38 782.416
19 39 204.656
19 40 715.364
19 41 295.586
19 42 880.552
19 43 164.84
19 44 -855.293
19 45 850.812
19 46 -653.343
19 47 -635.083
19 48 752.371
19 49 -630.32
19 50 874.018
20 1 212.901
20 2 -123.398
20 3 -854.499
20 4 -361.623
20 5 -990.619
20 6 95.3455
20 7 -1000.82
20 8 -471.911
20 9 46.2472
20 10 -305.868
20 11 -393.622
20 12 914.872
20 13 14.3699
20 14 172.84
20 15 737.898
20 16 678.418
20 17 687.823
20 18 -39.7359
20 19 857.163
20 21 -832.454
20 22 796.279
20 23 537.047
20 24 -488.338
20 25 779.607
20 26 -959.902
20 27 -858.468
20 28 -44.8045
20 29 -159.917
20 30 -819.507
20 31 -737.494
20 32 432.194
20 33 497.17
20 34 -866.835
20 35 -915.078
20 36 -425.255
20 37 279.708
20 38 -978.649
20 39 -901.948
20 40 341.936
20 41 41.1175
20 42 110.368
20 43 -961.795
20 44 -67.6438
20 45 -46.2701
20 46 -435.698
20 47 -639.358
20 48 125.208
20 49 252.35
20 50 973.13
21 1 -574.81
21 2 -532.734
21 3 410.271
21 4 -434.965
21 5 -414.141
21 6 -239.549
21 7 -563.024
21 8 73.0558
21 9 -631.847
21 10 273.48
21 11 987.176
21 12 158.001
21 13 927.085
21 14 125.635
21 15 -44.1938
21 16 -644.06
21 17 -37.2932
21 18 275.8
21 19 273.541
21 20 471.644
21 22 -699.632
21 23 -448.644
21 24 556.1
21 25 -648.274
21 26 -701.342
21 27 162.703
21 28 -677.464
21 29 -3.46178
21 30 290.701
21 31 -871.903
21 32 459.797
21 33 917.376
21 34 -762.653
21 35 -935.841
21 36 611.427
21 37 -296.586
21 38 -209.931
21 39 760.005
21 40 -800.821
21 41 -273.869
21 42 -68.3766
21 43 984.428
21 44 749.135
21 45 -91.0326
21 46 404.836
21 47 -34.0566
21 48 205.023
21 49 -483.147
21 50 99.9256
22 1 -25.8736
22 2 942.352
22 3 893.62
22 4 -402.233
22 5 -558.993
22 6 136.505
22 7 79.8343
22 8 -949.398
22 9 70.2467
22 10 -797.523
22 11 267.006
22 12 -408.401
22 13 -643.755
22 14 -26.6064
22 15 0.202277
22 16 457.293
22 17 -32.1025
22 18 311.891
22 19 -911.17
22 20 -986.649
22 21 415.095
22 23 -151.184
22 24 152.322
22 25 -124.192
22 26 453.812
22 27 -473.865
22 28 734.967
22 29 296.319
22 30 -344.402
22 31 -363.943
22 32 -60.2546
22 33 25.7285
22 34 584.252
22 35 44.232
22 36 509.567
22 37 824.125
22 38 -990.191
22 39 -715.937
22 40 289.052
22 41 -192.099
22 42 615.885
22 43 212.656
22 44 19.5607
22 45 -167.367
22 46 605.992
22 47 905.04
22 48 -610.29
22 49 -919.536
22 50 -315.578
23 1 490.269
23 2 288.441
23 3 -941.154
23 4 819.912
23 5 605.687
23 6 -810.164
23 7 -817.37
23 8 236.778
23 9 157.146
23 10 -377.867
23 11 -862.682
23 12 -915.383
23 13 79.4679
23 14 635.854
23 15 -793.92
23 16 -794.164
23 17 -222.877
23 18 229.633
23 19 -251.274
23 20 -554.535
23 21 -61.2317
23 22 -337.623
23 24 20.4156
23 25 -53.354
23 26 -592.397
23 27 -414.019
23 28 -481.682
23 29 860.094
23 30 801.897
23 31 -58.6668
23 32 44.5984
23 33 910.048
23 34 561.657
23 35 554.329
23 36 -333.776
23 37 254.488
23 38 126.795
23 39 367.462
23 40 773.134
23 41 -925.826
23 42 -84.4984
23 43 247.709
23 44 -596.733
23 45 331.799
23 46 801.897
23 47 -697.25
23 48 46.064
23 49 129.604
23 50 775.577
24 1 -349.165
24 2 -918.437
24 3 122.154
24 4 -524.307
24 5 -428.797
24 6 -923.994
24 7 -601.374
24 8 282.762
24 9 -14.2707
24 10 -908.177
24 11 290.151
24 12 650.266
24 13 196.84
24 14 -779.997
24 15 -475.086
24 16 379.065
24 17 -172.68
24 18 512.498
24 19 -812.79
24 20 508.467
24 21 898.017
24 22 501.994
24 23 897.468
24 25 514.574
24 26 973.619
24 27 -494.994
24 28 -339.761
24 29 507.368
24 30 -671.663
24 31 -114.36
24 32 830.293
24 33 109.941
24 34 -942.131
24 35 -531.024
24 36 601.656
24 37 710.296
24 38 -926.925
24 39 -698.349
24 40 -504.826
24 41 768.31
24 42 925.314
24 43 934.719
24 44 -744.883
24 45 873.651
24 46 386.21
24 47 -581.71
24 48 601.473
24 49 233.175
24 50 737.287
25 1 -788.851
25 2 275.312
25 3 -717.891
25 4 -317.227
25 5 -835.873
25 6 820.645
25 7 103.284
25 8 849.652
25 9 -208.16
25 10 -476.002
25 11 -662.075
25 12 -214.023
25 13 -996.237
25 14 -29.1712
25 15 -709.83
25 16 -576.458
25 17 -506.414
25 18 633.289
25 19 -107.948
25 20 915.055
25 21 -39.858
25 22 -53.5372
25 23 -768.027
25 24 797.866
25 26 -638.076
25 27 302.731
25 28 -668.121
25 29 427.003
25 30 386.821
25 31 395.187
25 32 852.4
25 33 598.603
25 34 -683.632
25 35 360.379
25 36 -580.489
25 37 -687.54
25 38 493.384
25 39 -851.873
25 40 -730.654
25 41 -386.477
25 42 550.482
25 43 563.428
25 44 875.178
25 45 -563.817
25 46 618.328
25 47 -596.733
25 48 264.197
25 49 407.278
25 50 -323.211
26 1 154.092
26 2 711.883
26 3 -472.705
26 4 -748.852
26 5 -350.142
26 6 482.392
26 7 685.502
26 8 632.068
26 9 165.268
26 10 -675.021
26 11 -76.0711
26 12 809.958
26 13 351.463
26 14 -599.237
26 15 -585.191
26 16 317.631
26 17 473.659
26 18 -672.457
26 19 64.0789
26 20 -843.568
26 21 -626.595
26 22 -961.795
26 23 -308.25
26 24 4.1106
26 25 -395.515
26 27 133.513
26 28 728.982
26 29 881.285
26 30 166.733
26 31 -585.741
26 32 355.432
26 33 477.323
26 34 -711.418
26 35 294.67
26 36 -967.413
26 37 314.517
26 38 692.036
26 39 -239.244
26 40 357.203
26 41 936.062
26 42 -235.518
26 43 -411.943
26 44 170.153
26 45 310.12
26 46 -897.918
26 47 -516.795
26 48 -121.811
26 49 -359.241
26 50 -166.94
27 1 852.339
27 2 -99.0935
27 3 763.119
27 4 175.1
27 5 873.041
27 6 196.595
27 7 315.555
27 8 -335.975
27 9 -431.24
27 10 -201.443
27 11 884.338
27 12 486.361
27 13 -436.247
27 14 303.097
27 15 290.273
27 16 350.119
27 17 -795.202
27 18 -761.005
27 19 -776.088
27 20 344.379
27 21 750.234
27 22 269.632
27 23 404.225
27 24 209.847
27 25 294.609
27 26 145.116
27 28 -552.337
27 29 468.773
27 30 -860.789
27 31 -634.228
27 32 652.281
27 33 -154.97
27 34 -725.769
27 35 475.735
27 36 -144.955
27 37 -581.405
27 38 671.579
27 39 928.429
27 40 -417.133
27 41 -55.8577
27 42 -926.986
27 43 470.667
27 44 656.434
27 45 -224.648
27 46 -28.5605
27 47 -27.5835
27 48 -550.627
27 49 -163.764
27 50 -555.268
28 1 -358.203
28 2 995.115
28 3 -932.36
28 4 -432.705
28 5 -433.499
28 6 -895.353
28 7 797.5
28 8 -945.734
28 9 516.712
28 10 -279.121
28 11 -543.726
28 12 848.064
28 13 -55.4302
28 14 653.075
28 15 102.735
28 16 -684.182
28 17 -873.552
28 18 -84.0709
28 19 159.894
28 20 772.401
28 21 374.058
28 22 -156.253
28 23 -165.291
28 24 -23.3698
28 25 255.281
28 26 -836.667
28 27 636.16
28 29 333.997
28 30 -226.786
28 31 226.763
28 32 435.37
28 33 453.079
28 34 -576.397
28 35 -424.339
28 36 511.643
28 37 770.569
28 38 80.2618
28 39 -956.36
28 40 -990.13
28 41 917.925
28 42 -361.012
28 43 -436.003
28 44 261.632
28 45 -477.285
28 46 367.401
28 47 883.483
28 48 386.699
28 49 -866.041
28 50 882.567
29 1 -635.633
29 2 639.64
29 3 -50.1174
29 4 -290.54
29 5 -928.696
29 6 914.139
29 7 -955.138
29 8 351.707
29 9 310.853
29 10 856.308
29 11 785.775
29 12 803.24
29 13 829.988
29 14 -979.504
29 15 -895.231
29 16 -544.337
29 17 -143.734
29 18 -490.842
29 19 -648.946
29 20 329.173
29 21 164.046
29 22 521.353
29 23 368.562
29 24 -444.492
29 25 350.364
29 26 265.724
29 27 518.971
29 28 74.7657
29 30 520.314
29 31 665.167
29 32 324.593
29 33 455.644
29 34 -441.927
29 35 286.792
29 36 -582.993
29 37 798.477
29 38 -821.828
29 39 946.444
29 40 484.59
29 41 -354.417
29 42 938.688
29 43 -588.794
29 44 -102.208
29 45 845.988
29 46 -595.878
29 47 656.19
29 48 -284.067
29 49 296.197
29 50 -338.478
30 1 85.2694
30 2 742.784
30 3 -480.644
30 4 345.173
30 5 -812.301
30 6 -669.464
30 7 -3.88925
30 8 389.08
30 9 38.7359
30 10 -374.936
30 11 -804.729
30 12 678.968
30 13 -906.956
30 14 -81.0175
30 15 248.869
30 16 791.576
30 17 -281.624
30 18 824.492
30 19 189.512
30 20 13.3318
30 21 -115.765
30 22 -64.4072
30 23 712.005
30 24 825.408
30 25 466.697
30 26 680.922
30 27 373.875
30 28 34.7665
30 29 589.443
30 31 36.9039
30 32 189.939
30 33 -245.045
30 34 -551.115
30 35 812.217
30 36 -454.079
30 37 -595.267
30 38 -942.681
30 39 -834.591
30 40 377.966
30 41 928.368
30 42 -662.136
30 43 -929.673
30 44 546.268
30 45 411.187
30 46 15.7745
30 47 388.531
30 48 351.524
30 49 295.403
30 50 739.486
31 1 257.785
31 2 -878.987
31 3 -637.77
31 4 -131.276
31 5 479.094
31 6 -189.718
31 7 687.884
31 8 -628.671
31 9 580.588
31 10 547.245
31 11 741.929
31 12 258.152
31 13 -743.722
31 14 -929.978
31 15 -162.909
31 16 -0.652669
31 17 -134.33
31 18 990.596
31 19 -900.971
31 20 364.287
31 21 671.945
31 22 -194.359
31 23 152.383
31 24 -891.628
31 25 -479.483
31 26 -371.21
31 27 707.181
31 28 -37.6596
31 29 -360.096
31 30 540.467
31 32 240.076
31 33 340.287
31 34 243.007
31 35 -480.705
31 36 951.024
31 37 -773.218
31 38 631.396
31 39 891.117
31 40 179.558
31 41 666.205
31 42 -518.994
31 43 -787.935
31 44 -517.04
31 45 -713.494
31 46 1.79003
31 47 558.909
31 48 546.512
31 49 -679.357
31 50 648.251
32 1 -879.964
32 2 -879.17
32 3 -471.972
32 4 83.9869
32 5 -928.085
32 6 -815.721
32 7 -517.284
32 8 78.3077
32 9 636.037
32 10 493.628
32 11 -348.677
32 12 -980.97
32 13 279.708
32 14 -267.884
32 15 701.135
32 16 -257.93
32 17 -3.52284
32 18 438.973
32 19 474.697
32 20 347.066
32 21 -411.454
32 22 -107.765
32 23 74.9489
32 24 -294.815
32 25 905.406
32 26 155.924
32 27 -512.46
32 28 336.44
32 29 -37.7817
32 30 -542.444
32 31 187.374
32 33 339.616
32 34 -106.116
32 35 -899.689
32 36 -841.064
32 37 -924.238
32 38 658.205
32 39 85.1472
32 40 -219.641
32 41 283.861
32 42 444.652
32 43 635.793
32 44 -10.9731
32 45 -690.899
32 46 721.715
32 47 816.981
32 48 -812.729
32 49 155.68
32 50 -147.642
33 1 -573.894
33 2 313.54
33 3 -982.13
33 4 -771.997
33 5 -645.709
33 6 512.864
33 7 11.744
33 8 846.904
33 9 593.229
33 10 860.705
33 11 -238.572
33 12 277.144
33 13 -915.2
33 14 558.787
33 15 559.276
33 16 -45.5984
33 17 606.114
33 18 53.6974
33 19 759.76
33 20 729.898
33 21 -149.047
33 22 508.834
33 23 115.254
33 24 621.503
33 25 -64.7736
33 26 68.2315
33 27 730.326
33 28 705.227
33 29 475.002
33 30 355.432
33 31 -680.029
33 32 -925.154
33 34 -550.199
33 35 -366.203
33 36 -525.101
33 37 821.255
33 38 -967.596
33 39 79.8954
33 40 -402.966
33 41 947.238
33 42 565.749
33 43 -408.95
33 44 -783.783
33 45 186.153
33 46 879.636
33 47 -417.561
33 48 -637.648
33 49 633.9
33 50 -858.774
34 1 -805.401
34 2 -318.57
34 3 -858.102
34 4 417.843
34 5 -638.198
34 6 -11.767
34 7 -580.977
34 8 -867.873
34 9 -830.744
34 10 939.238
34 11 757.44
34 12 626.694
34 13 -55.1249
34 14 -488.888
34 15 340.593
34 16 -16.1028
34 17 -486.262
34 18 -15.7364
34 19 -935.78
34 20 331.127
34 21 65.3613
34 22 96.1394
34 23 -197.107
34 24 -218.236
34 25 55.4073
34 26 -922.528
34 27 59.9263
34 28 -772.668
34 29 -404.981
34 30 -756.241
34 31 -49.751
34 32 151.467
34 33 -245.228
34 35 -171.336
34 36 -561.375
34 37 657.716
34 38 -776.882
34 39 756.279
34 40 -220.313
34 41 905.101
34 42 762.325
34 43 -969.428
34 44 -908.299
34 45 128.322
34 46 886.537
34 47 -559.176
34 48 -990.069
34 49 439.766
34 50 -781.89
35 1 250.518
35 2 346.577
35 3 -410.233
35 4 945.589
35 5 -420.065
35 6 700.219
35 7 -111.857
35 8 815.026
35 9 -840.942
35 10 -43.2778
35 11 -543.665
35 12 119.162
35 13 -865.796
35 14 611.549
35 15 -985.306
35 16 -908.299
35 17 624.618
35 18 849.53
35 19 380.592
35 20 162.642
35 21 -291.517
35 22 -669.342
35 23 -133.963
35 24 500.773
35 25 -460.613
35 26 -388.065
35 27 775.333
35 28 -705.067
35 29 259.617
35 30 -864.636
35 31 166.184
35 32 200.26
35 33 -584.764
35 34 739.913
35 36 88.8723
35 37 382.851
35 38 558.909
35 39 -390.813
35 40 468.224
35 41 618.694
35 42 713.105
35 43 -378.05
35 44 -171.092
35 45 -135.307
35 46 402.943
35 47 10.4006
35 48 -949.459
35 49 753.654
35 50 929.467
36 1 290.578
36 2 334.364
36 3 -563.817
36 4 574.848
36 5 389.141
36 6 569.657
36 7 228.839
36 8 434.942
36 9 -93.7807
36 10 -702.135
36 11 477.14
36 12 -446.385
36 13 -546.108
36 14 450.392
36 15 99.1317
36 16 59.3157
36 17 5.27088
36 18 43.8656
36 19 -771.264
36 20 -21.6599
36 21 -808.943
36 22 -958.375
36 23 403.981
36 24 426.82
36 25 489.475
36 26 -454.629
36 27 730.57
36 28 855.087
36 29 229.45
36 30 -485.956
36 31 472.193
36 32 -959.413
36 33 368.073
36 34 203.985
36 35 -510.078
36 37 -481.132
36 38 -43.0946
36 39 -496.155
36 40 -22.637
36 41 -876.483
36 42 -748.974
36 43 -632.641
36 44 922.933
36 45 -651.205
36 46 -609.374
36 47 516.101
36 48 743.333
36 49 198.916
36 50 -407.668
37 1 609.107
37 2 -477.102
37 3 -776.882
37 4 793.531
37 5 -931.261
37 6 -705.128
37 7 427.736
37 8 -321.563
37 9 745.043
37 10 -199.366
37 11 734.295
37 12 37.0871
37 13 -402.355
37 14 169.787
37 15 696.983
37 16 -626.412
37 17 612.282
37 18 -44.0717
37 19 -855.049
37 20 -274.296
37 21 -902.926
37 22 -35.278
37 23 452.896
37 24 612.282
37 25 -410.049
37 26 311.402
37 27 107.803
37 28 -941.642
37 29 -475.453
37 30 146.887
37 31 -711.784
37 32 637.747
37 33 -125.047
37 34 490.941
37 35 116.108
37 36 449.232
37 38 -54.8196
37 39 605.259
37 40 279.708
37 41 -1.69082
37 42 501.994
37 43 -650.9
37 44 722.143
37 45 890.689
37 46 432.255
37 47 -44.6213
37 48 -931.749
37 49 -711.784
37 50 -881.979
38 1 -346.539
38 2 494.178
38 3 74.3383
38 4 -285.716
38 5 596.893
38 6 703.761
38 7 640.129
38 8 -490.109
38 9 -490.292
38 10 729.959
38 11 -742.196
38 12 576.436
38 13 513.658
38 14 220.9
38 15 -36.3772
38 16 871.758
38 17 545.658
38 18 915.544
38 19 881.834
38 20 -996.97
38 21 -167.856
38 22 984.672
38 23 -55.9799
38 24 830.477
38 25 837.194
38 26 -63.1248
38 27 933.253
38 28 -915.811
38 29 125.452
38 30 768.798
38 31 -220.862
38 32 221.206
38 33 590.909
38 34 -957.825
38 35 68.0483
38 36 -343.119
38 37 466.331
38 39 -403.698
38 40 -325.959
38 41 -390.691
38 42 573.138
38 43 552.253
38 44 -523.513
38 45 706.815
38 46 232.931
38 47 -675.327
38 48 82.5824
38 49 -436.247
38 50 -712.089
39 1 317.57
39 2 -500.429
39 3 -484.918
39 4 664.495
39 5 980.703
39 6 -301.288
39 7 680.617
39 8 911.025
39 9 -64.6514
39 10 996.763
39 11 561.535
39 12 -836.789
39 13 -156.131
39 14 201.114
39 15 -645.587
39 16 -38.3924
39 17 707.548
39 18 -539.818
39 19 -835.324
39 20 354.272
39 21 289.785
39 22 -258.052
39 23 -692.67
39 24 741.868
39 25 -650.411
39 26 -110.147
39 27 890.384
39 28 -117.414
39 29 368.501
39 30 -807.66
39 31 857.285
39 32 -492.246
39 33 -542.932
39 34 401.782
39 35 689.411
39 36 975.817
39 37 144.322
39 38 -867.079
39 40 -59.3386
39 41 -593.924
39 42 711.273
39 43 600.008
39 44 -195.58
39 45 -258.724
39 46 -218.969
39 47 -403.943
39 48 892.582
39 49 149.085
39 50 -159.55
40 1 693.013
40 2 416.133
40 3 -771.569
40 4 -622.259
40 5 558.054
40 6 962.199
40 7 445.385
40 8 -664.518
40 9 -640.03
40 10 38.1863
40 11 228.228
40 12 555.55
40 13 -819.874
40 14 591.458
40 15 -819.874
40 16 -93.3532
40 17 371.432
40 18 -329.623
40 19 828.034
40 20 -209.931
40 21 -194.42
40 22 -563.451
40 23 -653.281
40 24 694.968
40 25 -50.3616
40 26 -305.196
40 27 718.112
40 28 -496.887
40 29 695.395
40 30 143.222
40 31 722.998
40 32 -767.172
40 33 893.376
40 34 -476.125
40 35 246.182
40 36 894.903
40 37 -477.102
40 38 -134.207
40 39 -699.815
40 41 -840.942
40 42 -561.924
40 43 -1000.27
40 44 221.939
40 45 528.253
40 46 -380.554
40 47 -454.446
40 48 -530.78
40 49 -325.471
40 50 881.529
41 1 -456.705
41 2 470.789
41 3 669.869
41 4 961.955
41 5 932.52
41 6 943.696
41 7 755.547
41 8 -59.8271
41 9 -950.131
41 10 -861.583
41 11 -628.854
41 12 -85.2923
41 13 -644.854
41 14 440.011
41 15 113.299
41 16 -122.91
41 17 542.299
41 18 749.44
41 19 309.143
41 20 -272.647
41 21 252.35
41 22 111.895
41 23 -91.5822
41 24 362.027
41 25 563.123
41 26 -996.603
41 27 366.241
41 28 -228.862
41 29 -563.268
41 30 726.417
41 31 -792.271
41 32 90.6433
41 33 -671.541
41 34 341.448
41 35 971.787
41 36 -466.537
41 37 -873.552
41 38 -407.607
41 39 198.794
41 40 152.993
41 42 626.511
41 43 238.915
41 44 -816.637
41 45 -639.847
41 46 -286.021
41 47 -755.142
41 48 146.276
41 49 148.902
41 50 -540.917
42 1 268.716
42 2 529.78
42 3 -52.2547
42 4 -710.257
42 5 871.209
42 6 -892.972
42 7 -944.451
42 8 -550.261
42 9 -98.0554
42 10 -413.652
42 11 584.496
42 12 919.208
42 13 488.865
42 14 -609.007
42 15 847.575
42 16 -14.9425
42 17 -936.329
42 18 321.967
42 19 143.1
42 20 -340.616
42 21 -119.246
42 22 769.287
42 23 857.224
42 24 -885.277
42 25 -561.497
42 26 176.26
42 27 825.042
42 28 -658.716
42 29 271.586
42 30 -565.283
42 31 899.3
42 32 203.496
42 33 523.185
42 34 -98.9714
42 35 648.617
42 36 -913.918
42 37 756.89
42 38 719.517
42 39 -866.774
42 40 323.616
42 41 431.461
42 43 -856.331
42 44 694.968
42 45 -418.11
42 46 -516.918
42 47 -454.262
42 48 685.624
42 49 408.317
42 50 -548.978
43 1 -215.0
43 2 -902.864
43 3 -894.62
43 4 -419.515
43 5 647.213
43 6 -992.206
43 7 -852.667
43 8 348.043
43 9 -978.588
43 10 -212.923
43 11 -702.258
43 12 -161.932
43 13 520.559
43 14 5.63729
43 15 639.213
43 16 -582.565
43 17 206.611
43 18 -19.1561
43 19 686.296
43 20 135.772
43 21 -857.308
43 22 895.636
43 23 -217.87
43 24 294.365
43 25 -569.497
43 26 426.454
43 27 -43.9496
43 28 -376.34
43 29 -568.886
43 30 -172.924
43 31 -568.764
43 32 502.422
43 33 -137.383
43 34 393.294
43 35 979.359
43 36 -347.333
43 37 451.552
43 38 251.739
43 39 -708.486
43 40 762.753
43 41 -168.161
43 42 -584.642
43 44 -419.149
43 45 -547.635
43 46 380.287
43 47 35.1329
43 48 568.314
43 49 -954.161
43 50 666.327
44 1 -215.244
44 2 70.1857
44 3 562.94
44 4 -783.416
44 5 -672.212
44 6 363.188
44 7 -619.145
44 8 276.35
44 9 -209.809
44 10 -493.407
44 11 11.1334
44 12 -755.997
44 13 -817.92
44 14 -173.718
44 15 -596.55
44 16 493.75
44 17 -287.731
44 18 -270.938
44 19 245.205
44 20 -762.104
44 21 918.719
44 22 52.8425
44 23 666.51
44 24 154.52
44 25 565.382
44 26 -874.834
44 27 -190.267
44 28 430.057
44 29 240.808
44 30 -269.533
44 31 -310.57
44 32 -62.8194
44 33 -412.981
44 34 158.795
44 35 779.424
44 36 215.71
44 37 108.109
44 38 540.1
44 39 -230.511
44 40 947.848
44 41 485.811
44 42 638.663
44 43 934.291
44 45 -381.042
44 46 348.715
44 47 301.143
44 48 -469.59
44 49 -946.528
44 50 426.576
45 1 745.532
45 2 693.197
45 3 501.872
45 4 27.1331
45 5 -126.574
45 6 230.732
45 7 975.939
45 8 -222.328
45 9 -195.763
45 10 792.431
45 11 522.879
45 12 563.55
45 13 -196.252
45 14 -184.466
45 15 115.498
45 16 602.572
45 17 808.92
45 18 714.387
45 19 -148.741
45 20 -402.538
45 21 724.769
45 22 -275.334
45 23 149.024
45 24 -101.781
45 25 692.097
45 26 -132.192
45 27 -372.615
45 28 -390.386
45 29 -498.72
45 30 445.079
45 31 358.302
45 32 -407.301
45 33 352.562
45 34 -481.071
45 35 172.352
45 36 -715.448
45 37 -866.224
45 38 -185.443
45 39 718.54
45 40 -716.486
45 41 427.37
45 42 -531.269
45 43 949.436
45 44 -368.951
45 46 402.759
45 47 80.3229
45 48 733.746
45 49 -268.373
45 50 814.416
46 1 -516.002
46 2 274.273
46 3 847.636
46 4 -734.562
46 5 -300.861
46 6 23.0415
46 7 -898.407
46 8 -54.1478
46 9 -523.208
46 10 779.241
46 11 -61.4759
46 12 11.4387
46 13 -104.284
46 14 657.716
46 15 -42.3007
46 16 -185.993
46 17 434.698
46 18 619.366
46 19 -914.834
46 20 153.054
46 21 -35.339
46 22 -756.974
46 23 -999.779
46 24 742.112
46 25 98.1546
46 26 437.079
46 27 760.982
46 28 -921.612
46 29 -673.556
46 30 761.592
46 31 -435.087
46 32 -92.9868
46 33 -606.259
46 34 71.407
46 35 -405.775
46 36 450.881
46 37 333.448
46 38 149.207
46 39 858.751
46 40 -383.058
46 41 -387.882
46 42 -980.726
46 43 994.931
46 44 351.829
46 45 -179.581
46 47 -359.547
46 48 -46.148
46 49 -669.403
46 50 336.807
47 1 648.312
47 2 511.093
47 3 -815.416
47 4 -585.802
47 5 -150.39
47 6 533.749
47 7 -567.176
47 8 124.23
47 9 151.955
47 10 -45.293
47 11 -677.77
47 12 586.206
47 13 606.908
47 14 379.432
47 15 757.623
47 16 -65.0179
47 17 268.106
47 18 264.93
47 19 503.399
47 20 454.606
47 21 -455.789
47 22 -384.584
47 23 -140.803
47 24 -688.09
47 25 735.028
47 26 -875.934
47 27 981.191
47 28 343.768
47 29 434.759
47 30 -298.174
47 31 41.1175
47 32 -689.128
47 33 -497.437
47 34 -670.869
47 35 423.461
47 36 -914.895
47 37 -727.723
47 38 -825.919
47 39 123.925
47 40 179.558
47 41 -303.12
47 42 -95.4906
47 43 561.291
47 44 -924.605
47 45 114.948
47 46 138.459
47 48 971.848
47 49 -213.717
47 50 326.486
48 1 -29.0491
48 2 -415.484
48 3 -922.834
48 4 663.823
48 5 -489.926
48 6 -236.495
48 7 803.363
48 8 745.593
48 9 -636.732
48 10 294.731
48 11 -223.183
48 12 -397.286
48 13 -990.313
48 14 20.2935
48 15 631.457
48 16 865.102
48 17 -1.75188
48 18 -1.93509
48 19 86.8571
48 20 -314.357
48 21 -96.2844
48 22 -626.351
48 23 83.9259
48 24 -887.598
48 25 -11.5227
48 26 158.856
48 27 202.58
48 28 569.046
48 29 494.788
48 30 -906.59
48 31 815.332
48 32 146.398
48 33 513.536
48 34 -205.351
48 35 -594.473
48 36 -601.985
48 37 366.241
48 38 -641.373
48 39 -502.322
48 40 310.975
48 41 -566.443
48 42 627.183
48 43 620.465
48 44 -853.217
48 45 -626.29
48 46 281.785
48 47 757.134
48 49 852.583
48 50 -339.089
49 1 -22.637
49 2 -285.655
49 3 700.219
49 4 -611.511
49 5 681.472
49 6 845.194
49 7 877.804
49 8 272.563
49 9 -582.077
49 10 -441.194
49 11 688.678
49 12 787.363
49 13 607.091
49 14 74.7657
49 15 65.4224
49 16 379.737
49 17 -830.805
49 18 829.499
49 19 -921.795
49 20 -306.051
49 21 -388.554
49 22 -1.62975
49 23 -872.331
49 24 -255.243
49 25 248.564
49 26 -440.095
49 27 506.819
49 28 -23.3087
49 29 776.31
49 30 -664.213
49 31 21.5148
49 32 149.573
49 33 366.608
49 34 -547.696
49 35 -637.16
49 36 -15.4921
49 37 480.498
49 38 657.228
49 39 -93.9639
49 40 -490.414
49 41 -421.164
49 42 926.719
49 43 631.763
49 44 42.5221
49 45 -70.6361
49 46 -192.588
49 47 858.812
49 48 745.348
49 50 -316.555
50 1 925.437
50 2 471.766
50 3 693.502
50 4 425.66
50 5 92.7807
50 6 -668.854
50 7 -606.443
50 8 -632.518
50 9 -528.704
50 10 557.505
50 11 -311.364
50 12 391.401
50 13 -795.752
50 14 -634.045
50 15 -17.3241
50 16 -892.239
50 17 973.008
50 18 161.726
50 19 -266.663
50 20 144.077
50 21 903.025
50 22 -448.156
50 23 -858.896
50 24 -181.535
50 25 272.441
50 26 -6.82049
50 27 976.062
50 28 419.003
50 29 -557.772
50 30 -262.388
50 31 -527.849
50 32 -752.089
50 33 -541.711
50 34 -218.664
50 35 249.602
50 36 641.961
50 37 757.562
50 38 -507.574
50 39 165.573
50 40 131.131
50 41 -583.97
50 42 -386.905
50 43 -932.177
50 44 953.772
50 45 385.538
50 46 317.876
50 47 367.218
50 48 83.0709
50 49 133.146
