50 2450
1
2
3
4
5
6
7
8
9
10
11
12
13
14
15
16
17
18
19
20
21
22
23
24
25
26
27
28
29
30
31
32
33
34
35
36
37
38
39
40
41
42
43
44
45
46
47
48
49
50
1 2 -115.887
1 3 -1000.57
1 4 71.8345
1 5 850.14
1 6 -216.893
1 7 439.766
1 8 -677.037
1 9 -557.161
1 10 -217.137
1 11 627.671
1 12 -383.241
1 13 -262.877
1 14 137.055
1 15 -429.103
1 16 -376.584
1 17 636.892
1 18 380.897
1 19 917.803
1 20 645.869
1 21 510.727
1 22 -423.545
1 23 -33.9345
1 24 320.44
1 25 832.492
1 26 -851.751
1 27 -82.8496
1 28 -366.936
1 29 -109.841
1 30 -505.864
1 31 784.493
1 32 -73.9337
1 33 514.818
1 34 562.085
1 35 413.141
1 36 -411.21
1 37 748.951
1 38 -421.408
1 39 45.0869
1 40 -876.789
1 41 -590.321
1 42 122.215
1 43 -140.619
1 44 265.602
1 45 -524.612
1 46 -286.449
1 47 934.169
1 48 -148.986
1 49 -773.096
1 50 132.291
2 1 -940.543
2 3 120.261
2 4 97.4829
2 5 -373.836
2 6 854.659
2 7 138.093
2 8 -849.43
2 9 -781.829
2 10 -404.492
2 11 26.5224
2 12 -858.102
2 13 286.059
2 14 -765.585
2 15 692.036
2 16 82.9488
2 17 -394.966
2 18 5.82049
2 19 734.845
2 20 -741.585
2 21 -948.543
2 22 82.8877
2 23 -767.722
2 24 -365.531
2 25 137.116
2 26 717.074
2 27 81.6664
2 28 -418.049
2 29 573.199
2 30 -711.418
2 31 581.199
2 32 -130.299
2 33 -947.505
2 34 -278.082
2 35 -45.6594
2 36 852.644
2 37 -565.955
2 38 682.51
2 39 491.979
2 40 -204.191
2 41 510.177
2 42 -988.115
2 43 998.901
2 44 -720.456
2 45 558.054
2 46 834.751
2 47 -758.806
2 48 607.275
2 49 856.308
2 50 -245.472
3 1 -920.574
3 2 -835.324
3 4 -651.816
3 5 615.275
3 6 964.703
3 7 -324.921
3 8 653.686
3 9 222.122
3 10 -503.666
3 11 263.464
3 12 -405.469
3 13 -504.399
3 14 736.738
3 15 -706.532
3 16 453.323
3 17 473.781
3 18 938.932
3 19 -96.9562
3 20 -885.033
3 21 606.114
3 22 -586.351
3 23 168.749
3 24 317.204
3 25 -216.221
3 26 -801.737
3 27 -146.909
3 28 -841.308
3 29 535.459
3 30 217.969
3 31 -339.761
3 32 -908.116
3 33 823.515
3 34 634.999
3 35 -60.3767
3 36 -448.033
3 37 -109.17
3 38 -930.772
3 39 777.836
3 40 -566.016
3 41 586.084
3 42 -621.282
3 43 413.446
3 44 -402.966
3 45 601.046
3 46 678.663
3 47 -82.9717
3 48 580.344
3 49 71.7124
3 50 300.716
4 1 -934.314
4 2 722.265
4 3 -31.736
4 5 375.218
4 6 -641.862
4 7 872.43
4 8 714.876
4 9 -285.35
4 10 -900.422
4 11 877.071
4 12 -522.719
4 13 -300.067
4 14 504.864
4 15 31.1025
4 16 -438.141
4 17 -154.604
4 18 -257.991
4 19 684.159
4 20 347.799
4 21 -261.839
4 22 -125.841
4 23 -819.874
4 24 -794.347
4 25 -965.398
4 26 -386.905
4 27 -664.579
4 28 -162.604
4 29 205.206
4 30 -155.764
4 31 619.305
4 32 461.506
4 33 -294.021
4 34 845.316
4 35 243.495
4 36 300.532
4 37 282.823
4 38 142.429
4 39 -656.274
4 40 -204.313
4 41 71.7124
4 42 -54.331
4 43 434.576
4 44 989.557
4 45 -795.019
4 46 88.1395
4 47 326.059
4 48 -489.926
4 49 -403.576
4 50 -580.611
5 1 -298.235
5 2 610.023
5 3 596.588
5 4 -414.019
5 6 -469.957
5 7 668.525
5 8 208.565
5 9 132.78
5 10 -497.132
5 11 627.793
5 12 552.863
5 13 868.644
5 14 692.83
5 15 775.088
5 16 -742.074
5 17 430.179
5 18 -393.073
5 19 -679.907
5 20 -518.261
5 21 985.1
5 22 -159.734
5 23 207.16
5 24 231.893
5 25 2.95032
5 26 494.178
5 27 585.107
5 28 -311.792
5 29 -953.245
5 30 -432.217
5 31 -606.443
5 32 -790.5
5 33 507.246
5 34 -497.681
5 35 -511.116
5 36 708.036
5 37 221.694
5 38 -941.337
5 39 745.593
5 40 -920.269
5 41 928.429
5 42 730.081
5 43 579.916
5 44 394.271
5 45 468.835
5 46 -139.581
5 47 -668.609
5 48 -502.75
5 49 -300.189
5 50 678.357
6 1 934.658
6 2 -244.312
6 3 37.026
6 4 -595.145
6 5 315.066
6 7 595.183
6 8 -428.064
6 9 -345.684
6 10 -32.591
6 11 -459.209
6 12 -294.388
6 13 286.487
6 14 -874.163
6 15 444.835
6 16 -774.256
6 17 919.696
6 18 -14.515
6 19 574.237
6 20 -224.16
6 21 -719.967
6 22 397.691
6 23 269.205
6 24 -357.165
6 25 -416.828
6 26 -509.956
6 27 -159.673
6 28 -187.092
6 29 120.689
6 30 -360.463
6 31 -598.504
6 32 -779.691
6 33 -742.257
6 34 -765.585
6 35 324.471
6 36 -861.461
6 37 20.4767
6 38 -326.57
6 39 -1.56868
6 40 -359.119
6 41 452.896
6 42 -973.397
6 43 593.412
6 44 74.8879
6 45 -52.9265
6 46 -191.489
6 47 -502.872
6 48 487.155
6 49 723.181
6 50 -714.715
7 1 134.123
7 2 -67.7048
7 3 645.014
7 4 -227.091
7 5 831.576
7 6 609.901
7 8 569.901
7 9 -656.884
7 10 440.194
7 11 -243.701
7 12 408.194
7 13 393.783
7 14 386.943
7 15 245.877
7 16 -913.124
7 17 503.399
7 18 -154.909
7 19 -182.634
7 20 606.053
7 21 -975.657
7 22 -282.785
7 23 -115.093
7 24 -637.77
7 25 -158.573
7 26 111.651
7 27 -146.787
7 28 954.627
7 29 -270.693
7 30 -997.824
7 31 -113.628
7 32 -378.294
7 33 764.646
7 34 764.89
7 35 61.453
7 36 540.467
7 37 207.404
7 38 260.167
7 39 846.965
7 40 131.131
7 41 310.548
7 42 -821.889
7 43 841.835
7 44 595.366
7 45 -524.856
7 46 305.54
7 47 716.28
7 48 -157.23
7 49 -792.943
7 50 413.874
8 1 -713.677
8 2 -982.619
8 3 297.968
8 4 -536.154
8 5 666.999
8 6 796.218
8 7 676.098
8 9 801.531
8 10 427.431
8 11 649.106
8 12 365.081
8 13 32.2627
8 14 -290.846
8 15 262.671
8 16 -16.8356
8 17 -721.189
8 18 -779.142
8 19 -707.815
8 20 223.282
8 21 487.277
8 22 60.537
8 23 648.678
8 24 750.417
8 25 479.705
8 26 -702.624
8 27 -508.307
8 28 -44.7434
8 29 -552.154
8 30 -740.73
8 31 -861.033
8 32 3.43886
8 33 -437.774
8 34 448.804
8 35 51.3158
8 36 609.534
8 37 -611.817
8 38 -964.115
8 39 -899.017
8 40 -17.6294
8 41 804.095
8 42 870.903
8 43 -690.533
8 44 378.638
8 45 95.2844
8 46 928.307
8 47 -772.363
8 48 692.403
8 49 -70.3918
8 50 157.573
9 1 165.085
9 2 -469.102
9 3 -119.429
9 4 645.869
9 5 439.339
9 6 -791.66
9 7 203.74
9 8 -957.398
9 10 846.659
9 11 90.399
9 12 543.398
9 13 -807.599
9 14 529.475
9 15 -265.686
9 16 261.938
9 17 -107.643
9 18 -562.291
9 19 263.403
9 20 78.0023
9 21 732.463
9 22 566.543
9 23 401.843
9 24 -301.166
9 25 -55.8577
9 26 153.665
9 27 -378.966
9 28 -861.888
9 29 -798.866
9 30 -960.879
9 31 828.278
9 32 404.958
9 33 -697.189
9 34 -642.106
9 35 -971.321
9 36 -753.249
9 37 -317.044
9 38 -241.259
9 39 420.652
9 40 -350.875
9 41 -317.776
9 42 -657.495
9 43 -674.838
9 44 756.218
9 45 519.215
9 46 -498.17
9 47 -569.13
9 48 919.818
9 49 -104.956
9 50 -152.772
10 1 752.066
10 2 557.688
10 3 178.947
10 4 -586.107
10 5 761.531
10 6 504.315
10 7 97.1775
10 8 -666.533
10 9 -868.606
10 11 -453.835
10 12 878.231
10 13 155.68
10 14 515.368
10 15 -169.016
10 16 779.363
10 17 10.4006
10 18 803.118
10 19 -169.993
10 20 942.902
10 21 800.92
10 22 -693.891
10 23 -447.789
10 24 508.345
10 25 604.832
10 26 293.204
10 27 -310.937
10 28 -71.1857
10 29 -515.025
10 30 312.074
10 31 -619.939
10 32 421.202
10 33 886.72
10 34 753.959
10 35 289.296
10 36 489.903
10 37 -193.076
10 38 75.9871
10 39 -326.631
10 40 -534.749
10 41 -58.1783
10 42 -864.148
10 43 140.658
10 44 991.512
10 45 972.581
10 46 65.7888
10 47 772.951
10 48 393.172
10 49 197.328
10 50 124.719
11 1 -689.678
11 2 880.247
11 3 -305.868
11 4 976.306
11 5 86.3075
11 6 500.406
11 7 -809.187
11 8 813.317
11 9 -616.336
11 10 801.408
11 12 -156.68
11 13 -217.687
11 14 928.124
11 15 -878.499
11 16 -901.216
11 17 135.772
11 18 -827.202
11 19 -535.604
11 20 -156.314
11 21 -451.453
11 22 -901.032
11 23 -126.94
11 24 6.61437
11 25 -952.268
11 26 180.535
11 27 -736.883
11 28 -177.565
11 29 -20.6218
11 30 -769.859
11 31 -359.486
11 32 932.337
11 33 -544.764
11 34 -192.466
11 35 639.763
11 36 508.406
11 37 725.074
11 38 862.11
11 39 326.303
11 40 600.863
11 41 -107.887
11 42 318.242
11 43 -799.172
11 44 -121.2
11 45 -564.367
11 46 281.357
11 47 -662.991
11 48 -31.7971
11 49 -47.7968
11 50 -453.224
12 1 -408.401
12 2 -439.118
12 3 570.085
12 4 111.467
12 5 831.637
12 6 494.483
12 7 -531.574
12 8 -637.709
12 9 104.994
12 10 978.443
12 11 943.513
12 13 644.526
12 14 -294.754
12 15 165.085
12 16 443.43
12 17 -123.093
12 18 52.8425
12 19 -752.944
12 20 37.1481
12 21 927.513
12 22 341.142
12 23 -732.914
12 24 -274.235
12 25 -593.313
12 26 -116.925
12 27 831.759
12 28 -947.261
12 29 -401.256
12 30 94.0631
12 31 -87.4907
12 32 445.201
12 33 185.481
12 34 46.2472
12 35 933.62
12 36 716.891
12 37 -523.757
12 38 -461.835
12 39 -691.754
12 40 186.336
12 41 -178.603
12 42 612.771
12 43 647.091
12 44 -169.016
12 45 -110.269
12 46 -542.627
12 47 785.225
12 48 -76.8039
12 49 512.681
12 50 -361.195
13 1 -145.016
13 2 584.802
13 3 768.493
13 4 587.428
13 5 564.955
13 6 -303.853
13 7 3.74419
13 8 287.586
13 9 -121.994
13 10 602.939
13 11 476.224
13 12 106.338
13 14 289.418
13 15 -957.52
13 16 300.838
13 17 691.181
13 18 -128.65
13 19 -245.9
13 20 -600.885
13 21 881.468
13 22 -709.28
13 23 177.054
13 24 128.872
13 25 571.001
13 26 975.573
13 27 -294.51
13 28 -718.929
13 29 -544.825
13 30 617.351
13 31 -81.6282
13 32 -855.354
13 33 604.832
13 34 211.496
13 35 225.725
13 36 308.41
13 37 794.996
13 38 802.508
13 39 373.447
13 40 -101.109
13 41 542.971
13 42 133.879
13 43 239.892
13 44 -55.0028
13 45 -224.038
13 46 -607.603
13 47 363.188
13 48 -457.316
13 49 75.865
13 50 225.297
14 1 -364.798
14 2 -478.14
14 3 -567.604
14 4 220.534
14 5 -395.76
14 6 -706.532
14 7 452.102
14 8 46.3083
14 9 -183.855
14 10 570.817
14 11 -55.5524
14 12 424.988
14 13 -360.829
14 15 -356.493
14 16 843.85
14 17 134.307
14 18 -993.55
14 19 908.826
14 20 381.019
14 21 -773.035
14 22 -486.201
14 23 -679.846
14 24 -535.543
14 25 651.121
14 26 308.166
14 27 476.651
14 28 -807.782
14 29 455.155
14 30 209.42
14 31 -0.591601
14 32 -561.253
14 33 -219.152
14 34 500.59
14 35 924.704
14 36 -545.558
14 37 813.317
14 38 -180.313
14 39 763.791
14 40 -584.642
14 41 -118.574
14 42 -400.401
14 43 946.505
14 44 858.323
14 45 -91.338
14 46 -516.368
14 47 314.517
14 48 937.772
14 49 -621.343
14 50 -838.133
15 1 -633.618
15 2 451.125
15 3 25.5453
15 4 63.5293
15 5 934.597
15 6 557.321
15 7 419.003
15 8 -662.258
15 9 -22.3316
15 10 133.024
15 11 -354.967
15 12 -426.721
15 13 195.252
15 14 706.143
15 16 263.098
15 17 676.892
15 18 122.887
15 19 896.368
15 20 722.753
15 21 -638.87
15 22 421.935
15 23 -691.143
15 24 439.339
15 25 681.289
15 26 -966.069
15 27 -183.916
15 28 -293.044
15 29 -962.955
15 30 -99.3378
15 31 155.192
15 32 -361.623
15 33 -887.292
15 34 -80.8343
15 35 -202.969
15 36 319.28
15 37 154.031
15 38 -157.474
15 39 10.5227
15 40 365.203
15 41 48.2624
15 42 -205.962
15 43 61.3309
15 44 70.6742
15 45 635.121
15 46 -908.055
15 47 489.109
15 48 -667.632
15 49 679.579
15 50 -927.963
16 1 -607.969
16 2 540.406
16 3 -44.377
16 4 590.909
16 5 667.548
16 6 -385.012
16 7 872.064
16 8 900.155
16 9 127.589
16 10 -604.733
16 11 -927.291
16 12 -416.278
16 13 453.69
16 14 543.642
16 15 -531.94
16 17 239.282
16 18 900.155
16 19 168.321
16 20 -895.231
16 21 -413.53
16 22 703.884
16 23 -646.075
16 24 -656.029
16 25 708.891
16 26 129.604
16 27 -224.587
16 28 760.371
16 29 91.254
16 30 88.5059
16 31 589.748
16 32 -789.462
16 33 -835.08
16 34 267.983
16 35 -205.107
16 36 516.101
16 37 29.3315
16 38 712.128
16 39 -757.218
16 40 171.436
16 41 43.2549
16 42 787.912
16 43 -512.887
16 44 -448.827
16 45 983.206
16 46 476.59
16 47 -339.028
16 48 -976.268
16 49 -562.901
16 50 -74.1169
17 1 570.695
17 2 -575.604
17 3 144.322
17 4 202.153
17 5 188.84
17 6 319.585
17 7 941.497
17 8 -823.416
17 9 -258.297
17 10 503.399
17 11 -971.565
17 12 -507.757
17 13 -430.568
17 14 -838.438
17 15 -769.371
17 16 533.871
17 18 953.772
17 19 -857.247
17 20 -65.4453
17 21 -647.785
17 22 -906.406
17 23 767.516
17 24 -596.244
17 25 479.521
17 26 -567.176
17 27 -380.187
17 28 153.115
17 29 -444.858
17 30 497.597
17 31 765.195
17 32 62.2469
17 33 731.242
17 34 -539.574
17 35 807.515
17 36 -69.1704
17 37 759.882
17 38 -391.973
17 39 254.61
17 40 149.39
17 41 -269.472
17 42 -111.002
17 43 -394.172
17 44 180.535
17 45 -624.091
17 46 -252.556
17 47 -390.325
17 48 -463.667
17 49 888.796
17 50 -581.588
18 1 -874.224
18 2 -59.2164
18 3 -813.584
18 4 876.888
18 5 -967.046
18 6 -641.679
18 7 -426.904
18 8 -379.149
18 9 -385.745
18 10 -411.454
18 11 -290.662
18 12 495.094
18 13 -138.787
18 14 99.6202
18 15 857.468
18 16 -288.464
18 17 134.795
18 19 -200.527
18 20 -683.632
18 21 290.09
18 22 617.961
18 23 -571.634
18 24 4.78234
18 25 -926.375
18 26 998.351
18 27 258.274
18 28 -898.04
18 29 535.032
18 30 -180.374
18 31 -213.534
18 32 -281.808
18 33 -467.514
18 34 941.497
18 35 119.711
18 36 -501.04
18 37 236.289
18 38 -467.88
18 39 -279.182
18 40 127.956
18 41 -623.542
18 42 -942.681
18 43 221.022
18 44 -354.844
18 45 -966.558
18 46 -327.486
18 47 973.252
18 48 -465.987
18 49 -867.018
18 50 -522.719
19 1 -959.596
19 2 -498.048
19 3 849.102
19 4 -935.78
19 5 -688.578
19 6 -98.8493
19 7 -909.154
19 8 795.668
19 9 412.164
19 10 721.837
19 11 -720.089
19 12 -756.119
19 13 -877.399
19 14 -903.231
19 15 574.359
19 16 251.312
19 17 981.008
19 18 261.938
19 20 757.257
19 21 -987.138
19 22 -257.686
19 23 -111.551
19 24 964.092
19 25 660.77
19 26 -582.077
19 27 757.318
19 28 -567.665
19 29 -254.816
19 30 -457.743
19 31 -319.975
19 32 473.72
19 33 92.8417
19 34 -617.435
19 35 -368.279
19 36 -163.52
19 37 -561.314
19 38 -231.244
19 39 -991.229
19 40 673.167
19 41 302.67
19 42 229.389
19 43 971.481
19 44 -729.494
19 45 -476.674
19 46 125.818
19 47 786.813
19 48 759.455
19 49 -92.315
19 50 -530.291
20 1 134.49
20 2 -40.5908
20 3 413.752
20 4 112.078
20 5 288.441
20 6 -418.171
20 7 320.379
20 8 987.298
20 9 -874.712
20 10 946.688
20 11 -186.909
20 12 107.376
20 13 -100.315
20 14 -583.42
20 15 425.538
20 16 991.573
20 17 709.563
20 18 -256.709
20 19 -228.984
20 21 207.771
20 22 606.237
20 23 -512.46
20 24 11.3166
20 25 -265.136
20 26 -723.998
20 27 -269.533
20 28 485.506
20 29 812.034
20 30 234.579
20 31 -758.867
20 32 -50.7891
20 33 973.069
20 34 464.316
20 35 -697.922
20 36 857.774
20 37 956.764
20 38 448.133
20 39 -629.954
20 40 -877.705
20 41 -830.133
20 42 -479.361
20 43 767.882
20 44 -202.542
20 45 403.126
20 46 485.628
20 47 586.512
20 48 107.498
20 49 468.651
20 50 425.11
21 1 997.069
21 2 279.647
21 3 -526.994
21 4 -344.768
21 5 143.467
21 6 -399.424
21 7 -608.763
21 8 -249.686
21 9 -178.97
21 10 144.627
21 11 635.671
21 12 578.023
21 13 112.75
21 14 -398.324
21 15 -690.533
21 16 -714.899
21 17 181.939
21 18 -343.486
21 19 -161.016
21 20 -825.125
21 22 -596.0
21 23 -659.449
21 24 650.205
21 25 -601.374
21 26 26.9499
21 27 -192.771
21 28 -397.47
21 29 -583.176
21 30 -458.781
21 31 -41.0794
21 32 855.942
21 33 -842.896
21 34 -39.4306
21 35 -630.564
21 36 -151.489
21 37 810.141
21 38 184.077
21 39 -62.3309
21 40 98.8263
21 41 -806.988
21 42 641.839
21 43 704.372
21 44 489.17
21 45 640.129
21 46 401.66
21 47 -721.25
21 48 741.623
21 49 -679.479
21 50 -68.8651
22 1 311.402
22 2 -238.266
22 3 966.779
22 4 -303.181
22 5 435.308
22 6 544.436
22 7 904.368
22 8 -207.733
22 9 139.07
22 10 317.692
22 11 362.577
22 12 780.706
22 13 -12.8051
22 14 -369.928
22 15 -26.9117
22 16 938.383
22 17 -364.859
22 18 -946.772
22 19 408.317
22 20 91.4982
22 21 -924.299
22 23 -806.256
22 24 -907.322
22 25 -772.058
22 26 554.024
22 27 702.357
22 28 932.52
22 29 74.1551
22 30 582.42
22 31 -36.6214
22 32 -20.1332
22 33 -178.787
22 34 508.223
22 35 -836.728
22 36 3.80526
22 37 -801.309
22 38 -947.138
22 39 409.599
22 40 867.728
22 41 -931.261
22 42 -724.059
22 43 595.977
22 44 676.586
22 45 -262.449
22 46 -613.343
22 47 708.769
22 48 625.167
22 49 168.199
22 50 -143.245
23 1 246.488
23 2 477.689
23 3 -715.143
23 4 258.213
23 5 452.835
23 6 -375.241
23 7 556.222
23 8 271.647
23 9 -958.802
23 10 -347.089
23 11 34.4612
23 12 299.494
23 13 110.735
23 14 -640.702
23 15 -939.566
23 16 121.36
23 17 -79.0634
23 18 158.611
23 19 -201.26
23 20 -969.428
23 21 239.221
23 22 808.553
23 24 800.737
23 25 -109.292
23 26 -77.0482
23 27 -599.237
23 28 786.691
23 29 541.016
23 30 443.064
23 31 -446.446
23 32 -171.52
23 33 -998.008
23 34 21.7591
23 35 732.463
23 36 122.398
23 37 -87.6128
23 38 86.4296
23 39 -348.677
23 40 -464.583
23 41 622.664
23 42 712.922
23 43 689.594
23 44 123.803
23 45 407.156
23 46 755.241
23 47 244.961
23 48 796.34
23 49 -787.08
23 50 -652.61
24 1 989.069
24 2 322.028
24 3 -609.069
24 4 464.743
24 5 933.497
24 6 -134.024
24 7 841.591
24 8 -777.493
24 9 -733.463
24 10 -764.363
24 11 -982.374
24 12 -376.157
24 13 -111.735
24 14 33.9726
24 15 228.412
24 16 412.897
24 17 574.237
24 18 -102.941
24 19 -344.219
24 20 745.959
24 21 723.608
24 22 -983.718
24 23 559.215
24 25 356.837
24 26 -386.05
24 27 -879.598
24 28 68.5369
24 29 -94.8799
24 30 107.681
24 31 109.819
24 32 33.6062
24 33 195.435
24 34 -260.617
24 35 531.673
24 36 344.44
24 37 -45.7816
24 38 136.016
24 39 -916.238
24 40 -826.53
24 41 856.613
24 42 691.609
24 43 -665.739
24 44 -423.668
24 45 -520.093
24 46 -555.94
24 47 836.95
24 48 877.743
24 49 889.712
24 50 -908.238
25 1 842.018
25 2 293.143
25 3 -482.842
25 4 -922.65
25 5 -214.206
25 6 -779.081
25 7 53.6364
25 8 -311.059
25 9 742.539
25 10 -365.165
25 11 8.44639
25 12 -892.727
25 13 23.5301
25 14 -981.519
25 15 653.136
25 16 -655.907
25 17 -872.331
25 18 -712.273
25 19 14.4921
25 20 -1.44655
25 21 -790.073
25 22 123.009
25 23 621.442
25 24 -221.045
25 26 267.128
25 27 160.993
25 28 -323.517
25 29 725.685
25 30 226.152
25 31 480.56
25 32 359.402
25 33 -936.513
25 34 125.146
25 35 -185.016
25 36 -73.0788
25 37 -359.547
25 38 567.459
25 39 -62.7584
25 40 -679.846
25 41 -137.2
25 42 -358.936
25 43 645.564
25 44 -51.0945
25 45 92.3532
25 46 -504.643
25 47 794.569
25 48 346.761
25 49 424.255
25 50 -249.93
26 1 808.675
26 2 389.08
26 3 790.233
26 4 937.65
26 5 -890.834
26 6 -246.511
26 7 322.944
26 8 155.802
26 9 -96.6508
26 10 316.776
26 11 922.566
26 12 129.788
26 13 755.974
26 14 -832.576
26 15 953.955
26 16 -145.444
26 17 -598.87
26 18 -63.5522
26 19 24.5072
26 20 22.1255
26 21 222.0
26 22 -888.514
26 23 772.035
26 24 -590.626
26 25 -175.062
26 27 -952.085
26 28 596.283
26 29 -578.229
26 30 171.13
26 31 340.898
26 32 -714.044
26 33 973.802
26 34 677.991
26 35 -741.89
26 36 -534.017
26 37 895.513
26 38 -257.32
26 39 927.452
26 40 -197.657
26 41 60.9645
26 42 -876.605
26 43 -59.5828
26 44 -86.88
26 45 412.591
26 46 -391.302
26 47 -902.681
26 48 912.979
26 49 -925.887
26 50 -581.405
27 1 -54.0257
27 2 529.902
27 3 750.356
27 4 -222.328
27 5 -180.069
27 6 739.486
27 7 576.374
27 8 -912.452
27 9 -934.375
27 10 841.347
27 11 636.77
27 12 149.268
27 13 -863.903
27 14 -73.0177
27 15 310.792
27 16 -143.429
27 17 -758.257
27 18 -328.219
27 19 -348.249
27 20 -181.168
27 21 252.228
27 22 -614.809
27 23 -19.8279
27 24 -670.625
27 25 -473.987
27 26 264.564
27 28 876.705
27 29 -866.896
27 30 -631.053
27 31 780.89
27 32 -233.198
27 33 -578.779
27 34 793.225
27 35 143.833
27 36 -713.128
27 37 495.338
27 38 -726.135
27 39 -223.61
27 40 607.153
27 41 -464.888
27 42 199.038
27 43 -263.365
27 44 -90.3609
27 45 -84.4984
27 46 673.472
27 47 29.0872
27 48 212.962
27 49 493.567
27 50 -604.427
28 1 -261.716
28 2 -286.998
28 3 -678.563
28 4 -723.082
28 5 -73.0177
28 6 848.858
28 7 -784.699
28 8 489.842
28 9 -771.203
28 10 -739.448
28 11 -389.958
28 12 640.373
28 13 84.3533
28 14 851.545
28 15 151.161
28 16 -248.282
28 17 542.604
28 18 108.17
28 19 451.675
28 20 742.234
28 21 -417.622
28 22 -94.2692
28 23 -544.703
28 24 -919.414
28 25 881.285
28 26 -49.751
28 27 845.133
28 29 327.036
28 30 963.726
28 31 68.2315
28 32 -76.9871
28 33 -787.019
28 34 685.136
28 35 -478.628
28 36 423.156
28 37 988.947
28 38 -30.6979
28 39 538.635
28 40 664.556
28 41 683.853
28 42 749.012
28 43 -756.547
28 44 -492.918
28 45 -995.26
28 46 38.3084
28 47 184.138
28 48 -463.545
28 49 535.826
28 50 88.1395
29 1 -375.974
29 2 -88.0403
29 3 927.818
29 4 -456.583
29 5 -185.932
29 6 324.959
29 7 784.676
29 8 557.932
29 9 -596.122
29 10 498.819
29 11 912.246
29 12 -212.618
29 13 202.397
29 14 669.136
29 15 626.083
29 16 217.603
29 17 -542.627
29 18 -519.177
29 19 -191.367
29 20 -257.625
29 21 -140.192
29 22 745.348
29 23 398.607
29 24 -549.406
29 25 439.95
29 26 -519.849
29 27 -2.36256
29 28 -455.972
29 30 560.375
29 31 695.517
29 32 -706.593
29 33 -168.833
29 34 184.809
29 35 -670.991
29 36 -27.2781
29 37 733.684
29 38 611.122
29 39 806.904
29 40 818.324
29 41 -260.739
29 42 855.453
29 43 627.061
29 44 679.579
29 45 -752.883
29 46 -121.75
29 47 441.232
29 48 1.72897
29 49 730.997
29 50 -160.894
30 1 -957.825
30 2 -401.011
30 3 -836.484
30 4 560.985
30 5 -284.8
30 6 362.577
30 7 652.343
30 8 400.927
30 9 373.142
30 10 587.794
30 11 -808.82
30 12 -288.83
30 13 -69.4147
30 14 614.297
30 15 -490.598
30 16 76.1703
30 17 -656.64
30 18 -542.505
30 19 -87.1854
30 20 -488.216
30 21 752.188
30 22 -871.842
30 23 85.819
30 24 824.064
30 25 -834.225
30 26 -682.044
30 27 -223.732
30 28 -703.357
30 29 137.726
30 31 147.436
30 32 -694.685
30 33 922.017
30 34 -158.39
30 35 -342.142
30 36 -161.321
30 37 -674.533
30 38 -980.298
30 39 -259.152
30 40 355.615
30 41 616.923
30 42 -784.882
30 43 -817.981
30 44 -743.234
30 45 307.189
30 46 735.211
30 47 -479.239
30 48 -451.575
30 49 -477.651
30 50 783.027
31 1 399.645
31 2 -469.224
31 3 672.006
31 4 -801.126
31 5 100.903
31 6 -56.102
31 7 -231.488
31 8 241.663
31 9 -44.5602
31 10 -505.559
31 11 -403.698
31 12 -155.947
31 13 306.578
31 14 -288.403
31 15 898.017
31 16 799.821
31 17 721.593
31 18 -941.093
31 19 -222.328
31 20 -708.486
31 21 137.238
31 22 -748.364
31 23 514.941
31 24 -773.89
31 25 -372.432
31 26 -294.876
31 27 -45.7816
31 28 -213.229
31 29 -522.963
31 30 -939.505
31 32 686.174
31 33 661.686
31 34 -747.997
31 35 -276.128
31 36 -819.446
31 37 375.218
31 38 556.528
31 39 348.715
31 40 86.0022
31 41 164.718
31 42 -845.888
31 43 210.763
31 44 853.01
31 45 833.896
31 46 160.016
31 47 405.63
31 48 -102.391
31 49 -975.84
31 50 962.443
32 1 -194.359
32 2 476.895
32 3 350.302
32 4 -408.645
32 5 720.616
32 6 -540.673
32 7 -188.435
32 8 -794.347
32 9 187.985
32 10 -803.019
32 11 954.077
32 12 382.974
32 13 -153.138
32 14 -335.364
32 15 182.489
32 16 -91.399
32 17 315.799
32 18 -931.688
32 19 -307.578
32 20 -246.022
32 21 -978.71
32 22 109.147
32 23 -565.222
32 24 917.681
32 25 -580.611
32 26 78.3687
32 27 -434.171
32 28 -173.474
32 29 530.879
32 30 -10.2403
32 31 -186.054
32 33 -8.83572
32 34 745.715
32 35 920.49
32 36 -798.134
32 37 582.481
32 38 826.385
32 39 754.142
32 40 564.466
32 41 638.053
32 42 44.293
32 43 -481.865
32 44 -711.357
32 45 575.031
32 46 394.576
32 47 496.498
32 48 736.371
32 49 -302.326
32 50 817.469
33 1 -698.899
33 2 -247.06
33 3 -609.007
33 4 373.569
33 5 109.147
33 6 740.28
33 7 682.632
33 8 305.235
33 9 -776.027
33 10 -310.326
33 11 -137.444
33 12 -81.0786
33 13 -821.278
33 14 651.61
33 15 857.591
33 16 233.297
33 17 -457.316
33 18 43.1938
33 19 24.5072
33 20 322.822
33 21 -363.455
33 22 -735.539
33 23 80.3229
33 24 301.448
33 25 -663.724
33 26 -965.459
33 27 828.644
33 28 -121.627
33 29 -846.194
33 30 -100.376
33 31 -613.221
33 32 427.125
33 34 -217.381
33 35 345.234
33 36 -398.202
33 37 -499.88
33 38 294.548
33 39 954.016
33 40 -674.167
33 41 -262.816
33 42 -821.4
33 43 40.3236
33 44 -738.776
33 45 -910.986
33 46 -591.603
33 47 -792.638
33 48 45.7587
33 49 311.891
33 50 -282.296
34 1 255.342
34 2 -728.883
34 3 651.488
34 4 -714.471
34 5 -118.086
34 6 -871.354
34 7 -326.875
34 8 9.11814
34 9 -379.455
34 10 355.737
34 11 162.153
34 12 -449.743
34 13 -561.619
34 14 -819.507
34 15 31.591
34 16 -646.442
34 17 444.774
34 18 958.535
34 19 187.619
34 20 811.485
34 21 -862.438
34 22 -837.461
34 23 274.762
34 24 -232.16
34 25 640.74
34 26 -545.497
34 27 -751.6
34 28 559.153
34 29 -657.923
34 30 -519.971
34 31 711.334
34 32 -245.106
34 33 408.317
34 35 113.91
34 36 -60.0714
34 37 816.37
34 38 571.55
34 39 817.225
34 40 562.512
34 41 -169.871
34 42 -337.379
34 43 807.027
34 44 -204.618
34 45 -466.232
34 46 -694.746
34 47 721.837
34 48 204.901
34 49 -206.267
34 50 215.282
35 1 468.896
35 2 907.483
35 3 -257.564
35 4 543.215
35 5 -55.8577
35 6 162.52
35 7 -245.839
35 8 700.952
35 9 310.853
35 10 290.945
35 11 447.644
35 12 -898.834
35 13 521.963
35 14 848.858
35 15 902.292
35 16 259.312
35 17 779.852
35 18 -995.565
35 19 -721.311
35 20 -324.188
35 21 -386.6
35 22 -943.23
35 23 31.9574
35 24 966.046
35 25 269.022
35 26 16.5073
35 27 891.91
35 28 -359.608
35 29 -912.208
35 30 -792.76
35 31 -181.29
35 32 -992.573
35 33 -419.576
35 34 818.813
35 36 -890.651
35 37 605.504
35 38 859.056
35 39 -666.35
35 40 839.148
35 41 619.061
35 42 135.528
35 43 797.561
35 44 830.171
35 45 719.7
35 46 -31.7971
35 47 -171.153
35 48 -656.945
35 49 753.776
35 50 -66.1171
36 1 -650.778
36 2 -335.059
36 3 -273.197
36 4 -572.978
36 5 935.94
36 6 784.065
36 7 520.803
36 8 -733.219
36 9 750.783
36 10 -653.404
36 11 771.73
36 12 798.905
36 13 989.557
36 14 -917.826
36 15 -638.808
36 16 178.397
36 17 -231.183
36 18 871.88
36 19 949.864
36 20 533.078
36 21 -590.443
36 22 -340.738
36 23 -19.6447
36 24 -327.303
36 25 36.8428
36 26 -601.557
36 27 617.107
36 28 55.7737
36 29 445.385
36 30 202.458
36 31 22.9194
36 32 680.556
36 33 -835.69
36 34 901.803
36 35 -557.894
36 37 -397.164
36 38 -339.15
36 39 -808.088
36 40 507.246
36 41 764.34
36 42 610.267
36 43 562.39
36 44 -787.569
36 45 -193.443
36 46 -815.416
36 47 176.749
36 48 -998.557
36 49 583.703
36 50 293.449
37 1 923.849
37 2 -612.855
37 3 -969.794
37 4 -302.021
37 5 -207.916
37 6 -441.866
37 7 104.078
37 8 -33.6291
37 9 -215.244
37 10 -597.283
37 11 457.842
37 12 -823.477
37 13 -461.59
37 14 -612.672
37 15 559.153
37 16 -671.541
37 17 -147.764
37 18 -272.098
37 19 924.032
37 20 386.088
37 21 -697.983
37 22 291.861
37 23 159.222
37 24 896.002
37 25 136.139
37 26 -332.372
37 27 -495.361
37 28 -881.002
37 29 629.992
37 30 843.301
37 31 -445.102
37 32 -386.6
37 33 -901.399
37 34 -81.0175
37 35 -146.238
37 36 -806.011
37 38 -250.114
37 39 -687.052
37 40 -952.94
37 41 -770.531
37 42 -444.43
37 43 -125.719
37 44 284.777
37 45 191.954
37 46 350.058
37 47 -645.465
37 48 -452.247
37 49 -592.519
37 50 -679.846
38 1 -323.028
38 2 -391.18
38 3 -50.667
38 4 95.773
38 5 429.019
38 6 -710.319
38 7 -405.347
38 8 -394.783
38 9 -974.13
38 10 723.12
38 11 -196.557
38 12 908.399
38 13 985.71
38 14 290.578
38 15 -360.646
38 16 -830.866
38 17 731.364
38 18 -58.85
38 19 582.176
38 20 984.245
38 21 393.172
38 22 559.947
38 23 -841.614
38 24 217.236
38 25 -985.916
38 26 85.2083
38 27 -655.541
38 28 571.428
38 29 -380.737
38 30 63.0408
38 31 -345.135
38 32 45.5144
38 33 570.878
38 34 -683.143
38 35 878.842
38 36 -508.429
38 37 660.342
38 39 431.889
38 40 -617.068
38 41 444.53
38 42 366.424
38 43 -272.77
38 44 -63.9797
38 45 415.523
38 46 717.99
38 47 423.706
38 48 968.856
38 49 843.85
38 50 198.0
39 1 -331.15
39 2 231.099
39 3 -118.574
39 4 -867.506
39 5 -866.59
39 6 -227.763
39 7 -788.851
39 8 -4.74419
39 9 -155.092
39 10 178.397
39 11 -925.582
39 12 -936.757
39 13 957.497
39 14 -989.031
39 15 704.983
39 16 -123.582
39 17 -857.125
39 18 -613.099
39 19 347.86
39 20 -85.5976
39 21 296.502
39 22 -376.707
39 23 64.3843
39 24 952.978
39 25 223.465
39 26 -96.9562
39 27 -507.208
39 28 516.467
39 29 26.0338
39 30 885.071
39 31 -233.564
39 32 882.201
39 33 851.972
39 34 200.076
39 35 -231.183
39 36 -944.39
39 37 -298.662
39 38 -223.183
39 40 -80.529
39 41 175.283
39 42 988.092
39 43 -77.6588
39 44 -328.83
39 45 -242.663
39 46 -479.789
39 47 -894.865
39 48 -87.4296
39 49 -749.707
39 50 -380.126
40 1 -622.564
40 2 457.781
40 3 309.082
40 4 34.0337
40 5 366.058
40 6 -185.382
40 7 237.816
40 8 -647.663
40 9 -221.595
40 10 -580.306
40 11 44.4762
40 12 -392.767
40 13 -639.847
40 14 -477.834
40 15 -468.186
40 16 740.463
40 17 234.518
40 18 909.803
40 19 873.407
40 20 -369.134
40 21 566.909
40 22 -341.348
40 23 -899.689
40 24 373.813
40 25 -505.803
40 26 -892.544
40 27 958.535
40 28 -518.811
40 29 253.327
40 30 221.816
40 31 536.742
40 32 718.051
40 33 439.583
40 34 553.841
40 35 -852.85
40 36 -768.333
40 37 348.409
40 38 982.474
40 39 -137.994
40 41 -305.074
40 42 -676.854
40 43 412.713
40 44 153.604
40 45 114.46
40 46 -944.818
40 47 -368.035
40 48 -914.589
40 49 23.6522
40 50 -232.77
41 1 503.521
41 2 481.659
41 3 729.227
41 4 223.038
41 5 -315.212
41 6 506.147
41 7 301.754
41 8 -500.735
41 9 -930.772
41 10 -890.223
41 11 -995.015
41 12 -542.505
41 13 121.666
41 14 -235.641
41 15 -156.314
41 16 -151.245
41 17 305.112
41 18 922.688
41 19 -84.6205
41 20 996.336
41 21 790.599
41 22 -346.906
41 23 -732.852
41 24 -13.2326
41 25 -375.913
41 26 882.445
41 27 931.788
41 28 -683.021
41 29 -446.14
41 30 668.098
41 31 829.133
41 32 -80.529
41 33 689.288
41 34 967.39
41 35 -762.043
41 36 -485.346
41 37 -809.675
41 38 312.074
41 39 507.49
41 40 230.183
41 42 179.435
41 43 -153.627
41 44 696.006
41 45 410.454
41 46 39.6519
41 47 -847.354
41 48 -156.375
41 49 570.878
41 50 318.975
42 1 -688.517
42 2 546.757
42 3 421.568
42 4 401.294
42 5 -373.836
42 6 -475.514
42 7 905.04
42 8 -853.705
42 9 -544.459
42 10 -120.284
42 11 180.29
42 12 684.708
42 13 -410.66
42 14 719.517
42 15 -501.406
42 16 542.36
42 17 602.756
42 18 -159.184
42 19 -100.864
42 20 -693.83
42 21 628.099
42 22 164.046
42 23 -334.142
42 24 -3.15644
42 25 -13.599
42 26 -407.851
42 27 -511.299
42 28 340.654
42 29 -892.483
42 30 -1000.39
42 31 -743.906
42 32 139.619
42 33 -817.126
42 34 25.1178
42 35 -574.993
42 36 914.2
42 37 -15.9806
42 38 -641.679
42 39 901.132
42 40 8.6296
42 41 288.869
42 43 -781.218
42 44 366.485
42 45 356.592
42 46 -649.434
42 47 696.922
42 48 -999.412
42 49 75.865
42 50 848.797
43 1 -345.196
43 2 -480.582
43 3 -900.3
43 4 -250.358
43 5 -117.536
43 6 -525.284
43 7 -980.787
43 8 -462.751
43 9 -826.774
43 10 -240.221
43 11 -673.922
43 12 222.671
43 13 -967.291
43 14 245.999
43 15 249.175
43 16 591.031
43 17 -311.425
43 18 -504.948
43 19 -635.633
43 20 -884.056
43 21 -901.521
43 22 486.422
43 23 176.382
43 24 982.229
43 25 -353.806
43 26 -714.96
43 27 -158.879
43 28 -361.379
43 29 -800.637
43 30 609.656
43 31 241.053
43 32 352.928
43 33 236.961
43 34 -792.393
43 35 -423.118
43 36 162.031
43 37 -288.83
43 38 -988.725
43 39 683.426
43 40 -305.624
43 41 -645.159
43 42 976.978
43 44 -763.203
43 45 -722.96
43 46 -899.689
43 47 -434.66
43 48 66.7659
43 49 776.31
43 50 -688.151
44 1 807.149
44 2 728.616
44 3 -399.118
44 4 513.047
44 5 -140.131
44 6 553.78
44 7 323.494
44 8 295.647
44 9 -965.825
44 10 347.432
44 11 327.891
44 12 105.483
44 13 194.214
44 14 925.986
44 15 951.451
44 16 -420.126
44 17 483.491
44 18 -320.036
44 19 535.765
44 20 -864.209
44 21 -681.311
44 22 -640.885
44 23 840.247
44 24 490.147
44 25 -420.614
44 26 250.213
44 27 -759.539
44 28 -202.176
44 29 930.444
44 30 -50.4227
44 31 168.016
44 32 -892.422
44 33 222.488
44 34 -84.132
44 35 203.374
44 36 805.011
44 37 908.643
44 38 982.046
44 39 289.846
44 40 738.753
44 41 398.973
44 42 -979.932
44 43 -520.582
44 45 727.7
44 46 -686.808
44 47 955.726
44 48 -334.204
44 49 115.986
44 50 -448.339
45 1 289.846
45 2 -270.693
45 3 -919.963
45 4 -873.796
45 5 359.096
45 6 543.459
45 7 -632.091
45 8 698.082
45 9 480.01
45 10 -731.631
45 11 -843.018
45 12 -259.213
45 13 -808.393
45 14 383.706
45 15 -274.113
45 16 -707.876
45 17 -223.305
45 18 -124.498
45 19 616.862
45 20 -795.874
45 21 239.404
45 22 44.4152
45 23 984.794
45 24 850.323
45 25 945.161
45 26 -656.091
45 27 -183.061
45 28 -787.08
45 29 93.3913
45 30 708.586
45 31 713.349
45 32 -692.426
45 33 223.709
45 34 790.538
45 35 -95.002
45 36 852.644
45 37 -71.0635
45 38 -438.263
45 39 -782.012
45 40 146.764
45 41 -21.4767
45 42 704.616
45 43 649.9
45 44 -912.757
45 46 26.0338
45 47 227.068
45 48 253.816
45 49 255.037
45 50 -902.926
46 1 -241.992
46 2 28.2323
46 3 10.4006
46 4 43.0106
46 5 -61.537
46 6 -520.276
46 7 547.856
46 8 -859.934
46 9 358.547
46 10 -436.797
46 11 826.874
46 12 -959.963
46 13 -524.612
46 14 677.747
46 15 -667.327
46 16 237.389
46 17 951.94
46 18 -592.153
46 19 600.802
46 20 -745.616
46 21 -159.123
46 22 -294.388
46 23 430.179
46 24 736.433
46 25 -922.345
46 26 -818.53
46 27 -252.801
46 28 -379.271
46 29 -310.326
46 30 215.893
46 31 34.8886
46 32 602.634
46 33 -821.889
46 34 557.016
46 35 274.457
46 36 -953.978
46 37 -489.743
46 38 -890.651
46 39 339.31
46 40 566.909
46 41 -853.827
46 42 -407.179
46 43 773.989
46 44 -565.344
46 45 554.085
46 47 -247.304
46 48 -103.918
46 49 -977.0
46 50 -365.47
47 1 826.141
47 2 164.23
47 3 459.125
47 4 512.803
47 5 933.986
47 6 738.814
47 7 680.067
47 8 108.719
47 9 -900.727
47 10 184.138
47 11 83.8037
47 12 -48.6518
47 13 -425.377
47 14 245.388
47 15 953.161
47 16 -348.188
47 17 -843.812
47 18 632.984
47 19 841.591
47 20 -513.681
47 21 -804.912
47 22 -240.953
47 23 119.04
47 24 521.169
47 25 970.321
47 26 -637.526
47 27 -147.825
47 28 -284.617
47 29 120.505
47 30 -46.2091
47 31 -787.691
47 32 449.171
47 33 831.454
47 34 -977.428
47 35 601.595
47 36 -103.551
47 37 -558.321
47 38 951.085
47 39 -326.021
47 40 -298.54
47 41 185.909
47 42 549.993
47 43 459.125
47 44 -621.954
47 45 731.059
47 46 -814.194
47 48 748.157
47 49 881.529
47 50 220.168
48 1 -591.237
48 2 -44.316
48 3 -219.885
48 4 -503.971
48 5 -970.649
48 6 631.396
48 7 -519.421
48 8 195.313
48 9 590.115
48 10 -194.42
48 11 -78.758
48 12 399.095
48 13 -850.346
48 14 -627.511
48 15 -809.981
48 16 -465.377
48 17 344.99
48 18 -320.647
48 19 -500.124
48 20 209.42
48 21 -367.913
48 22 -478.628
48 23 -49.751
48 24 -339.883
48 25 684.037
48 26 728.616
48 27 -475.331
48 28 520.986
48 29 -154.36
48 30 524.467
48 31 756.402
48 32 -423.668
48 33 615.152
48 34 -143.612
48 35 -507.635
48 36 209.175
48 37 -939.566
48 38 874.323
48 39 -787.019
48 40 -792.21
48 41 137.604
48 42 -254.266
48 43 -681.311
48 44 -355.944
48 45 -183.55
48 46 9.11814
48 47 -156.924
48 49 485.995
48 50 984.794
49 1 629.076
49 2 18.3393
49 3 651.365
49 4 36.9649
49 5 -38.1481
49 6 -865.064
49 7 181.023
49 8 112.933
49 9 -188.802
49 10 -867.69
49 11 219.984
49 12 -101.109
49 13 756.463
49 14 -646.014
49 15 493.445
49 16 -51.3998
49 17 947.726
49 18 912.734
49 19 -31.9803
49 20 -550.871
49 21 -444.308
49 22 -907.383
49 23 -615.053
49 24 -623.603
49 25 -939.444
49 26 -756.119
49 27 -650.045
49 28 972.764
49 29 -435.698
49 30 578.695
49 31 669.747
49 32 -516.307
49 33 -678.93
49 34 -666.961
49 35 620.465
49 36 105.544
49 37 672.617
49 38 -274.968
49 39 -157.169
49 40 51.6211
49 41 -435.209
49 42 131.131
49 43 -459.697
49 44 -291.456
49 45 -145.016
49 46 941.681
49 47 -325.532
49 48 797.195
49 50 569.657
50 1 -485.101
50 2 -155.154
50 3 480.376
50 4 -677.159
50 5 682.266
50 6 -459.881
50 7 -634.9
50 8 76.9031
50 9 219.984
50 10 -552.154
50 11 323.86
50 12 419.614
50 13 -245.045
50 14 509.383
50 15 73.9719
50 16 568.008
50 17 515.368
50 18 407.462
50 19 466.575
50 20 -733.036
50 21 375.645
50 22 179.069
50 23 -598.626
50 24 784.126
50 25 -363.638
50 26 632.984
50 27 325.509
50 28 170.398
50 29 -30.759
50 30 -737.433
50 31 233.053
50 32 -998.863
50 33 -34.9726
50 34 -651.205
50 35 -875.323
50 36 759.638
50 37 -270.693
50 38 -75.094
50 39 849.713
50 40 56.5065
50 41 -43.7053
50 42 306.517
50 43 264.991
50 44 892.094
50 45 -80.4069
50 46 -134.207
50 47 671.945
50 48 115.131
50 49 -179.214
