50 2450
1
2
3
4
5
6
7
8
9
10
11
12
13
14
15
16
17
18
19
20
21
22
23
24
25
26
27
28
29
30
31
32
33
34
35
36
37
38
39
40
41
42
43
44
45
46
47
48
49
50
1 2 -852.178
1 3 -193.87
1 4 81.7274
1 5 860.583
1 6 -347.028
1 7 -938.833
1 8 955.054
1 9 -523.879
1 10 642.633
1 11 -48.896
1 12 -398.08
1 13 925.742
1 14 101.269
1 15 216.381
1 16 705.41
1 17 449.354
1 18 -550.016
1 19 -846.499
1 20 700.036
1 21 757.501
1 22 -494.384
1 23 481.659
1 24 933.803
1 25 -689.983
1 26 376.562
1 27 -599.908
1 28 221.694
1 29 -600.885
1 30 -22.1484
1 31 -201.87
1 32 996.031
1 33 453.262
1 34 859.911
1 35 523.063
1 36 226.152
1 37 14.0035
1 38 24.1408
1 39 669.686
1 40 -686.685
1 41 821.866
1 42 -566.688
1 43 817.225
1 44 130.215
1 45 -565.161
1 46 -116.192
1 47 150.612
1 48 -600.58
1 49 -159.001
1 50 -60.5599
2 1 409.416
2 3 608.985
2 4 474.758
2 5 614.603
2 6 593.901
2 7 -371.699
2 8 98.4599
2 9 -515.208
2 10 -625.74
2 11 -757.951
2 12 976.184
2 13 927.269
2 14 -862.621
2 15 761.714
2 16 770.875
2 17 156.535
2 18 603.061
2 19 -83.3992
2 20 -381.287
2 21 -227.458
2 22 -47.1251
2 23 -781.096
2 24 -195.702
2 25 479.399
2 26 -584.336
2 27 -30.5758
2 28 476.224
2 29 679.518
2 30 -770.043
2 31 107.193
2 32 847.881
2 33 628.954
2 34 -64.1629
2 35 -910.376
2 36 314.639
2 37 -164.741
2 38 926.841
2 39 -13.8433
2 40 927.024
2 41 -608.702
2 42 201.237
2 43 -32.1025
2 44 653.136
2 45 -71.8574
2 46 -746.776
2 47 -602.412
2 48 878.231
2 49 877.193
2 50 34.0337
3 1 690.632
3 2 565.199
3 4 -271.793
3 5 -76.4375
3 6 -862.743
3 7 526.604
3 8 976.123
3 9 -341.959
3 10 891.483
3 11 234.824
3 12 -574.199
3 13 138.826
3 14 277.999
3 15 616.435
3 16 -426.416
3 17 -934.925
3 18 -350.875
3 19 -739.509
3 20 -282.724
3 21 -665.678
3 22 -58.789
3 23 -510.811
3 24 511.887
3 25 133.513
3 26 -862.682
3 27 -288.403
3 28 640.129
3 29 672.678
3 30 825.225
3 31 516.956
3 32 -705.189
3 33 -508.429
3 34 20.8431
3 35 -70.3918
3 36 158.306
3 37 -720.211
3 38 472.926
3 39 275.983
3 40 557.688
3 41 140.841
3 42 603.733
3 43 -914.589
3 44 501.445
3 45 -753.982
3 46 300.288
3 47 -517.712
3 48 -731.692
3 49 -182.878
3 50 -270.938
4 1 485.445
4 2 246.427
4 3 -639.236
4 5 366.669
4 6 669.93
4 7 -302.082
4 8 112.505
4 9 -571.085
4 10 -379.516
4 11 156.902
4 12 -391.79
4 13 -101.231
4 14 616.679
4 15 124.292
4 16 339.188
4 17 -680.273
4 18 978.81
4 19 767.394
4 20 409.111
4 21 -434.66
4 22 -471.239
4 23 -704.151
4 24 148.413
4 25 752.982
4 26 -408.706
4 27 -281.808
4 28 611.672
4 29 -500.674
4 30 970.199
4 31 644.709
4 32 897.956
4 33 710.479
4 34 -654.075
4 35 845.866
4 36 235.618
4 37 -928.757
4 38 536.925
4 39 241.663
4 40 -233.564
4 41 -543.238
4 42 35.4382
4 43 -988.542
4 44 -36.3161
4 45 414.729
4 46 -706.838
4 47 514.025
4 48 626.206
4 49 -62.9416
4 50 -837.034
5 1 697.044
5 2 -616.946
5 3 -304.952
5 4 -50.667
5 6 -298.845
5 7 -347.15
5 8 922.566
5 9 501.384
5 10 329.173
5 11 -20.7439
5 12 139.497
5 13 -212.13
5 14 -930.894
5 15 -299.823
5 16 -90.1166
5 17 -609.801
5 18 375.768
5 19 875.911
5 20 805.133
5 21 348.226
5 22 -130.055
5 23 -588.611
5 24 -226.664
5 25 799.637
5 26 -824.942
5 27 -672.823
5 28 -896.758
5 29 -147.642
5 30 51.1937
5 31 -910.376
5 32 -841.919
5 33 125.269
5 34 527.093
5 35 -35.0337
5 36 -922.65
5 37 388.225
5 38 719.944
5 39 -685.83
5 40 633.167
5 41 752.127
5 42 -978.283
5 43 783.699
5 44 -579.939
5 45 -164.68
5 46 350.608
5 47 307.494
5 48 584.313
5 49 351.951
5 50 -865.43
6 1 -114.177
6 2 -749.951
6 3 548.894
6 4 749.44
6 5 51.3769
6 7 868.644
6 8 -57.2623
6 9 55.102
6 10 977.283
6 11 -364.249
6 12 785.164
6 13 761.776
6 14 -843.324
6 15 208.626
6 16 -308.861
6 17 274.762
6 18 -397.836
6 19 867.728
6 20 884.033
6 21 -265.014
6 22 480.254
6 23 -656.945
6 24 -532.429
6 25 -75.5825
6 26 143.955
6 27 -519.666
6 28 197.45
6 29 730.936
6 30 -512.704
6 31 -74.7887
6 32 151.528
6 33 860.216
6 34 -440.95
6 35 -969.062
6 36 771.058
6 37 -518.628
6 38 -623.969
6 39 -831.904
6 40 -315.761
6 41 496.132
6 42 -124.253
6 43 618.389
6 44 -230.511
6 45 -893.704
6 46 940.154
6 47 248.686
6 48 -123.276
6 49 -605.771
6 50 -568.459
7 1 -845.583
7 2 662.358
7 3 570.146
7 4 -816.271
7 5 449.965
7 6 -38.5756
7 8 599.947
7 9 869.743
7 10 -604.611
7 11 -853.644
7 12 891.666
7 13 697.838
7 14 -936.513
7 15 898.933
7 16 723.364
7 17 -124.375
7 18 -292.372
7 19 -166.146
7 20 -892.117
7 21 -234.969
7 22 -961.306
7 23 430.057
7 24 781.134
7 25 676.77
7 26 -405.653
7 27 -326.387
7 28 -12.744
7 29 -762.409
7 30 378.088
7 31 884.827
7 32 779.18
7 33 277.144
7 34 969.894
7 35 137.055
7 36 -517.223
7 37 149.207
7 38 -715.082
7 39 -268.067
7 40 49.1784
7 41 -545.314
7 42 -821.4
7 43 144.322
7 44 -49.1403
7 45 81.2389
7 46 -932.421
7 47 889.59
7 48 -664.762
7 49 502.727
7 50 -223.061
8 1 -254.266
8 2 -893.277
8 3 283.8
8 4 782.905
8 5 772.829
8 6 630.053
8 7 -282.113
8 9 -953.184
8 10 551.703
8 11 740.646
8 12 -460.308
8 13 -367.058
8 14 -896.33
8 15 757.318
8 16 649.533
8 17 277.266
8 18 910.048
8 19 -829.034
8 20 784.92
8 21 -879.292
8 22 467.003
8 23 712.494
8 24 84.2312
8 25 -219.03
8 26 -162.482
8 27 -534.444
8 28 470.483
8 29 943.451
8 30 607.763
8 31 746.387
8 32 795.118
8 33 674.693
8 34 -298.907
8 35 -606.687
8 36 685.685
8 37 638.419
8 38 -507.452
8 39 -799.721
8 40 -973.031
8 41 395.981
8 42 -355.944
8 43 -859.873
8 44 20.8431
8 45 988.886
8 46 -886.743
8 47 -904.513
8 48 747.486
8 49 -18.0569
8 50 -231.854
9 1 769.653
9 2 -812.79
9 3 -834.591
9 4 39.9572
9 5 465.109
9 6 627.793
9 7 -910.254
9 8 62.308
9 10 -570.596
9 11 -616.702
9 12 -368.768
9 13 725.013
9 14 440.133
9 15 -205.29
9 16 772.462
9 17 82.3992
9 18 320.99
9 19 -589.344
9 20 783.699
9 21 -440.95
9 22 -911.719
9 23 319.341
9 24 -3.09537
9 25 -618.839
9 26 -599.542
9 27 -456.827
9 28 -645.159
9 29 -321.868
9 30 -999.962
9 31 457.171
9 32 -74.8497
9 33 689.594
9 34 -151.734
9 35 143.1
9 36 565.566
9 37 513.963
9 38 621.748
9 39 643.305
9 40 -68.0712
9 41 -158.818
9 42 273.785
9 43 -972.604
9 44 13.9425
9 45 99.8034
9 46 -659.632
9 47 232.931
9 48 -619.939
9 49 459.308
9 50 679.518
10 1 -411.088
10 2 -667.571
10 3 127.772
10 4 326.914
10 5 995.359
10 6 -855.354
10 7 -620.488
10 8 170.764
10 9 -342.264
10 11 -417.439
10 12 -249.625
10 13 -887.659
10 14 -647.907
10 15 886.048
10 16 836.461
10 17 418.21
10 18 -877.583
10 19 403.126
10 20 137.604
10 21 -66.7277
10 22 -624.152
10 23 69.6361
10 24 -615.359
10 25 866.751
10 26 297.296
10 27 908.765
10 28 -221.045
10 29 -190.817
10 30 526.421
10 31 747.303
10 32 -411.515
10 33 -303.364
10 34 -964.848
10 35 339.005
10 36 541.505
10 37 384.928
10 38 144.016
10 39 72.3841
10 40 443.675
10 41 537.902
10 42 602.572
10 43 458.026
10 44 470.728
10 45 -487.972
10 46 695.212
10 47 579.733
10 48 560.008
10 49 925.437
10 50 287.098
11 1 -300.311
11 2 -651.938
11 3 589.687
11 4 -239.793
11 5 203.924
11 6 91.4372
11 7 514.086
11 8 773.317
11 9 -930.65
11 10 997.069
11 12 -356.249
11 13 780.279
11 14 56.6287
11 15 -584.275
11 16 -961.367
11 17 254.121
11 18 -208.893
11 19 330.822
11 20 170.581
11 21 543.52
11 22 -52.0105
11 23 564.344
11 24 26.5835
11 25 -698.655
11 26 704.555
11 27 -834.652
11 28 -284.067
11 29 -567.359
11 30 -339.578
11 31 -601.496
11 32 253.633
11 33 482.575
11 34 -585.802
11 35 771.302
11 36 216.259
11 37 416.194
11 38 -27.3392
11 39 546.268
11 40 960.367
11 41 724.585
11 42 -808.882
11 43 -826.958
11 44 80.5672
11 45 786.752
11 46 -568.214
11 47 -927.047
11 48 809.775
11 49 435.308
11 50 -383.058
12 1 -786.225
12 2 29.2704
12 3 657.533
12 4 879.575
12 5 921.345
12 6 600.313
12 7 -631.358
12 8 984.306
12 9 -648.701
12 10 679.151
12 11 203.008
12 13 -279.792
12 14 79.529
12 15 -274.724
12 16 -756.73
12 17 443.125
12 18 -783.416
12 19 -122.482
12 20 -348.982
12 21 -47.98
12 22 521.963
12 23 385.783
12 24 -892.91
12 25 -96.2844
12 26 -81.2008
12 27 -207.733
12 28 25.6674
12 29 -66.6667
12 30 881.224
12 31 -452.43
12 32 -543.055
12 33 -318.753
12 34 -902.803
12 35 -256.404
12 36 637.931
12 37 -90.0555
12 38 -119.49
12 39 658.022
12 40 -896.025
12 41 -104.529
12 42 730.997
12 43 792.92
12 44 -671.968
12 45 -712.822
12 46 515.49
12 47 -900.483
12 48 793.592
12 49 -381.653
12 50 -313.929
13 1 75.2543
13 2 -538.658
13 3 -345.257
13 4 979.42
13 5 -590.687
13 6 -433.194
13 7 -225.809
13 8 -971.504
13 9 890.811
13 10 -334.936
13 11 -442.232
13 12 345.417
13 14 232.747
13 15 -113.567
13 16 -213.901
13 17 74.3993
13 18 534.482
13 19 324.043
13 20 -977.916
13 21 997.863
13 22 -963.443
13 23 -504.399
13 24 -23.8583
13 25 -807.477
13 26 -113.261
13 27 821.255
13 28 -171.642
13 29 -192.893
13 30 574.237
13 31 40.5069
13 32 -287.67
13 33 -634.778
13 34 748.28
13 35 -469.835
13 36 -468.064
13 37 65.6667
13 38 -912.33
13 39 434.454
13 40 -691.815
13 41 488.132
13 42 923.177
13 43 560.375
13 44 -759.295
13 45 161.848
13 46 279.525
13 47 976.733
13 48 -328.83
13 49 425.171
13 50 -942.253
14 1 -757.646
14 2 -864.026
14 3 -987.687
14 4 -987.382
14 5 218.641
14 6 -300.372
14 7 816.553
14 8 -771.691
14 9 378.943
14 10 -253.289
14 11 244.045
14 12 782.05
14 13 583.153
14 15 -567.176
14 16 -370.661
14 17 -728.333
14 18 -772.363
14 19 972.336
14 20 -883.201
14 21 915.238
14 22 728.433
14 23 949.925
14 24 467.003
14 25 875.85
14 26 -747.692
14 27 855.636
14 28 212.778
14 29 -459.27
14 30 667.67
14 31 -986.527
14 32 618.145
14 33 -589.222
14 34 609.046
14 35 108.414
14 36 -143.673
14 37 298.334
14 38 -364.982
14 39 -522.292
14 40 -134.635
14 41 -477.285
14 42 -611.878
14 43 384.317
14 44 -698.96
14 45 795.241
14 46 705.166
14 47 -573.833
14 48 40.1404
14 49 462.056
14 50 -387.454
15 1 299.8
15 2 657.228
15 3 821.133
15 4 155.253
15 5 -923.261
15 6 -675.754
15 7 -828.728
15 8 -26.9728
15 9 -790.073
15 10 -432.522
15 11 308.166
15 12 -411.943
15 13 -571.329
15 14 -691.754
15 16 -874.896
15 17 -676.792
15 18 733.257
15 19 644.953
15 20 -958.375
15 21 796.645
15 22 -340.31
15 23 793.836
15 24 912.063
15 25 924.215
15 26 19.0111
15 27 -356.799
15 28 122.765
15 29 -621.71
15 30 276.228
15 31 347.066
15 32 568.863
15 33 -570.23
15 34 779.241
15 35 395.004
15 36 -825.919
15 37 -890.895
15 38 9.85095
15 39 -392.401
15 40 -327.73
15 41 638.847
15 42 54.1249
15 43 484.59
15 44 -691.876
15 45 -945.612
15 46 468.712
15 47 -659.755
15 48 -828.606
15 49 -23.3698
15 50 742.234
16 1 -318.448
16 2 -167.672
16 3 -560.886
16 4 532.406
16 5 240.381
16 6 974.596
16 7 -254.388
16 8 -132.192
16 9 -879.659
16 10 712.555
16 11 264.075
16 12 503.155
16 13 487.094
16 14 -719.112
16 15 -887.353
16 17 610.328
16 18 -771.447
16 19 782.905
16 20 673.167
16 21 2.70605
16 22 50.2166
16 23 -324.127
16 24 854.659
16 25 71.5292
16 26 407.401
16 27 -292.189
16 28 -929.795
16 29 -377.989
16 30 -255.549
16 31 -42.4229
16 32 845.255
16 33 805.195
16 34 459.613
16 35 -306.235
16 36 -10.0571
16 37 318.975
16 38 -966.924
16 39 728.066
16 40 303.403
16 41 84.5976
16 42 772.646
16 43 947.909
16 44 -292.189
16 45 565.749
16 46 584.802
16 47 -273.747
16 48 782.966
16 49 931.849
16 50 -755.447
17 1 888.613
17 2 614.236
17 3 -751.722
17 4 -427.026
17 5 -81.8114
17 6 -87.4907
17 7 885.621
17 8 -31.2475
17 9 -891.017
17 10 326.73
17 11 317.692
17 12 -261.289
17 13 -672.273
17 14 -107.582
17 15 528.803
17 16 -343.303
17 18 89.0555
17 19 -439.484
17 20 -818.836
17 21 188.596
17 22 627.183
17 23 732.83
17 24 -239.915
17 25 824.309
17 26 -349.959
17 27 745.654
17 28 860.155
17 29 952.306
17 30 468.102
17 31 246.488
17 32 -181.474
17 33 -284.556
17 34 -827.751
17 35 -610.84
17 36 -121.994
17 37 -714.654
17 38 572.772
17 39 794.019
17 40 -945.367
17 41 989.313
17 42 -446.812
17 43 200.992
17 44 -80.9565
17 45 729.532
17 46 566.237
17 47 771.791
17 48 457.842
17 49 -859.629
17 50 918.169
18 1 -47.98
18 2 -780.852
18 3 908.154
18 4 564.039
18 5 857.591
18 6 924.276
18 7 689.533
18 8 80.0175
18 9 -902.376
18 10 -281.014
18 11 88.3838
18 12 -493.04
18 13 -1000.27
18 14 285.082
18 15 -899.078
18 16 -245.289
18 17 143.589
18 19 -41.2626
18 20 484.346
18 21 -750.928
18 22 164.779
18 23 78.9794
18 24 474.88
18 25 -482.231
18 26 760.005
18 27 -270.938
18 28 308.838
18 29 391.706
18 30 821.439
18 31 73.9108
18 32 -34.6062
18 33 517.566
18 34 -348.493
18 35 469.628
18 36 581.565
18 37 -132.07
18 38 188.535
18 39 541.871
18 40 969.711
18 41 -66.7277
18 42 -824.332
18 43 -585.496
18 44 681.472
18 45 283.495
18 46 227.435
18 47 281.174
18 48 -950.253
18 49 -809.798
18 50 707.914
19 1 -504.093
19 2 652.587
19 3 998.168
19 4 381.142
19 5 391.828
19 6 621.442
19 7 -81.3229
19 8 756.524
19 9 988.092
19 10 258.396
19 11 962.871
19 12 -932.36
19 13 -203.336
19 14 372.592
19 15 -337.44
19 16 -165.23
19 17 905.59
19 18 787.302
19 20 -693.769
19 21 -74.8497
19 22 517.628
19 23 -547.635
19 24 -655.785
19 25 76.4756
19 26 155.253
19 27 -395.638
19 28 -327.364
19 29 798.538
19 30 695.395
19 31 397.874
19 32 474.025
19 33 -399.607
19 34 433.354
19 35 -538.719
19 36 302.975
19 37 -515.513
19 38 -634.534
19 39 810.935
19 40 108.536
19 41 -368.768
19 42 871.941
19 43 546.451
19 44 -126.208
19 45 227.312
19 46 983.817
19 47 -209.137
19 48 -433.866
19 49 364.653
19 50 438.606
20 1 -710.746
20 2 -916.299
20 3 954.077
20 4 -307.761
20 5 -884.972
20 6 885.987
20 7 -416.462
20 8 86.3075
20 9 -79.2466
20 10 -10.5456
20 11 -729.616
20 12 -647.663
20 13 -833.858
20 14 -965.092
20 15 29.2704
20 16 650.388
20 17 771.363
20 18 -912.147
20 19 -794.286
20 21 -688.884
20 22 -387.516
20 23 -122.116
20 24 -486.384
20 25 495.887
20 26 -672.273
20 27 158.673
20 28 700.281
20 29 -72.2238
20 30 838.293
20 31 -121.872
20 32 -209.382
20 33 918.841
20 34 42.2167
20 35 843.301
20 36 -152.711
20 37 -154.482
20 38 121.421
20 39 -434.782
20 40 170.336
20 41 -708.792
20 42 879.758
20 43 985.405
20 44 -109.109
20 45 -983.413
20 46 567.703
20 47 744.616
20 48 -112.528
20 49 -35.278
20 50 627.061
21 1 715.486
21 2 963.054
21 3 -524.063
21 4 785.409
21 5 -545.253
21 6 -781.035
21 7 912.734
21 8 947.848
21 9 286.975
21 10 576.069
21 11 -137.749
21 12 -683.205
21 13 685.869
21 14 -648.885
21 15 131.742
21 16 -815.782
21 17 -337.99
21 18 868.155
21 19 -306.906
21 20 -178.848
21 22 831.576
21 23 996.153
21 24 -208.099
21 25 -83.0328
21 26 -152.161
21 27 591.947
21 28 -611.328
21 29 998.718
21 30 -93.7196
21 31 -243.091
21 32 132.719
21 33 -737.555
21 34 -18.6676
21 35 -141.047
21 36 45.148
21 37 -728.211
21 38 -494.872
21 39 251.495
21 40 -889.307
21 41 -65.3232
21 42 166.428
21 43 -368.707
21 44 956.703
21 45 220.778
21 46 513.597
21 47 972.459
21 48 -197.779
21 49 -955.81
21 50 59.3157
22 1 -36.6825
22 2 889.529
22 3 754.264
22 4 567.153
22 5 -93.0479
22 6 -454.079
22 7 658.938
22 8 -795.325
22 9 994.076
22 10 -893.888
22 11 44.293
22 12 -734.99
22 13 907.238
22 14 847.026
22 15 -899.872
22 16 -877.583
22 17 688.372
22 18 140.841
22 19 -793.798
22 20 -868.545
22 21 801.164
22 23 19.6218
22 24 -992.084
22 25 -858.224
22 26 -668.793
22 27 316.593
22 28 -272.586
22 29 324.104
22 30 -735.417
22 31 -408.095
22 32 137.543
22 33 -11.2784
22 34 770.997
22 35 24.5072
22 36 645.442
22 37 -906.101
22 38 -561.253
22 39 450.27
22 40 916.337
22 41 -880.086
22 42 404.958
22 43 -254.633
22 44 478.85
22 45 2.58391
22 46 -707.143
22 47 -263.243
22 48 749.379
22 49 -186.909
22 50 -70.6361
23 1 -176.955
23 2 -91.8876
23 3 -124.803
23 4 -254.144
23 5 502.483
23 6 -926.253
23 7 -2.72897
23 8 828.217
23 9 -12.6219
23 10 -795.874
23 11 -482.964
23 12 -469.346
23 13 -900.483
23 14 -834.835
23 15 843.056
23 16 613.442
23 17 628.526
23 18 408.927
23 19 -827.446
23 20 814.355
23 21 337.234
23 22 688.861
23 24 -905.246
23 25 -179.214
23 26 -181.107
23 27 261.816
23 28 -263.609
23 29 -439.728
23 30 371.737
23 31 -996.176
23 32 -837.4
23 33 -249.32
23 34 89.8494
23 35 -116.009
23 36 -286.815
23 37 653.32
23 38 -638.931
23 39 -774.989
23 40 952.184
23 41 960.062
23 42 951.512
23 43 -794.653
23 44 -69.1704
23 45 -242.663
23 46 -137.383
23 47 -981.336
23 48 -549.772
23 49 502.422
23 50 -833.858
24 1 145.726
24 2 -0.591601
24 3 -58.7279
24 4 978.748
24 5 163.497
24 6 68.659
24 7 -75.094
24 8 778.081
24 9 541.749
24 10 523.612
24 11 -960.39
24 12 255.953
24 13 851.056
24 14 -279.365
24 15 7.22504
24 16 876.338
24 17 829.622
24 18 -938.772
24 19 -225.015
24 20 -663.602
24 21 743.089
24 22 -337.013
24 23 253.755
24 25 -873.674
24 26 -527.36
24 27 -160.65
24 28 620.282
24 29 -646.014
24 30 776.31
24 31 79.5901
24 32 -863.964
24 33 -957.031
24 34 -855.904
24 35 -792.393
24 36 -581.893
24 37 82.1549
24 38 -284.983
24 39 417.232
24 40 -912.818
24 41 -990.741
24 42 -346.783
24 43 857.224
24 44 -248.953
24 45 833.102
24 46 -541.223
24 47 -528.032
24 48 241.114
24 49 -946.65
24 50 -374.325
25 1 773.867
25 2 53.331
25 3 -894.865
25 4 -906.101
25 5 -773.462
25 6 924.948
25 7 -628.732
25 8 935.818
25 9 -44.5602
25 10 -519.116
25 11 986.993
25 12 -299.334
25 13 434.454
25 14 902.719
25 15 600.435
25 16 -118.574
25 17 871.025
25 18 530.085
25 19 -705.677
25 20 -94.3303
25 21 -45.6594
25 22 -633.312
25 23 -159.123
25 24 -880.086
25 26 -332.31
25 27 400.378
25 28 -517.895
25 29 188.779
25 30 -159.367
25 31 -317.96
25 32 434.087
25 33 344.135
25 34 139.131
25 35 -884.483
25 36 -717.647
25 37 -63.7965
25 38 175.833
25 39 874.323
25 40 -520.337
25 41 -290.601
25 42 -571.451
25 43 391.584
25 44 108.292
25 45 -753.676
25 46 -343.425
25 47 -126.818
25 48 -885.155
25 49 19.9882
25 50 -504.032
26 1 -752.638
26 2 199.466
26 3 -515.574
26 4 -67.888
26 5 509.017
26 6 -465.865
26 7 -347.272
26 8 325.57
26 9 381.325
26 10 -477.346
26 11 586.145
26 12 -313.013
26 13 -752.089
26 14 -236.74
26 15 240.808
26 16 887.025
26 17 -721.25
26 18 420.53
26 19 -888.941
26 20 479.949
26 21 -308.983
26 22 183.771
26 23 -900.605
26 24 -153.077
26 25 88.5059
26 27 6.30903
26 28 -946.894
26 29 326.791
26 30 -189.412
26 31 805.866
26 32 411.37
26 33 31.9574
26 34 232.015
26 35 317.448
26 36 -611.389
26 37 -961.184
26 38 -54.0868
26 39 -709.586
26 40 -851.507
26 41 635.732
26 42 -224.526
26 43 209.664
26 44 384.561
26 45 -690.594
26 46 -455.972
26 47 727.944
26 48 -239.182
26 49 -818.958
26 50 -454.201
27 1 -992.451
27 2 651.304
27 3 -453.591
27 4 653.625
27 5 -848.148
27 6 -402.294
27 7 -765.585
27 8 -2.36256
27 9 -95.3074
27 10 949.619
27 11 461.262
27 12 163.375
27 13 824.675
27 14 -906.895
27 15 -138.238
27 16 829.866
27 17 -893.704
27 18 743.516
27 19 -597.954
27 20 799.515
27 21 -752.028
27 22 694.235
27 23 842.079
27 24 -647.724
27 25 735.578
27 26 -494.567
27 28 444.774
27 29 863.026
27 30 -51.1555
27 31 537.291
27 32 -373.348
27 33 -392.462
27 34 -526.933
27 35 773.256
27 36 221.877
27 37 724.952
27 38 993.222
27 39 883.483
27 40 54.7356
27 41 231.831
27 42 965.741
27 43 949.009
27 44 -485.834
27 45 67.3155
27 46 -737.31
27 47 -707.082
27 48 808.187
27 49 -925.582
27 50 -36.0718
28 1 859.606
28 2 585.474
28 3 -123.643
28 4 483.002
28 5 560.985
28 6 -375.058
28 7 569.107
28 8 230.366
28 9 58.766
28 10 264.808
28 11 -817.248
28 12 987.909
28 13 -611.572
28 14 -737.188
28 15 -157.474
28 16 180.901
28 17 -117.17
28 18 788.096
28 19 557.077
28 20 -751.051
28 21 -178.42
28 22 -793.92
28 23 -409.256
28 24 286.975
28 25 -746.104
28 26 379.248
28 27 346.638
28 29 -849.736
28 30 -576.397
28 31 -871.415
28 32 -309.532
28 33 222.427
28 34 -763.814
28 35 -410.904
28 36 -326.753
28 37 -993.428
28 38 209.969
28 39 104.689
28 40 -432.095
28 41 -237.534
28 42 339.982
28 43 -619.267
28 44 173.756
28 45 340.898
28 46 323.677
28 47 -431.667
28 48 -683.754
28 49 -567.543
28 50 574.787
29 1 965.253
29 2 489.659
29 3 404.347
29 4 468.529
29 5 27.7437
29 6 -437.041
29 7 906.689
29 8 256.747
29 9 -615.969
29 10 -488.338
29 11 453.751
29 12 -913.979
29 13 -477.895
29 14 86.2464
29 15 -847.659
29 16 -437.774
29 17 854.11
29 18 373.508
29 19 -228.007
29 20 289.418
29 21 -163.764
29 22 -818.347
29 23 337.661
29 24 833.286
29 25 -157.963
29 26 -811.568
29 27 -556.428
29 28 536.375
29 30 458.636
29 31 -217.076
29 32 -531.391
29 33 -371.943
29 34 -89.4449
29 35 549.505
29 36 -123.582
29 37 64.4453
29 38 293.388
29 39 323.921
29 40 -202.664
29 41 533.505
29 42 297.662
29 43 -237.595
29 44 75.2543
29 45 -930.833
29 46 -878.437
29 47 358.974
29 48 -36.1329
29 49 -288.953
29 50 254.915
30 1 -153.444
30 2 666.449
30 3 634.816
30 4 814.171
30 5 930.383
30 6 898.445
30 7 209.359
30 8 -866.896
30 9 -729.005
30 10 669.808
30 11 408.988
30 12 285.998
30 13 -317.227
30 14 466.758
30 15 12.4769
30 16 220.534
30 17 450.881
30 18 23.4079
30 19 -961.184
30 20 215.465
30 21 735.7
30 22 -127.917
30 23 849.591
30 24 323.25
30 25 984.977
30 26 -142.94
30 27 -650.961
30 28 -500.429
30 29 -707.326
30 31 -198.45
30 32 -255.243
30 33 -893.949
30 34 -348.615
30 35 514.818
30 36 268.411
30 37 -532.185
30 38 -982.619
30 39 324.41
30 40 -672.518
30 41 178.886
30 42 -849.308
30 43 -672.884
30 44 -488.827
30 45 -158.757
30 46 144.749
30 47 540.589
30 48 883.483
30 49 -73.0788
30 50 -404.798
31 1 139.314
31 2 -990.802
31 3 444.346
31 4 348.47
31 5 -20.4996
31 6 157.146
31 7 103.223
31 8 751.822
31 9 578.451
31 10 -911.17
31 11 665.411
31 12 361.356
31 13 -250.602
31 14 -87.0022
31 15 160.505
31 16 -966.924
31 17 -919.719
31 18 -599.053
31 19 668.403
31 20 340.41
31 21 -565.955
31 22 -765.34
31 23 -661.709
31 24 -754.715
31 25 -334.631
31 26 601.718
31 27 353.173
31 28 984.672
31 29 -257.625
31 30 -417.194
31 32 500.773
31 33 -927.475
31 34 456.255
31 35 780.157
31 36 66.827
31 37 -599.908
31 38 906.567
31 39 -403.149
31 40 -282.785
31 41 324.898
31 42 -45.5373
31 43 640.801
31 44 -936.024
31 45 -277.289
31 46 829.011
31 47 652.953
31 48 -394.721
31 49 926.414
31 50 -935.047
32 1 -569.008
32 2 -280.403
32 3 478.728
32 4 984.0
32 5 -835.629
32 6 411.675
32 7 -340.31
32 8 869.132
32 9 -376.768
32 10 -514.047
32 11 705.166
32 12 62.9797
32 13 -356.86
32 14 849.102
32 15 -340.005
32 16 143.161
32 17 341.326
32 18 608.74
32 19 817.408
32 20 -624.274
32 21 497.109
32 22 683.121
32 23 653.32
32 24 640.373
32 25 -458.781
32 26 -417.866
32 27 225.358
32 28 -2.79003
32 29 588.527
32 30 -932.421
32 31 -50.9113
32 33 106.704
32 34 944.367
32 35 367.035
32 36 -298.54
32 37 -335.547
32 38 538.757
32 39 633.412
32 40 186.397
32 41 -941.093
32 42 -290.235
32 43 -656.152
32 44 497.781
32 45 -571.451
32 46 782.538
32 47 -683.693
32 48 -178.726
32 49 -692.914
32 50 873.59
33 1 31.2857
33 2 210.946
33 3 51.0105
33 4 371.737
33 5 -46.0869
33 6 372.714
33 7 226.152
33 8 518.666
33 9 -459.758
33 10 -597.344
33 11 151.589
33 12 531.978
33 13 -388.004
33 14 411.492
33 15 780.645
33 16 -288.22
33 17 790.905
33 18 966.718
33 19 108.231
33 20 965.375
33 21 677.197
33 22 305.051
33 23 -702.502
33 24 -819.752
33 25 467.552
33 26 240.931
33 27 -295.242
33 28 905.712
33 29 -312.891
33 30 -291.762
33 31 994.015
33 32 742.722
33 34 735.761
33 35 -117.902
33 36 -470.201
33 37 924.276
33 38 -77.0482
33 39 -193.076
33 40 -759.05
33 41 -515.452
33 42 698.51
33 43 -522.047
33 44 124.963
33 45 -517.528
33 46 -260.8
33 47 308.166
33 48 599.58
33 49 696.25
33 50 -390.935
34 1 -83.7656
34 2 882.323
34 3 240.564
34 4 653.93
34 5 -817.309
34 6 -418.66
34 7 -457.255
34 8 -166.451
34 9 500.712
34 10 693.746
34 11 105.971
34 12 -819.752
34 13 -839.782
34 14 -817.309
34 15 -497.193
34 16 -442.232
34 17 819.301
34 18 349.997
34 19 43.6824
34 20 419.736
34 21 968.245
34 22 -848.209
34 23 -458.476
34 24 -748.364
34 25 -639.663
34 26 688.739
34 27 628.587
34 28 -611.878
34 29 -677.892
34 30 14.431
34 31 43.7434
34 32 -120.589
34 33 883.85
34 35 491.491
34 36 349.264
34 37 111.712
34 38 -324.188
34 39 846.049
34 40 -508.49
34 41 859.178
34 42 530.269
34 43 134.062
34 44 665.289
34 45 454.85
34 46 -295.242
34 47 796.279
34 48 -103.185
34 49 -225.992
34 50 696.555
35 1 984.977
35 2 -191.244
35 3 710.967
35 4 -446.873
35 5 362.76
35 6 978.382
35 7 -163.52
35 8 647.885
35 9 550.787
35 10 -657.556
35 11 -64.0408
35 12 825.591
35 13 414.118
35 14 -909.643
35 15 -905.796
35 16 887.086
35 17 -621.343
35 18 -538.169
35 19 36.8428
35 20 326.12
35 21 962.993
35 22 909.681
35 23 -604.672
35 24 270.487
35 25 -296.036
35 26 -950.009
35 27 -395.943
35 28 555.917
35 29 -311.609
35 30 -146.97
35 31 -904.33
35 32 -123.154
35 33 -154.543
35 34 484.773
35 36 -499.513
35 37 950.718
35 38 213.694
35 39 -731.204
35 40 -476.857
35 41 -376.768
35 42 357.386
35 43 -812.118
35 44 196.046
35 45 -125.78
35 46 123.498
35 47 360.501
35 48 -814.439
35 49 -367.73
35 50 -74.3612
36 1 -61.537
36 2 853.01
36 3 -637.282
36 4 742.722
36 5 865.712
36 6 -265.319
36 7 349.997
36 8 -982.191
36 9 -81.6282
36 10 162.459
36 11 614.908
36 12 656.068
36 13 488.62
36 14 -326.204
36 15 -588.916
36 16 -718.196
36 17 523.49
36 18 932.704
36 19 232.076
36 20 984.611
36 21 -921.246
36 22 -178.176
36 23 -739.936
36 24 692.403
36 25 -85.5976
36 26 419.981
36 27 -785.004
36 28 406.424
36 29 -437.774
36 30 522.452
36 31 -485.285
36 32 449.232
36 33 324.715
36 34 419.797
36 35 705.105
36 37 -67.3995
36 38 -383.058
36 39 604.649
36 40 84.4144
36 41 -371.21
36 42 111.956
36 43 -901.338
36 44 471.399
36 45 -571.085
36 46 106.948
36 47 95.0402
36 48 -963.199
36 49 -419.149
36 50 565.443
37 1 584.741
37 2 159.894
37 3 -109.597
37 4 259.312
37 5 679.151
37 6 -781.951
37 7 75.9871
37 8 -542.2
37 9 296.563
37 10 -718.746
37 11 -537.436
37 12 -404.981
37 13 -90.7884
37 14 -384.523
37 15 -795.996
37 16 -646.075
37 17 36.3543
37 18 -44.0717
37 19 -781.89
37 20 610.084
37 21 -830.744
37 22 -522.78
37 23 -974.741
37 24 662.113
37 25 822.721
37 26 402.393
37 27 678.907
37 28 200.443
37 29 -616.213
37 30 -820.362
37 31 966.779
37 32 -562.352
37 33 -525.65
37 34 -817.92
37 35 -914.04
37 36 -152.528
37 38 478.666
37 39 -155.642
37 40 968.001
37 41 -56.2852
37 42 952.795
37 43 193.725
37 44 431.767
37 45 544.497
37 46 591.336
37 47 -296.525
37 48 385.05
37 49 -51.0945
37 50 438.789
38 1 409.416
38 2 222.61
38 3 475.613
38 4 -966.619
38 5 -780.363
38 6 636.343
38 7 786.691
38 8 -823.477
38 9 372.287
38 10 10.5838
38 11 -552.276
38 12 -996.786
38 13 952.917
38 14 -400.767
38 15 156.779
38 16 57.3004
38 17 -564.001
38 18 -336.768
38 19 70.4299
38 20 42.461
38 21 173.207
38 22 -237.534
38 23 -316.677
38 24 952.001
38 25 -240.77
38 26 -612.305
38 27 -317.96
38 28 248.625
38 29 235.557
38 30 120.627
38 31 -782.989
38 32 -200.405
38 33 -956.054
38 34 -495.666
38 35 -966.619
38 36 237.694
38 37 690.815
38 39 -175.672
38 40 -108.864
38 41 -554.291
38 42 32.6291
38 43 -30.2094
38 44 -283.701
38 45 854.232
38 46 154.703
38 47 -420.553
38 48 -75.9489
38 49 224.687
38 50 745.287
39 1 -350.081
39 2 341.509
39 3 630.541
39 4 -73.323
39 5 795.179
39 6 -823.599
39 7 295.586
39 8 -525.711
39 9 -654.93
39 10 -530.597
39 11 -1000.15
39 12 355.188
39 13 479.705
39 14 456.499
39 15 -269.655
39 16 529.536
39 17 562.756
39 18 -707.815
39 19 -741.707
39 20 -45.4152
39 21 -106.91
39 22 -430.507
39 23 349.692
39 24 723.608
39 25 38.1252
39 26 60.0485
39 27 -728.822
39 28 -725.891
39 29 944.123
39 30 130.337
39 31 -694.38
39 32 619.916
39 33 12.9043
39 34 -738.959
39 35 -61.4759
39 36 -485.407
39 37 335.219
39 38 -889.674
39 40 423.217
39 41 522.574
39 42 254.61
39 43 -445.53
39 44 -597.466
39 45 -106.055
39 46 -533.345
39 47 -851.262
39 48 -721.066
39 49 -781.89
39 50 -169.016
40 1 -554.108
40 2 -987.748
40 3 -234.114
40 4 82.1549
40 5 -397.531
40 6 45.3312
40 7 -529.559
40 8 635.244
40 9 720.677
40 10 -968.39
40 11 -512.887
40 12 -334.814
40 13 352.989
40 14 68.7201
40 15 259.19
40 16 655.884
40 17 619.549
40 18 101.697
40 19 34.7054
40 20 592.252
40 21 360.012
40 22 210.885
40 23 -226.969
40 24 -997.214
40 25 773.012
40 26 449.781
40 27 -628.915
40 28 -974.68
40 29 968.184
40 30 932.581
40 31 -845.705
40 32 683.426
40 33 877.621
40 34 853.255
40 35 -434.782
40 36 -431.851
40 37 -41.6901
40 38 128.566
40 39 990.046
40 41 -883.262
40 42 -873.918
40 43 -652.549
40 44 656.373
40 45 -343.669
40 46 357.081
40 47 717.624
40 48 549.81
40 49 419.553
40 50 -609.496
41 1 -308.861
41 2 -729.494
41 3 -288.769
41 4 -14.0265
41 5 -27.4003
41 6 -214.878
41 7 -582.626
41 8 -854.072
41 9 -428.553
41 10 -6.14875
41 11 -963.932
41 12 -229.595
41 13 612.343
41 14 67.9262
41 15 -571.878
41 16 155.375
41 17 569.718
41 18 -518.811
41 19 -533.467
41 20 792.798
41 21 -368.279
41 22 -318.815
41 23 -220.74
41 24 -104.59
41 25 -131.643
41 26 -669.709
41 27 766.661
41 28 95.2234
41 29 894.231
41 30 64.7507
41 31 -917.337
41 32 -260.312
41 33 -283.334
41 34 -304.525
41 35 -223.244
41 36 -761.615
41 37 -540.245
41 38 804.645
41 39 260.839
41 40 -113.628
41 42 638.114
41 43 -344.951
41 44 -683.388
41 45 -396.004
41 46 -320.158
41 47 -624.885
41 48 -685.586
41 49 -962.589
41 50 390.729
42 1 330.089
42 2 830.11
42 3 448.377
42 4 -974.863
42 5 -364.493
42 6 -146.665
42 7 831.637
42 8 681.899
42 9 749.623
42 10 781.561
42 11 -292.372
42 12 -322.356
42 13 -934.62
42 14 -637.099
42 15 -983.229
42 16 -375.241
42 17 468.896
42 18 809.897
42 19 -444.98
42 20 -137.994
42 21 763.485
42 22 -767.356
42 23 -609.496
42 24 -45.9648
42 25 937.711
42 26 -377.806
42 27 702.967
42 28 934.902
42 29 182.489
42 30 527.398
42 31 470.056
42 32 982.29
42 33 -385.989
42 34 646.969
42 35 -543.909
42 36 217.603
42 37 629.625
42 38 -491.575
42 39 925.986
42 40 312.074
42 41 837.316
42 43 -574.932
42 44 -477.957
42 45 -413.713
42 46 -498.475
42 47 913.956
42 48 -238.389
42 49 -700.365
42 50 -563.268
43 1 768.004
43 2 560.131
43 3 -195.031
43 4 -717.83
43 5 973.497
43 6 -755.57
43 7 264.258
43 8 -891.689
43 9 -354.417
43 10 -513.193
43 11 611.366
43 12 -719.112
43 13 188.107
43 14 583.642
43 15 -554.23
43 16 -474.903
43 17 -155.154
43 18 535.642
43 19 552.925
43 20 126.673
43 21 -147.887
43 22 357.753
43 23 -278.144
43 24 206.549
43 25 360.684
43 26 53.9417
43 27 574.726
43 28 -991.901
43 29 325.265
43 30 -300.861
43 31 -936.757
43 32 -865.003
43 33 -452.98
43 34 64.5675
43 35 -647.297
43 36 -329.501
43 37 -944.39
43 38 221.694
43 39 749.623
43 40 126.551
43 41 -983.046
43 42 566.787
43 44 383.462
43 45 -848.453
43 46 357.753
43 47 698.693
43 48 -676.365
43 49 942.108
43 50 -710.99
44 1 591.092
44 2 814.233
44 3 -720.944
44 4 928.795
44 5 494.3
44 6 311.952
44 7 158.367
44 8 -814.744
44 9 5.20981
44 10 33.6673
44 11 910.597
44 12 -873.491
44 13 -256.648
44 14 -324.799
44 15 786.508
44 16 982.535
44 17 69.0254
44 18 7.46931
44 19 923.605
44 20 -4.31672
44 21 281.54
44 22 -972.543
44 23 634.694
44 24 -695.052
44 25 737.654
44 26 -638.503
44 27 -37.9649
44 28 33.3619
44 29 -678.258
44 30 593.962
44 31 -571.268
44 32 -217.931
44 33 716.341
44 34 -779.142
44 35 927.696
44 36 -281.197
44 37 -110.88
44 38 -81.5061
44 39 680.495
44 40 -562.779
44 41 266.518
44 42 794.202
44 43 217.603
44 45 -214.755
44 46 -4.49992
44 47 331.982
44 48 298.761
44 49 843.301
44 50 760.493
45 1 707.67
45 2 -277.289
45 3 -758.073
45 4 572.588
45 5 -843.934
45 6 -36.0718
45 7 14.6753
45 8 983.756
45 9 95.2844
45 10 -433.805
45 11 -850.102
45 12 149.512
45 13 -329.746
45 14 -759.417
45 15 63.1629
45 16 191.71
45 17 -567.665
45 18 -403.576
45 19 143.711
45 20 284.838
45 21 817.652
45 22 447.522
45 23 590.481
45 24 -84.9869
45 25 -878.56
45 26 -370.722
45 27 -296.097
45 28 -256.342
45 29 667.609
45 30 270.365
45 31 838.66
45 32 512.681
45 33 -171.092
45 34 440.866
45 35 -816.149
45 36 -570.596
45 37 -371.76
45 38 134.429
45 39 588.771
45 40 476.163
45 41 569.535
45 42 -492.613
45 43 581.443
45 44 62.6744
45 46 -592.886
45 47 -681.983
45 48 809.836
45 49 486.3
45 50 543.398
46 1 -498.048
46 2 -941.276
46 3 610.084
46 4 -279.915
46 5 822.965
46 6 55.2241
46 7 216.503
46 8 722.937
46 9 -467.88
46 10 -775.966
46 11 -535.849
46 12 753.837
46 13 -14.4539
46 14 614.42
46 15 -112.162
46 16 -813.889
46 17 -866.041
46 18 -853.278
46 19 376.745
46 20 -625.313
46 21 -148.009
46 22 407.217
46 23 574.359
46 24 207.221
46 25 -984.939
46 26 135.833
46 27 -868.789
46 28 -905.307
46 29 -710.746
46 30 636.099
46 31 -745.371
46 32 -914.956
46 33 546.024
46 34 260.35
46 35 981.558
46 36 -222.633
46 37 -143.917
46 38 -818.713
46 39 623.274
46 40 738.326
46 41 -0.225196
46 42 -374.875
46 43 821.561
46 44 -900.727
46 45 -583.542
46 47 -246.083
46 48 -364.005
46 49 31.4078
46 50 -450.293
47 1 -606.137
47 2 123.375
47 3 -235.335
47 4 511.399
47 5 788.645
47 6 824.492
47 7 -130.238
47 8 -992.695
47 9 562.207
47 10 614.053
47 11 461.934
47 12 -529.559
47 13 94.5516
47 14 341.997
47 15 -970.466
47 16 316.715
47 17 478.728
47 18 703.151
47 19 576.68
47 20 286.182
47 21 -743.967
47 22 775.333
47 23 -252.556
47 24 793.47
47 25 -877.521
47 26 665.167
47 27 653.197
47 28 -776.882
47 29 -221.106
47 30 694.54
47 31 -947.993
47 32 -880.147
47 33 -874.407
47 34 568.253
47 35 604.343
47 36 193.176
47 37 987.97
47 38 960.428
47 39 -144.467
47 40 89.3609
47 41 -455.789
47 42 954.199
47 43 -327.669
47 44 865.468
47 45 -324.799
47 46 -223.0
47 48 -215.733
47 49 91.5593
47 50 -616.824
48 1 266.762
48 2 141.879
48 3 -462.934
48 4 -496.887
48 5 500.223
48 6 -231.61
48 7 -639.48
48 8 871.575
48 9 -966.436
48 10 797.561
48 11 753.409
48 12 147.619
48 13 186.458
48 14 376.5
48 15 966.535
48 16 481.231
48 17 796.279
48 18 136.322
48 19 -333.226
48 20 197.634
48 21 903.391
48 22 -99.6431
48 23 552.802
48 24 -294.082
48 25 -216.221
48 26 -669.709
48 27 -837.034
48 28 -194.603
48 29 -220.862
48 30 193.847
48 31 835.484
48 32 -418.049
48 33 -648.518
48 34 936.673
48 35 -277.228
48 36 -916.238
48 37 -186.97
48 38 255.526
48 39 839.942
48 40 961.711
48 41 -845.339
48 42 -646.075
48 43 39.8962
48 44 255.709
48 45 -575.481
48 46 -433.377
48 47 -104.773
48 49 534.849
48 50 -920.452
49 1 -957.764
49 2 389.569
49 3 -451.331
49 4 762.325
49 5 -822.988
49 6 377.661
49 7 607.091
49 8 -75.9489
49 9 476.895
49 10 744.738
49 11 850.262
49 12 754.386
49 13 541.077
49 14 -801.553
49 15 619.305
49 16 825.53
49 17 -140.681
49 18 -357.104
49 19 -902.376
49 20 917.62
49 21 100.414
49 22 52.5982
49 23 422.179
49 24 -558.932
49 25 583.886
49 26 -193.748
49 27 -563.695
49 28 -90.9716
49 29 -374.691
49 30 403.798
49 31 -700.365
49 32 881.407
49 33 442.27
49 34 504.498
49 35 109.452
49 36 833.896
49 37 297.845
49 38 -768.882
49 39 744.554
49 40 -618.656
49 41 588.771
49 42 674.083
49 43 -890.04
49 44 -705.861
49 45 546.146
49 46 -477.773
49 47 976.306
49 48 741.013
49 50 248.991
50 1 786.08
50 2 581.932
50 3 202.214
50 4 -367.302
50 5 -488.827
50 6 -780.729
50 7 -506.292
50 8 -818.53
50 9 -538.23
50 10 962.199
50 11 -674.228
50 12 991.878
50 13 674.51
50 14 -272.098
50 15 846.904
50 16 -109.719
50 17 843.667
50 18 884.888
50 19 -398.935
50 20 -691.021
50 21 470.056
50 22 -446.934
50 23 -648.946
50 24 -418.477
50 25 705.349
50 26 827.545
50 27 181.756
50 28 -633.801
50 29 -167.428
50 30 72.0788
50 31 340.226
50 32 -120.65
50 33 -674.533
50 34 509.139
50 35 245.816
50 36 620.465
50 37 -585.558
50 38 258.396
50 39 101.513
50 40 283.556
50 41 -896.33
50 42 39.2855
50 43 -449.804
50 44 -459.514
50 45 577.84
50 46 -293.349
50 47 812.523
50 48 -619.023
50 49 925.803
