50 2450
1
2
3
4
5
6
7
8
9
10
11
12
13
14
15
16
17
18
19
20
21
22
23
24
25
26
27
28
29
30
31
32
33
34
35
36
37
38
39
40
41
42
43
44
45
46
47
48
49
50
1 2 -15.1257
1 3 -440.339
1 4 26.4613
1 5 -579.695
1 6 752.554
1 7 -471.361
1 8 -55.9799
1 9 283.922
1 10 45.0258
1 11 811.912
1 12 186.703
1 13 562.512
1 14 359.585
1 15 -84.7427
1 16 246.243
1 17 -264.281
1 18 387.554
1 19 368.867
1 20 -276.373
1 21 -558.627
1 22 897.04
1 23 -167.917
1 24 746.997
1 25 973.924
1 26 -18.6065
1 27 -904.513
1 28 724.402
1 29 -238.328
1 30 -628.244
1 31 -97.8111
1 32 632.251
1 33 -727.54
1 34 490.33
1 35 -471.667
1 36 -989.214
1 37 -238.755
1 38 -63.0026
1 39 -929.246
1 40 870.048
1 41 317.876
1 42 -895.414
1 43 -635.755
1 44 -328.891
1 45 -355.455
1 46 -404.798
1 47 -525.162
1 48 -393.622
1 49 3.07245
1 50 -867.262
2 1 -293.105
2 3 324.532
2 4 -238.633
2 5 -334.448
2 6 57.1783
2 7 -682.655
2 8 991.023
2 9 332.349
2 10 56.2623
2 11 149.39
2 12 -464.033
2 13 992.0
2 14 935.635
2 15 -296.097
2 16 12.4769
2 17 997.13
2 18 51.9265
2 19 657.106
2 20 -852.423
2 21 902.719
2 22 519.032
2 23 341.753
2 24 -72.8345
2 25 -206.328
2 26 -34.7284
2 27 212.534
2 28 -39.4916
2 29 -75.3993
2 30 -623.847
2 31 -921.185
2 32 523.795
2 33 -650.411
2 34 -58.4836
2 35 310.975
2 36 -298.968
2 37 243.495
2 38 853.438
2 39 188.046
2 40 75.1932
2 41 -414.446
2 42 -8.40825
2 43 -401.683
2 44 391.523
2 45 -88.2846
2 46 436.469
2 47 258.518
2 48 -354.539
2 49 803.179
2 50 735.15
3 1 -352.524
3 2 -975.107
3 4 813.744
3 5 -125.353
3 6 -150.329
3 7 143.222
3 8 519.154
3 9 890.994
3 10 479.521
3 11 -999.229
3 12 372.165
3 13 44.5984
3 14 888.796
3 15 124.902
3 16 54.5524
3 17 -479.361
3 18 -163.214
3 19 299.494
3 20 -986.893
3 21 567.153
3 22 -184.283
3 23 352.012
3 24 869.132
3 25 -977.794
3 26 209.908
3 27 412.713
3 28 -623.603
3 29 174.672
3 30 487.827
3 31 -906.651
3 32 644.831
3 33 870.109
3 34 -393.5
3 35 25.8506
3 36 -727.112
3 37 -169.932
3 38 821.744
3 39 183.771
3 40 -874.957
3 41 104.567
3 42 78.9183
3 43 -554.108
3 44 400.011
3 45 592.618
3 46 -805.095
3 47 -177.993
3 48 -298.479
3 49 581.626
3 50 -6.08768
4 1 -218.175
4 2 798.782
4 3 233.602
4 5 597.565
4 6 132.719
4 7 745.165
4 8 958.108
4 9 58.8882
4 10 873.224
4 11 -933.093
4 12 607.091
4 13 522.391
4 14 -534.383
4 15 695.395
4 16 -563.695
4 17 -906.59
4 18 -30.9422
4 19 322.761
4 20 -236.679
4 21 621.32
4 22 -545.742
4 23 896.979
4 24 -741.158
4 25 -444.553
4 26 -838.499
4 27 -92.0097
4 28 820.339
4 29 99.437
4 30 818.446
4 31 183.466
4 32 947.116
4 33 811.118
4 34 -437.591
4 35 857.346
4 36 -425.316
4 37 866.262
4 38 -83.0328
4 39 -784.76
4 40 -708.425
4 41 158.978
4 42 232.686
4 43 -897.979
4 44 877.254
4 45 430.057
4 46 58.2164
4 47 565.566
4 48 -897.491
4 49 -393.378
4 50 -137.566
5 1 439.644
5 2 -259.64
5 3 551.398
5 4 -451.087
5 6 552.314
5 7 -306.174
5 8 391.767
5 9 -797.706
5 10 -766.317
5 11 -785.187
5 12 -363.027
5 13 502.971
5 14 829.683
5 15 127.956
5 16 -746.837
5 17 242.64
5 18 886.353
5 19 -999.595
5 20 892.888
5 21 392.134
5 22 -279.976
5 23 -791.599
5 24 460.713
5 25 139.864
5 26 38.2474
5 27 816.614
5 28 216.259
5 29 354.821
5 30 -696.762
5 31 224.015
5 32 -419.637
5 33 -99.1546
5 34 539.49
5 35 515.063
5 36 -148.741
5 37 248.259
5 38 249.846
5 39 435.858
5 40 -994.588
5 41 -189.779
5 42 -847.659
5 43 953.955
5 44 -217.381
5 45 453.995
5 46 406.607
5 47 -676.365
5 48 -774.134
5 49 -390.08
5 50 -980.848
6 1 -391.546
6 2 886.048
6 3 432.255
6 4 -865.552
6 5 -421.408
6 7 -148.192
6 8 -570.352
6 9 868.583
6 10 944.49
6 11 -176.222
6 12 26.6445
6 13 -604.55
6 14 842.201
6 15 387.798
6 16 -533.589
6 17 -25.0186
6 18 -473.071
6 19 -301.227
6 20 -480.521
6 21 -415.301
6 22 198.611
6 23 756.218
6 24 413.996
6 25 877.132
6 26 -102.574
6 27 447.949
6 28 436.652
6 29 -881.002
6 30 -579.207
6 31 -430.08
6 32 641.839
6 33 -170.054
6 34 -817.675
6 35 991.878
6 36 -901.277
6 37 -226.419
6 38 960.55
6 39 158.917
6 40 126.062
6 41 -977.123
6 42 467.003
6 43 -867.018
6 44 933.497
6 45 765.562
6 46 686.907
6 47 338.272
6 48 -870.865
6 49 537.536
6 50 906.506
7 1 -791.722
7 2 -480.399
7 3 -409.988
7 4 -615.847
7 5 -64.4682
7 6 -370.233
7 8 55.5295
7 9 597.87
7 10 -518.994
7 11 403.37
7 12 610.756
7 13 993.466
7 14 64.0789
7 15 -500.002
7 16 326.425
7 17 195.557
7 18 -707.204
7 19 -357.226
7 20 -612.183
7 21 -402.05
7 22 144.505
7 23 -561.924
7 24 372.897
7 25 -721.86
7 26 -37.3543
7 27 -880.208
7 28 773.012
7 29 -824.698
7 30 679.823
7 31 647.274
7 32 454.362
7 33 -532.917
7 34 -567.42
7 35 591.947
7 36 736.31
7 37 83.0099
7 38 -222.939
7 39 -737.433
7 40 777.226
7 41 291.617
7 42 670.419
7 43 494.544
7 44 -41.0794
7 45 300.96
7 46 -576.092
7 47 -462.812
7 48 -44.9266
7 49 -193.809
7 50 -188.008
8 1 -499.819
8 2 -833.37
8 3 -574.077
8 4 -490.903
8 5 -235.152
8 6 -778.226
8 7 -39.1252
8 9 67.0102
8 10 822.538
8 11 216.565
8 12 -585.924
8 13 -403.332
8 14 964.153
8 15 391.218
8 16 714.998
8 17 -639.175
8 18 -734.562
8 19 930.2
8 20 70.7963
8 21 450.27
8 22 304.746
8 23 -434.843
8 24 904.979
8 25 -262.083
8 26 -963.199
8 27 -318.082
8 28 -707.082
8 29 -695.846
8 30 -708.731
8 31 601.168
8 32 -137.505
8 33 506.819
8 34 296.197
8 35 -263.121
8 36 64.8728
8 37 892.338
8 38 691.67
8 39 315.677
8 40 -217.259
8 41 -861.277
8 42 460.346
8 43 -667.816
8 44 194.947
8 45 213.023
8 46 212.046
8 47 -549.283
8 48 839.026
8 49 -79.2466
8 50 260.961
9 1 -483.392
9 2 812.645
9 3 -939.383
9 4 934.352
9 5 -616.58
9 6 -951.047
9 7 347.249
9 8 547.734
9 10 -265.686
9 11 -393.439
9 12 296.38
9 13 489.231
9 14 585.596
9 15 899.361
9 16 -727.784
9 17 -158.268
9 18 -838.499
9 19 822.538
9 20 -132.436
9 21 990.779
9 22 834.202
9 23 701.319
9 24 810.08
9 25 643.366
9 26 -205.901
9 27 -2.79003
9 28 587.855
9 29 -288.525
9 30 -825.736
9 31 718.173
9 32 -23.4309
9 33 482.514
9 34 -720.395
9 35 -541.1
9 36 -345.379
9 37 517.933
9 38 -368.524
9 39 26.7056
9 40 96.0783
9 41 -272.892
9 42 -492.185
9 43 565.199
9 44 -71.8574
9 45 43.0106
9 46 668.037
9 47 137.482
9 48 -56.3463
9 49 137.299
9 50 943.818
10 1 693.991
10 2 950.23
10 3 622.664
10 4 395.92
10 5 -641.129
10 6 646.663
10 7 167.405
10 8 712.677
10 9 989.435
10 11 -281.808
10 12 -29.843
10 13 -460.247
10 14 -81.9946
10 15 330.883
10 16 -977.062
10 17 439.583
10 18 851.484
10 19 -787.386
10 20 -390.141
10 21 146.703
10 22 -176.161
10 23 521.963
10 24 -533.284
10 25 -167.428
10 26 -821.523
10 27 666.999
10 28 54.7356
10 29 44.7816
10 30 -512.399
10 31 290.945
10 32 -630.992
10 33 20.1103
10 34 362.699
10 35 -411.271
10 36 735.883
10 37 -943.047
10 38 -911.292
10 39 154.581
10 40 16.8737
10 41 635.427
10 42 -975.596
10 43 -459.819
10 44 682.632
10 45 962.993
10 46 693.258
10 47 -277.166
10 48 -835.324
10 49 653.014
10 50 -485.59
11 1 -344.89
11 2 -47.2472
11 3 -796.912
11 4 -883.995
11 5 -902.315
11 6 844.644
11 7 975.756
11 8 147.619
11 9 -84.5595
11 10 -187.336
11 12 351.096
11 13 -452.919
11 14 22.4919
11 15 -87.3686
11 16 769.165
11 17 199.527
11 18 173.573
11 19 -334.997
11 20 -687.724
11 21 -90.0555
11 22 777.531
11 23 -637.343
11 24 -451.698
11 25 -352.402
11 26 926.78
11 27 730.692
11 28 295.342
11 29 -16.8356
11 30 831.026
11 31 375.829
11 32 -985.367
11 33 -335.852
11 34 -161.566
11 35 475.369
11 36 -485.468
11 37 -733.28
11 38 -763.386
11 39 -876.483
11 40 640.74
11 41 -143.001
11 42 15.9577
11 43 -206.878
11 44 -342.326
11 45 -399.668
11 46 785.103
11 47 329.417
11 48 -997.275
11 49 262.548
11 50 28.9651
12 1 934.78
12 2 92.4143
12 3 528.375
12 4 -105.567
12 5 -435.576
12 6 876.399
12 7 87.4067
12 8 -314.112
12 9 184.138
12 10 829.072
12 11 -582.932
12 13 268.411
12 14 310.731
12 15 59.5599
12 16 -798.439
12 17 -443.148
12 18 -706.716
12 19 230.366
12 20 326.303
12 21 287.525
12 22 -241.014
12 23 -29.843
12 24 381.386
12 25 246.976
12 26 -340.555
12 27 475.063
12 28 -380.554
12 29 161.054
12 30 -631.847
12 31 -24.9575
12 32 297.235
12 33 -581.71
12 34 -747.081
12 35 765.806
12 36 337.723
12 37 824.98
12 38 168.26
12 39 -522.231
12 40 -739.142
12 41 567.52
12 42 301.021
12 43 291.006
12 44 -689.067
12 45 588.649
12 46 813.805
12 47 -244.19
12 48 -283.212
12 49 -457.316
12 50 -287.487
13 1 937.833
13 2 -969.123
13 3 -464.338
13 4 389.813
13 5 -455.972
13 6 -519.177
13 7 824.98
13 8 263.22
13 9 -251.457
13 10 264.442
13 11 -327.914
13 12 -32.5299
13 14 373.325
13 15 -263.609
13 16 -457.194
13 17 520.498
13 18 -862.682
13 19 -580.428
13 20 823.026
13 21 908.032
13 22 -346.845
13 23 -225.748
13 24 -745.554
13 25 -474.659
13 26 847.82
13 27 668.831
13 28 280.685
13 29 -85.3533
13 30 -488.033
13 31 486.361
13 32 -534.81
13 33 223.893
13 34 -339.272
13 35 808.553
13 36 206.794
13 37 843.545
13 38 -620.671
13 39 605.87
13 40 903.269
13 41 -358.02
13 42 864.064
13 43 882.14
13 44 777.531
13 45 -749.707
13 46 324.043
13 47 -298.784
13 48 540.772
13 49 -179.703
13 50 -547.024
14 1 544.436
14 2 -918.986
14 3 -296.097
14 4 -862.926
14 5 -80.8343
14 6 371.737
14 7 -509.712
14 8 -899.261
14 9 -820.668
14 10 -228.068
14 11 -167.245
14 12 173.634
14 13 473.964
14 15 -68.3155
14 16 506.574
14 17 863.942
14 18 -230.999
14 19 -538.902
14 20 -865.613
14 21 931.543
14 22 891.239
14 23 573.26
14 24 -977.611
14 25 -358.753
14 26 -493.773
14 27 871.941
14 28 530.513
14 29 -608.946
14 30 -1000.76
14 31 -513.62
14 32 -573.466
14 33 393.111
14 34 -833.492
14 35 732.097
14 36 666.938
14 37 -896.391
14 38 -324.372
14 39 -522.902
14 40 -985.0
14 41 92.9639
14 42 -776.821
14 43 -572.672
14 44 974.107
14 45 22.553
14 46 331.921
14 47 486.361
14 48 -573.466
14 49 -555.39
14 50 715.059
15 1 399.279
15 2 -532.917
15 3 -910.07
15 4 -839.965
15 5 864.247
15 6 819.362
15 7 341.692
15 8 861.255
15 9 -711.54
15 10 -694.868
15 11 577.352
15 12 127.345
15 13 394.882
15 14 800.431
15 16 -925.093
15 17 -568.031
15 18 841.53
15 19 91.6814
15 20 163.802
15 21 711.883
15 22 -930.65
15 23 107.925
15 24 -699.876
15 25 -134.207
15 26 -450.659
15 27 -69.9033
15 28 779.974
15 29 399.706
15 30 -389.714
15 31 -960.94
15 32 742.967
15 33 -867.873
15 34 56.4455
15 35 230.915
15 36 187.496
15 37 -74.0558
15 38 -258.48
15 39 631.641
15 40 -339.7
15 41 354.577
15 42 -700.12
15 43 -736.883
15 44 319.952
15 45 -733.402
15 46 215.404
15 47 588.161
15 48 -943.597
15 49 171.68
15 50 415.156
16 1 463.216
16 2 365.02
16 3 381.63
16 4 584.313
16 5 -37.5985
16 6 639.763
16 7 860.522
16 8 377.783
16 9 -516.979
16 10 -398.019
16 11 704.189
16 12 724.708
16 13 586.573
16 14 531.673
16 15 -802.225
16 17 -592.825
16 18 2.88925
16 19 -10.912
16 20 -614.381
16 21 110.368
16 22 -751.844
16 23 733.074
16 24 84.4144
16 25 114.276
16 26 279.037
16 27 496.437
16 28 289.662
16 29 837.072
16 30 626.083
16 31 331.249
16 32 904.551
16 33 396.347
16 34 452.285
16 35 -807.172
16 36 -272.159
16 37 392.683
16 38 961.955
16 39 463.094
16 40 647.335
16 41 88.9945
16 42 601.656
16 43 -914.712
16 44 959.573
16 45 184.687
16 46 496.376
16 47 -976.817
16 48 -225.931
16 49 -636.427
16 50 -451.575
17 1 -300.006
17 2 -573.71
17 3 -189.046
17 4 647.152
17 5 -870.56
17 6 835.85
17 7 877.071
17 8 413.752
17 9 420.286
17 10 753.348
17 11 -916.116
17 12 -63.308
17 13 -671.235
17 14 -163.825
17 15 -335.12
17 16 918.169
17 18 -427.881
17 19 -519.116
17 20 -194.847
17 21 675.182
17 22 -438.995
17 23 355.371
17 24 798.782
17 25 440.194
17 26 -737.494
17 27 567.398
17 28 -714.654
17 29 386.027
17 30 869.987
17 31 411.187
17 32 775.271
17 33 -179.275
17 34 -37.4764
17 35 -378.539
17 36 -377.439
17 37 -10.3624
17 38 861.865
17 39 79.7733
17 40 671.457
17 41 -83.0938
17 42 843.423
17 43 -97.1394
17 44 722.143
17 45 731.547
17 46 920.063
17 47 -137.994
17 48 -960.818
17 49 906.811
17 50 -137.078
18 1 58.4607
18 2 -930.589
18 3 -140.253
18 4 -837.889
18 5 -199.611
18 6 558.36
18 7 342.669
18 8 -396.309
18 9 617.656
18 10 259.678
18 11 -940.971
18 12 -844.301
18 13 -654.075
18 14 427.186
18 15 -40.5908
18 16 856.369
18 17 -768.027
18 19 -738.715
18 20 -372.065
18 21 374.18
18 22 -23.1255
18 23 518.788
18 24 -774.134
18 25 -46.0869
18 26 672.922
18 27 449.72
18 28 407.278
18 29 408.805
18 30 563.489
18 31 -725.158
18 32 -348.31
18 33 -136.65
18 34 -435.392
18 35 -628.793
18 36 461.629
18 37 932.887
18 38 -513.925
18 39 -642.472
18 40 -160.405
18 41 -984.145
18 42 -113.505
18 43 275.739
18 44 509.261
18 45 -591.725
18 46 -494.872
18 47 -956.299
18 48 -708.181
18 49 -102.697
18 50 -792.882
19 1 -618.656
19 2 -899.689
19 3 552.192
19 4 -626.167
19 5 -622.809
19 6 966.413
19 7 -621.038
19 8 -317.715
19 9 -94.3913
19 10 -450.354
19 11 -460.308
19 12 208.687
19 13 -935.841
19 14 576.008
19 15 809.897
19 16 -207.305
19 17 833.163
19 18 -388.493
19 20 974.352
19 21 604.038
19 22 -875.506
19 23 650.083
19 24 -154.482
19 25 839.576
19 26 -559.482
19 27 -86.6358
19 28 -411.088
19 29 501.445
19 30 -711.967
19 31 -666.106
19 32 41.4839
19 33 183.405
19 34 -426.232
19 35 -866.712
19 36 717.318
19 37 -193.931
19 38 144.016
19 39 -52.1326
19 40 183.161
19 41 -759.722
19 42 -334.204
19 43 -67.4606
19 44 494.971
19 45 -245.35
19 46 -962.161
19 47 -713.738
19 48 -625.74
19 49 222.366
19 50 513.719
20 1 -369.501
20 2 -172.802
20 3 -969.611
20 4 -276.006
20 5 678.907
20 6 -125.78
20 7 -373.287
20 8 800.004
20 9 -360.707
20 10 97.7882
20 11 634.144
20 12 -241.625
20 13 -211.885
20 14 -319.853
20 15 483.674
20 16 367.707
20 17 -359.669
20 18 628.709
20 19 -505.193
20 21 -348.799
20 22 -828.728
20 23 867.178
20 24 -657.495
20 25 -756.73
20 26 515.795
20 27 -108.498
20 28 846.293
20 29 -236.068
20 30 -419.087
20 31 -330.601
20 32 20.782
20 33 411.492
20 34 25.6064
20 35 471.094
20 36 -666.411
20 37 958.108
20 38 19.1943
20 39 322.822
20 40 89.2998
20 41 333.997
20 42 -759.05
20 43 -228.312
20 44 891.666
20 45 991.756
20 46 544.497
20 47 643.793
20 48 119.162
20 49 -771.936
20 50 -277.838
21 1 483.185
21 2 -649.74
21 3 671.212
21 4 -175.672
21 5 -631.114
21 6 -328.036
21 7 -911.109
21 8 -553.558
21 9 787.057
21 10 -186.787
21 11 -252.801
21 12 -557.283
21 13 -757.646
21 14 43.377
21 15 -538.963
21 16 -508.979
21 17 320.257
21 18 766.6
21 19 565.443
21 20 953.1
21 22 -151.673
21 23 -247.06
21 24 963.543
21 25 -539.574
21 26 -113.75
21 27 949.07
21 28 -539.574
21 29 -320.28
21 30 198.183
21 31 789.5
21 32 560.985
21 33 -332.616
21 34 915.483
21 35 970.321
21 36 -89.3227
21 37 -719.845
21 38 -933.459
21 39 -401.195
21 40 591.641
21 41 61.6362
21 42 673.899
21 43 -323.883
21 44 -569.436
21 45 -956.726
21 46 -920.513
21 47 832.797
21 48 -464.155
21 49 -89.9334
21 50 -772.485
22 1 -731.814
22 2 224.076
22 3 -53.1097
22 4 547.062
22 5 -167.489
22 6 544.436
22 7 227.007
22 8 153.604
22 9 -831.721
22 10 -421.713
22 11 -539.879
22 12 -951.78
22 13 -120.406
22 14 -294.632
22 15 952.856
22 16 996.824
22 17 637.808
22 18 17.1791
22 19 -898.407
22 20 774.539
22 21 181.817
22 23 75.1932
22 24 883.666
22 25 -516.734
22 26 141.329
22 27 -805.217
22 28 742.6
22 29 -395.699
22 30 618.206
22 31 -554.596
22 32 352.012
22 33 -515.33
22 34 -530.78
22 35 -451.392
22 36 -342.203
22 37 -49.5678
22 38 -770.592
22 39 -128.528
22 40 656.8
22 41 723.792
22 42 602.328
22 43 -306.418
22 44 338.516
22 45 -662.93
22 46 464.682
22 47 942.291
22 48 240.503
22 49 236.167
22 50 -674.655
23 1 -426.66
23 2 -962.039
23 3 742.356
23 4 165.879
23 5 804.462
23 6 -378.355
23 7 -415.057
23 8 -397.958
23 9 -642.289
23 10 -915.811
23 11 677.686
23 12 -683.021
23 13 938.139
23 14 -926.62
23 15 -180.924
23 16 685.319
23 17 92.0479
23 18 929.528
23 19 -970.833
23 20 534.299
23 21 677.502
23 22 -946.833
23 24 183.466
23 25 986.626
23 26 93.1471
23 27 954.383
23 28 644.221
23 29 -695.601
23 30 -514.536
23 31 -617.74
23 32 581.443
23 33 694.54
23 34 -899.567
23 35 -973.703
23 36 659.854
23 37 -15.6753
23 38 979.237
23 39 -824.942
23 40 -215.427
23 41 -859.629
23 42 174.978
23 43 805.622
23 44 -403.576
23 45 536.009
23 46 697.41
23 47 -479.361
23 48 -604.183
23 49 918.78
23 50 -657.19
24 1 791.21
24 2 192.199
24 3 22.1255
24 4 -369.806
24 5 910.658
24 6 -441.927
24 7 746.814
24 8 -999.901
24 9 134.734
24 10 -14.9425
24 11 849.774
24 12 -509.101
24 13 -582.748
24 14 415.95
24 15 -910.437
24 16 -942.803
24 17 -808.882
24 18 -347.028
24 19 -242.114
24 20 -262.755
24 21 -370.478
24 22 -674.716
24 23 526.299
24 25 -161.505
24 26 825.469
24 27 -902.071
24 28 -434.721
24 29 346.577
24 30 325.57
24 31 -181.229
24 32 860.827
24 33 730.02
24 34 461.812
24 35 -717.341
24 36 -341.837
24 37 338.455
24 38 905.773
24 39 310.792
24 40 996.214
24 41 578.329
24 42 896.246
24 43 -184.405
24 44 -766.012
24 45 49.4838
24 46 571.794
24 47 561.963
24 48 -452.186
24 49 -160.1
24 50 -155.276
25 1 287.159
25 2 -705.555
25 3 -844.85
25 4 257.48
25 5 -110.757
25 6 214.549
25 7 479.705
25 8 253.205
25 9 -644.488
25 10 -613.649
25 11 445.995
25 12 -693.281
25 13 -872.636
25 14 -110.33
25 15 -384.096
25 16 -653.281
25 17 -415.057
25 18 -905.796
25 19 -655.113
25 20 906.078
25 21 340.348
25 22 -466.048
25 23 924.826
25 24 440.133
25 26 27.7437
25 27 283.739
25 28 -811.08
25 29 257.968
25 30 278.426
25 31 -209.87
25 32 -218.847
25 33 -514.292
25 34 562.756
25 35 90.5212
25 36 246.854
25 37 -481.376
25 38 -406.019
25 39 -650.35
25 40 165.451
25 41 386.027
25 42 -20.1332
25 43 667.121
25 44 493.017
25 45 -526.933
25 46 -198.939
25 47 72.323
25 48 -695.479
25 49 -959.84
25 50 -181.474
26 1 -329.746
26 2 133.207
26 3 -34.7284
26 4 -15.5531
26 5 850.201
26 6 76.2924
26 7 157.268
26 8 -49.2014
26 9 -492.002
26 10 -122.91
26 11 -922.834
26 12 -738.165
26 13 226.519
26 14 -847.965
26 15 802.508
26 16 -81.6282
26 17 -672.335
26 18 961.772
26 19 -938.284
26 20 997.069
26 21 -235.763
26 22 902.231
26 23 707.425
26 24 18.8889
26 25 -239.488
26 27 922.872
26 28 -981.519
26 29 754.753
26 30 161.421
26 31 -964.848
26 32 -677.342
26 33 141.329
26 34 412.652
26 35 -879.048
26 36 326.303
26 37 18.3393
26 38 117.757
26 39 7.83572
26 40 -374.997
26 41 352.318
26 42 107.132
26 43 16.7516
26 44 820.095
26 45 -352.341
26 46 -46.3923
26 47 162.214
26 48 668.098
26 49 -768.943
26 50 -121.994
27 1 187.619
27 2 -277.289
27 3 -910.498
27 4 -23.4919
27 5 631.763
27 6 888.674
27 7 -41.4458
27 8 711.273
27 9 -893.216
27 10 -674.044
27 11 -659.999
27 12 -402.294
27 13 -14.2707
27 14 162.459
27 15 148.23
27 16 35.0718
27 17 -333.104
27 18 -582.993
27 19 -346.051
27 20 -799.66
27 21 631.03
27 22 609.473
27 23 -564.184
27 24 966.779
27 25 449.659
27 26 460.041
27 28 6.91971
27 29 757.073
27 30 956.764
27 31 144.932
27 32 815.881
27 33 298.884
27 34 -248.953
27 35 -476.491
27 36 -694.685
27 37 -807.355
27 38 -765.585
27 39 788.523
27 40 -277.777
27 41 -752.944
27 42 -642.961
27 43 965.68
27 44 -650.533
27 45 510.666
27 46 -730.593
27 47 -285.533
27 48 872.613
27 49 940.642
27 50 64.5675
28 1 -144.528
28 2 542.177
28 3 649.533
28 4 -206.084
28 5 -938.833
28 6 845.377
28 7 659.915
28 8 954.444
28 9 161.787
28 10 -651.633
28 11 -892.91
28 12 -381.897
28 13 483.185
28 14 422.118
28 15 836.095
28 16 415.584
28 17 -324.86
28 18 -487.972
28 19 -692.426
28 20 530.024
28 21 453.446
28 22 671.457
28 23 788.279
28 24 920.856
28 25 -307.273
28 26 -989.825
28 27 -285.472
28 29 -59.9492
28 30 323.066
28 31 783.76
28 32 -783.294
28 33 -454.629
28 34 -555.329
28 35 769.287
28 36 -299.212
28 37 -715.998
28 38 -877.644
28 39 -342.02
28 40 -552.093
28 41 246.732
28 42 -723.998
28 43 -880.453
28 44 166.184
28 45 169.42
28 46 -881.369
28 47 -760.577
28 48 -578.413
28 49 -119.307
28 50 575.886
29 1 15.9577
29 2 903.269
29 3 271.77
29 4 117.452
29 5 -397.103
29 6 437.202
29 7 -18.7897
29 8 454.484
29 9 989.008
29 10 714.57
29 11 986.932
29 12 518.299
29 13 -210.603
29 14 643.121
29 15 280.014
29 16 -823.11
29 17 860.583
29 18 281.296
29 19 826.385
29 20 -880.086
29 21 393.111
29 22 -719.418
29 23 -18.7287
29 24 342.73
29 25 -795.325
29 26 -220.801
29 27 568.069
29 28 -322.418
29 30 -104.467
29 31 -322.112
29 32 786.019
29 33 -190.206
29 34 -439.911
29 35 -753.799
29 36 153.36
29 37 202.092
29 38 754.631
29 39 987.909
29 40 -337.684
29 41 -618.717
29 42 386.454
29 43 -300.311
29 44 -664.396
29 45 -982.313
29 46 -764.546
29 47 681.838
29 48 -626.106
29 49 -768.577
29 50 -222.206
30 1 -997.886
30 2 80.3229
30 3 -430.873
30 4 -996.786
30 5 -206.145
30 6 749.623
30 7 -914.406
30 8 -74.3001
30 9 482.269
30 10 710.051
30 11 -29.0491
30 12 453.446
30 13 912.734
30 14 705.96
30 15 151.283
30 16 -673.8
30 17 296.074
30 18 -195.031
30 19 -684.365
30 20 -202.298
30 21 919.513
30 22 24.324
30 23 -205.29
30 24 744.982
30 25 -450.11
30 26 -146.543
30 27 729.654
30 28 -94.9409
30 29 485.323
30 31 873.529
30 32 975.634
30 33 922.688
30 34 -834.652
30 35 646.907
30 36 -828.057
30 37 883.239
30 38 311.219
30 39 79.3458
30 40 420.958
30 41 41.2397
30 42 -503.91
30 43 428.713
30 44 -1.81295
30 45 414.362
30 46 120.139
30 47 153.848
30 48 -440.217
30 49 933.803
30 50 695.151
31 1 795.363
31 2 255.831
31 3 -155.398
31 4 399.584
31 5 64.2621
31 6 201.237
31 7 41.4229
31 8 -169.199
31 9 -659.022
31 10 744.86
31 11 17.4844
31 12 893.376
31 13 -241.747
31 14 962.016
31 15 130.52
31 16 758.722
31 17 61.3919
31 18 820.095
31 19 859.972
31 20 -156.619
31 21 437.995
31 22 447.705
31 23 748.646
31 24 732.28
31 25 -505.071
31 26 -53.5372
31 27 717.746
31 28 -15.3699
31 29 581.321
31 30 -816.149
31 32 436.896
31 33 -225.381
31 34 628.526
31 35 4.96554
31 36 -557.1
31 37 -716.975
31 38 -282.968
31 39 295.586
31 40 692.647
31 41 795.912
31 42 539.429
31 43 344.684
31 44 -769.737
31 45 432.133
31 46 -50.5448
31 47 933.009
31 48 -322.723
31 49 455.766
31 50 -201.26
32 1 -411.393
32 2 -799.233
32 3 -910.681
32 4 -771.997
32 5 455.155
32 6 -318.937
32 7 786.264
32 8 -381.836
32 9 190.489
32 10 -260.8
32 11 877.071
32 12 375.523
32 13 -640.885
32 14 330.578
32 15 -445.346
32 16 748.157
32 17 -264.892
32 18 579.428
32 19 -886.865
32 20 -144.161
32 21 960.55
32 22 -449.988
32 23 -615.297
32 24 124.23
32 25 998.29
32 26 640.251
32 27 -684.059
32 28 303.647
32 29 -182.573
32 30 275.8
32 31 -380.004
32 33 -729.799
32 34 745.409
32 35 -387.882
32 36 436.591
32 37 793.042
32 38 919.635
32 39 912.368
32 40 943.451
32 41 444.163
32 42 -708.486
32 43 -706.349
32 44 854.476
32 45 862.964
32 46 -391.79
32 47 -454.629
32 48 742.112
32 49 534.238
32 50 805.866
33 1 676.281
33 2 -880.453
33 3 290.456
33 4 264.93
33 5 -94.2081
33 6 -772.668
33 7 711.578
33 8 360.073
33 9 778.325
33 10 -552.215
33 11 615.03
33 12 -267.029
33 13 -925.521
33 14 302.792
33 15 -174.39
33 16 -259.335
33 17 -765.463
33 18 -43.0946
33 19 409.416
33 20 -496.582
33 21 949.925
33 22 -825.125
33 23 -444.797
33 24 0.446547
33 25 633.228
33 26 -337.684
33 27 305.906
33 28 642.022
33 29 -549.406
33 30 729.654
33 31 -695.662
33 32 762.325
33 34 594.634
33 35 220.168
33 36 -232.099
33 37 -533.345
33 38 -513.193
33 39 639.946
33 40 852.888
33 41 274.273
33 42 -385.317
33 43 416.744
33 44 -385.134
33 45 -16.4692
33 46 -337.379
33 47 -759.722
33 48 751.272
33 49 216.503
33 50 649.106
34 1 -587.634
34 2 294.487
34 3 -940.848
34 4 741.135
34 5 142.673
34 6 474.086
34 7 -747.264
34 8 445.079
34 9 735.516
34 10 -94.3913
34 11 357.386
34 12 -147.581
34 13 -401.134
34 14 315.494
34 15 -661.831
34 16 633.106
34 17 -981.825
34 18 -25.8736
34 19 -989.153
34 20 459.735
34 21 624.435
34 22 -962.894
34 23 771.73
34 24 558.848
34 25 -501.712
34 26 974.535
34 27 -940.055
34 28 64.0789
34 29 -140.558
34 30 -730.227
34 31 -0.591601
34 32 -129.322
34 33 252.472
34 35 -398.202
34 36 -374.569
34 37 -330.173
34 38 -808.454
34 39 658.022
34 40 174.55
34 41 856.919
34 42 -807.904
34 43 -199.672
34 44 -159.734
34 45 994.504
34 46 120.261
34 47 759.089
34 48 456.926
34 49 527.276
34 50 -191.672
35 1 -469.102
35 2 530.635
35 3 -574.199
35 4 872.552
35 5 -306.112
35 6 69.7582
35 7 454.3
35 8 -341.776
35 9 -701.769
35 10 643.488
35 11 741.501
35 12 272.197
35 13 545.535
35 14 -895.536
35 15 355.799
35 16 -388.065
35 17 423.584
35 18 427.858
35 19 -441.194
35 20 358.363
35 21 -497.376
35 22 76.4146
35 23 -568.642
35 24 -157.23
35 25 -934.681
35 26 -636.183
35 27 -443.698
35 28 -250.907
35 29 -234.908
35 30 225.419
35 31 -549.833
35 32 569.535
35 33 -0.896939
35 34 844.217
35 36 -572.855
35 37 -238.144
35 38 -814.011
35 39 575.397
35 40 -415.973
35 41 -452.186
35 42 133.146
35 43 -402.05
35 44 594.206
35 45 -721.86
35 46 -324.982
35 47 -264.464
35 48 995.847
35 49 316.044
35 50 -212.74
36 1 -120.773
36 2 667.548
36 3 363.493
36 4 343.219
36 5 458.697
36 6 -828.606
36 7 -818.774
36 8 -285.227
36 9 389.264
36 10 659.243
36 11 630.419
36 12 403.004
36 13 941.253
36 14 13.8814
36 15 969.161
36 16 -124.437
36 17 -41.0794
36 18 -58.4836
36 19 359.89
36 20 -183.061
36 21 881.102
36 22 -330.906
36 23 -493.468
36 24 -40.5298
36 25 -20.1332
36 26 960.245
36 27 366.974
36 28 -303.487
36 29 281.907
36 30 119.589
36 31 875.117
36 32 -340.005
36 33 -418.538
36 34 -309.044
36 35 617.29
36 37 449.293
36 38 -992.878
36 39 516.345
36 40 -608.336
36 41 698.876
36 42 -437.286
36 43 -143.001
36 44 -405.775
36 45 -323.517
36 46 -913.612
36 47 265.785
36 48 361.783
36 49 596.038
36 50 -929.795
37 1 884.338
37 2 418.942
37 3 -174.512
37 4 -232.954
37 5 -133.291
37 6 -438.751
37 7 197.328
37 8 -970.649
37 9 -386.538
37 10 -288.159
37 11 -416.462
37 12 -679.602
37 13 -504.887
37 14 -512.948
37 15 946.199
37 16 323.555
37 17 -234.969
37 18 -783.966
37 19 -971.077
37 20 -401.622
37 21 -659.632
37 22 344.806
37 23 -95.3684
37 24 721.776
37 25 -855.659
37 26 161.36
37 27 530.146
37 28 -665.312
37 29 -308.494
37 30 -209.626
37 31 532.284
37 32 561.596
37 33 607.885
37 34 380.042
37 35 -610.962
37 36 203.069
37 38 772.523
37 39 -573.833
37 40 -797.157
37 41 -823.049
37 42 768.432
37 43 177.176
37 44 248.198
37 45 -382.325
37 46 327.524
37 47 40.0794
37 48 -515.025
37 49 80.445
37 50 461.323
38 1 946.932
38 2 -770.165
38 3 293.326
38 4 960.367
38 5 -402.721
38 6 159.222
38 7 887.636
38 8 953.711
38 9 537.413
38 10 -157.474
38 11 544.558
38 12 -785.248
38 13 -14.515
38 14 994.992
38 15 0.629749
38 16 -97.0172
38 17 -628.732
38 18 623.396
38 19 -656.64
38 20 418.087
38 21 503.887
38 22 272.197
38 23 39.1634
38 24 -927.841
38 25 -688.09
38 26 539.062
38 27 125.818
38 28 -742.806
38 29 106.643
38 30 57.5447
38 31 16.3852
38 32 -211.946
38 33 -721.433
38 34 134.978
38 35 -659.388
38 36 124.902
38 37 396.47
38 39 -775.294
38 40 271.037
38 41 151.039
38 42 -384.096
38 43 433.11
38 44 -239.305
38 45 -803.385
38 46 -636.427
38 47 230.854
38 48 146.093
38 49 -1.56868
38 50 -790.561
39 1 -421.286
39 2 533.017
39 3 274.457
39 4 -117.719
39 5 -364.798
39 6 419.492
39 7 -385.134
39 8 -644.976
39 9 -757.951
39 10 -15.4921
39 11 365.875
39 12 948.703
39 13 379.187
39 14 482.575
39 15 193.298
39 16 373.997
39 17 764.89
39 18 -821.523
39 19 -975.84
39 20 -326.082
39 21 -196.802
39 22 270.548
39 23 44.232
39 24 980.214
39 25 -944.451
39 26 218.763
39 27 -564.672
39 28 30.7971
39 29 -574.504
39 30 942.719
39 31 559.459
39 32 398.24
39 33 246.915
39 34 -699.571
39 35 -751.234
39 36 339.616
39 37 463.094
39 38 309.693
39 40 -79.9794
39 41 -768.76
39 42 -917.215
39 43 522.024
39 44 -831.721
39 45 -486.75
39 46 -897.124
39 47 -983.657
39 48 560.741
39 49 -922.467
39 50 77.4527
40 1 431.828
40 2 -714.471
40 3 51.5601
40 4 -468.43
40 5 -529.07
40 6 376.806
40 7 897.345
40 8 405.141
40 9 -661.281
40 10 -833.675
40 11 -221.473
40 12 702.662
40 13 -478.628
40 14 -311.792
40 15 127.162
40 16 554.146
40 17 -634.167
40 18 -312.464
40 19 339.432
40 20 861.804
40 21 889.59
40 22 -49.9342
40 23 554.268
40 24 723.181
40 25 -747.753
40 26 621.626
40 27 439.095
40 28 -178.176
40 29 346.272
40 30 211.801
40 31 926.902
40 32 970.199
40 33 -89.0174
40 34 -27.6445
40 35 -163.398
40 36 986.87
40 37 -353.928
40 38 -671.052
40 39 324.471
40 41 -890.59
40 42 731.486
40 43 -936.696
40 44 87.4678
40 45 -880.331
40 46 204.168
40 47 -73.5673
40 48 275.495
40 49 364.959
40 50 634.877
41 1 -627.816
41 2 33.6673
41 3 -124.803
41 4 524.956
41 5 105.177
41 6 -377.684
41 7 760.615
41 8 -120.284
41 9 -884.972
41 10 47.9571
41 11 -937.001
41 12 383.767
41 13 906.689
41 14 141.207
41 15 275.006
41 16 616.984
41 17 -414.63
41 18 -975.352
41 19 -320.036
41 20 -244.19
41 21 -479.361
41 22 906.506
41 23 -261.289
41 24 191.038
41 25 -762.898
41 26 124.658
41 27 677.441
41 28 497.048
41 29 251.678
41 30 -591.481
41 31 -518.322
41 32 -801.187
41 33 -476.369
41 34 -738.41
41 35 -513.681
41 36 770.936
41 37 -777.981
41 38 -575.115
41 39 -268.067
41 40 293.571
41 42 481.109
41 43 352.134
41 44 294.67
41 45 230.427
41 46 841.163
41 47 -368.462
41 48 764.34
41 49 -264.587
41 50 64.5675
42 1 -700.242
42 2 63.8347
42 3 -51.7662
42 4 7.65252
42 5 973.985
42 6 797.622
42 7 -297.502
42 8 -764.058
42 9 745.532
42 10 308.227
42 11 -905.796
42 12 79.2237
42 13 781.317
42 14 -355.211
42 15 -659.388
42 16 799.943
42 17 -449.072
42 18 614.969
42 19 368.378
42 20 577.291
42 21 -362.966
42 22 112.628
42 23 571.367
42 24 -15.431
42 25 -950.802
42 26 -81.445
42 27 175.039
42 28 649.961
42 29 996.031
42 30 -855.11
42 31 642.572
42 32 786.08
42 33 32.0795
42 34 -474.659
42 35 -441.621
42 36 283.311
42 37 -454.446
42 38 728.066
42 39 -562.779
42 40 46.1251
42 41 491.857
42 43 -114.421
42 44 -119.979
42 45 -738.104
42 46 332.654
42 47 531.49
42 48 -472.216
42 49 -705.738
42 50 115.498
43 1 -883.934
43 2 -753.371
43 3 -118.879
43 4 621.748
43 5 313.418
43 6 978.382
43 7 331.372
43 8 -472.949
43 9 -723.204
43 10 -306.601
43 11 -595.695
43 12 517.261
43 13 65.1171
43 14 899.177
43 15 563.245
43 16 279.342
43 17 391.34
43 18 -890.407
43 19 278.67
43 20 329.601
43 21 -89.2617
43 22 -245.656
43 23 90.0937
43 24 -406.385
43 25 219.984
43 26 -77.2314
43 27 91.4982
43 28 692.403
43 29 -244.74
43 30 416.439
43 31 542.238
43 32 -143.306
43 33 -213.534
43 34 523.917
43 35 -715.448
43 36 -572.184
43 37 683.609
43 38 -33.507
43 39 -337.44
43 40 859.056
43 41 649.35
43 42 -550.627
43 44 615.275
43 45 -831.965
43 46 106.765
43 47 254.549
43 48 -352.402
43 49 787.485
43 50 -76.4375
44 1 313.112
44 2 362.699
44 3 -281.624
44 4 664.739
44 5 -800.515
44 6 -771.264
44 7 -30.5758
44 8 -942.07
44 9 -520.154
44 10 -705.677
44 11 -825.064
44 12 870.17
44 13 849.224
44 14 -488.643
44 15 -635.877
44 16 356.898
44 17 502.544
44 18 -624.702
44 19 -205.107
44 20 -491.025
44 21 177.237
44 22 -441.316
44 23 -195.336
44 24 -749.951
44 25 -705.983
44 26 227.618
44 27 609.901
44 28 -208.954
44 29 646.785
44 30 -270.877
44 31 -11.2174
44 32 323.921
44 33 65.2392
44 34 -659.205
44 35 795.057
44 36 -756.608
44 37 507.918
44 38 762.081
44 39 -777.065
44 40 -914.284
44 41 -3.09537
44 42 37.5756
44 43 -214.084
44 45 -636.427
44 46 -143.673
44 47 611.794
44 48 915.91
44 49 -503.91
44 50 674.937
45 1 -822.255
45 2 147.558
45 3 -985.245
45 4 437.629
45 5 -963.81
45 6 814.965
45 7 -765.157
45 8 266.457
45 9 626.755
45 10 -812.912
45 11 -423.24
45 12 199.405
45 13 -66.2392
45 14 5.02661
45 15 730.143
45 16 452.652
45 17 458.453
45 18 -673.678
45 19 -158.146
45 20 599.458
45 21 -576.886
45 22 648.373
45 23 -74.178
45 24 105.483
45 25 -76.9871
45 26 -785.554
45 27 665.655
45 28 657.778
45 29 -313.502
45 30 474.147
45 31 813.011
45 32 -280.342
45 33 155.07
45 34 -401.927
45 35 -637.282
45 36 -237.778
45 37 551.093
45 38 24.1408
45 39 -305.38
45 40 591.764
45 41 633.9
45 42 -63.1858
45 43 -139.948
45 44 -775.478
45 46 825.774
45 47 644.098
45 48 -783.233
45 49 747.791
45 50 -605.588
46 1 -228.862
46 2 589.443
46 3 583.58
46 4 -612.549
46 5 -776.882
46 6 137.543
46 7 -374.569
46 8 992.183
46 9 840.736
46 10 138.642
46 11 657.961
46 12 19.866
46 13 -308.311
46 14 850.079
46 15 -495.605
46 16 206.061
46 17 -52.3158
46 18 651.976
46 19 -645.587
46 20 -6.82049
46 21 -743.051
46 22 658.144
46 23 -316.738
46 24 -492.002
46 25 580.161
46 26 974.596
46 27 223.038
46 28 405.508
46 29 -599.603
46 30 799.821
46 31 -589.71
46 32 269.571
46 33 -727.906
46 34 -446.995
46 35 -243.763
46 36 265.785
46 37 -382.997
46 38 -781.951
46 39 -435.576
46 40 -278.632
46 41 728.616
46 42 -914.467
46 43 -550.138
46 44 331.555
46 45 -91.5212
46 47 -910.925
46 48 -917.154
46 49 -331.761
46 50 -316.616
47 1 918.169
47 2 604.893
47 3 693.93
47 4 25.301
47 5 -909.826
47 6 143.406
47 7 947.665
47 8 -474.109
47 9 -810.53
47 10 -119.857
47 11 112.811
47 12 -541.345
47 13 -573.405
47 14 90.1548
47 15 -361.745
47 16 -338.356
47 17 740.097
47 18 -397.836
47 19 -895.231
47 20 184.26
47 21 -396.126
47 22 117.574
47 23 -972.42
47 24 -368.096
47 25 747.73
47 26 816.309
47 27 779.241
47 28 151.039
47 29 -48.2853
47 30 697.838
47 31 -682.96
47 32 -18.8508
47 33 135.345
47 34 -910.864
47 35 -581.405
47 36 -473.438
47 37 897.59
47 38 -240.465
47 39 -915.872
47 40 -127.185
47 41 716.463
47 42 -929.062
47 43 824.492
47 44 -311.12
47 45 -12.0112
47 46 -378.966
47 48 495.765
47 49 -541.955
47 50 91.3761
48 1 -207.427
48 2 392.683
48 3 967.329
48 4 667.06
48 5 666.754
48 6 264.503
48 7 993.405
48 8 299.983
48 9 723.425
48 10 958.047
48 11 -867.14
48 12 793.592
48 13 -223.793
48 14 365.447
48 15 703.578
48 16 216.137
48 17 575.214
48 18 374.058
48 19 648.434
48 20 918.963
48 21 -491.697
48 22 492.651
48 23 -595.573
48 24 -301.655
48 25 858.934
48 26 853.743
48 27 649.472
48 28 308.532
48 29 27.0109
48 30 271.77
48 31 -131.52
48 32 -511.727
48 33 186.275
48 34 50.7051
48 35 -305.013
48 36 716.952
48 37 -218.908
48 38 -779.447
48 39 939.421
48 40 858.629
48 41 -673.006
48 42 -99.9485
48 43 -742.868
48 44 -91.7654
48 45 937.1
48 46 462.056
48 47 400.317
48 49 -991.412
48 50 -987.382
49 1 -799.905
49 2 -37.1711
49 3 934.108
49 4 -446.629
49 5 179.863
49 6 594.206
49 7 220.961
49 8 491.185
49 9 -48.2243
49 10 585.168
49 11 -849.308
49 12 518.055
49 13 835.973
49 14 786.996
49 15 749.562
49 16 829.622
49 17 -559.604
49 18 -213.473
49 19 -999.473
49 20 -781.157
49 21 125.879
49 22 286.304
49 23 -525.65
49 24 972.642
49 25 76.9031
49 26 613.32
49 27 529.169
49 28 -17.5684
49 29 -305.563
49 30 309.754
49 31 301.265
49 32 544.68
49 33 978.993
49 34 -267.762
49 35 -341.348
49 36 -754.531
49 37 -406.691
49 38 600.374
49 39 304.074
49 40 -594.596
49 41 -691.754
49 42 -571.023
49 43 217.114
49 44 -508.612
49 45 493.628
49 46 794.263
49 47 -371.638
49 48 -44.377
49 50 -639.48
50 1 346.516
50 2 -294.815
50 3 -74.7276
50 4 -355.638
50 5 538.268
50 6 -861.461
50 7 188.229
50 8 -604.916
50 9 977.039
50 10 824.98
50 11 -94.4524
50 12 588.71
50 13 357.142
50 14 -183.916
50 15 -503.91
50 16 224.931
50 17 -94.7577
50 18 748.219
50 19 -876.605
50 20 618.267
50 21 -730.043
50 22 -93.6585
50 23 -772.974
50 24 -450.049
50 25 803.363
50 26 144.261
50 27 534.177
50 28 -11.2174
50 29 -840.942
50 30 -180.435
50 31 -13.1104
50 32 47.0411
50 33 166.672
50 34 -48.0411
50 35 31.7742
50 36 880.552
50 37 -114.727
50 38 778.936
50 39 -306.601
50 40 -799.416
50 41 -187.703
50 42 -97.8722
50 43 885.743
50 44 105.788
50 45 -845.4
50 46 -784.516
50 47 384.378
50 48 894.597
50 49 118.002
