25 600
1
2
3
4
5
6
7
8
9
10
11
12
13
14
15
16
17
18
19
20
21
22
23
24
25
1 2 -796.424
1 3 755.547
1 4 -384.401
1 5 -70.3307
1 6 985.038
1 7 777.531
1 8 690.021
1 9 -402.66
1 10 387.493
1 11 127.223
1 12 -367.73
1 13 786.63
1 14 -218.481
1 15 28.2323
1 16 782.661
1 17 -538.841
1 18 -668.793
1 19 804.156
1 20 -277.594
1 21 211.435
1 22 256.503
1 23 846.354
1 24 127.223
1 25 463.033
2 1 -69.4758
2 3 64.9339
2 4 -837.339
2 5 -978.344
2 6 12.1715
2 7 255.77
2 8 140.047
2 9 878.476
2 10 -215.488
2 11 -179.825
2 12 92.4143
2 13 -797.828
2 14 -97.8111
2 15 -716.731
2 16 984.672
2 17 490.452
2 18 724.891
2 19 -961.611
2 20 220.717
2 21 -229.9
2 22 428.347
2 23 -238.511
2 24 -843.446
2 25 -168.955
3 1 -916.116
3 2 929.284
3 4 -709.403
3 5 -606.259
3 6 -112.284
3 7 -118.757
3 8 825.835
3 9 173.573
3 10 -274.418
3 11 866.995
3 12 -709.83
3 13 -238.877
3 14 274.518
3 15 499.49
3 16 912.307
3 17 273.357
3 18 -189.596
3 19 -923.139
3 20 411.492
3 21 -305.685
3 22 925.07
3 23 191.588
3 24 -69.7201
3 25 -138.482
4 1 324.776
4 2 64.3843
4 3 761.226
4 5 19.1332
4 6 -83.216
4 7 -942.253
4 8 572.772
4 9 -112.651
4 10 -648.946
4 11 788.828
4 12 -176.527
4 13 -820.057
4 14 -780.18
4 15 -721.738
4 16 43.2549
4 17 -491.086
4 18 -905.429
4 19 -402.233
4 20 -328.585
4 21 -389.592
4 22 -407.729
4 23 415.462
4 24 147.009
4 25 -162.848
5 1 654.358
5 2 -91.4601
5 3 -74.4833
5 4 846.843
5 6 -771.814
5 7 -531.391
5 8 -877.216
5 9 426.393
5 10 544.864
5 11 632.923
5 12 465.72
5 13 -604.733
5 14 159.466
5 15 -316.799
5 16 -767.295
5 17 516.895
5 18 974.474
5 19 -641.618
5 20 -107.948
5 21 -645.404
5 22 399.828
5 23 100.048
5 24 94.5516
5 25 -972.543
6 1 -135.795
6 2 282.334
6 3 -262.755
6 4 -223.305
6 5 -153.383
6 7 -137.566
6 8 -231.488
6 9 -700.303
6 10 625.717
6 11 884.338
6 12 425.904
6 13 787.057
6 14 -70.8803
6 15 -728.822
6 16 -404.431
6 17 585.962
6 18 -321.379
6 19 -640.03
6 20 985.1
6 21 450.27
6 22 -995.687
6 23 -410.782
6 24 781.5
6 25 292.655
7 1 -269.228
7 2 803.729
7 3 506.147
7 4 390.18
7 5 -490.842
7 6 -405.347
7 8 731.12
7 9 976.062
7 10 796.95
7 11 129.665
7 12 -643.755
7 13 154.031
7 14 855.514
7 15 887.941
7 16 -862.682
7 17 79.2237
7 18 972.52
7 19 -239.61
7 20 139.864
7 21 331.433
7 22 78.5519
7 23 -57.2012
7 24 -182.084
7 25 429.751
8 1 959.756
8 2 51.8654
8 3 405.63
8 4 420.408
8 5 239.953
8 6 917.253
8 7 296.136
8 9 -524.124
8 10 338.761
8 11 473.476
8 12 -888.819
8 13 -555.268
8 14 571.001
8 15 -800.21
8 16 -859.507
8 17 -715.509
8 18 -407.729
8 19 -462.14
8 20 835.789
8 21 -676.854
8 22 372.959
8 23 -276.128
8 24 -947.81
8 25 -720.761
9 1 -121.017
9 2 -516.979
9 3 -266.846
9 4 984.184
9 5 666.693
9 6 13.4539
9 7 -302.448
9 8 -265.625
9 10 555.612
9 11 -301.41
9 12 -747.387
9 13 -769.004
9 14 -411.698
9 15 -7.12583
9 16 295.036
9 17 16.4462
9 18 450.881
9 19 907.483
9 20 -406.508
9 21 367.585
9 22 -458.354
9 23 540.894
9 24 -48.5296
9 25 -423.545
10 1 890.872
10 2 93.2692
10 3 917.803
10 4 554.757
10 5 92.8417
10 6 793.958
10 7 -250.907
10 8 -306.357
10 9 469.323
10 11 184.687
10 12 309.448
10 13 935.146
10 14 620.221
10 15 201.725
10 16 580.405
10 17 -34.9116
10 18 -426.232
10 19 480.498
10 20 489.903
10 21 -503.91
10 22 712.86
10 23 -667.388
10 24 732.768
10 25 -450.781
11 1 658.938
11 2 -169.321
11 3 273.968
11 4 -308.494
11 5 319.158
11 6 -572.245
11 7 -774.012
11 8 -841.431
11 9 266.029
11 10 568.13
11 12 784.065
11 13 -196.618
11 14 -354.661
11 15 705.227
11 16 901.193
11 17 -198.45
11 18 802.508
11 19 -816.21
11 20 -591.97
11 21 -937.734
11 22 804.401
11 23 -587.145
11 24 -752.516
11 25 273.235
12 1 59.6821
12 2 -236.984
12 3 -484.979
12 4 515.734
12 5 -789.523
12 6 -360.585
12 7 -999.962
12 8 -601.252
12 9 491.307
12 10 158.123
12 11 -88.7731
12 13 640.373
12 14 735.944
12 15 -137.994
12 16 467.369
12 17 -972.97
12 18 232.32
12 19 922.994
12 20 53.0257
12 21 -285.533
12 22 599.031
12 23 254.549
12 24 -382.203
12 25 -229.29
13 1 -124.437
13 2 990.046
13 3 -992.145
13 4 934.291
13 5 20.782
13 6 741.745
13 7 -78.697
13 8 -502.384
13 9 994.748
13 10 101.574
13 11 167.466
13 12 276.533
13 14 620.648
13 15 -197.046
13 16 -71.0635
13 17 576.741
13 18 414.668
13 19 -9.996
13 20 -297.38
13 21 -878.254
13 22 562.879
13 23 29.6368
13 24 612.954
13 25 -134.818
14 1 240.076
14 2 305.235
14 3 781.867
14 4 -380.92
14 5 458.148
14 6 426.27
14 7 449.659
14 8 -544.154
14 9 -375.363
14 10 -705.128
14 11 -475.27
14 12 801.714
14 13 -990.435
14 15 -533.345
14 16 258.213
14 17 166.306
14 18 297.357
14 19 -763.264
14 20 721.105
14 21 -545.742
14 22 415.095
14 23 901.315
14 24 -215.305
14 25 -219.763
15 1 -167.489
15 2 615.458
15 3 -717.647
15 4 -264.892
15 5 -491.758
15 6 305.418
15 7 39.4076
15 8 42.8885
15 9 677.747
15 10 -949.52
15 11 -537.497
15 12 -463.606
15 13 666.144
15 14 391.462
15 16 -619.572
15 17 400.317
15 18 922.688
15 19 984.245
15 20 -188.924
15 21 -394.111
15 22 449.354
15 23 -942.375
15 24 -647.053
15 25 492.834
16 1 825.896
16 2 99.1928
16 3 -112.284
16 4 -587.573
16 5 6.24796
16 6 198.183
16 7 272.747
16 8 -603.389
16 9 -913.734
16 10 509.75
16 11 723.242
16 12 -236.19
16 13 -781.096
16 14 -749.463
16 15 561.657
16 17 -381.836
16 18 870.598
16 19 683.609
16 20 -972.42
16 21 173.207
16 22 603.244
16 23 -491.452
16 24 -164.619
16 25 -167.306
17 1 -422.385
17 2 124.963
17 3 -842.957
17 4 977.222
17 5 953.1
17 6 -829.706
17 7 -260.312
17 8 378.943
17 9 373.691
17 10 804.706
17 11 818.874
17 12 201.237
17 13 743.944
17 14 -852.972
17 15 534.665
17 16 -500.246
17 18 -544.581
17 19 -663.602
17 20 532.65
17 21 -820.057
17 22 -721.799
17 23 -383.974
17 24 -570.291
17 25 337.661
18 1 -919.108
18 2 -87.735
18 3 846.415
18 4 923.36
18 5 -413.225
18 6 -675.266
18 7 674.632
18 8 671.945
18 9 339.432
18 10 -24.0415
18 11 -708.425
18 12 -771.508
18 13 -927.658
18 14 -352.218
18 15 -612.488
18 16 -586.229
18 17 -326.998
18 19 657.106
18 20 -900.361
18 21 557.932
18 22 -86.7579
18 23 -611.145
18 24 -850.591
18 25 -149.291
19 1 -844.606
19 2 -52.1326
19 3 -342.02
19 4 644.587
19 5 -793.187
19 6 338.333
19 7 -666.106
19 8 -366.875
19 9 512.131
19 10 636.465
19 11 723.059
19 12 -132.681
19 13 873.957
19 14 -426.11
19 15 195.741
19 16 -478.75
19 17 891.972
19 18 982.351
19 20 380.287
19 21 -634.106
19 22 -700.792
19 23 520.986
19 24 -295.12
19 25 875.911
20 1 394.21
20 2 148.352
20 3 758.111
20 4 -92.6204
20 5 740.158
20 6 751.211
20 7 136.078
20 8 -102.086
20 9 -659.449
20 10 381.691
20 11 -515.879
20 12 -497.559
20 13 464.071
20 14 541.505
20 15 400.866
20 16 626.694
20 17 -700.609
20 18 -59.8882
20 19 902.231
20 21 -224.343
20 22 -344.89
20 23 177.237
20 24 135.345
20 25 675.365
21 1 -142.879
21 2 775.149
21 3 -975.596
21 4 -920.94
21 5 60.0485
21 6 7.10291
21 7 -463.606
21 8 -272.892
21 9 -857.613
21 10 958.474
21 11 253.755
21 12 363.615
21 13 384.622
21 14 -752.944
21 15 948.032
21 16 778.203
21 17 102.307
21 18 -136.345
21 19 -167.184
21 20 -209.626
21 22 444.53
21 23 -462.873
21 24 193.237
21 25 124.902
22 1 520.925
22 2 97.2997
22 3 64.4453
22 4 104.506
22 5 -937.795
22 6 -757.341
22 7 -333.532
22 8 112.139
22 9 796.828
22 10 174.733
22 11 267.128
22 12 747.669
22 13 -281.258
22 14 513.17
22 15 -835.141
22 16 621.564
22 17 -536.093
22 18 -47.4304
22 19 488.01
22 20 726.234
22 21 -53.4761
22 23 -918.62
22 24 476.651
22 25 -686.319
23 1 468.896
23 2 808.492
23 3 963.543
23 4 229.755
23 5 482.392
23 6 826.629
23 7 -287.059
23 8 624.557
23 9 187.985
23 10 568.191
23 11 -670.991
23 12 998.107
23 13 163.68
23 14 -932.116
23 15 -599.847
23 16 -500.002
23 17 206.733
23 18 -811.691
23 19 -415.912
23 20 -564.978
23 21 578.817
23 22 631.824
23 24 311.525
23 25 -103.185
24 1 -160.161
24 2 -814.133
24 3 797.866
24 4 482.819
24 5 462.85
24 6 644.343
24 7 -948.177
24 8 17.8508
24 9 406.668
24 10 816.004
24 11 -428.797
24 12 230.06
24 13 -151.673
24 14 94.7348
24 15 -600.702
24 16 307.922
24 17 -748.425
24 18 0.141209
24 19 252.778
24 20 -713.738
24 21 -36.6214
24 22 136.932
24 23 -615.175
24 25 194.519
25 1 -477.346
25 2 -988.664
25 3 892.826
25 4 897.651
25 5 879.025
25 6 -856.942
25 7 132.475
25 8 -419.271
25 9 -310.693
25 10 -99.1546
25 11 958.23
25 12 -191.367
25 13 907.299
25 14 511.948
25 15 442.514
25 16 -912.452
25 17 819.851
25 18 675.304
25 19 792.859
25 20 -111.551
25 21 -248.526
25 22 -783.111
25 23 -871.415
25 24 -954.528
