25 600
1
2
3
4
5
6
7
8
9
10
11
12
13
14
15
16
17
18
19
20
21
22
23
24
25
1 2 -398.996
1 3 229.45
1 4 828.4
1 5 490.941
1 6 -595.389
1 7 -880.514
1 8 -893.888
1 9 -763.264
1 10 -882.59
1 11 26.4613
1 12 544.558
1 13 -426.599
1 14 796.706
1 15 -983.29
1 16 -776.638
1 17 -612.427
1 18 -630.503
1 19 525.75
1 20 -819.507
1 21 -432.95
1 22 190.916
1 23 -550.383
1 24 -149.169
1 25 411.004
2 1 -451.392
2 3 362.333
2 4 197.939
2 5 -9.996
2 6 -662.747
2 7 256.258
2 8 215.587
2 9 397.263
2 10 61.3309
2 11 278.609
2 12 -513.803
2 13 816.675
2 14 -631.725
2 15 876.949
2 16 -512.276
2 17 -641.984
2 18 301.693
2 19 -197.962
2 20 -669.831
2 21 593.534
2 22 446.728
2 23 -591.786
2 24 -382.142
2 25 719.822
3 1 175.466
3 2 677.075
3 4 116.963
3 5 -691.937
3 6 -836.789
3 7 411.614
3 8 -79.7351
3 9 -440.4
3 10 -626.717
3 11 -959.718
3 12 -203.214
3 13 6.67544
3 14 -310.082
3 15 -539.635
3 16 -590.077
3 17 -393.744
3 18 395.554
3 19 358.119
3 20 -903.658
3 21 -843.018
3 22 672.617
3 23 453.14
3 24 890.75
3 25 976.123
4 1 -678.869
4 2 -904.025
4 3 479.338
4 5 -228.312
4 6 -118.635
4 7 -339.639
4 8 785.958
4 9 665.411
4 10 338.272
4 11 -841.492
4 12 853.621
4 13 -730.41
4 14 612.282
4 15 536.497
4 16 730.448
4 17 -203.641
4 18 9.97308
4 19 -938.589
4 20 36.4153
4 21 98.1546
4 22 -170.237
4 23 -732.547
4 24 902.842
4 25 -392.767
5 1 -696.334
5 2 -134.33
5 3 965.68
5 4 -904.819
5 6 71.2849
5 7 -917.399
5 8 -888.697
5 9 193.847
5 10 -637.587
5 11 -145.932
5 12 -344.646
5 13 -387.393
5 14 -909.704
5 15 -696.334
5 16 -366.203
5 17 1.48469
5 18 -973.153
5 19 -36.255
5 20 914.994
5 21 377.416
5 22 -740.486
5 23 -848.392
5 24 -202.847
5 25 69.3307
6 1 111.834
6 2 -35.8276
6 3 -199.489
6 4 -889.063
6 5 715.914
6 7 302.426
6 8 318.547
6 9 -979.993
6 10 425.843
6 11 -612.977
6 12 835.606
6 13 900.582
6 14 258.64
6 15 188.535
6 16 -612.0
6 17 805.805
6 18 548.161
6 19 -792.943
6 20 963.482
6 21 -693.159
6 22 1.79003
6 23 57.4226
6 24 508.773
6 25 -807.233
7 1 350.364
7 2 270.487
7 3 263.525
7 4 243.068
7 5 -231.06
7 6 -226.053
7 8 76.5367
7 9 -985.855
7 10 -730.104
7 11 473.781
7 12 411.553
7 13 581.687
7 14 -757.279
7 15 -624.396
7 16 722.509
7 17 153.909
7 18 335.952
7 19 696.067
7 20 888.43
7 21 -473.01
7 22 -135.673
7 23 -622.564
7 24 393.477
7 25 290.578
8 1 -63.0637
8 2 -524.001
8 3 942.291
8 4 733.684
8 5 479.521
8 6 -173.84
8 7 -808.576
8 9 392.195
8 10 -649.434
8 11 445.751
8 12 -700.609
8 13 -832.942
8 14 738.997
8 15 104.933
8 16 -40.1634
8 17 956.764
8 18 14.3699
8 19 503.948
8 20 -372.371
8 21 730.509
8 22 246.182
8 23 -511.91
8 24 615.458
8 25 -997.58
9 1 547.856
9 2 751.577
9 3 -257.991
9 4 621.442
9 5 -543.543
9 6 447.766
9 7 237.511
9 8 -183.733
9 10 -472.705
9 11 168.077
9 12 570.39
9 13 457.354
9 14 325.57
9 15 704.311
9 16 904.735
9 17 -563.024
9 18 11.4998
9 19 43.377
9 20 861.377
9 21 138.703
9 22 705.471
9 23 34.5833
9 24 -723.448
9 25 -94.7577
10 1 -189.84
10 2 -844.85
10 3 -353.379
10 4 467.613
10 5 495.582
10 6 -173.596
10 7 -63.6744
10 8 -749.341
10 9 -488.399
10 11 -298.357
10 12 454.239
10 13 513.597
10 14 -459.331
10 15 -618.778
10 16 469.384
10 17 238.305
10 18 254.854
10 19 -22.698
10 20 -736.944
10 21 -268.128
10 22 -720.395
10 23 971.665
10 24 303.586
10 25 -144.284
11 1 -748.974
11 2 -194.481
11 3 221.939
11 4 832.064
11 5 142.734
11 6 -359.363
11 7 -705.616
11 8 -439.728
11 9 -938.65
11 10 718.295
11 12 -897.796
11 13 -610.168
11 14 699.853
11 15 -235.213
11 16 62.308
11 17 268.777
11 18 616.984
11 19 883.483
11 20 517.383
11 21 222.916
11 22 560.131
11 23 351.524
11 24 74.3383
11 25 98.3989
12 1 -9.01892
12 2 787.057
12 3 875.239
12 4 499.185
12 5 -980.298
12 6 -904.208
12 7 -515.696
12 8 862.476
12 9 928.062
12 10 -338.723
12 11 -905.613
12 13 -390.935
12 14 -537.314
12 15 -811.691
12 16 718.418
12 17 -692.181
12 18 -890.101
12 19 667.06
12 20 -933.337
12 21 -216.832
12 22 -495.727
12 23 866.018
12 24 -193.26
12 25 -886.559
13 1 187.863
13 2 818.141
13 3 -137.505
13 4 -544.093
13 5 894.292
13 6 -284.495
13 7 -524.124
13 8 -373.287
13 9 -453.774
13 10 -334.448
13 11 -305.502
13 12 -614.076
13 14 -839.598
13 15 -265.258
13 16 -19.5836
13 17 -642.595
13 18 -165.657
13 19 728.005
13 20 -370.233
13 21 -478.384
13 22 -985.367
13 23 -869.399
13 24 -311.364
13 25 222.122
14 1 234.763
14 2 -334.692
14 3 -951.047
14 4 619.183
14 5 -506.414
14 6 878.476
14 7 -578.779
14 8 532.711
14 9 -511.91
14 10 -784.027
14 11 859.606
14 12 607.824
14 13 861.255
14 15 20.9042
14 16 535.948
14 17 741.684
14 18 669.014
14 19 872.43
14 20 451.369
14 21 -290.174
14 22 -746.226
14 23 -269.716
14 24 761.531
14 25 -67.7048
15 1 -296.281
15 2 -692.059
15 3 414.729
15 4 307.433
15 5 -914.773
15 6 107.864
15 7 -213.534
15 8 -937.307
15 9 -349.165
15 10 -434.843
15 11 997.008
15 12 -443.698
15 13 -811.813
15 14 -260.861
15 16 595.55
15 17 957.802
15 18 719.456
15 19 977.527
15 20 313.051
15 21 758.661
15 22 716.463
15 23 0.996155
15 24 551.398
15 25 -954.039
16 1 42.7053
16 2 -149.902
16 3 309.876
16 4 -526.811
16 5 790.355
16 6 113.605
16 7 234.641
16 8 863.087
16 9 -795.019
16 10 895.697
16 11 473.659
16 12 390.912
16 13 -101.109
16 14 947.116
16 15 28.5987
16 17 280.624
16 18 -486.995
16 19 -595.328
16 20 -707.998
16 21 944.001
16 22 -953.367
16 23 -426.354
16 24 454.789
16 25 509.444
17 1 -982.435
17 2 185.054
17 3 -532.734
17 4 -322.601
17 5 652.892
17 6 577.718
17 7 258.396
17 8 -165.169
17 9 -709.341
17 10 -767.722
17 11 873.896
17 12 -632.763
17 13 -805.095
17 14 102.613
17 15 245.877
17 16 113.116
17 18 -54.1478
17 19 167.588
17 20 -731.326
17 21 885.437
17 22 -383.913
17 23 663.09
17 24 869.743
17 25 10.0952
18 1 913.223
18 2 -590.015
18 3 759.394
18 4 -185.626
18 5 -534.749
18 6 694.113
18 7 -436.858
18 8 996.58
18 9 461.384
18 10 113.299
18 11 4.17167
18 12 -178.237
18 13 801.042
18 14 859.3
18 15 -169.565
18 16 86.6739
18 17 974.291
18 19 839.698
18 20 182.855
18 21 771.302
18 22 -164.985
18 23 -897.246
18 24 77.5138
18 25 -665.006
19 1 470.056
19 2 992.428
19 3 701.746
19 4 -409.866
19 5 337.173
19 6 458.942
19 7 200.931
19 8 75.8039
19 9 -121.872
19 10 995.481
19 11 656.007
19 12 -108.498
19 13 777.714
19 14 -401.744
19 15 -76.926
19 16 -86.3915
19 17 61.3919
19 18 -778.103
19 20 41.4839
19 21 335.463
19 22 -772.302
19 23 141.94
19 24 879.269
19 25 469.384
20 1 588.832
20 2 -322.906
20 3 716.219
20 4 -250.969
20 5 11.5608
20 6 709.135
20 7 450.27
20 8 -131.093
20 9 259.19
20 10 422.79
20 11 -892.727
20 12 995.176
20 13 97.7271
20 14 -275.457
20 15 -647.48
20 16 -11.2174
20 17 -624.396
20 18 760.432
20 19 679.395
20 21 -415.851
20 22 -747.02
20 23 975.573
20 24 973.375
20 25 445.262
21 1 -230.633
21 2 -840.392
21 3 135.711
21 4 -951.169
21 5 -59.5828
21 6 -89.8113
21 7 451.552
21 8 -662.991
21 9 570.573
21 10 -58.5447
21 11 -612.183
21 12 -944.635
21 13 964.886
21 14 700.342
21 15 -479.178
21 16 741.135
21 17 -267.09
21 18 701.685
21 19 -737.371
21 20 273.296
21 22 872.857
21 23 38.3084
21 24 -908.116
21 25 948.337
22 1 -690.533
22 2 494.361
22 3 963.97
22 4 -9.8128
22 5 -898.223
22 6 -302.204
22 7 -411.271
22 8 -539.513
22 9 473.903
22 10 762.386
22 11 -720.15
22 12 483.308
22 13 880.979
22 14 -164.741
22 15 -966.558
22 16 734.173
22 17 291.8
22 18 -986.161
22 19 -447.606
22 20 132.047
22 21 -129.2
22 23 -955.383
22 24 886.231
22 25 665.411
23 1 248.93
23 2 -743.173
23 3 379.92
23 4 -711.662
23 5 573.138
23 6 -835.751
23 7 -376.218
23 8 -160.955
23 9 521.475
23 10 -827.263
23 11 80.7504
23 12 894.17
23 13 470.239
23 14 829.683
23 15 85.5136
23 16 -481.254
23 17 -0.408399
23 18 51.0715
23 19 906.933
23 20 -157.108
23 21 -71.491
23 22 -223.916
23 24 550.36
23 25 388.592
24 1 62.6744
24 2 -534.688
24 3 -1000.57
24 4 -894.62
24 5 -154.36
24 6 -100.132
24 7 -423.362
24 8 43.6824
24 9 100.719
24 10 707.364
24 11 107.681
24 12 591.886
24 13 -952.512
24 14 -943.963
24 15 590.115
24 16 -763.997
24 17 789.195
24 18 961.405
24 19 -960.451
24 20 767.333
24 21 -560.276
24 22 -381.775
24 23 213.878
24 25 865.835
25 1 -890.04
25 2 237.816
25 3 883.422
25 4 -977.306
25 5 903.025
25 6 -221.045
25 7 360.684
25 8 -281.502
25 9 -869.583
25 10 -947.993
25 11 -41.9343
25 12 793.836
25 13 -58.85
25 14 -392.523
25 15 64.6896
25 16 966.535
25 17 520.925
25 18 855.392
25 19 534.543
25 20 -580.794
25 21 84.7197
25 22 -146.177
25 23 -931.078
25 24 -599.42
