25 600
1
2
3
4
5
6
7
8
9
10
11
12
13
14
15
16
17
18
19
20
21
22
23
24
25
1 2 829.316
1 3 -792.149
1 4 -712.089
1 5 770.081
1 6 33.423
1 7 -497.803
1 8 -837.583
1 9 -567.42
1 10 -493.407
1 11 -280.342
1 12 -484.369
1 13 605.504
1 14 -442.354
1 15 77.9413
1 16 -736.822
1 17 -170.543
1 18 -318.815
1 19 720.433
1 20 -907.994
1 21 698.449
1 22 -853.4
1 23 699.548
1 24 256.869
1 25 -791.538
2 1 -322.051
2 3 693.013
2 4 184.504
2 5 -302.326
2 6 -593.435
2 7 -115.521
2 8 -420.309
2 9 281.54
2 10 295.525
2 11 454.178
2 12 710.051
2 13 749.379
2 14 208.687
2 15 105.971
2 16 -441.011
2 17 842.69
2 18 -172.985
2 19 82.9488
2 20 -451.331
2 21 -142.024
2 22 -412.859
2 23 -906.467
2 24 -505.132
2 25 -486.628
3 1 837.072
3 2 600.74
3 4 -494.017
3 5 -989.764
3 6 390.729
3 7 -107.46
3 8 -501.895
3 9 236.839
3 10 680.434
3 11 399.523
3 12 20.5988
3 13 39.4076
3 14 676.586
3 15 -336.768
3 16 75.926
3 17 -486.201
3 18 -220.618
3 19 424.194
3 20 -374.203
3 21 -760.76
3 22 -138.482
3 23 -759.6
3 24 -533.406
3 25 401.721
4 1 -353.379
4 2 99.9256
4 3 163.192
4 5 738.692
4 6 621.687
4 7 -563.879
4 8 728.921
4 9 -749.585
4 10 657.167
4 11 13.4539
4 12 740.341
4 13 610.267
4 14 536.681
4 15 93.8799
4 16 572.588
4 17 -799.111
4 18 -429.347
4 19 -658.594
4 20 -557.711
4 21 -255.793
4 22 -508.429
4 23 -106.727
4 24 -50.6059
4 25 422.851
5 1 810.568
5 2 31.9574
5 3 796.95
5 4 -536.459
5 6 826.324
5 7 907.116
5 8 387.37
5 9 -894.132
5 10 -521.07
5 11 -268.922
5 12 977.771
5 13 -110.086
5 14 227.923
5 15 -98.6661
5 16 74.6436
5 17 -791.844
5 18 139.558
5 19 -533.711
5 20 771.913
5 21 -939.016
5 22 387.065
5 23 396.164
5 24 -301.471
5 25 942.597
6 1 -667.877
6 2 74.094
6 3 288.014
6 4 801.042
6 5 -609.862
6 7 -535.971
6 8 30.1254
6 9 18.3393
6 10 -146.543
6 11 -621.465
6 12 -582.321
6 13 -669.281
6 14 872.918
6 15 -710.013
6 16 -741.28
6 17 -360.463
6 18 775.333
6 19 124.963
6 20 47.4686
6 21 645.014
6 22 -88.0403
6 23 -527.482
6 24 81.7274
6 25 -758.501
7 1 -780.852
7 2 654.846
7 3 16.5073
7 4 619.122
7 5 682.082
7 6 79.9565
7 8 535.581
7 9 -14.2097
7 10 -115.704
7 11 338.15
7 12 831.759
7 13 -116.62
7 14 -154.054
7 15 -546.23
7 16 585.29
7 17 -1000.63
7 18 313.662
7 19 -246.755
7 20 -875.689
7 21 -561.68
7 22 -290.296
7 23 766.966
7 24 459.43
7 25 372.592
8 1 -77.842
8 2 -383.851
8 3 -132.742
8 4 -979.199
8 5 -883.567
8 6 -678.258
8 7 735.944
8 9 893.804
8 10 770.203
8 11 459.858
8 12 -672.396
8 13 222.916
8 14 98.2157
8 15 614.175
8 16 177.42
8 17 547.184
8 18 83.4373
8 19 -937.856
8 20 -214.755
8 21 355.799
8 22 270.426
8 23 -872.758
8 24 -681.617
8 25 -246.511
9 1 531.673
9 2 -368.646
9 3 -11.4006
9 4 -929.307
9 5 984.55
9 6 -102.88
9 7 -198.756
9 8 -638.015
9 10 246.793
9 11 -271.67
9 12 -632.335
9 13 -273.563
9 14 -777.615
9 15 808.614
9 16 -540.612
9 17 -607.603
9 18 600.374
9 19 952.184
9 20 -3.58391
9 21 -498.353
9 22 -749.402
9 23 -346.6
9 24 -842.957
9 25 527.459
10 1 -276.067
10 2 365.02
10 3 300.044
10 4 267.617
10 5 12.2936
10 6 -62.2087
10 7 -626.9
10 8 353.295
10 9 -214.084
10 11 677.258
10 12 518.971
10 13 200.992
10 14 278.67
10 15 -568.52
10 16 537.291
10 17 355.432
10 18 11.4998
10 19 -828.667
10 20 -81.8114
10 21 154.52
10 22 -452.614
10 23 -522.841
10 24 -885.643
10 25 -342.509
11 1 -542.261
11 2 -612.244
11 3 -250.236
11 4 772.462
11 5 692.769
11 6 -958.131
11 7 -554.291
11 8 -484.246
11 9 -461.957
11 10 -451.514
11 12 -37.7207
11 13 356.898
11 14 358.913
11 15 -475.636
11 16 -671.785
11 17 560.008
11 18 293.815
11 19 -259.579
11 20 -338.234
11 21 -512.887
11 22 -886.193
11 23 307.555
11 24 -645.098
11 25 784.676
12 1 417.66
12 2 -155.886
12 3 -676.304
12 4 386.638
12 5 -653.648
12 6 -936.818
12 7 -0.713736
12 8 293.265
12 9 -971.749
12 10 213.755
12 11 754.325
12 13 -963.81
12 14 912.612
12 15 811.362
12 16 450.82
12 17 790.66
12 18 -804.912
12 19 -894.437
12 20 797.928
12 21 48.751
12 22 533.994
12 23 -284.434
12 24 -799.05
12 25 -177.993
13 1 -792.332
13 2 861.56
13 3 802.935
13 4 277.999
13 5 950.352
13 6 -351.669
13 7 382.668
13 8 -230.267
13 9 -397.531
13 10 831.576
13 11 -170.909
13 12 -808.759
13 14 -187.153
13 15 -511.91
13 16 -151.062
13 17 -408.706
13 18 -65.2621
13 19 -939.81
13 20 -388.676
13 21 -13.2936
13 22 337.661
13 23 -822.866
13 24 -984.145
13 25 -686.075
14 1 -697.739
14 2 716.28
14 3 -732.486
14 4 -544.032
14 5 -301.41
14 6 526.482
14 7 446.545
14 8 -723.814
14 9 621.015
14 10 -735.845
14 11 -237.9
14 12 607.336
14 13 -819.263
14 15 767.516
14 16 -817.797
14 17 120.322
14 18 643.121
14 19 405.813
14 20 114.887
14 21 26.5835
14 22 76.7199
14 23 860.827
14 24 -162.848
14 25 -467.331
15 1 -264.037
15 2 749.379
15 3 -637.099
15 4 0.507614
15 5 -667.205
15 6 548.283
15 7 -574.077
15 8 -260.251
15 9 -596.183
15 10 -755.325
15 11 273.541
15 12 -620.732
15 13 953.589
15 14 158.856
15 16 -44.4992
15 17 -253.411
15 18 -440.034
15 19 -635.816
15 20 800.859
15 21 -803.447
15 22 -858.713
15 23 -837.705
15 24 757.562
15 25 331.127
16 1 -449.133
16 2 28.0491
16 3 -700.853
16 4 -965.214
16 5 -794.653
16 6 -524.246
16 7 575.153
16 8 -215.427
16 9 930.872
16 10 -714.471
16 11 -513.193
16 12 144.077
16 13 201.542
16 14 -484.674
16 15 -600.092
16 17 406.729
16 18 -18.118
16 19 748.096
16 20 -849.064
16 21 -693.83
16 22 -667.022
16 23 -996.97
16 24 58.705
16 25 -256.22
17 1 -7.06476
17 2 762.508
17 3 614.114
17 4 -542.932
17 5 102.674
17 6 522.696
17 7 -455.117
17 8 585.474
17 9 -722.227
17 10 346.577
17 11 939.971
17 12 -951.169
17 13 205.756
17 14 -180.741
17 15 110.307
17 16 -298.235
17 18 953.161
17 19 -133.78
17 20 -101.536
17 21 170.764
17 22 -818.408
17 23 861.438
17 24 96.2615
17 25 -659.388
18 1 455.583
18 2 465.781
18 3 -323.456
18 4 -587.878
18 5 -186.542
18 6 -362.05
18 7 523.001
18 8 -533.467
18 9 823.209
18 10 245.938
18 11 336.807
18 12 -514.78
18 13 -728.089
18 14 720.982
18 15 -577.436
18 16 753.837
18 17 -287.853
18 19 -804.363
18 20 -972.176
18 21 -412.492
18 22 19.1332
18 23 561.84
18 24 -70.8803
18 25 327.219
19 1 175.466
19 2 872.857
19 3 951.207
19 4 521.597
19 5 452.468
19 6 -447.789
19 7 109.33
19 8 257.785
19 9 -818.958
19 10 828.217
19 11 61.9416
19 12 560.314
19 13 -694.991
19 14 828.156
19 15 552.619
19 16 802.08
19 17 -109.048
19 18 -208.343
19 20 -459.514
19 21 65.9109
19 22 -203.397
19 23 -180.741
19 24 -295.731
19 25 394.149
20 1 -321.135
20 2 -400.156
20 3 -2.72897
20 4 857.468
20 5 -473.621
20 6 561.963
20 7 955.482
20 8 390.241
20 9 -91.338
20 10 -125.963
20 11 -566.26
20 12 324.654
20 13 126.795
20 14 746.264
20 15 -528.032
20 16 558.604
20 17 -545.619
20 18 -549.161
20 19 957.314
20 21 299.677
20 22 658.327
20 23 -475.331
20 24 789.989
20 25 -678.197
21 1 -23.6141
21 2 563.856
21 3 235.495
21 4 671.09
21 5 759.76
21 6 68.2315
21 7 -859.14
21 8 752.554
21 9 942.169
21 10 -231.366
21 11 715.303
21 12 -248.892
21 13 -454.262
21 14 866.445
21 15 -451.698
21 16 308.532
21 17 400.439
21 18 -371.455
21 19 576.985
21 20 -604.305
21 22 257.907
21 23 -215.733
21 24 -344.951
21 25 -667.938
22 1 -493.346
22 2 -860.728
22 3 -551.543
22 4 869.315
22 5 658.327
22 6 870.354
22 7 -686.319
22 8 289.723
22 9 795.668
22 10 912.734
22 11 867.789
22 12 -540.49
22 13 -819.141
22 14 -95.9791
22 15 -77.6588
22 16 761.714
22 17 200.992
22 18 -900.3
22 19 487.704
22 20 -148.07
22 21 832.98
22 23 708.83
22 24 -492.063
22 25 187.191
23 1 835.362
23 2 81.1168
23 3 44.0488
23 4 239.465
23 5 835.606
23 6 198.916
23 7 -434.232
23 8 -643.633
23 9 507.857
23 10 -114.727
23 11 -937.795
23 12 -807.111
23 13 29.3926
23 14 190.306
23 15 -357.348
23 16 653.014
23 17 -999.107
23 18 376.562
23 19 321.051
23 20 -720.211
23 21 20.9652
23 22 -48.4686
23 24 -326.021
23 25 -958.558
24 1 -905.735
24 2 179.863
24 3 -942.009
24 4 -572.001
24 5 79.2847
24 6 -489.865
24 7 69.8193
24 8 -181.535
24 9 -664.945
24 10 363.676
24 11 -60.8042
24 12 45.4533
24 13 -214.023
24 14 -292.8
24 15 -450.476
24 16 -904.819
24 17 563.978
24 18 867.606
24 19 -238.999
24 20 886.048
24 21 -566.321
24 22 -999.473
24 23 730.936
24 25 -952.879
25 1 186.275
25 2 -318.143
25 3 -82.2389
25 4 -333.654
25 5 174.428
25 6 -977.855
25 7 -539.696
25 8 -97.8722
25 9 199.221
25 10 780.89
25 11 609.534
25 12 -563.634
25 13 -83.5824
25 14 881.224
25 15 -93.4143
25 16 683.243
25 17 962.199
25 18 796.218
25 19 803.118
25 20 692.952
25 21 975.878
25 22 215.954
25 23 -611.084
25 24 701.441
