50 2450
1
2
3
4
5
6
7
8
9
10
11
12
13
14
15
16
17
18
19
20
21
22
23
24
25
26
27
28
29
30
31
32
33
34
35
36
37
38
39
40
41
42
43
44
45
46
47
48
49
50
1 2 75.1932
1 3 368.256
1 4 912.429
1 5 -807.599
1 6 -929.856
1 7 902.536
1 8 -865.064
1 9 -113.628
1 10 379.126
1 11 368.867
1 12 -114.788
1 13 214.916
1 14 -422.874
1 15 468.773
1 16 -238.083
1 17 270.609
1 18 -292.189
1 19 -883.018
1 20 892.643
1 21 -948.604
1 22 641.9
1 23 -895.964
1 24 704.738
1 25 -114.91
1 26 563.001
1 27 386.821
1 28 795.912
1 29 576.619
1 30 -736.883
1 31 958.108
1 32 74.0329
1 33 731.486
1 34 -66.6056
1 35 228.717
1 36 368.256
1 37 -319.486
1 38 -867.812
1 39 -142.146
1 40 -314.418
1 41 -550.077
1 42 -363.638
1 43 -32.2246
1 44 -684.426
1 45 207.649
1 46 -161.443
1 47 -315.212
1 48 -44.4992
1 49 630.847
1 50 400.378
2 1 -56.8959
2 3 -948.299
2 4 629.381
2 5 -167.856
2 6 -515.269
2 7 549.383
2 8 861.193
2 9 -299.945
2 10 0.202277
2 11 -780.546
2 12 476.895
2 13 -864.392
2 14 -661.953
2 15 780.768
2 16 -465.193
2 17 -653.831
2 18 733.623
2 19 -34.2398
2 20 -479.422
2 21 -194.298
2 22 976.978
2 23 -240.282
2 24 407.889
2 25 818.874
2 26 -522.719
2 27 -36.1329
2 28 -299.273
2 29 141.268
2 30 -851.629
2 31 293.388
2 32 -102.269
2 33 351.157
2 34 -949.032
2 35 188.718
2 36 -195.825
2 37 646.785
2 38 -259.335
2 39 529.902
2 40 143.894
2 41 -229.473
2 42 -751.6
2 43 -561.924
2 44 897.284
2 45 -258.236
2 46 640.556
2 47 -640.213
2 48 808.92
2 49 -918.925
2 50 -919.658
3 1 -391.18
3 2 502.055
3 4 -775.966
3 5 -645.526
3 6 -434.049
3 7 -366.753
3 8 801.592
3 9 -231.549
3 10 717.624
3 11 -470.018
3 12 -521.742
3 13 -620.977
3 14 718.418
3 15 -256.404
3 16 46.3083
3 17 485.14
3 18 -326.143
3 19 -40.0412
3 20 437.568
3 21 -687.479
3 22 -176.894
3 23 -297.502
3 24 369.294
3 25 847.209
3 26 808.431
3 27 -734.318
3 28 293.693
3 29 726.356
3 30 -275.151
3 31 316.776
3 32 -657.312
3 33 157.634
3 34 139.192
3 35 -400.462
3 36 -39.797
3 37 778.081
3 38 -749.768
3 39 189.512
3 40 -101.475
3 41 -601.374
3 42 -598.565
3 43 -281.624
3 44 -718.502
3 45 -417.316
3 46 -890.285
3 47 27.1941
3 48 -590.87
3 49 -26.6674
3 50 -181.657
4 1 -334.204
4 2 995.908
4 3 329.784
4 5 -455.728
4 6 -307.029
4 7 528.681
4 8 -804.424
4 9 -377.073
4 10 201.176
4 11 440.988
4 12 145.97
4 13 -276.189
4 14 12.0494
4 15 -227.03
4 16 537.413
4 17 -665.556
4 18 978.626
4 19 -978.039
4 20 -282.968
4 21 897.345
4 22 -675.266
4 23 -137.871
4 24 614.664
4 25 780.951
4 26 -523.94
4 27 -580.428
4 28 -346.6
4 29 -712.7
4 30 794.996
4 31 -198.817
4 32 934.841
4 33 -130.604
4 34 679.945
4 35 548.833
4 36 -393.317
4 37 746.264
4 38 458.636
4 39 719.028
4 40 385.966
4 41 -884.727
4 42 -494.139
4 43 271.22
4 44 137.849
4 45 -856.636
4 46 34.8886
4 47 -548.978
4 48 481.109
4 49 -87.6739
4 50 -11.8891
5 1 -142.085
5 2 -667.266
5 3 525.994
5 4 477.873
5 6 -119.002
5 7 -652.61
5 8 554.573
5 9 -798.928
5 10 198.794
5 11 173.084
5 12 -994.649
5 13 279.953
5 14 20.1714
5 15 473.17
5 16 12.1104
5 17 -54.4532
5 18 -237.656
5 19 648.495
5 20 417.11
5 21 529.536
5 22 848.064
5 23 193.115
5 24 -545.07
5 25 172.901
5 26 309.448
5 27 627.244
5 28 -291.578
5 29 713.227
5 30 895.269
5 31 -62.6973
5 32 -474.537
5 33 -832.209
5 34 351.218
5 35 -527.788
5 36 95.8951
5 37 -729.005
5 38 581.81
5 39 -780.546
5 40 -639.114
5 41 479.766
5 42 362.15
5 43 410.332
5 44 -42.4229
5 45 904.674
5 46 302.059
5 47 -618.839
5 48 -631.419
5 49 -403.821
5 50 -260.068
6 1 -355.883
6 2 -515.269
6 3 624.251
6 4 260.655
6 5 82.0938
6 7 -251.579
6 8 380.592
6 9 -482.353
6 10 226.213
6 11 -920.635
6 12 561.23
6 13 58.1554
6 14 543.215
6 15 766.478
6 16 244.717
6 17 823.759
6 18 670.419
6 19 -497.193
6 20 -481.804
6 21 27.5605
6 22 -461.468
6 23 777.409
6 24 83.3763
6 25 -909.643
6 26 321.662
6 27 -226.908
6 28 -723.631
6 29 320.013
6 30 140.047
6 31 0.0190741
6 32 952.184
6 33 21.9423
6 34 -526.444
6 35 815.271
6 36 -351.974
6 37 -260.007
6 38 -795.691
6 39 40.1404
6 40 -504.765
6 41 -703.662
6 42 235.801
6 43 857.224
6 44 282.09
6 45 333.57
6 46 -378.905
6 47 -838.194
6 48 130.826
6 49 34.278
6 50 148.047
7 1 581.321
7 2 -782.134
7 3 -279.487
7 4 -700.242
7 5 -685.525
7 6 -26.6674
7 8 3.9274
7 9 551.459
7 10 20.6599
7 11 193.847
7 12 -815.599
7 13 916.46
7 14 903.391
7 15 519.215
7 16 586.39
7 17 -297.563
7 18 -791.783
7 19 695.762
7 20 -493.712
7 21 400.683
7 22 -688.517
7 23 72.4452
7 24 -517.101
7 25 643.732
7 26 576.374
7 27 766.295
7 28 550.421
7 29 183.771
7 30 -819.752
7 31 928.246
7 32 -819.874
7 33 -184.222
7 34 -899.811
7 35 558.237
7 36 600.13
7 37 -813.523
7 38 425.599
7 39 -702.807
7 40 -842.957
7 41 430.912
7 42 205.328
7 43 639.396
7 44 -555.085
7 45 -435.759
7 46 12.7211
7 47 -7.12583
7 48 -151.978
7 49 584.313
7 50 -594.168
8 1 -954.344
8 2 -782.867
8 3 196.107
8 4 -517.04
8 5 -147.276
8 6 352.379
8 7 124.597
8 9 -288.464
8 10 -910.009
8 11 976.062
8 12 929.345
8 13 225.114
8 14 -75.8268
8 15 -103.551
8 16 271.159
8 17 770.814
8 18 -88.1014
8 19 -959.047
8 20 -430.385
8 21 497.109
8 22 391.584
8 23 -955.383
8 24 -20.866
8 25 -230.267
8 26 -215.977
8 27 -913.734
8 28 -372.371
8 29 202.03
8 30 256.014
8 31 661.258
8 32 -941.52
8 33 84.7808
8 34 168.993
8 35 -31.736
8 36 806.233
8 37 -589.099
8 38 -234.297
8 39 616.557
8 40 41.9114
8 41 -324.799
8 42 521.108
8 43 -686.197
8 44 243.068
8 45 636.953
8 46 -404.065
8 47 253.938
8 48 798.355
8 49 -763.997
8 50 -157.779
9 1 860.033
9 2 507.185
9 3 855.331
9 4 778.264
9 5 598.237
9 6 -97.0172
9 7 94.918
9 8 988.397
9 10 -467.331
9 11 336.318
9 12 -719.723
9 13 -622.626
9 14 315.25
9 15 756.341
9 16 -141.108
9 17 -280.892
9 18 291.739
9 19 131.742
9 20 890.567
9 21 -71.7963
9 22 -575.237
9 23 445.995
9 24 -183.916
9 25 509.811
9 26 708.403
9 27 199.893
9 28 -305.868
9 29 -392.951
9 30 762.264
9 31 -631.419
9 32 82.0938
9 33 -902.01
9 34 -694.746
9 35 -256.281
9 36 -237.412
9 37 -833.125
9 38 -815.782
9 39 -403.821
9 40 498.452
9 41 -203.458
9 42 -355.699
9 43 607.091
9 44 -3.58391
9 45 616.068
9 46 538.94
9 47 -9.14106
9 48 -719.173
9 49 -459.758
9 50 157.695
10 1 -237.167
10 2 652.343
10 3 -355.944
10 4 366.363
10 5 74.0329
10 6 -579.512
10 7 697.166
10 8 -263.304
10 9 560.863
10 11 -385.806
10 12 808.92
10 13 367.524
10 14 643.915
10 15 828.767
10 16 617.839
10 17 -931.933
10 18 714.143
10 19 421.202
10 20 -542.566
10 21 611.672
10 22 -859.69
10 23 235.251
10 24 -55.7356
10 25 -280.403
10 26 -955.688
10 27 34.339
10 28 415.034
10 29 -503.116
10 30 -233.076
10 31 841.652
10 32 -336.768
10 33 974.596
10 34 977.039
10 35 366.363
10 36 -594.779
10 37 -535.91
10 38 352.012
10 39 -286.815
10 40 910.719
10 41 417.782
10 42 774.417
10 43 -449.499
10 44 -761.982
10 45 454.85
10 46 -30.8811
10 47 934.23
10 48 -476.369
10 49 274.945
10 50 537.413
11 1 968.367
11 2 735.028
11 3 -878.682
11 4 -695.174
11 5 498.88
11 6 -648.091
11 7 -505.681
11 8 -57.2623
11 9 16.8737
11 10 407.462
11 12 -206.511
11 13 -224.587
11 14 966.596
11 15 306.456
11 16 -414.019
11 17 737.165
11 18 640.007
11 19 891.727
11 20 -818.225
11 21 -608.275
11 22 -144.772
11 23 -835.507
11 24 205.023
11 25 -23.6751
11 26 -405.714
11 27 123.314
11 28 845.804
11 29 -620.183
11 30 -205.779
11 31 -870.743
11 32 488.682
11 33 22.1866
11 34 479.338
11 35 -729.494
11 36 -603.328
11 37 -453.957
11 38 419.126
11 39 129.482
11 40 142.49
11 41 -719.906
11 42 -496.155
11 43 -587.512
11 44 468.712
11 45 394.882
11 46 20.782
11 47 -125.169
11 48 276.777
11 49 -304.708
11 50 -983.596
12 1 968.672
12 2 419.736
12 3 -5.04953
12 4 946.444
12 5 -336.585
12 6 -9.14106
12 7 991.878
12 8 775.027
12 9 -123.643
12 10 -201.198
12 11 -401.317
12 13 744.005
12 14 934.902
12 15 711.151
12 16 -335.791
12 17 968.306
12 18 527.276
12 19 555.978
12 20 7.95785
12 21 -936.452
12 22 572.405
12 23 274.09
12 24 725.929
12 25 994.199
12 26 -561.436
12 27 -1000.63
12 28 690.815
12 29 307.494
12 30 962.932
12 31 766.111
12 32 192.138
12 33 -20.1943
12 34 -309.715
12 35 513.963
12 36 -351.852
12 37 21.8813
12 38 796.767
12 39 105.177
12 40 330.333
12 41 -943.108
12 42 99.1317
12 43 12.0494
12 44 35.0108
12 45 -947.993
12 46 625.29
12 47 -619.389
12 48 -353.196
12 49 -615.603
12 50 -849.614
13 1 154.092
13 2 -478.384
13 3 -561.008
13 4 -836.118
13 5 -62.453
13 6 -367.363
13 7 -79.4909
13 8 -319.975
13 9 -697.006
13 10 416.378
13 11 65.7277
13 12 349.875
13 14 211.13
13 15 253.449
13 16 948.276
13 17 299.922
13 18 -760.76
13 19 527.765
13 20 57.1783
13 21 -859.69
13 22 314.822
13 23 191.71
13 24 -653.77
13 25 -420.492
13 26 619.427
13 27 786.019
13 28 -70.5139
13 29 76.0482
13 30 375.462
13 31 -159.55
13 32 -382.203
13 33 978.443
13 34 185.725
13 35 -393.195
13 36 487.765
13 37 577.596
13 38 619.549
13 39 -955.566
13 40 657.716
13 41 519.521
13 42 -268.251
13 43 12.8433
13 44 -527.36
13 45 -995.565
13 46 -792.515
13 47 -406.569
13 48 277.937
13 49 -775.05
13 50 810.141
14 1 -505.009
14 2 -36.6214
14 3 -538.23
14 4 -175.978
14 5 462.117
14 6 -516.795
14 7 294.67
14 8 -808.698
14 9 635.732
14 10 520.986
14 11 -650.9
14 12 -992.695
14 13 -196.924
14 15 493.567
14 16 -969.306
14 17 -918.742
14 18 470.239
14 19 -911.353
14 20 -330.112
14 21 -758.318
14 22 -308.372
14 23 514.391
14 24 -474.537
14 25 -924.543
14 26 609.107
14 27 644.221
14 28 83.9869
14 29 -211.152
14 30 -385.256
14 31 -736.15
14 32 83.9259
14 33 -126.146
14 34 101.941
14 35 590.115
14 36 713.227
14 37 -724.792
14 38 715.059
14 39 247.098
14 40 -593.313
14 41 -260.861
14 42 -943.963
14 43 -90.5441
14 44 695.212
14 45 30.0032
14 46 780.829
14 47 -226.236
14 48 -479.178
14 49 -289.258
14 50 -995.809
15 1 62.0026
15 2 -511.36
15 3 167.161
15 4 -9.07999
15 5 -261.716
15 6 -543.36
15 7 563.978
15 8 20.0492
15 9 -369.378
15 10 930.444
15 11 -575.848
15 12 -593.863
15 13 139.192
15 14 -320.524
15 16 -480.705
15 17 585.474
15 18 723.364
15 19 33.3009
15 20 749.073
15 21 211.435
15 22 -646.991
15 23 -732.12
15 24 708.891
15 25 208.87
15 26 -883.506
15 27 549.444
15 28 -369.44
15 29 -294.693
15 30 160.505
15 31 -154.482
15 32 -621.038
15 33 793.286
15 34 161.482
15 35 -732.608
15 36 -807.904
15 37 47.2243
15 38 -484.979
15 39 257.968
15 40 -139.581
15 41 750.417
15 42 423.645
15 43 -926.742
15 44 -978.344
15 45 -254.999
15 46 71.8345
15 47 4.23273
15 48 -728.761
15 49 -129.688
15 50 -913.551
16 1 751.333
16 2 -239.671
16 3 -99.6431
16 4 -543.971
16 5 -583.481
16 6 984.245
16 7 939.665
16 8 -898.956
16 9 -463.3
16 10 -563.634
16 11 -801.553
16 12 -709.341
16 13 590.359
16 14 -169.565
16 15 103.467
16 17 80.384
16 18 428.225
16 19 -445.957
16 20 -346.967
16 21 -32.7742
16 22 -939.871
16 23 -931.017
16 24 -10.4845
16 25 949.436
16 26 233.725
16 27 927.696
16 28 -905.185
16 29 -831.171
16 30 236.961
16 31 -908.055
16 32 -429.835
16 33 343.646
16 34 381.203
16 35 -734.868
16 36 418.515
16 37 147.436
16 38 579.123
16 39 -113.444
16 40 782.844
16 41 759.638
16 42 470.483
16 43 511.826
16 44 -431.484
16 45 -258.724
16 46 -472.705
16 47 -754.531
16 48 -107.154
16 49 449.415
16 50 578.817
17 1 -74.3612
17 2 289.052
17 3 154.52
17 4 185.237
17 5 731.608
17 6 -383.119
17 7 -928.33
17 8 315.372
17 9 922.811
17 10 -391.424
17 11 476.163
17 12 744.677
17 13 -618.412
17 14 -14.6371
17 15 -908.971
17 16 626.389
17 18 -344.219
17 19 88.6891
17 20 -44.9266
17 21 668.098
17 22 -823.843
17 23 -39.3084
17 24 924.032
17 25 348.654
17 26 -643.389
17 27 811.118
17 28 -975.718
17 29 -381.775
17 30 244.045
17 31 -194.725
17 32 -164.375
17 33 -484.552
17 34 417.721
17 35 -878.743
17 36 74.4604
17 37 -861.644
17 38 -176.466
17 39 198.611
17 40 595.611
17 41 -588.428
17 42 227.862
17 43 -875.445
17 44 -26.3621
17 45 -919.841
17 46 978.016
17 47 103.284
17 48 -132.253
17 49 -623.969
17 50 761.776
18 1 923.177
18 2 346.15
18 3 785.164
18 4 -950.131
18 5 -616.641
18 6 365.63
18 7 358.913
18 8 -88.2235
18 9 608.13
18 10 -408.401
18 11 -989.825
18 12 -119.246
18 13 172.474
18 14 745.715
18 15 -776.943
18 16 578.512
18 17 -993.855
18 19 662.48
18 20 616.679
18 21 -237.839
18 22 987.848
18 23 -742.257
18 24 -195.763
18 25 -499.086
18 26 -829.706
18 27 582.298
18 28 -12.3166
18 29 -846.316
18 30 -401.011
18 31 -853.949
18 32 709.807
18 33 -151.306
18 34 619.488
18 35 -276.373
18 36 -782.012
18 37 142.306
18 38 648.923
18 39 -206.633
18 40 -124.559
18 41 -447.606
18 42 330.944
18 43 831.148
18 44 -960.695
18 45 -350.02
18 46 13.0265
18 47 -379.271
18 48 -126.94
18 49 -606.748
18 50 486.483
19 1 -209.809
19 2 500.406
19 3 400.439
19 4 -75.6436
19 5 738.265
19 6 -39.1252
19 7 838.293
19 8 960.917
19 9 157.94
19 10 -605.771
19 11 -376.096
19 12 836.522
19 13 -661.22
19 14 890.872
19 15 -377.317
19 16 564.65
19 17 -570.535
19 18 -555.512
19 20 -476.369
19 21 39.9572
19 22 -146.482
19 23 461.079
19 24 -907.139
19 25 -962.894
19 26 -933.398
19 27 228.778
19 28 -517.04
19 29 -966.741
19 30 843.301
19 31 -176.466
19 32 -713.433
19 33 -209.687
19 34 268.961
19 35 -140.131
19 36 27.988
19 37 -361.989
19 38 649.594
19 39 537.597
19 40 -229.656
19 41 -604.488
19 42 -504.704
19 43 418.21
19 44 537.658
19 45 864.674
19 46 795.241
19 47 372.165
19 48 225.847
19 49 -168.161
19 50 -257.381
20 1 127.467
20 2 705.105
20 3 530.33
20 4 -871.109
20 5 -135.917
20 6 785.836
20 7 -526.322
20 8 -436.064
20 9 287.891
20 10 -251.579
20 11 -371.516
20 12 729.349
20 13 -378.844
20 14 119.162
20 15 837.133
20 16 -154.726
20 17 953.65
20 18 -626.778
20 19 -555.757
20 21 544.864
20 22 377.05
20 23 -731.204
20 24 -934.131
20 25 327.402
20 26 -638.137
20 27 481.598
20 28 -579.023
20 29 -199.855
20 30 -205.84
20 31 -763.569
20 32 -817.37
20 33 -120.956
20 34 -883.079
20 35 -368.768
20 36 -221.595
20 37 141.757
20 38 22.553
20 39 317.937
20 40 72.9337
20 41 522.94
20 42 115.07
20 43 -747.997
20 44 879.758
20 45 -465.56
20 46 0.141209
20 47 -811.935
20 48 -770.409
20 49 -795.447
20 50 -775.844
21 1 -397.714
21 2 -653.404
21 3 -86.4526
21 4 510.483
21 5 -258.297
21 6 248.991
21 7 -678.258
21 8 -281.258
21 9 481.17
21 10 933.192
21 11 579.794
21 12 -15.0646
21 13 -326.753
21 14 -933.826
21 15 -7.43117
21 16 -546.963
21 17 688.739
21 18 132.658
21 19 -651.205
21 20 -939.994
21 22 817.408
21 23 955.543
21 24 -919.78
21 25 -204.252
21 26 -762.104
21 27 554.94
21 28 -547.39
21 29 -118.635
21 30 -769.554
21 31 262.976
21 32 -29.843
21 33 -693.83
21 34 317.998
21 35 36.2932
21 36 183.588
21 37 155.802
21 38 -966.924
21 39 908.215
21 40 87.2846
21 41 167.283
21 42 -1.50761
21 43 511.46
21 44 -706.166
21 45 -40.9572
21 46 -10.0571
21 47 -381.409
21 48 -825.919
21 49 -639.114
21 50 697.594
22 1 627.122
22 2 -852.789
22 3 -710.38
22 4 847.392
22 5 -71.491
22 6 -686.319
22 7 603.611
22 8 -612.794
22 9 -889.124
22 10 614.236
22 11 374.302
22 12 419.797
22 13 915.666
22 14 701.38
22 15 -981.703
22 16 -440.156
22 17 891.422
22 18 719.395
22 19 719.456
22 20 427.37
22 21 695.09
22 23 -833.37
22 24 574.176
22 25 934.413
22 26 -42.9725
22 27 43.4992
22 28 919.818
22 29 78.613
22 30 663.579
22 31 -546.596
22 32 254.915
22 33 917.803
22 34 983.939
22 35 -129.261
22 36 -789.828
22 37 409.294
22 38 489.231
22 39 235.923
22 40 998.29
22 41 -181.474
22 42 -306.845
22 43 -914.895
22 44 774.905
22 45 365.753
22 46 -145.505
22 47 895.575
22 48 -631.541
22 49 -192.832
22 50 -23.1255
23 1 822.904
23 2 -206.45
23 3 642.999
23 4 949.802
23 5 43.4992
23 6 -6.94263
23 7 -375.485
23 8 -242.053
23 9 864.43
23 10 256.014
23 11 -731.448
23 12 -288.891
23 13 -203.641
23 14 735.272
23 15 -955.077
23 16 -388.126
23 17 -210.603
23 18 -491.025
23 19 942.963
23 20 -180.68
23 21 -203.397
23 22 627.488
23 24 -912.696
23 25 132.291
23 26 873.834
23 27 566.848
23 28 117.086
23 29 -564.367
23 30 988.031
23 31 551.581
23 32 -25.1408
23 33 47.5907
23 34 -266.602
23 35 -840.331
23 36 -162.115
23 37 698.632
23 38 -864.575
23 39 666.938
23 40 846.171
23 41 -910.864
23 42 -270.388
23 43 -453.896
23 44 328.196
23 45 -38.4535
23 46 106.643
23 47 590.603
23 48 -784.516
23 49 -390.264
23 50 -888.208
24 1 -939.932
24 2 -676.915
24 3 790.905
24 4 885.376
24 5 327.158
24 6 188.779
24 7 947.543
24 8 -79.9794
24 9 -578.657
24 10 159.955
24 11 -298.479
24 12 350.852
24 13 -51.4609
24 14 -584.275
24 15 544.07
24 16 629.809
24 17 787.119
24 18 -392.035
24 19 656.312
24 20 -198.817
24 21 23.5301
24 22 -190.817
24 23 -185.687
24 25 552.741
24 26 556.1
24 27 -539.818
24 28 300.532
24 29 -775.05
24 30 797.378
24 31 0.385479
24 32 762.081
24 33 -14.8814
24 34 926.963
24 35 -133.963
24 36 -39.7359
24 37 -674.228
24 38 120.261
24 39 552.741
24 40 -655.968
24 41 106.154
24 42 -801.737
24 43 417.66
24 44 382.18
24 45 -705.616
24 46 130.581
24 47 -78.8191
24 48 -406.141
24 49 625.412
24 50 829.744
25 1 986.565
25 2 -776.088
25 3 334.242
25 4 680.922
25 5 165.512
25 6 482.941
25 7 -819.202
25 8 -763.447
25 9 308.532
25 10 -698.96
25 11 932.154
25 12 -481.743
25 13 408.439
25 14 -460.797
25 15 491.796
25 16 356.715
25 17 321.967
25 18 -425.744
25 19 -116.559
25 20 -783.172
25 21 47.7739
25 22 -782.256
25 23 -751.112
25 24 -56.0409
25 26 250.701
25 27 894.597
25 28 -933.154
25 29 854.842
25 30 -281.747
25 31 14.3089
25 32 773.012
25 33 -369.134
25 34 442.087
25 35 492.834
25 36 -33.8123
25 37 442.27
25 38 1.42363
25 39 332.532
25 40 -597.588
25 41 -270.266
25 42 -48.7128
25 43 -774.501
25 44 -58.3004
25 45 106.032
25 46 -113.872
25 47 -897.491
25 48 652.892
25 49 788.096
25 50 -120.528
26 1 -434.171
26 2 257.846
26 3 16.0188
26 4 981.252
26 5 -850.407
26 6 -895.414
26 7 -108.559
26 8 457.842
26 9 343.341
26 10 -146.665
26 11 -935.352
26 12 -527.116
26 13 -692.487
26 14 61.7584
26 15 -277.35
26 16 -116.864
26 17 237.816
26 18 867.545
26 19 299.677
26 20 -157.779
26 21 -711.662
26 22 941.436
26 23 362.455
26 24 906.872
26 25 22.6751
26 27 -90.6052
26 28 -902.498
26 29 318.731
26 30 -700.975
26 31 426.82
26 32 -155.581
26 33 -834.652
26 34 -444.492
26 35 -913.49
26 36 102.063
26 37 95.1012
26 38 409.233
26 39 -634.106
26 40 -537.742
26 41 -726.013
26 42 -478.628
26 43 776.004
26 44 895.452
26 45 288.746
26 46 -334.387
26 47 -580.611
26 48 -177.382
26 49 655.701
26 50 -76.0711
27 1 143.772
27 2 432.438
27 3 650.694
27 4 -35.5833
27 5 -542.627
27 6 -350.936
27 7 -872.27
27 8 -672.518
27 9 -574.26
27 10 220.717
27 11 27.072
27 12 663.701
27 13 -290.479
27 14 -661.342
27 15 244.717
27 16 852.033
27 17 -53.0486
27 18 248.259
27 19 572.161
27 20 952.123
27 21 -337.013
27 22 -734.318
27 23 374.424
27 24 909.925
27 25 -106.177
27 26 -336.402
27 28 -295.059
27 29 -33.6902
27 30 -288.83
27 31 837.072
27 32 -459.209
27 33 703.639
27 34 -159.673
27 35 207.038
27 36 -174.573
27 37 -340.249
27 38 552.131
27 39 293.632
27 40 8.8128
27 41 465.415
27 42 20.4156
27 43 387.615
27 44 -229.045
27 45 417.232
27 46 335.524
27 47 -729.738
27 48 617.595
27 49 449.476
27 50 -649.434
28 1 415.156
28 2 29.82
28 3 -578.413
28 4 -436.431
28 5 98.521
28 6 868.461
28 7 674.449
28 8 205.939
28 9 -121.261
28 10 -299.395
28 11 -224.587
28 12 -261.35
28 13 -142.268
28 14 760.86
28 15 -585.313
28 16 939.665
28 17 177.848
28 18 -795.141
28 19 363.127
28 20 -239.915
28 21 -815.416
28 22 378.027
28 23 446.117
28 24 158.856
28 25 -300.739
28 26 747.73
28 27 470.3
28 29 74.6436
28 30 -173.596
28 31 -777.554
28 32 -968.817
28 33 749.806
28 34 -249.869
28 35 525.261
28 36 -849.064
28 37 573.749
28 38 944.123
28 39 -696.334
28 40 670.907
28 41 -353.623
28 42 -765.463
28 43 691.548
28 44 -653.587
28 45 242.03
28 46 167.1
28 47 -28.6827
28 48 586.206
28 49 -640.885
28 50 86.4907
29 1 -936.085
29 2 749.135
29 3 557.199
29 4 -598.748
29 5 502.544
29 6 -31.3086
29 7 -755.386
29 8 -555.024
29 9 590.42
29 10 -580.611
29 11 636.221
29 12 -619.267
29 13 438.057
29 14 970.199
29 15 531.001
29 16 589.87
29 17 551.459
29 18 159.283
29 19 135.1
29 20 973.375
29 21 -332.066
29 22 441.598
29 23 -911.902
29 24 614.847
29 25 -470.995
29 26 -379.271
29 27 -102.208
29 28 -767.966
29 30 269.022
29 31 430.667
29 32 -41.8122
29 33 862.598
29 34 115.437
29 35 180.229
29 36 353.661
29 37 208.32
29 38 86.9182
29 39 -580.367
29 40 -379.821
29 41 101.086
29 42 -629.221
29 43 550.848
29 44 -334.997
29 45 496.62
29 46 76.1703
29 47 321.356
29 48 20.4767
29 49 456.133
29 50 -961.062
30 1 -848.636
30 2 -371.333
30 3 -455.117
30 4 -616.641
30 5 -784.027
30 6 342.18
30 7 87.3457
30 8 -494.689
30 9 226.58
30 10 -678.991
30 11 710.296
30 12 185.909
30 13 850.873
30 14 530.024
30 15 621.931
30 16 -492.185
30 17 707.792
30 18 499.307
30 19 -942.803
30 20 273.785
30 21 873.651
30 22 563.978
30 23 -670.136
30 24 -400.462
30 25 -165.352
30 26 746.448
30 27 -78.2084
30 28 -611.145
30 29 832.37
30 31 -518.383
30 32 59.621
30 33 -641.923
30 34 -477.041
30 35 373.081
30 36 206.916
30 37 -688.823
30 38 -86.819
30 39 154.398
30 40 911.208
30 41 348.348
30 42 -520.948
30 43 -935.719
30 44 442.881
30 45 -307.822
30 46 -565.1
30 47 -193.931
30 48 669.38
30 49 830.354
30 50 -932.055
31 1 280.441
31 2 -410.172
31 3 -358.081
31 4 89.8494
31 5 291.433
31 6 -16.0417
31 7 222.793
31 8 -67.9491
31 9 -600.885
31 10 594.878
31 11 -934.436
31 12 -65.0179
31 13 115.681
31 14 -701.769
31 15 -686.014
31 16 -645.221
31 17 -377.806
31 18 692.097
31 19 -250.175
31 20 -863.659
31 21 210.702
31 22 -470.812
31 23 222.671
31 24 383.096
31 25 -382.386
31 26 461.69
31 27 196.29
31 28 -538.658
31 29 -543.543
31 30 -504.155
31 32 105.849
31 33 688.739
31 34 921.772
31 35 -367.302
31 36 209.603
31 37 518.727
31 38 -43.0946
31 39 100.903
31 40 624.618
31 41 189.695
31 42 -916.605
31 43 -361.134
31 44 -767.233
31 45 751.333
31 46 59.8653
31 47 -741.89
31 48 -849.675
31 49 -583.909
31 50 570.573
32 1 921.834
32 2 435.125
32 3 -820.851
32 4 -867.018
32 5 -424.278
32 6 -268.373
32 7 628.343
32 8 -592.641
32 9 985.1
32 10 542.787
32 11 -105.933
32 12 88.567
32 13 782.416
32 14 -201.992
32 15 -320.036
32 16 -416.523
32 17 -798.928
32 18 -570.046
32 19 -704.945
32 20 -348.188
32 21 907.361
32 22 626.572
32 23 642.327
32 24 -805.095
32 25 367.462
32 26 -545.803
32 27 87.9563
32 28 390.485
32 29 212.229
32 30 -451.331
32 31 -836.789
32 33 347.127
32 34 -995.992
32 35 539.856
32 36 21.5759
32 37 483.185
32 38 -130.116
32 39 -83.7656
32 40 593.596
32 41 799.515
32 42 418.026
32 43 -986.405
32 44 -615.908
32 45 -754.47
32 46 -606.87
32 47 807.21
32 48 844.4
32 49 -633.74
32 50 498.636
33 1 196.657
33 2 -756.058
33 3 405.446
33 4 816.126
33 5 488.132
33 6 11.4998
33 7 -933.215
33 8 278.915
33 9 731.791
33 10 441.66
33 11 -880.392
33 12 -380.31
33 13 -372.737
33 14 741.379
33 15 20.2935
33 16 -762.776
33 17 675.243
33 18 -670.075
33 19 756.951
33 20 419.065
33 21 254.365
33 22 -655.907
33 23 94.4295
33 24 -646.014
33 25 -669.22
33 26 272.136
33 27 -589.466
33 28 -615.725
33 29 469.384
33 30 -332.494
33 31 -693.708
33 32 -86.3304
33 34 838.476
33 35 877.01
33 36 183.1
33 37 -571.939
33 38 906.445
33 39 -292.433
33 40 -29.2323
33 41 -939.932
33 42 -497.254
33 43 -5.2938
33 44 -800.454
33 45 129.971
33 46 942.963
33 47 980.397
33 48 595.855
33 49 104.628
33 50 889.712
34 1 460.896
34 2 -610.962
34 3 417.66
34 4 661.442
34 5 635.305
34 6 -467.025
34 7 575.275
34 8 651.732
34 9 583.947
34 10 2.70605
34 11 -2.72897
34 12 560.497
34 13 326.669
34 14 378.149
34 15 25.1178
34 16 -878.804
34 17 390.851
34 18 -111.002
34 19 -466.842
34 20 -985.672
34 21 -172.252
34 22 -886.132
34 23 587.428
34 24 -354.539
34 25 618.633
34 26 518.36
34 27 -422.751
34 28 -512.643
34 29 -600.947
34 30 -984.756
34 31 276.899
34 32 668.709
34 33 455.4
34 35 754.386
34 36 248.136
34 37 -510.444
34 38 906.322
34 39 -707.509
34 40 -952.512
34 41 -430.263
34 42 33.7284
34 43 -621.832
34 44 -339.639
34 45 -708.059
34 46 -316.86
34 47 -508.185
34 48 -402.477
34 49 252.228
34 50 -327.181
35 1 -635.633
35 2 -893.46
35 3 386.393
35 4 -843.934
35 5 -356.371
35 6 920.979
35 7 473.659
35 8 -129.688
35 9 -99.9485
35 10 986.138
35 11 -306.051
35 12 206.122
35 13 161.237
35 14 613.32
35 15 936.123
35 16 43.8045
35 17 160.505
35 18 -519.849
35 19 -469.163
35 20 -714.96
35 21 -512.093
35 22 -70.9414
35 23 119.773
35 24 24.1408
35 25 833.041
35 26 -8.89679
35 27 -685.037
35 28 -712.028
35 29 -502.017
35 30 -415.973
35 31 871.88
35 32 297.479
35 33 -611.511
35 34 -687.785
35 36 -971.199
35 37 -834.469
35 38 643.243
35 39 310.364
35 40 738.02
35 41 996.947
35 42 -891.201
35 43 565.016
35 44 430.789
35 45 294.059
35 46 850.201
35 47 159.894
35 48 51.9265
35 49 -356.188
35 50 -143.856
36 1 872.491
36 2 12.8433
36 3 -410.599
36 4 171.314
36 5 561.901
36 6 -229.412
36 7 -356.066
36 8 597.321
36 9 -206.817
36 10 -283.395
36 11 -620.916
36 12 -817.431
36 13 -875.75
36 14 -941.276
36 15 -475.514
36 16 -322.54
36 17 501.628
36 18 -609.313
36 19 15.7745
36 20 -868.056
36 21 -807.233
36 22 627.671
36 23 930.139
36 24 846.72
36 25 -287.365
36 26 -997.397
36 27 -755.875
36 28 -163.337
36 29 150.978
36 30 -184.588
36 31 -639.48
36 32 -974.008
36 33 367.768
36 34 600.863
36 35 322.028
36 37 -668.487
36 38 476.529
36 39 -569.558
36 40 -329.501
36 41 -159.001
36 42 -941.826
36 43 21.3927
36 44 882.262
36 45 -729.86
36 46 -453.346
36 47 332.776
36 48 304.258
36 49 885.498
36 50 211.923
37 1 355.737
37 2 553.474
37 3 71.0406
37 4 194.153
37 5 -231.122
37 6 290.762
37 7 749.623
37 8 -985.245
37 9 -844.972
37 10 -673.495
37 11 -184.954
37 12 7.83572
37 13 -537.986
37 14 987.237
37 15 -206.267
37 16 -901.032
37 17 -603.023
37 18 673.411
37 19 897.773
37 20 -608.946
37 21 -555.268
37 22 568.375
37 23 672.189
37 24 966.962
37 25 191.771
37 26 -591.97
37 27 422.606
37 28 365.936
37 29 -354.051
37 30 -728.883
37 31 602.572
37 32 -830.377
37 33 -755.753
37 34 312.99
37 35 354.699
37 36 124.841
37 38 -773.829
37 39 -612.916
37 40 -606.504
37 41 245.266
37 42 -931.749
37 43 -502.689
37 44 -585.069
37 45 -660.976
37 46 -334.57
37 47 1.6679
37 48 -782.195
37 49 -612.855
37 50 944.184
38 1 521.963
38 2 732.707
38 3 -787.813
38 4 -403.882
38 5 488.437
38 6 133.696
38 7 -116.62
38 8 627.915
38 9 -741.158
38 10 -762.653
38 11 -716.303
38 12 -608.397
38 13 751.211
38 14 -642.167
38 15 -710.685
38 16 -182.39
38 17 -483.392
38 18 816.981
38 19 -15.1867
38 20 -498.658
38 21 215.771
38 22 293.449
38 23 362.943
38 24 -638.808
38 25 -599.603
38 26 -795.447
38 27 -58.0562
38 28 536.558
38 29 -427.087
38 30 -703.174
38 31 739.303
38 32 217.725
38 33 433.843
38 34 639.457
38 35 33.3009
38 36 -895.72
38 37 -729.982
38 39 208.504
38 40 -636.61
38 41 166.489
38 42 -577.924
38 43 253.327
38 44 192.015
38 45 -600.763
38 46 753.654
38 47 619.366
38 48 -328.463
38 49 271.586
38 50 -925.521
39 1 228.228
39 2 961.833
39 3 533.2
39 4 458.697
39 5 -101.781
39 6 -484.124
39 7 -910.376
39 8 -632.641
39 9 -310.448
39 10 -200.588
39 11 -377.623
39 12 556.405
39 13 966.413
39 14 -151.428
39 15 634.999
39 16 -337.929
39 17 357.692
39 18 134.184
39 19 628.404
39 20 441.721
39 21 -184.466
39 22 149.146
39 23 83.132
39 24 -427.209
39 25 -57.1401
39 26 -833.492
39 27 936.551
39 28 977.955
39 29 789.073
39 30 605.076
39 31 -760.333
39 32 584.68
39 33 -702.807
39 34 428.835
39 35 -303.12
39 36 -513.803
39 37 -403.21
39 38 -959.779
39 40 -252.068
39 41 417.904
39 42 -688.151
39 43 -917.154
39 44 -89.567
39 45 -507.147
39 46 96.8722
39 47 599.336
39 48 47.896
39 49 148.596
39 50 -435.576
40 1 -16.5913
40 2 261.571
40 3 -784.516
40 4 812.706
40 5 168.688
40 6 90.0937
40 7 73.9719
40 8 718.784
40 9 474.575
40 10 706.509
40 11 810.08
40 12 -792.027
40 13 -435.392
40 14 -204.618
40 15 329.845
40 16 671.457
40 17 -51.1555
40 18 -192.222
40 19 357.936
40 20 -285.044
40 21 -540.856
40 22 -733.891
40 23 257.236
40 24 453.262
40 25 152.444
40 26 -176.833
40 27 614.359
40 28 -500.185
40 29 59.8653
40 30 748.157
40 31 521.108
40 32 -124.681
40 33 237.083
40 34 -462.568
40 35 495.704
40 36 -7.3701
40 37 539.368
40 38 337.356
40 39 -24.5911
40 41 929.345
40 42 566.909
40 43 852.278
40 44 -676.67
40 45 157.146
40 46 -784.76
40 47 -553.375
40 48 -717.341
40 49 932.581
40 50 -728.883
41 1 -883.445
41 2 -182.206
41 3 -484.491
41 4 483.002
41 5 14.1867
41 6 -720.273
41 7 -570.474
41 8 -447.301
41 9 -778.714
41 10 -163.642
41 11 923.666
41 12 488.62
41 13 -537.925
41 14 95.2234
41 15 842.324
41 16 -262.144
41 17 -573.344
41 18 869.926
41 19 -911.658
41 20 -435.515
41 21 -588.428
41 22 -985.184
41 23 861.377
41 24 84.048
41 25 953.161
41 26 -719.662
41 27 851.362
41 28 -592.153
41 29 141.146
41 30 -896.33
41 31 601.84
41 32 333.753
41 33 -686.991
41 34 300.166
41 35 -800.698
41 36 -991.901
41 37 797.561
41 38 568.497
41 39 498.391
41 40 19.0721
41 42 -596.061
41 43 765.684
41 44 -949.276
41 45 -670.869
41 46 -643.144
41 47 875.3
41 48 -46.148
41 49 -483.025
41 50 337.173
42 1 615.152
42 2 770.508
42 3 737.593
42 4 339.249
42 5 -381.287
42 6 739.058
42 7 -145.932
42 8 25.8506
42 9 -870.987
42 10 -556.55
42 11 -819.507
42 12 262.426
42 13 140.23
42 14 137.971
42 15 -740.791
42 16 -476.857
42 17 -75.3383
42 18 -94.9409
42 19 -878.01
42 20 859.606
42 21 -109.597
42 22 -149.291
42 23 472.254
42 24 -893.826
42 25 693.38
42 26 -493.529
42 27 -784.943
42 28 35.3161
42 29 -449.377
42 30 639.03
42 31 793.409
42 32 113.055
42 33 -304.219
42 34 643.854
42 35 736.066
42 36 581.443
42 37 899.422
42 38 724.158
42 39 892.582
42 40 526.116
42 41 -994.344
42 43 -973.581
42 44 760.554
42 45 632.74
42 46 -574.565
42 47 -62.7584
42 48 361.722
42 49 311.158
42 50 500.406
43 1 -292.494
43 2 97.2997
43 3 -118.818
43 4 -296.83
43 5 -382.081
43 6 20.6599
43 7 502.605
43 8 600.008
43 9 850.201
43 10 -33.8123
43 11 -463.056
43 12 -498.658
43 13 261.144
43 14 971.543
43 15 37.6367
43 16 -235.579
43 17 -746.898
43 18 -573.405
43 19 38.0031
43 20 656.068
43 21 915.788
43 22 400.805
43 23 345.051
43 24 735.028
43 25 -370.966
43 26 -440.95
43 27 510.849
43 28 683.487
43 29 333.326
43 30 139.009
43 31 -322.418
43 32 -478.384
43 33 -379.638
43 34 393.66
43 35 -17.8737
43 36 -849.491
43 37 -132.07
43 38 -38.5145
43 39 -798.378
43 40 -847.782
43 41 578.207
43 42 589.321
43 44 341.081
43 45 793.409
43 46 123.192
43 47 -355.638
43 48 831.637
43 49 160.199
43 50 81.9717
44 1 -135.062
44 2 -953.551
44 3 -623.297
44 4 -650.411
44 5 -230.389
44 6 812.828
44 7 -174.146
44 8 217.053
44 9 179.558
44 10 -406.569
44 11 322.089
44 12 -403.759
44 13 -721.555
44 14 -937.978
44 15 173.084
44 16 -405.836
44 17 -341.226
44 18 -282.174
44 19 64.8728
44 20 606.175
44 21 -221.778
44 22 254.304
44 23 707.425
44 24 -874.285
44 25 -721.677
44 26 -638.442
44 27 178.581
44 28 -535.543
44 29 594.695
44 30 651.671
44 31 -90.6052
44 32 -452.003
44 33 291.983
44 34 383.279
44 35 238.366
44 36 1.72897
44 37 577.413
44 38 695.945
44 39 -521.314
44 40 694.296
44 41 409.416
44 42 15.8966
44 43 -561.008
44 45 -64.3461
44 46 656.007
44 47 -658.472
44 48 -676.243
44 49 517.689
44 50 729.654
45 1 82.5213
45 2 964.52
45 3 -225.625
45 4 -857.858
45 5 144.627
45 6 -695.113
45 7 -132.864
45 8 -582.748
45 9 -46.6976
45 10 -901.582
45 11 -537.131
45 12 -211.336
45 13 -907.139
45 14 -273.258
45 15 -991.107
45 16 136.505
45 17 -741.707
45 18 -898.468
45 19 782.722
45 20 588.222
45 21 199.099
45 22 580.161
45 23 -98.5439
45 24 -775.783
45 25 349.325
45 26 -180.191
45 27 -503.361
45 28 -668.854
45 29 830.11
45 30 -466.903
45 31 215.465
45 32 -372.859
45 33 506.941
45 34 -945.49
45 35 -746.043
45 36 -86.9411
45 37 796.95
45 38 677.624
45 39 -889.491
45 40 -424.767
45 41 -94.4524
45 42 -317.41
45 43 -767.356
45 44 -616.885
45 46 -810.591
45 47 14.3699
45 48 760.249
45 49 15.5302
45 50 -676.731
46 1 519.032
46 2 -459.392
46 3 -245.35
46 4 965.253
46 5 -297.807
46 6 -381.775
46 7 789.744
46 8 -397.653
46 9 -64.0408
46 10 363.737
46 11 556.161
46 12 -722.898
46 13 -954.161
46 14 -548.978
46 15 -436.614
46 16 859.728
46 17 232.076
46 18 863.697
46 19 136.383
46 20 -429.225
46 21 240.686
46 22 105.177
46 23 -490.536
46 24 -553.436
46 25 746.325
46 26 -173.413
46 27 -278.449
46 28 -589.222
46 29 861.56
46 30 31.5299
46 31 -266.724
46 32 665.777
46 33 -273.93
46 34 63.9568
46 35 217.969
46 36 72.4452
46 37 -892.727
46 38 561.291
46 39 454.606
46 40 -777.432
46 41 947.604
46 42 556.955
46 43 -234.419
46 44 -125.902
46 45 -204.008
46 47 -74.0558
46 48 936.49
46 49 -553.863
46 50 -924.238
47 1 356.715
47 2 46.1251
47 3 -734.196
47 4 -900.3
47 5 -965.886
47 6 165.207
47 7 -757.89
47 8 -208.221
47 9 233.969
47 10 -666.045
47 11 -335.303
47 12 44.1098
47 13 994.321
47 14 281.846
47 15 -191.244
47 16 650.022
47 17 75.7428
47 18 304.868
47 19 39.1023
47 20 745.043
47 21 383.279
47 22 758.661
47 23 -905.857
47 24 700.891
47 25 34.7054
47 26 585.901
47 27 -754.165
47 28 -596.977
47 29 277.754
47 30 -670.38
47 31 -988.725
47 32 857.529
47 33 -573.161
47 34 63.8957
47 35 118.063
47 36 48.5067
47 37 -978.466
47 38 -326.143
47 39 395.92
47 40 -989.092
47 41 -618.595
47 42 939.971
47 43 -704.09
47 44 -972.909
47 45 754.081
47 46 -160.527
47 48 -283.701
47 49 -98.0554
47 50 -762.653
48 1 530.818
48 2 819.79
48 3 249.541
48 4 -324.25
48 5 -573.161
48 6 -460.858
48 7 -269.289
48 8 694.052
48 9 827.973
48 10 -542.627
48 11 -824.332
48 12 81.9106
48 13 -481.804
48 14 736.86
48 15 -469.346
48 16 -294.693
48 17 798.844
48 18 -200.405
48 19 -434.66
48 20 127.589
48 21 -644.06
48 22 447.095
48 23 -717.341
48 24 135.223
48 25 -557.283
48 26 -912.391
48 27 964.031
48 28 -644.793
48 29 -226.297
48 30 -212.13
48 31 783.76
48 32 -851.201
48 33 -402.294
48 34 -194.786
48 35 946.199
48 36 -31.6139
48 37 -625.801
48 38 -683.876
48 39 -740.119
48 40 367.279
48 41 491.246
48 42 9.91202
48 43 110.063
48 44 -148.253
48 45 -538.291
48 46 239.343
48 47 -258.358
48 49 759.699
48 50 -954.283
49 1 -578.046
49 2 -181.229
49 3 -651.816
49 4 -281.014
49 5 -626.29
49 6 172.779
49 7 -704.09
49 8 -61.8423
49 9 -739.875
49 10 691.609
49 11 -218.786
49 12 638.908
49 13 -139.154
49 14 -718.746
49 15 -653.587
49 16 397.263
49 17 -173.535
49 18 -155.337
49 19 -273.38
49 20 701.929
49 21 -377.5
49 22 -801.92
49 23 826.324
49 24 -237.045
49 25 -158.146
49 26 888.674
49 27 -962.222
49 28 308.532
49 29 -424.095
49 30 821.744
49 31 94.0631
49 32 -209.015
49 33 -466.293
49 34 663.762
49 35 620.526
49 36 457.72
49 37 -407.362
49 38 -66.3003
49 39 -395.271
49 40 -294.388
49 41 -529.009
49 42 737.898
49 43 -49.5067
49 44 175.649
49 45 210.275
49 46 72.1398
49 47 -695.907
49 48 5.57622
49 50 -850.285
50 1 -354.844
50 2 355.005
50 3 697.166
50 4 92.2921
50 5 142.673
50 6 -221.473
50 7 -982.374
50 8 -670.136
50 9 -118.818
50 10 29.4536
50 11 393.416
50 12 -759.6
50 13 788.828
50 14 -847.904
50 15 204.656
50 16 120.689
50 17 -358.631
50 18 815.454
50 19 453.873
50 20 -43.8274
50 21 -493.162
50 22 -261.839
50 23 214.061
50 24 816.004
50 25 -683.571
50 26 720.433
50 27 -686.441
50 28 -452.125
50 29 517.811
50 30 434.148
50 31 -311.548
50 32 -519.605
50 33 733.99
50 34 194.031
50 35 -163.764
50 36 797.439
50 37 -622.992
50 38 871.758
50 39 818.813
50 40 288.869
50 41 -853.278
50 42 150.978
50 43 -761.066
50 44 164.596
50 45 349.936
50 46 -685.159
50 47 -354.844
50 48 605.87
50 49 -16.5913
