50 2450
1
2
3
4
5
6
7
8
9
10
11
12
13
14
15
16
17
18
19
20
21
22
23
24
25
26
27
28
29
30
31
32
33
34
35
36
37
38
39
40
41
42
43
44
45
46
47
48
49
50
1 2 -902.071
1 3 -573.161
1 4 -939.383
1 5 -372.493
1 6 535.704
1 7 -48.4686
1 8 399.828
1 9 623.458
1 10 -722.654
1 11 253.938
1 12 761.043
1 13 -830.072
1 14 445.079
1 15 -772.058
1 16 -297.991
1 17 871.758
1 18 -598.382
1 19 -733.28
1 20 -413.775
1 21 -975.413
1 22 94.3684
1 23 5.51515
1 24 92.3532
1 25 -159.306
1 26 -840.576
1 27 736.616
1 28 723.73
1 29 -338.784
1 30 5.69836
1 31 929.04
1 32 -999.84
1 33 -862.56
1 34 37.2703
1 35 -709.952
1 36 -974.802
1 37 289.479
1 38 -772.607
1 39 811.973
1 40 102.124
1 41 -612.977
1 42 -785.859
1 43 223.832
1 44 103.59
1 45 -397.836
1 46 -890.407
1 47 -683.143
1 48 -724.73
1 49 349.509
1 50 -784.455
2 1 549.993
2 3 -842.102
2 4 -731.081
2 5 826.507
2 6 386.393
2 7 316.96
2 8 -213.473
2 9 -692.792
2 10 806.538
2 11 -430.996
2 12 176.504
2 13 646.846
2 14 417.049
2 15 397.569
2 16 -918.315
2 17 646.114
2 18 -390.813
2 19 -771.752
2 20 -580.611
2 21 963.604
2 22 -805.34
2 23 -723.57
2 24 -394.599
2 25 -824.515
2 26 960.306
2 27 628.77
2 28 47.0411
2 29 -938.711
2 30 -426.232
2 31 263.464
2 32 -169.077
2 33 280.624
2 34 295.769
2 35 696.128
2 36 -449.804
2 37 -353.806
2 38 -96.6508
2 39 925.07
2 40 -796.485
2 41 -822.683
2 42 -702.258
2 43 379.248
2 44 -892.361
2 45 -888.88
2 46 -790.867
2 47 -451.575
2 48 758.844
2 49 -930.467
2 50 -554.169
3 1 -16.2249
3 2 -423.301
3 4 -433.255
3 5 -875.323
3 6 -645.282
3 7 484.712
3 8 -958.253
3 9 321.112
3 10 258.823
3 11 234.335
3 12 610.328
3 13 568.863
3 14 455.888
3 15 -555.39
3 16 -289.869
3 17 660.892
3 18 -768.882
3 19 270.365
3 20 850.14
3 21 -826.591
3 22 -434.782
3 23 643.243
3 24 619.977
3 25 165.024
3 26 795.363
3 27 -970.283
3 28 -820.606
3 29 -529.986
3 30 -536.337
3 31 639.213
3 32 -606.87
3 33 50.1555
3 34 -957.886
3 35 -993.855
3 36 -197.412
3 37 -187.947
3 38 205.572
3 39 -82.1168
3 40 631.702
3 41 353.661
3 42 355.31
3 43 -418.721
3 44 -998.191
3 45 58.2775
3 46 80.6282
3 47 6.85864
3 48 557.932
3 49 -12.1334
3 50 -764.669
4 1 -482.109
4 2 -332.188
4 3 1.79003
4 5 327.097
4 6 -659.022
4 7 -580.489
4 8 -453.591
4 9 -103.551
4 10 203.985
4 11 -432.767
4 12 550.421
4 13 -410.233
4 14 -116.864
4 15 -363.089
4 16 858.873
4 17 -406.019
4 18 -358.203
4 19 -629.404
4 20 -346.173
4 21 134.246
4 22 487.888
4 23 -301.532
4 24 -709.036
4 25 -284.067
4 26 -806.683
4 27 424.011
4 28 988.336
4 29 -196.374
4 30 -980.237
4 31 -187.886
4 32 808.614
4 33 616.496
4 34 -929.551
4 35 270.793
4 36 -621.343
4 37 -266.358
4 38 -775.905
4 39 -697.922
4 40 -229.167
4 41 200.931
4 42 578.207
4 43 -71.6742
4 44 988.092
4 45 -189.046
4 46 338.7
4 47 -240.709
4 48 -504.826
4 49 264.991
4 50 -897.063
5 1 910.292
5 2 236.35
5 3 -115.215
5 4 -537.742
5 6 -63.0637
5 7 -444.369
5 8 577.718
5 9 -136.528
5 10 -3.0343
5 11 -510.628
5 12 728.555
5 13 676.525
5 14 401.477
5 15 -160.161
5 16 718.418
5 17 393.294
5 18 -235.518
5 19 -515.818
5 20 748.951
5 21 905.773
5 22 -70.9414
5 23 -647.358
5 24 -337.684
5 25 -211.702
5 26 854.232
5 27 509.017
5 28 449.11
5 29 539.795
5 30 -343.73
5 31 -226.908
5 32 -881.857
5 33 699.548
5 34 -4.98846
5 35 331.86
5 36 638.908
5 37 799.637
5 38 977.283
5 39 -244.129
5 40 612.771
5 41 70.8574
5 42 -218.297
5 43 884.033
5 44 394.515
5 45 -147.276
5 46 -810.836
5 47 -11.2784
5 48 324.227
5 49 636.77
5 50 194.458
6 1 -315.089
6 2 771.424
6 3 -316.311
6 4 899.422
6 5 995.908
6 7 -326.57
6 8 -841.186
6 9 -127.49
6 10 27.1941
6 11 262.976
6 12 -291.823
6 13 -838.805
6 14 -308.799
6 15 -343.242
6 16 -575.42
6 17 -860.667
6 18 -99.1546
6 19 14.1257
6 20 -858.774
6 21 386.027
6 22 688.494
6 23 932.52
6 24 -16.9577
6 25 776.493
6 26 -323.334
6 27 780.645
6 28 116.292
6 29 979.909
6 30 348.104
6 31 -345.745
6 32 640.556
6 33 542.116
6 34 535.215
6 35 -361.562
6 36 -452.125
6 37 -251.579
6 38 -412.004
6 39 -936.818
6 40 -298.54
6 41 -549.283
6 42 -356.188
6 43 449.904
6 44 -245.472
6 45 46.0029
6 46 -563.512
6 47 819.24
6 48 -36.4993
6 49 -205.351
6 50 91.8647
7 1 67.6208
7 2 -178.542
7 3 -330.662
7 4 -664.213
7 5 84.5365
7 6 -545.07
7 8 915.177
7 9 -435.881
7 10 301.693
7 11 -280.342
7 12 510.727
7 13 198.305
7 14 367.096
7 15 931.849
7 16 726.784
7 17 -224.343
7 18 -373.897
7 19 -827.141
7 20 -47.98
7 21 209.298
7 22 99.9866
7 23 114.338
7 24 993.466
7 25 648.129
7 26 643.976
7 27 -724.669
7 28 18.034
7 29 -616.275
7 30 981.191
7 31 686.174
7 32 348.287
7 33 -760.516
7 34 -707.754
7 35 858.201
7 36 270.915
7 37 871.819
7 38 55.6516
7 39 29.82
7 40 -930.284
7 41 -571.878
7 42 -188.985
7 43 -395.76
7 44 460.224
7 45 -992.634
7 46 -443.576
7 47 -275.884
7 48 -395.21
7 49 336.929
7 50 -553.863
8 1 -77.842
8 2 921.589
8 3 123.437
8 4 487.155
8 5 783.76
8 6 840.003
8 7 -485.651
8 9 916.948
8 10 -444.125
8 11 724.097
8 12 95.1623
8 13 -43.5221
8 14 -350.386
8 15 125.696
8 16 868.461
8 17 620.648
8 18 957.436
8 19 -430.324
8 20 653.075
8 21 269.022
8 22 937.345
8 23 -947.749
8 24 -661.464
8 25 599.885
8 26 -601.74
8 27 -557.528
8 28 432.988
8 29 -243.701
8 30 921.223
8 31 972.642
8 32 334.791
8 33 249.114
8 34 -154.909
8 35 4.84341
8 36 783.943
8 37 -633.74
8 38 -217.442
8 39 269.999
8 40 -92.0708
8 41 -222.572
8 42 568.253
8 43 -253.533
8 44 319.769
8 45 998.29
8 46 601.412
8 47 -609.985
8 48 -313.502
8 49 -580.855
8 50 -487.178
9 1 885.254
9 2 226.763
9 3 -415.24
9 4 -906.712
9 5 -390.386
9 6 553.291
9 7 395.126
9 8 -582.138
9 10 11.0112
9 11 316.227
9 12 936.917
9 13 110.185
9 14 -440.583
9 15 -926.925
9 16 -379.027
9 17 -320.28
9 18 490.086
9 19 -170.42
9 20 -681.617
9 21 873.896
9 22 -500.246
9 23 679.395
9 24 173.634
9 25 971.604
9 26 607.946
9 27 994.931
9 28 793.775
9 29 973.313
9 30 -657.312
9 31 -406.385
9 32 -504.216
9 33 608.069
9 34 -529.375
9 35 -673.434
9 36 302.548
9 37 -894.926
9 38 426.698
9 39 -484.613
9 40 -637.648
9 41 666.938
9 42 654.785
9 43 688.861
9 44 504.62
9 45 569.596
9 46 -963.443
9 47 -955.26
9 48 -412.126
9 49 852.217
9 50 -400.034
10 1 -911.048
10 2 360.501
10 3 -495.91
10 4 -316.311
10 5 -133.719
10 6 -511.422
10 7 112.567
10 8 765.745
10 9 -756.363
10 11 -530.414
10 12 -114.544
10 13 121.91
10 14 -325.288
10 15 -906.651
10 16 -990.557
10 17 521.231
10 18 -125.047
10 19 156.902
10 20 -735.723
10 21 125.391
10 22 -140.986
10 23 105.971
10 24 835.118
10 25 -199.733
10 26 -231.732
10 27 -694.991
10 28 -737.738
10 29 11.2555
10 30 -71.0635
10 31 612.404
10 32 -526.75
10 33 497.842
10 34 578.39
10 35 -54.0257
10 36 812.095
10 37 913.223
10 38 696.311
10 39 -455.117
10 40 26.9499
10 41 -384.523
10 42 380.775
10 43 591.519
10 44 147.497
10 45 802.935
10 46 202.947
10 47 894.475
10 48 176.443
10 49 -835.018
10 50 -20.1943
11 1 321.906
11 2 -449.133
11 3 266.579
11 4 403.492
11 5 -335.12
11 6 301.143
11 7 -186.603
11 8 -38.5145
11 9 -377.867
11 10 842.446
11 12 26.6445
11 13 591.641
11 14 -407.179
11 15 345.661
11 16 281.235
11 17 498.391
11 18 968.306
11 19 -381.042
11 20 215.526
11 21 -418.721
11 22 602.023
11 23 -563.695
11 24 492.407
11 25 -96.5287
11 26 -841.675
11 27 254.121
11 28 -602.168
11 29 638.48
11 30 15.1028
11 31 251.007
11 32 472.376
11 33 -62.3919
11 34 -592.458
11 35 -367.791
11 36 -653.098
11 37 -845.095
11 38 -481.987
11 39 131.497
11 40 996.641
11 41 -139.032
11 42 -825.064
11 43 -353.562
11 44 -435.026
11 45 -913.979
11 46 -131.704
11 47 955.909
11 48 -12.683
11 49 -760.638
11 50 -244.801
12 1 438.179
12 2 -442.049
12 3 123.986
12 4 -644.976
12 5 -249.014
12 6 666.144
12 7 -500.368
12 8 -388.554
12 9 388.653
12 10 859.972
12 11 -371.455
12 13 13.3318
12 14 65.1171
12 15 -553.802
12 16 232.564
12 17 -536.704
12 18 863.88
12 19 803.424
12 20 -690.044
12 21 -419.21
12 22 79.3458
12 23 -412.309
12 24 247.953
12 25 -878.315
12 26 -296.647
12 27 46.4304
12 28 656.617
12 29 -787.508
12 30 -521.62
12 31 590.786
12 32 -619.755
12 33 75.8039
12 34 -533.406
12 35 -155.154
12 36 -888.514
12 37 940.948
12 38 -932.849
12 39 -655.236
12 40 -956.36
12 41 -173.901
12 42 421.629
12 43 -925.765
12 44 -990.496
12 45 882.811
12 46 -862.438
12 47 -969.184
12 48 -464.644
12 49 -25.2018
12 50 286.914
13 1 -994.466
13 2 -750.012
13 3 206.366
13 4 585.962
13 5 -233.931
13 6 90.1548
13 7 58.0332
13 8 727.395
13 9 -172.985
13 10 -270.327
13 11 -160.894
13 12 778.325
13 14 -998.374
13 15 -314.418
13 16 -866.896
13 17 592.435
13 18 917.437
13 19 521.841
13 20 929.101
13 21 170.947
13 22 -324.127
13 23 598.664
13 24 -883.995
13 25 -89.2006
13 26 869.987
13 27 -195.092
13 28 -947.199
13 29 -323.944
13 30 107.132
13 31 706.326
13 32 -135.307
13 33 632.74
13 34 -733.707
13 35 545.719
13 36 184.748
13 37 779.241
13 38 -354.539
13 39 543.887
13 40 15.5302
13 41 118.918
13 42 201.847
13 43 -76.1932
13 44 397.263
13 45 403.798
13 46 71.4681
13 47 -892.544
13 48 -429.347
13 49 -612.916
13 50 -447.24
14 1 -483.88
14 2 -671.174
14 3 533.261
14 4 742.478
14 5 412.225
14 6 233.969
14 7 102.49
14 8 7.04184
14 9 224.198
14 10 -605.466
14 11 574.054
14 12 -508.735
14 13 790.416
14 15 -505.925
14 16 317.876
14 17 -167.856
14 18 -47.2472
14 19 744.554
14 20 475.002
14 21 -721.86
14 22 952.123
14 23 465.232
14 24 969.039
14 25 -598.015
14 26 42.5221
14 27 -26.1789
14 28 593.718
14 29 585.229
14 30 787.607
14 31 -532.978
14 32 -886.437
14 33 -530.902
14 34 447.644
14 35 589.26
14 36 313.723
14 37 -435.942
14 38 922.627
14 39 -633.007
14 40 -70.6971
14 41 -812.485
14 42 -334.936
14 43 -787.264
14 44 -588.122
14 45 -59.8882
14 46 -979.077
14 47 662.235
14 48 -552.581
14 49 -112.162
14 50 -583.115
15 1 -449.988
15 2 176.932
15 3 654.968
15 4 845.377
15 5 314.273
15 6 52.7814
15 7 598.481
15 8 77.5748
15 9 94.6127
15 10 272.869
15 11 -733.585
15 12 51.3158
15 13 340.104
15 14 720.982
15 16 -680.395
15 17 853.743
15 18 -408.034
15 19 360.073
15 20 -899.384
15 21 753.592
15 22 143.528
15 23 12.1104
15 24 50.5219
15 25 714.326
15 26 251.984
15 27 460.774
15 28 145.787
15 29 822.293
15 30 603.55
15 31 -185.138
15 32 -444.003
15 33 71.1017
15 34 706.387
15 35 -924.482
15 36 -299.029
15 37 -58.3004
15 38 -91.8876
15 39 -164.069
15 40 -103.796
15 41 -792.271
15 42 721.898
15 43 -946.283
15 44 779.058
15 45 415.4
15 46 -857.125
15 47 843.911
15 48 696.372
15 49 -540.184
15 50 -339.578
16 1 206.672
16 2 248.625
16 3 717.563
16 4 -374.142
16 5 659.182
16 6 -830.133
16 7 -857.308
16 8 692.464
16 9 675.67
16 10 738.997
16 11 -200.099
16 12 -8.28611
16 13 899.849
16 14 -102.819
16 15 234.335
16 17 752.432
16 18 -949.764
16 19 283.006
16 20 147.925
16 21 -970.772
16 22 470.422
16 23 341.264
16 24 -199.061
16 25 254.793
16 26 -762.104
16 27 -280.525
16 28 -418.538
16 29 269.754
16 30 -193.809
16 31 126.429
16 32 181.512
16 33 553.902
16 34 75.8039
16 35 -160.039
16 36 -186.359
16 37 316.837
16 38 -134.94
16 39 60.6591
16 40 -86.819
16 41 -847.904
16 42 -299.578
16 43 286.914
16 44 -247.793
16 45 938.627
16 46 -131.643
16 47 908.948
16 48 -586.351
16 49 666.571
16 50 667.243
17 1 202.092
17 2 -443.698
17 3 899.605
17 4 -205.656
17 5 -85.4755
17 6 -589.954
17 7 -468.857
17 8 -187.458
17 9 626.633
17 10 -559.482
17 11 -451.881
17 12 -379.882
17 13 -923.2
17 14 118.307
17 15 468.163
17 16 877.621
17 18 647.091
17 19 -770.653
17 20 154.337
17 21 -686.197
17 22 -828.362
17 23 -828.24
17 24 689.716
17 25 -132.192
17 26 -704.884
17 27 663.09
17 28 991.451
17 29 -423.118
17 30 -475.209
17 31 305.235
17 32 -135.917
17 33 -822.561
17 34 -802.103
17 35 448.804
17 36 174.123
17 37 -664.579
17 38 -464.155
17 39 778.203
17 40 -173.413
17 41 452.896
17 42 -27.217
17 43 70.3078
17 44 246.732
17 45 -15.6753
17 46 -47.4304
17 47 -441.011
17 48 37.8199
17 49 208.076
17 50 -623.297
18 1 339.982
18 2 515.551
18 3 376.623
18 4 -107.154
18 5 255.587
18 6 796.523
18 7 196.412
18 8 207.832
18 9 702.906
18 10 -864.575
18 11 568.253
18 12 -380.737
18 13 790.294
18 14 198.977
18 15 524.895
18 16 949.558
18 17 -708.242
18 19 950.169
18 20 308.715
18 21 -937.917
18 22 -167.428
18 23 853.255
18 24 -479.117
18 25 170.886
18 26 -264.953
18 27 -931.444
18 28 284.594
18 29 93.6967
18 30 -19.5836
18 31 335.158
18 32 352.989
18 33 677.258
18 34 706.265
18 35 213.817
18 36 110.185
18 37 549.016
18 38 -314.112
18 39 -596.244
18 40 392.561
18 41 -596.55
18 42 230.793
18 43 -203.824
18 44 -929.673
18 45 1.8511
18 46 -61.7202
18 47 -39.1252
18 48 -664.823
18 49 -931.505
18 50 743.455
19 1 759.15
19 2 -385.622
19 3 -711.845
19 4 -308.616
19 5 760.127
19 6 68.2926
19 7 -430.812
19 8 888.613
19 9 157.818
19 10 -405.714
19 11 -220.862
19 12 45.3923
19 13 869.315
19 14 283.983
19 15 -870.56
19 16 77.5138
19 17 -499.269
19 18 -739.57
19 20 403.004
19 21 -826.103
19 22 882.262
19 23 850.507
19 24 -798.866
19 25 -206.572
19 26 833.53
19 27 -997.214
19 28 419.919
19 29 7.59145
19 30 -121.811
19 31 927.024
19 32 -890.162
19 33 -355.638
19 34 571.733
19 35 -156.863
19 36 -54.2089
19 37 659.06
19 38 134.917
19 39 -168.222
19 40 455.461
19 41 169.42
19 42 -908.299
19 43 676.037
19 44 225.725
19 45 -395.027
19 46 -414.141
19 47 -339.455
19 48 -743.417
19 49 391.828
19 50 66.0941
20 1 261.755
20 2 -344.524
20 3 -381.958
20 4 35.5604
20 5 651.304
20 6 -143.673
20 7 125.024
20 8 -455.667
20 9 -29.6597
20 10 -442.171
20 11 442.82
20 12 -883.995
20 13 -699.265
20 14 563.062
20 15 -973.031
20 16 795.973
20 17 -729.066
20 18 -296.22
20 19 225.908
20 21 3.07245
20 22 -763.081
20 23 -948.177
20 24 406.607
20 25 890.078
20 26 -23.3087
20 27 -413.53
20 28 -301.716
20 29 871.514
20 30 831.087
20 31 -483.636
20 32 -227.335
20 33 -965.031
20 34 -767.233
20 35 -554.596
20 36 -897.124
20 37 108.902
20 38 -436.125
20 39 -439.057
20 40 146.459
20 41 666.877
20 42 -735.967
20 43 -960.94
20 44 -124.498
20 45 -721.799
20 46 -850.346
20 47 854.11
20 48 110.063
20 49 -724.12
20 50 -136.772
21 1 169.848
21 2 -928.391
21 3 -173.352
21 4 -602.962
21 5 -477.834
21 6 614.725
21 7 4.477
21 8 -366.386
21 9 954.138
21 10 551.459
21 11 -454.812
21 12 828.706
21 13 305.112
21 14 533.383
21 15 973.68
21 16 -16.5302
21 17 -151.612
21 18 902.964
21 19 783.393
21 20 46.1251
21 22 446.545
21 23 967.207
21 24 372.531
21 25 -134.574
21 26 -576.031
21 27 126.551
21 28 405.324
21 29 -148.131
21 30 -652.671
21 31 298.029
21 32 -704.151
21 33 -729.433
21 34 -112.345
21 35 -936.268
21 36 -494.384
21 37 112.322
21 38 -35.4612
21 39 -3.95032
21 40 329.112
21 41 -529.559
21 42 355.615
21 43 -423.24
21 44 869.01
21 45 -624.519
21 46 -44.7434
21 47 -828.545
21 48 -119.551
21 49 8.26319
21 50 -122.91
22 1 -524.124
22 2 176.565
22 3 -759.478
22 4 579.977
22 5 -117.841
22 6 273.052
22 7 441.354
22 8 209.786
22 9 202.641
22 10 974.596
22 11 -527.727
22 12 -653.22
22 13 -816.026
22 14 -424.461
22 15 834.018
22 16 339.982
22 17 -744.028
22 18 -622.503
22 19 -130.177
22 20 415.584
22 21 -58.5447
22 23 -807.782
22 24 999.267
22 25 758.6
22 26 -623.358
22 27 537.474
22 28 883.361
22 29 739.119
22 30 376.562
22 31 -803.813
22 32 490.819
22 33 -517.773
22 34 472.499
22 35 845.988
22 36 980.581
22 37 -33.4459
22 38 377.111
22 39 -583.848
22 40 -654.136
22 41 -169.26
22 42 298.7
22 43 -99.0935
22 44 765.806
22 45 91.7425
22 46 550.665
22 47 272.625
22 48 -422.08
22 49 -54.5753
22 50 -109.78
23 1 217.603
23 2 -154.665
23 3 849.469
23 4 28.2933
23 5 -637.77
23 6 -583.787
23 7 65.9109
23 8 -260.495
23 9 685.991
23 10 446.911
23 11 864.186
23 12 -979.626
23 13 -202.298
23 14 301.143
23 15 -447.606
23 16 726.662
23 17 -216.282
23 18 -217.442
23 19 550.177
23 20 122.215
23 21 289.052
23 22 623.58
23 24 -339.822
23 25 -203.153
23 26 539.184
23 27 -829.156
23 28 759.089
23 29 364.226
23 30 982.229
23 31 219.129
23 32 61.5752
23 33 395.37
23 34 -763.203
23 35 -98.2997
23 36 -823.293
23 37 21.637
23 38 -957.154
23 39 -389.897
23 40 -880.697
23 41 -358.997
23 42 -114.36
23 43 -148.253
23 44 476.59
23 45 167.711
23 46 -1.81295
23 47 -2.36256
23 48 -86.819
23 49 261.327
23 50 422.729
24 1 855.758
24 2 210.091
24 3 977.283
24 4 813.988
24 5 2.21751
24 6 8.26319
24 7 -732.914
24 8 678.663
24 9 819.179
24 10 463.033
24 11 781.561
24 12 736.433
24 13 -842.53
24 14 983.023
24 15 -612.61
24 16 87.0403
24 17 589.443
24 18 -751.6
24 19 -125.902
24 20 -122.971
24 21 153.909
24 22 -301.532
24 23 -755.386
24 25 -853.888
24 26 -429.652
24 27 -340.188
24 28 -934.62
24 29 -451.148
24 30 -173.901
24 31 -672.823
24 32 287.525
24 33 630.541
24 34 91.9257
24 35 765.256
24 36 987.725
24 37 351.463
24 38 901.071
24 39 122.215
24 40 467.674
24 41 547.612
24 42 523.917
24 43 256.381
24 44 144.993
24 45 5.82049
24 46 484.59
24 47 -59.705
24 48 672.434
24 49 854.598
24 50 -855.11
25 1 851.056
25 2 -274.113
25 3 943.879
25 4 -691.998
25 5 519.032
25 6 -97.689
25 7 -84.9869
25 8 762.875
25 9 435.98
25 10 -847.598
25 11 -360.646
25 12 -280.464
25 13 -504.032
25 14 -797.523
25 15 713.471
25 16 74.094
25 17 -30.3315
25 18 387.554
25 19 -299.761
25 20 423.645
25 21 187.13
25 22 341.936
25 23 811.79
25 24 -210.725
25 26 -871.598
25 27 986.626
25 28 698.998
25 29 -25.0186
25 30 -896.086
25 31 -760.394
25 32 63.7125
25 33 -504.582
25 34 -293.41
25 35 -95.2463
25 36 759.699
25 37 -977.978
25 38 -766.379
25 39 151.772
25 40 75.4375
25 41 -725.585
25 42 762.447
25 43 52.9646
25 44 896.491
25 45 -701.708
25 46 -943.047
25 47 593.412
25 48 -585.496
25 49 70.8574
25 50 -482.781
26 1 -401.622
26 2 -903.719
26 3 -637.282
26 4 -674.899
26 5 -977.855
26 6 573.871
26 7 807.393
26 8 7.89679
26 9 23.1026
26 10 159.833
26 11 -906.101
26 12 -418.599
26 13 -729.677
26 14 678.235
26 15 253.083
26 16 -521.498
26 17 926.169
26 18 -720.944
26 19 933.192
26 20 435.919
26 21 -281.014
26 22 -50.5448
26 23 -358.02
26 24 535.215
26 25 -422.019
26 27 -617.801
26 28 -128.711
26 29 -413.347
26 30 -769.493
26 31 -83.5213
26 32 38.7359
26 33 -961.917
26 34 -770.653
26 35 213.817
26 36 199.71
26 37 -402.66
26 38 -170.115
26 39 -625.984
26 40 454.911
26 41 -242.175
26 42 161.604
26 43 -828.545
26 44 994.87
26 45 -583.787
26 46 130.887
26 47 96.7501
26 48 717.868
26 49 -234.236
26 50 -509.04
27 1 -104.162
27 2 362.699
27 3 -347.638
27 4 -481.987
27 5 296.685
27 6 -913.734
27 7 -412.37
27 8 -272.037
27 9 600.74
27 10 433.599
27 11 -402.477
27 12 -923.627
27 13 -163.214
27 14 622.114
27 15 100.842
27 16 77.3306
27 17 162.153
27 18 -899.994
27 19 0.812952
27 20 -729.249
27 21 -808.637
27 22 298.7
27 23 -818.958
27 24 494.971
27 25 -44.7434
27 26 514.391
27 28 -409.194
27 29 374.852
27 30 157.695
27 31 877.499
27 32 104.689
27 33 491.979
27 34 -562.047
27 35 323.372
27 36 -649.312
27 37 -350.081
27 38 313.479
27 39 -481.987
27 40 -308.372
27 41 690.082
27 42 -511.544
27 43 -332.494
27 44 540.955
27 45 -721.494
27 46 -768.455
27 47 -848.881
27 48 209.725
27 49 -875.445
27 50 -510.078
28 1 -79.3687
28 2 470.606
28 3 -959.657
28 4 441.721
28 5 592.252
28 6 -982.497
28 7 303.525
28 8 167.711
28 9 180.718
28 10 24.5072
28 11 -256.404
28 12 -865.064
28 13 -593.435
28 14 -30.8811
28 15 -995.931
28 16 173.634
28 17 -486.75
28 18 935.268
28 19 -597.038
28 20 -366.142
28 21 -466.476
28 22 555.612
28 23 837.988
28 24 424.133
28 25 -55.0028
28 26 804.279
28 27 172.535
28 29 595.855
28 30 -353.012
28 31 808.187
28 32 -455.789
28 33 183.954
28 34 202.824
28 35 -121.383
28 36 21.5148
28 37 -23.6751
28 38 275.922
28 39 -55.0638
28 40 -944.696
28 41 904.613
28 42 208.382
28 43 -426.354
28 44 -833.003
28 45 -257.625
28 46 -330.356
28 47 771.485
28 48 295.342
28 49 -193.626
28 50 319.891
29 1 745.593
29 2 -746.593
29 3 330.822
29 4 418.271
29 5 -175.672
29 6 733.99
29 7 -780.485
29 8 -676.915
29 9 -287.059
29 10 -719.967
29 11 859.178
29 12 815.515
29 13 -724.608
29 14 694.723
29 15 -333.654
29 16 -823.965
29 17 35.9268
29 18 283.006
29 19 -913.551
29 20 979.054
29 21 577.352
29 22 408.011
29 23 697.899
29 24 499.124
29 25 33.6673
29 26 762.753
29 27 -871.598
29 28 -284.006
29 30 -140.497
29 31 -184.1
29 32 -521.192
29 33 815.881
29 34 61.0866
29 35 865.835
29 36 912.796
29 37 143.284
29 38 -918.009
29 39 -873.125
29 40 -872.27
29 41 -451.698
29 42 -468.857
29 43 -687.052
29 44 -610.229
29 45 49.3616
29 46 931.849
29 47 121.177
29 48 799.393
29 49 -240.587
29 50 -310.631
30 1 -918.192
30 2 -498.964
30 3 -984.512
30 4 -533.833
30 5 202.702
30 6 -482.231
30 7 642.083
30 8 135.772
30 9 -167.367
30 10 882.323
30 11 283.861
30 12 521.414
30 13 -793.187
30 14 -229.228
30 15 762.447
30 16 -901.765
30 17 -911.536
30 18 325.937
30 19 -631.419
30 20 -149.474
30 21 956.337
30 22 838.232
30 23 53.4532
30 24 -540.734
30 25 169.176
30 26 -4.07245
30 27 -568.825
30 28 -970.527
30 29 -441.499
30 31 -120.589
30 32 557.138
30 33 524.956
30 34 865.102
30 35 -615.359
30 36 -608.58
30 37 -897.552
30 38 471.155
30 39 773.684
30 40 -86.2694
30 41 -450.72
30 42 870.659
30 43 -974.13
30 44 798.172
30 45 -19.95
30 46 296.685
30 47 699.487
30 48 -392.035
30 49 -988.542
30 50 -36.9268
31 1 -44.6824
31 2 -557.955
31 3 -412.92
31 4 -656.823
31 5 475.369
31 6 -41.3236
31 7 -364.493
31 8 933.62
31 9 920.246
31 10 -269.594
31 11 764.951
31 12 928.978
31 13 644.343
31 14 -139.215
31 15 -836.606
31 16 -738.165
31 17 -659.388
31 18 -203.519
31 19 -86.2694
31 20 -569.253
31 21 -691.754
31 22 -721.005
31 23 882.445
31 24 -446.14
31 25 24.8736
31 26 -629.282
31 27 -602.534
31 28 -901.521
31 29 -281.93
31 30 490.391
31 32 -108.009
31 33 714.387
31 34 -377.317
31 35 398.424
31 36 -311.67
31 37 -397.653
31 38 -396.126
31 39 72.5673
31 40 -864.88
31 41 -121.627
31 42 843.24
31 43 403.37
31 44 -735.051
31 45 339.432
31 46 265.907
31 47 -348.554
31 48 -833.37
31 49 -905.674
31 50 409.965
32 1 609.29
32 2 263.831
32 3 -511.483
32 4 -593.618
32 5 -609.985
32 6 -322.662
32 7 751.333
32 8 777.531
32 9 804.34
32 10 -126.452
32 11 -182.878
32 12 -279.792
32 13 231.648
32 14 768.249
32 15 -244.984
32 16 -412.675
32 17 959.085
32 18 -512.521
32 19 -768.088
32 20 -774.134
32 21 890.872
32 22 -27.7056
32 23 465.72
32 24 884.155
32 25 -406.996
32 26 -399.973
32 27 87.5899
32 28 -644.671
32 29 -403.698
32 30 -968.512
32 31 369.966
32 33 69.5139
32 34 895.269
32 35 455.216
32 36 -763.081
32 37 788.096
32 38 586.267
32 39 418.332
32 40 515.368
32 41 621.015
32 42 584.435
32 43 444.224
32 44 841.896
32 45 -965.337
32 46 -656.64
32 47 -394.538
32 48 688.006
32 49 546.451
32 50 533.505
33 1 256.136
33 2 -80.2237
33 3 -219.519
33 4 595.855
33 5 -903.842
33 6 -658.228
33 7 598.969
33 8 132.475
33 9 775.088
33 10 657.472
33 11 -37.9039
33 12 -949.886
33 13 193.725
33 14 282.029
33 15 235.74
33 16 407.706
33 17 727.7
33 18 -542.81
33 19 609.717
33 20 893.681
33 21 523.49
33 22 88.2006
33 23 -669.953
33 24 887.453
33 25 83.1931
33 26 749.684
33 27 -570.657
33 28 25.3621
33 29 -691.082
33 30 300.166
33 31 -367.18
33 32 -781.157
33 34 -798.683
33 35 -460.552
33 36 -857.003
33 37 -941.948
33 38 396.897
33 39 344.135
33 40 -18.7897
33 41 -460.552
33 42 -268.678
33 43 719.822
33 44 -429.408
33 45 -944.146
33 46 -975.962
33 47 -786.836
33 48 -739.265
33 49 -412.187
33 50 -742.379
34 1 -882.956
34 2 -533.345
34 3 26.4613
34 4 349.875
34 5 -100.681
34 6 -881.857
34 7 575.642
34 8 -297.441
34 9 305.967
34 10 108.475
34 11 162.764
34 12 -280.159
34 13 568.68
34 14 420.164
34 15 -198.756
34 16 -529.253
34 17 153.909
34 18 629.198
34 19 -162.665
34 20 698.571
34 21 493.994
34 22 -537.681
34 23 21.698
34 24 -649.312
34 25 -867.14
34 26 -895.292
34 27 343.89
34 28 835.24
34 29 734.967
34 30 -63.369
34 31 -435.454
34 32 161.848
34 33 -627.206
34 35 -607.175
34 36 -612.916
34 37 -808.454
34 38 -434.782
34 39 635.671
34 40 -801.004
34 41 151.833
34 42 463.949
34 43 -286.571
34 44 -670.93
34 45 -383.546
34 46 656.678
34 47 916.582
34 48 -248.404
34 49 147.375
34 50 11.744
35 1 988.886
35 2 177.909
35 3 -235.824
35 4 2.09537
35 5 -88.5899
35 6 472.56
35 7 451.43
35 8 945.711
35 9 926.536
35 10 -670.197
35 11 -128.101
35 12 -398.019
35 13 -510.139
35 14 153.726
35 15 -509.467
35 16 -432.583
35 17 -141.963
35 18 65.6056
35 19 -718.318
35 20 -109.536
35 21 968.428
35 22 997.557
35 23 216.992
35 24 363.249
35 25 324.898
35 26 787.241
35 27 715.975
35 28 915.421
35 29 -431.912
35 30 -770.47
35 31 251.739
35 32 -449.682
35 33 411.004
35 34 -987.626
35 36 295.83
35 37 267.006
35 38 634.267
35 39 473.476
35 40 -212.74
35 41 -611.328
35 42 832.186
35 43 120.811
35 44 -679.296
35 45 -238.755
35 46 -413.042
35 47 -142.024
35 48 -765.463
35 49 -768.577
35 50 -230.511
36 1 838.11
36 2 -210.786
36 3 866.812
36 4 -358.997
36 5 893.926
36 6 622.603
36 7 -668.793
36 8 -541.345
36 9 -516.612
36 10 -329.685
36 11 883.178
36 12 -739.57
36 13 -917.215
36 14 742.784
36 15 -605.649
36 16 522.94
36 17 963.726
36 18 -69.4758
36 19 -126.513
36 20 -626.656
36 21 293.571
36 22 52.354
36 23 -113.994
36 24 58.1554
36 25 508.101
36 26 -695.723
36 27 344.501
36 28 330.883
36 29 -131.154
36 30 -678.93
36 31 83.9259
36 32 -527.421
36 33 168.26
36 34 821.133
36 35 -328.036
36 37 617.961
36 38 501.811
36 39 29.5147
36 40 884.827
36 41 70.8574
36 42 56.1401
36 43 72.8726
36 44 -714.593
36 45 -684.853
36 46 846.782
36 47 515.979
36 48 356.348
36 49 388.164
36 50 337.051
37 1 -755.814
37 2 595.428
37 3 312.013
37 4 889.895
37 5 -123.459
37 6 45.2701
37 7 -721.86
37 8 -28.4995
37 9 883.3
37 10 -329.318
37 11 261.51
37 12 64.7507
37 13 -385.317
37 14 29.6368
37 15 750.967
37 16 209.053
37 17 -579.634
37 18 674.876
37 19 297.357
37 20 121.543
37 21 -962.772
37 22 724.463
37 23 552.741
37 24 828.339
37 25 451.491
37 26 37.6977
37 27 -508.674
37 28 741.684
37 29 405.202
37 30 -565.833
37 31 508.406
37 32 -870.987
37 33 -249.136
37 34 -608.397
37 35 67.0712
37 36 -94.7577
37 38 -172.13
37 39 -337.196
37 40 604.099
37 41 -320.952
37 42 53.2089
37 43 -751.967
37 44 357.264
37 45 -989.214
37 46 -82.3
37 47 -838.133
37 48 823.454
37 49 799.637
37 50 -429.041
38 1 -572.489
38 2 -483.086
38 3 741.562
38 4 183.649
38 5 741.196
38 6 733.807
38 7 -189.84
38 8 272.319
38 9 239.648
38 10 -14.1486
38 11 -322.295
38 12 -819.202
38 13 -183.428
38 14 822.66
38 15 -976.329
38 16 -99.6431
38 17 412.225
38 18 -304.647
38 19 -327.608
38 20 411.981
38 21 723.486
38 22 -418.049
38 23 486.239
38 24 -249.503
38 25 -228.374
38 26 33.423
38 27 -37.9039
38 28 -30.4536
38 29 -237.412
38 30 347.921
38 31 -534.383
38 32 191.71
38 33 673.899
38 34 -447.728
38 35 35.8657
38 36 -58.9722
38 37 -988.298
38 39 -119.307
38 40 702.296
38 41 -60.621
38 42 179.985
38 43 -567.787
38 44 -747.264
38 45 -447.24
38 46 877.743
38 47 706.876
38 48 -608.824
38 49 -919.414
38 50 991.267
39 1 691.243
39 2 -790.073
39 3 70.9796
39 4 -603.206
39 5 -800.76
39 6 934.658
39 7 -152.161
39 8 -877.277
39 9 -857.064
39 10 858.507
39 11 -552.581
39 12 299.189
39 13 -580.184
39 14 -576.886
39 15 -861.583
39 16 341.264
39 17 115.681
39 18 368.501
39 19 722.326
39 20 -196.679
39 21 699.548
39 22 889.651
39 23 794.63
39 24 -665.495
39 25 903.941
39 26 -248.282
39 27 166.306
39 28 178.397
39 29 975.634
39 30 -710.746
39 31 -381.592
39 32 -348.982
39 33 984.733
39 34 225.236
39 35 -814.622
39 36 43.7434
39 37 -120.528
39 38 -746.532
39 40 -845.522
39 41 372.714
39 42 -22.4538
39 43 327.707
39 44 -33.0795
39 45 -573.222
39 46 -427.393
39 47 -426.66
39 48 -792.943
39 49 -453.224
39 50 -643.938
40 1 789.317
40 2 875.789
40 3 -433.072
40 4 -669.648
40 5 -554.657
40 6 -885.094
40 7 368.134
40 8 -92.1318
40 9 146.215
40 10 -395.76
40 11 -531.085
40 12 -120.589
40 13 -536.154
40 14 776.676
40 15 103.773
40 16 944.795
40 17 -889.552
40 18 74.3383
40 19 -790.928
40 20 -517.712
40 21 -637.892
40 22 -580.977
40 23 -223.0
40 24 -736.455
40 25 -313.624
40 26 -921.063
40 27 -9.93493
40 28 -224.038
40 29 505.964
40 30 129.36
40 31 595.916
40 32 -137.81
40 33 -965.214
40 34 688.067
40 35 943.94
40 36 -645.465
40 37 -867.812
40 38 119.345
40 39 -870.193
40 41 392.805
40 42 95.7119
40 43 388.836
40 44 687.395
40 45 -891.933
40 46 348.287
40 47 755.058
40 48 -754.165
40 49 -623.175
40 50 949.802
41 1 992.244
41 2 -372.004
41 3 -693.159
41 4 865.468
41 5 -674.167
41 6 782.233
41 7 168.138
41 8 938.871
41 9 275.067
41 10 -981.642
41 11 437.812
41 12 496.926
41 13 574.115
41 14 978.993
41 15 658.449
41 16 -467.331
41 17 383.584
41 18 760.31
41 19 -211.214
41 20 399.095
41 21 -40.3466
41 22 660.77
41 23 742.234
41 24 -52.4379
41 25 977.832
41 26 -43.7664
41 27 -211.336
41 28 62.2469
41 29 692.342
41 30 -836.118
41 31 -473.682
41 32 -490.964
41 33 131.009
41 34 221.389
41 35 89.2387
41 36 -946.467
41 37 498.269
41 38 18.95
41 39 293.082
41 40 774.478
41 42 981.252
41 43 -268.495
41 44 -597.771
41 45 -489.376
41 46 147.986
41 47 -625.435
41 48 -794.103
41 49 -605.832
41 50 123.864
42 1 31.8353
42 2 -913.246
42 3 -619.755
42 4 -272.22
42 5 -816.026
42 6 -222.633
42 7 737.043
42 8 -233.686
42 9 -411.21
42 10 484.346
42 11 414.668
42 12 664.312
42 13 -869.644
42 14 -926.925
42 15 -752.883
42 16 -377.806
42 17 97.6661
42 18 1.97324
42 19 909.864
42 20 -505.437
42 21 -692.12
42 22 -321.074
42 23 572.283
42 24 561.901
42 25 -466.109
42 26 -46.3923
42 27 -800.271
42 28 -604.305
42 29 -348.615
42 30 -593.496
42 31 420.53
42 32 8.26319
42 33 -38.3313
42 34 -858.407
42 35 -98.5439
42 36 -547.512
42 37 115.986
42 38 759.089
42 39 184.993
42 40 -910.986
42 41 84.7197
42 43 -804.363
42 44 901.01
42 45 -316.433
42 46 -394.05
42 47 136.932
42 48 -692.487
42 49 -466.354
42 50 553.902
43 1 656.617
43 2 -901.887
43 3 -185.809
43 4 -343.058
43 5 805.011
43 6 398.302
43 7 319.83
43 8 19.7439
43 9 811.607
43 10 904.246
43 11 -199.977
43 12 863.148
43 13 -403.271
43 14 -902.315
43 15 73.2391
43 16 -60.3157
43 17 -717.402
43 18 -527.421
43 19 100.658
43 20 55.8959
43 21 -618.045
43 22 702.479
43 23 -782.867
43 24 130.337
43 25 -636.793
43 26 703.884
43 27 -298.113
43 28 238.549
43 29 -727.784
43 30 -478.201
43 31 -129.2
43 32 -927.414
43 33 -899.994
43 34 -23.3087
43 35 -108.62
43 36 -739.997
43 37 585.168
43 38 -994.832
43 39 -505.498
43 40 969.588
43 41 132.841
43 42 -351.486
43 44 -220.435
43 45 -750.501
43 46 552.009
43 47 603.733
43 48 293.021
43 49 -456.766
43 50 277.144
44 1 -707.082
44 2 -425.072
44 3 793.409
44 4 -217.565
44 5 -614.931
44 6 359.279
44 7 600.74
44 8 -136.955
44 9 694.357
44 10 -393.195
44 11 -137.139
44 12 -525.772
44 13 409.233
44 14 576.497
44 15 -672.945
44 16 -179.642
44 17 -414.08
44 18 -901.765
44 19 -499.941
44 20 373.264
44 21 -164.253
44 22 -736.211
44 23 350.608
44 24 -486.506
44 25 149.39
44 26 691.914
44 27 242.579
44 28 -516.795
44 29 799.149
44 30 579.184
44 31 538.452
44 32 328.929
44 33 249.297
44 34 718.112
44 35 -697.128
44 36 531.612
44 37 19.4386
44 38 660.403
44 39 557.321
44 40 -991.901
44 41 -570.23
44 42 -776.088
44 43 502.971
44 45 173.695
44 46 -825.125
44 47 -470.14
44 48 -824.82
44 49 739.913
44 50 -343.303
45 1 -253.839
45 2 947.299
45 3 -40.4076
45 4 -983.657
45 5 742.967
45 6 319.83
45 7 -13.2936
45 8 807.759
45 9 830.599
45 10 457.293
45 11 42.0946
45 12 234.641
45 13 780.645
45 14 876.888
45 15 -920.147
45 16 914.689
45 17 -693.159
45 18 -249.869
45 19 638.114
45 20 -924.055
45 21 204.046
45 22 -750.806
45 23 551.947
45 24 -843.018
45 25 -683.143
45 26 -632.213
45 27 -761.798
45 28 -285.105
45 29 550.909
45 30 664.312
45 31 -781.89
45 32 -393.744
45 33 -918.742
45 34 -643.205
45 35 -427.576
45 36 -635.633
45 37 982.779
45 38 -780.485
45 39 21.9423
45 40 -287.914
45 41 -572.794
45 42 -302.326
45 43 315.189
45 44 148.596
45 46 684.098
45 47 698.693
45 48 -388.859
45 49 -450.72
45 50 59.8653
46 1 -515.208
46 2 -451.575
46 3 -284.189
46 4 -988.786
46 5 115.315
46 6 -319.12
46 7 -191.0
46 8 -413.836
46 9 857.713
46 10 976.184
46 11 610.023
46 12 -607.237
46 13 26.4003
46 14 55.8959
46 15 540.039
46 16 -710.319
46 17 -324.066
46 18 -122.482
46 19 382.974
46 20 973.375
46 21 -418.232
46 22 -473.132
46 23 641.106
46 24 653.32
46 25 957.07
46 26 827.545
46 27 466.331
46 28 13.3929
46 29 331.799
46 30 439.095
46 31 104.017
46 32 629.809
46 33 -954.222
46 34 -852.056
46 35 -214.817
46 36 -958.436
46 37 778.813
46 38 -977.184
46 39 -994.893
46 40 670.296
46 41 555.673
46 42 128.444
46 43 -872.209
46 44 -249.808
46 45 -315.944
46 47 -513.07
46 48 -751.051
46 49 -506.414
46 50 36.11
47 1 -22.4538
47 2 262.121
47 3 -358.386
47 4 124.292
47 5 -152.528
47 6 -943.108
47 7 -386.722
47 8 412.652
47 9 541.139
47 10 -200.221
47 11 431.034
47 12 291.433
47 13 -482.781
47 14 213.755
47 15 -392.828
47 16 160.077
47 17 -241.442
47 18 -181.046
47 19 190.855
47 20 -949.398
47 21 642.816
47 22 55.2852
47 23 143.65
47 24 -764.791
47 25 -122.055
47 26 -773.035
47 27 -747.692
47 28 246.61
47 29 -814.378
47 30 215.282
47 31 -246.999
47 32 -243.213
47 33 -587.329
47 34 -119.246
47 35 -146.36
47 36 -247.854
47 37 -234.297
47 38 114.032
47 39 353.722
47 40 -568.214
47 41 856.491
47 42 -549.955
47 43 -465.132
47 44 -720.273
47 45 239.404
47 46 -798.012
47 48 522.696
47 49 -260.373
47 50 138.887
48 1 -961.123
48 2 291.555
48 3 933.314
48 4 39.9572
48 5 -46.4533
48 6 520.803
48 7 858.751
48 8 -156.924
48 9 -449.133
48 10 -532.123
48 11 509.628
48 12 263.342
48 13 -395.515
48 14 -935.047
48 15 -654.503
48 16 162.031
48 17 805.5
48 18 411.065
48 19 -440.766
48 20 -498.048
48 21 650.083
48 22 -145.016
48 23 570.085
48 24 -390.08
48 25 -595.206
48 26 863.514
48 27 188.229
48 28 -566.443
48 29 81.4832
48 30 -159.245
48 31 -113.444
48 32 -514.719
48 33 -644.305
48 34 -885.46
48 35 610.939
48 36 154.764
48 37 -616.763
48 38 -748.974
48 39 571.733
48 40 80.0175
48 41 -569.436
48 42 -98.0554
48 43 -543.36
48 44 -733.402
48 45 -727.478
48 46 -634.412
48 47 498.025
48 49 640.312
48 50 -712.089
49 1 53.0257
49 2 826.935
49 3 714.815
49 4 -808.82
49 5 37.4535
49 6 -433.011
49 7 -922.467
49 8 339.799
49 9 -111.49
49 10 93.086
49 11 -632.03
49 12 -450.72
49 13 967.024
49 14 -110.88
49 15 -567.176
49 16 -634.289
49 17 370.21
49 18 459.247
49 19 -637.16
49 20 716.341
49 21 724.891
49 22 710.845
49 23 -918.437
49 24 886.292
49 25 -2.8511
49 26 260.594
49 27 183.344
49 28 762.692
49 29 -473.193
49 30 95.0402
49 31 -300.006
49 32 271.464
49 33 -542.932
49 34 -978.771
49 35 497.964
49 36 -46.0258
49 37 -242.541
49 38 -646.747
49 39 -27.8888
49 40 -383.546
49 41 23.4079
49 42 260.106
49 43 -252.984
49 44 -7.24796
49 45 240.808
49 46 223.648
49 47 53.4532
49 48 354.394
49 50 -297.746
50 1 -960.512
50 2 -520.887
50 3 8.8128
50 4 265.541
50 5 798.721
50 6 -219.458
50 7 622.725
50 8 -866.529
50 9 279.037
50 10 435.492
50 11 -697.494
50 12 -641.373
50 13 207.404
50 14 633.228
50 15 -617.679
50 16 -761.737
50 17 -199.305
50 18 -615.603
50 19 839.148
50 20 810.446
50 21 45.5755
50 22 -557.955
50 23 -713.983
50 24 616.923
50 25 141.574
50 26 -287.548
50 27 -515.269
50 28 942.658
50 29 553.474
50 30 -144.406
50 31 292.777
50 32 696.128
50 33 -897.429
50 34 -245.35
50 35 -992.817
50 36 137.36
50 37 -454.812
50 38 -455.911
50 39 34.7665
50 40 630.602
50 41 -941.887
50 42 884.46
50 43 -188.008
50 44 -391.057
50 45 92.17
50 46 -834.163
50 47 938.566
50 48 -50.7891
50 49 -993.428
