80 422
0
1
2
3
4
5
6
7
8
9
10
11
12
13
14
15
16
17
18
19
20
21
22
23
24
25
26
27
28
29
30
31
32
33
34
35
36
37
38
39
40
41
42
43
44
45
46
47
48
49
50
51
52
53
54
55
56
57
58
59
60
61
62
63
64
65
66
67
68
69
70
71
72
73
74
75
76
77
78
79
65 30 400
31 43 950
4 56 450
19 6 900
15 46 650
33 45 750
36 34 50
54 79 700
72 34 250
34 20 950
62 29 950
56 46 250
53 26 1000
13 76 400
66 6 850
31 34 850
23 72 50
74 70 700
7 11 250
6 43 650
35 54 150
7 17 500
23 20 300
47 49 650
71 14 1000
11 7 300
14 12 800
65 56 300
24 57 50
14 42 450
3 11 550
31 67 100
2 16 750
26 59 700
56 59 50
29 26 200
36 67 550
30 17 250
56 37 700
6 36 200
17 30 550
79 11 450
11 40 100
9 8 250
7 24 750
27 67 650
18 78 700
69 56 750
74 56 500
51 12 350
45 62 450
65 1 950
53 32 900
73 27 150
6 33 450
54 35 550
43 14 1000
67 27 800
35 36 350
33 20 350
4 61 900
10 60 250
47 5 650
70 52 350
5 47 950
52 8 100
9 77 100
66 33 600
34 48 600
13 28 700
37 45 350
15 26 250
74 54 950
21 70 700
18 66 400
2 3 650
14 43 1000
77 9 150
11 70 150
20 34 700
35 76 400
52 37 950
16 2 800
2 47 900
17 7 550
46 15 650
63 33 50
48 68 250
34 53 350
56 4 550
53 78 650
38 1 150
12 10 400
49 53 400
46 65 100
72 21 350
27 2 50
0 38 850
56 65 950
40 6 50
78 53 50
34 62 150
31 7 900
10 5 250
36 6 450
61 16 800
76 38 950
75 59 800
32 64 100
56 74 1000
5 6 550
6 5 950
15 21 250
57 41 900
66 23 250
48 72 900
22 18 150
78 66 650
37 52 400
44 37 300
48 34 300
19 71 600
23 10 700
50 20 50
7 77 650
2 0 850
30 1 700
28 13 150
50 32 850
5 15 1000
20 23 950
71 63 950
53 79 750
64 39 200
43 29 450
8 3 150
41 57 300
65 46 400
71 37 300
70 21 850
38 40 750
34 24 50
36 56 450
11 12 200
44 56 300
2 5 750
77 7 50
25 49 600
15 3 650
5 10 50
18 16 550
21 45 700
66 16 50
64 32 600
61 31 500
52 70 700
13 11 800
37 56 900
11 3 150
0 2 750
7 65 700
3 7 50
52 2 600
36 63 300
31 61 350
45 33 450
2 58 150
32 16 900
29 62 650
68 19 1000
30 65 350
15 69 350
47 2 200
65 73 700
21 72 250
78 18 750
20 50 600
31 42 900
7 3 300
36 35 500
60 38 700
43 32 750
8 0 500
39 64 950
42 59 100
71 6 650
24 7 1000
49 25 850
45 21 250
23 71 950
37 71 250
1 71 450
28 63 250
8 9 100
59 26 800
12 51 950
74 60 1000
13 10 500
38 0 700
75 43 100
71 19 500
3 2 350
15 5 1000
53 54 450
77 47 700
24 69 500
54 53 250
8 40 550
66 18 300
75 8 600
23 0 600
37 16 1000
70 60 450
3 9 550
69 74 800
56 69 600
3 15 150
33 63 200
11 79 100
39 15 50
63 60 750
14 75 400
68 17 650
27 65 200
69 24 650
71 1 500
12 25 700
77 23 250
1 0 950
2 27 850
25 43 650
40 11 200
32 53 800
65 27 550
7 31 150
40 21 100
21 15 500
60 74 300
23 66 500
63 36 550
69 15 350
67 31 650
13 27 650
44 33 900
9 3 900
50 24 250
74 51 100
25 12 550
2 4 200
48 18 550
20 57 350
79 53 900
53 49 400
47 77 850
74 69 100
1 69 150
16 37 100
43 25 650
22 7 700
36 52 150
10 13 400
43 47 1000
13 8 850
12 11 700
51 24 700
56 44 750
57 72 950
34 72 600
28 2 950
24 34 400
8 75 100
1 38 150
56 36 1000
38 76 850
51 74 350
7 51 50
6 35 100
55 13 600
69 1 700
47 41 150
68 48 650
79 54 50
60 10 250
49 47 300
26 29 750
72 23 250
40 38 450
34 77 400
46 56 750
63 24 150
53 11 650
40 8 800
45 37 200
10 23 250
32 50 350
15 20 200
20 15 500
77 34 500
42 14 50
34 36 750
59 42 250
62 45 150
6 71 1000
13 60 800
0 23 1000
1 30 300
73 5 300
27 13 950
25 41 150
29 43 400
43 6 450
41 18 250
39 62 950
33 44 750
16 66 300
11 53 400
15 19 400
33 6 900
66 78 1000
54 74 100
37 0 300
70 74 550
14 46 450
75 14 600
63 71 450
76 13 500
20 33 250
57 62 400
21 40 50
52 36 750
41 25 750
59 56 500
57 24 550
6 40 350
8 13 650
70 11 500
16 61 700
62 57 500
61 4 150
38 60 350
71 23 450
18 48 150
0 37 850
18 22 1000
19 15 700
5 38 700
62 34 550
58 2 450
47 43 1000
35 6 700
13 55 650
26 15 350
51 7 100
19 48 350
26 53 950
15 39 1000
61 65 850
19 68 400
14 71 150
46 14 150
57 20 450
59 75 900
62 39 250
43 31 550
67 36 450
41 47 600
5 73 400
64 71 550
79 31 500
24 50 500
48 19 400
30 16 450
6 19 900
60 70 550
32 43 950
71 64 1000
16 32 250
37 44 800
10 12 650
6 66 400
11 13 750
38 5 200
12 14 800
0 8 350
24 51 800
18 41 100
34 67 650
4 2 600
60 63 450
2 52 250
23 77 950
24 63 50
20 9 600
1 65 750
76 35 800
73 65 550
43 75 800
67 34 950
7 22 200
27 73 650
73 43 850
9 20 950
72 48 150
60 13 800
43 73 100
0 1 100
3 8 1000
5 2 400
33 66 50
65 7 950
53 34 150
16 18 850
34 31 800
8 52 650
65 61 600
42 31 800
16 30 300
72 57 550
17 68 450
31 79 400
2 28 400
63 28 850
