100 4950
0
1
2
3
4
5
6
7
8
9
10
11
12
13
14
15
16
17
18
19
20
21
22
23
24
25
26
27
28
29
30
31
32
33
34
35
36
37
38
39
40
41
42
43
44
45
46
47
48
49
50
51
52
53
54
55
56
57
58
59
60
61
62
63
64
65
66
67
68
69
70
71
72
73
74
75
76
77
78
79
80
81
82
83
84
85
86
87
88
89
90
91
92
93
94
95
96
97
98
99
84 77 750
49 95 1000
13 73 550
91 58 150
5 73 150
56 49 850
39 21 850
65 33 50
77 38 450
13 89 850
6 24 450
64 49 1000
45 11 200
10 89 700
84 62 700
67 24 200
32 40 50
15 46 50
2 70 350
72 81 200
53 91 300
92 14 250
57 18 850
40 56 300
96 51 400
77 85 700
78 75 400
82 8 250
67 39 750
68 37 450
33 7 400
14 29 600
72 34 1000
64 70 300
19 74 600
75 87 850
40 73 400
23 13 800
97 44 700
5 97 150
61 30 300
44 60 450
9 96 700
65 65 750
66 79 800
29 99 50
73 1 400
54 99 200
19 57 650
2 1 550
58 96 450
59 80 950
7 86 650
81 65 200
44 77 200
49 26 700
75 78 500
13 76 950
52 61 650
74 96 150
94 97 700
77 45 400
6 21 600
45 19 350
28 36 600
97 59 200
89 52 250
45 8 500
53 86 600
92 7 100
57 25 900
40 33 800
21 11 650
77 88 100
43 24 750
65 41 800
68 46 150
33 2 950
36 53 850
19 81 50
75 86 300
58 8 550
23 20 300
80 35 550
44 53 200
86 9 300
34 95 1000
90 78 750
71 91 300
37 30 600
96 9 50
64 57 400
24 57 50
27 0 200
35 33 350
88 20 150
69 80 450
52 6 850
0 32 50
3 41 500
77 48 250
7 44 100
6 14 750
45 29 300
11 89 800
32 58 200
15 28 1000
89 59 650
35 79 250
0 81 550
1 63 1000
57 36 700
40 42 850
96 69 50
4 52 700
60 55 150
81 87 250
23 94 400
82 22 550
79 11 350
11 40 150
87 73 500
68 39 350
33 25 350
36 62 50
19 88 200
93 31 500
58 13 650
23 27 250
5 91 150
44 46 250
37 59 200
65 83 600
48 51 750
86 2 950
90 67 650
91 77 700
37 21 250
76 40 200
24 2 400
98 3 700
63 97 750
44 63 750
27 23 250
10 10 900
55 63 850
2 85 250
56 68 450
39 10 900
3 16 1000
79 97 550
92 68 700
11 80 150
32 59 300
89 6 1000
72 68 550
53 32 650
18 0 800
1 90 100
40 43 600
21 29 350
97 70 600
60 48 400
8 58 400
87 80 500
50 70 900
33 20 1000
36 55 850
93 42 750
58 6 650
52 14 550
5 86 900
61 47 800
68 0 700
48 44 700
12 62 550
86 23 550
91 68 950
7 47 750
76 33 550
56 40 300
7 75 300
27 22 100
84 97 350
13 0 800
32 67 1000
13 37 300
69 66 200
52 8 100
74 19 700
20 47 650
3 23 450
77 2 500
25 44 350
99 19 150
62 95 550
45 39 1000
10 69 250
11 71 150
32 52 50
15 10 350
89 13 100
35 69 200
36 79 350
1 81 50
57 54 600
41 15 650
96 79 250
4 38 600
60 73 800
25 91 600
26 69 1000
82 36 800
85 49 150
50 75 750
51 69 200
16 43 600
36 32 350
5 77 550
44 32 550
48 37 300
29 63 200
12 55 200
86 16 200
26 74 50
34 22 350
73 37 900
95 6 850
94 48 100
22 98 700
98 49 350
81 37 200
49 62 800
32 92 250
13 40 950
71 15 300
52 17 650
17 83 250
56 86 1000
57 78 700
20 56 450
77 9 650
42 99 800
99 18 400
7 16 750
45 50 300
67 99 750
15 1 50
35 76 400
36 88 600
1 44 750
57 61 800
24 94 600
21 39 550
4 31 100
60 66 900
26 94 750
82 41 900
65 13 100
46 15 350
29 55 350
68 2 350
33 38 300
98 12 850
58 20 800
22 10 50
5 64 750
61 33 100
44 25 700
9 11 500
92 83 350
48 94 1000
30 90 800
17 59 450
91 90 150
54 64 950
95 29 400
59 11 250
33 40 250
62 0 150
31 95 50
70 64 50
31 76 950
74 1 100
57 85 50
38 23 400
3 13 50
6 63 700
30 14 400
99 25 500
99 74 950
45 57 950
4 23 200
67 98 550
53 9 250
40 6 500
96 97 600
97 79 300
78 53 50
61 89 350
26 83 550
26 38 600
29 34 550
87 37 1000
68 11 600
33 61 850
14 63 750
7 0 350
5 55 450
99 81 600
83 17 550
48 79 800
31 7 900
12 41 500
17 54 350
91 81 750
62 52 150
37 49 250
79 77 800
3 34 1000
7 96 300
63 77 350
62 13 500
86 64 250
87 93 100
13 58 550
71 29 200
52 99 400
49 9 850
0 5 750
46 54 950
21 74 750
77 19 200
42 81 900
3 55 100
72 96 550
36 74 150
75 25 450
40 7 850
21 57 100
78 62 300
61 92 900
8 86 100
46 37 800
85 70 550
86 78 300
51 82 400
14 72 550
55 21 150
77 98 550
19 3 300
58 34 800
41 40 250
22 24 1000
5 50 100
61 43 700
9 61 1000
66 34 50
49 88 350
12 34 900
69 27 900
17 45 50
91 40 800
62 93 150
45 55 300
59 1 850
42 57 400
98 40 150
63 68 950
62 54 1000
10 20 700
13 1 750
70 54 700
17 64 650
74 47 150
20 83 300
21 65 700
42 74 950
6 96 500
45 67 200
28 19 150
67 80 350
14 32 900
18 33 500
1 53 900
45 92 300
96 76 200
78 3 400
26 33 450
39 99 400
46 46 100
87 51 600
86 67 750
33 47 450
16 7 650
54 62 350
19 2 300
75 95 250
45 16 300
34 51 550
63 44 600
44 4 450
48 65 350
31 5 750
86 52 200
17 40 450
73 89 650
74 87 450
39 69 500
2 89 950
3 83 400
98 45 300
81 9 950
64 65 250
84 14 500
49 34 450
88 67 750
71 11 650
35 17 150
74 40 350
57 98 400
92 93 400
99 54 200
82 88 250
47 20 600
46 70 700
67 87 600
68 85 450
43 37 650
31 82 100
1 48 550
75 7 250
21 51 250
4 3 700
32 90 100
61 78 650
65 17 200
46 51 800
85 80 550
86 92 1000
33 74 700
63 63 250
54 51 650
18 95 700
2 49 750
22 46 350
43 81 250
83 46 900
49 74 100
30 62 500
51 85 350
17 31 1000
91 62 800
56 10 800
37 38 100
2 66 800
26 43 450
59 15 650
42 39 800
98 86 300
81 4 750
62 36 950
10 2 950
84 7 900
67 47 200
88 76 300
89 68 650
70 36 700
21 91 1000
79 50 500
60 14 800
68 94 750
72 19 100
13 65 550
1 7 650
40 98 700
23 36 900
4 12 250
60 95 850
9 87 100
29 30 550
87 1 600
33 65 350
90 30 650
55 42 200
54 12 100
95 65 850
58 53 900
23 83 900
22 35 450
5 35 200
63 58 950
9 42 700
66 21 500
88 36 600
17 26 350
73 75 550
37 55 700
39 51 650
95 48 600
94 26 800
59 46 650
42 32 150
7 28 850
6 62 800
62 33 850
27 63 1000
10 55 350
84 16 350
67 62 100
32 10 550
13 22 950
71 57 950
70 33 400
0 97 550
74 38 350
38 52 700
79 41 700
25 25 650
47 2 1000
46 84 600
50 13 150
15 91 100
14 59 800
72 28 150
36 94 100
1 2 500
40 99 850
78 18 750
68 98 800
46 57 350
29 5 350
87 8 950
33 92 300
34 88 850
58 78 600
41 12 600
24 82 450
81 99 850
27 39 500
83 60 500
66 30 800
12 70 650
38 65 250
17 17 150
56 20 550
39 58 350
53 47 900
7 3 300
99 92 150
64 84 950
32 11 300
88 80 350
70 26 850
92 41 400
38 49 750
56 24 700
79 32 600
60 0 900
99 43 200
47 57 1000
85 10 250
68 64 700
15 82 700
55 73 650
1 25 650
75 52 50
51 51 500
97 5 600
78 23 700
61 95 1000
63 83 800
9 73 700
6 46 650
48 28 50
87 15 550
51 61 450
34 93 1000
54 2 950
95 79 650
76 17 900
76 18 600
6 47 900
81 51 550
30 41 500
37 61 600
91 3 250
38 89 100
3 71 250
42 30 450
98 73 800
99 67 900
27 85 600
10 53 50
32 4 500
15 58 400
71 39 950
52 73 200
53 71 650
92 34 850
57 6 950
96 31 50
6 65 300
46 90 450
11 14 750
85 1 100
50 27 250
20 67 800
72 14 150
36 16 600
1 20 800
47 67 900
23 57 1000
97 0 650
80 62 750
26 6 350
48 21 1000
86 65 500
51 4 450
34 70 800
73 21 500
54 23 850
76 99 300
2 45 550
25 3 100
59 68 950
24 92 700
5 8 600
81 85 150
44 97 750
83 66 300
48 36 750
31 56 950
52 33 300
17 3 600
56 38 1000
37 66 850
20 8 200
3 54 650
30 92 250
7 49 500
6 41 400
45 2 250
28 88 100
53 45 200
71 46 700
70 8 100
53 66 950
92 59 250
49 13 700
79 30 300
92 0 150
43 44 200
50 51 400
93 52 450
18 28 550
68 50 450
15 64 850
16 84 1000
1 15 250
49 69 150
18 75 500
19 69 400
75 42 400
40 94 200
41 86 100
4 96 900
80 47 100
61 17 400
26 27 950
34 75 650
78 81 900
73 16 750
19 52 750
43 15 300
24 37 850
80 64 850
63 6 100
50 26 100
27 52 450
31 47 800
13 63 700
73 63 150
91 25 900
56 39 300
39 15 50
38 71 50
3 61 100
59 50 750
7 56 150
21 6 100
45 9 650
28 81 700
74 64 200
67 18 450
32 22 150
15 40 350
71 85 450
70 5 1000
60 82 550
92 52 700
3 93 900
47 63 850
78 69 500
43 35 800
26 99 500
8 84 550
85 27 800
68 59 1000
33 13 200
16 77 800
72 56 850
55 94 950
36 2 250
93 75 550
40 63 500
25 23 550
98 10 750
12 25 900
51 10 800
20 28 850
72 6 500
73 23 900
19 59 800
2 27 350
59 90 100
7 80 750
63 29 100
44 83 300
27 11 700
83 80 150
31 54 750
25 58 750
69 99 700
52 51 100
91 16 650
76 87 500
3 36 350
77 35 1000
42 1 450
98 96 700
6 23 650
62 78 350
84 61 850
15 31 300
71 92 400
72 80 200
53 92 150
80 28 100
1 78 150
40 55 200
96 74 250
77 86 500
60 36 200
43 34 500
82 7 950
47 37 650
85 22 500
51 98 350
14 24 950
72 33 750
9 18 900
18 89 1000
4 35 150
75 88 600
97 41 250
80 33 50
44 59 600
65 66 50
12 18 1000
89 44 500
19 58 650
2 4 600
98 24 700
44 76 500
83 87 400
84 85 200
49 23 550
30 13 550
39 29 500
20 35 450
25 29 300
77 46 150
7 38 800
59 73 500
6 79 650
72 89 350
35 41 550
1 69 150
40 32 350
87 69 1000
60 61 650
43 25 500
8 7 150
82 16 700
65 42 300
87 67 850
68 45 600
72 42 750
18 13 950
97 36 700
5 89 700
61 6 200
12 11 100
86 4 700
90 77 750
73 9 450
2 9 850
47 35 450
24 56 950
7 94 750
81 57 650
44 69 750
27 1 500
49 18 250
88 19 850
81 18 50
92 22 550
74 24 550
20 44 800
77 53 250
7 45 250
6 13 150
48 63 100
45 30 150
10 74 950
11 90 550
32 57 650
15 29 800
89 60 650
72 66 950
53 46 700
1 64 200
14 30 100
40 41 850
4 51 900
78 92 50
25 74 250
8 48 50
37 75 200
11 41 300
87 74 850
68 22 650
33 26 800
16 48 700
19 89 250
93 32 200
58 0 950
41 74 950
4 68 200
61 13 350
44 45 350
9 15 900
66 64 450
29 86 850
12 4 800
86 1 100
33 35 50
90 70 400
73 52 550
24 1 1000
23 12 950
63 98 750
62 20 100
4 84 50
88 28 600
69 72 300
70 84 600
17 98 400
0 56 800
20 53 750
94 82 50
79 98 100
10 63 600
15 20 800
72 67 500
53 37 950
36 85 350
92 24 50
97 37 350
40 18 250
4 60 750
78 89 450
25 81 50
26 63 650
65 60 400
11 32 850
85 55 450
68 15 500
33 17 50
90 46 300
89 88 450
36 38 500
19 96 500
75 69 250
76 79 150
23 99 750
43 61 850
9 26 250
48 43 650
29 93 1000
86 26 800
34 16 200
90 91 700
73 59 950
37 13 50
95 0 700
76 32 50
24 10 650
98 11 550
81 43 850
62 17 300
84 96 850
49 4 750
22 32 200
29 71 200
16 96 800
5 26 100
57 68 250
20 62 350
79 89 500
25 41 150
99 20 500
71 88 500
72 76 1000
53 56 50
36 86 850
57 51 850
96 86 700
97 94 600
60 72 150
8 34 550
87 88 450
68 24 300
33 44 750
16 34 50
55 1 850
93 18 850
76 72 750
41 60 200
24 98 450
56 5 50
9 1 150
83 12 900
66 78 1000
12 54 600
69 39 850
90 84 550
91 92 950
37 0 150
95 23 550
98 52 100
62 26 450
21 78 800
13 45 450
70 74 100
31 75 750
38 97 650
25 52 950
99 27 800
64 21 100
45 47 600
28 7 100
11 63 300
50 38 100
60 89 600
35 77 600
36 87 900
36 28 450
57 62 500
40 28 50
60 65 1000
68 16 550
65 14 300
87 31 850
68 1 650
51 77 500
90 60 750
55 8 200
49 54 150
93 25 850
58 19 650
41 35 500
24 99 450
61 34 700
44 24 850
62 40 1000
46 40 800
48 93 250
4 99 1000
12 47 1000
30 70 300
69 34 900
17 60 700
91 83 650
54 63 650
39 81 650
3 33 950
59 12 550
24 20 550
98 57 400
63 71 50
31 96 900
13 48 550
51 35 300
70 63 850
17 75 800
0 11 950
38 26 700
79 71 1000
99 26 650
45 58 50
13 25 350
89 16 100
53 10 100
36 64 550
92 99 350
75 27 250
40 5 300
21 31 200
97 80 250
60 90 650
61 90 150
26 86 250
82 49 950
29 31 300
33 62 300
16 28 550
93 28 150
58 44 200
41 46 550
74 26 100
5 56 450
96 94 250
83 18 600
66 60 50
31 8 250
12 40 900
69 25 500
34 3 800
91 82 550
37 50 800
95 21 550
24 29 100
30 89 700
81 24 600
13 55 650
71 30 100
52 98 900
12 68 900
74 57 300
77 20 800
92 8 1000
99 1 200
45 65 150
28 25 50
23 24 400
22 78 50
50 1 250
40 34 150
36 73 350
1 59 650
75 26 1000
40 14 400
21 58 800
78 61 650
8 85 400
87 45 1000
86 77 1000
33 53 450
16 21 800
18 22 200
93 3 200
58 33 150
23 63 900
50 18 550
66 33 700
49 85 400
12 33 750
86 62 150
69 28 750
34 12 600
91 41 200
37 41 550
95 44 350
94 46 200
64 71 400
37 33 300
28 97 800
84 4 450
49 40 500
88 65 350
71 5 950
8 45 350
35 19 900
0 29 850
74 50 500
57 88 250
21 66 600
77 27 400
96 67 350
25 13 300
6 95 400
82 82 300
45 68 900
28 18 400
67 81 1000
50 57 900
14 31 100
53 4 150
75 17 800
4 25 500
78 6 200
9 86 900
65 23 300
46 45 100
47 53 150
85 94 950
33 48 650
16 14 1000
66 51 150
55 29 50
54 61 200
93 14 100
70 82 150
66 74 150
44 3 700
83 32 100
52 1 1000
49 80 950
16 27 750
69 19 650
34 49 900
17 37 800
56 0 950
37 44 600
2 92 1000
94 19 550
56 77 300
42 49 900
98 80 450
63 92 300
36 25 100
84 13 350
49 31 250
25 87 750
88 74 650
70 46 800
35 18 50
74 39 600
57 95 550
38 5 600
79 60 650
42 66 450
6 85 200
6 88 250
82 87 450
45 75 850
67 88 500
50 2 200
14 40 600
72 17 500
18 41 800
1 13 900
75 8 850
91 61 200
4 2 950
78 11 200
71 83 400
60 63 450
87 59 350
86 91 400
51 33 50
14 93 900
55 36 600
19 10 800
95 75 650
24 63 550
80 98 950
9 32 500
83 39 650
66 15 550
31 29 100
30 61 550
13 97 500
69 14 600
34 58 100
17 32 150
37 35 900
2 65 250
3 91 300
7 22 200
81 1 650
62 35 350
27 73 150
67 48 250
88 75 950
53 99 850
38 62 450
21 92 700
30 66 500
25 15 700
99 62 350
82 96 550
47 12 650
11 98 750
67 63 250
50 7 450
72 26 900
18 50 250
1 8 850
23 37 600
26 50 50
46 59 250
87 2 50
51 40 500
73 40 700
90 29 900
55 43 400
19 17 950
41 2 900
21 16 750
5 36 400
63 59 600
39 88 400
66 24 900
31 20 650
12 76 50
91 54 350
39 52 1000
95 49 50
3 90 50
43 5 550
7 29 450
99 86 550
64 82 150
32 9 800
13 19 300
52 70 700
49 20 100
96 20 800
79 42 600
76 25 700
6 78 100
46 83 700
11 25 1000
92 78 350
50 16 150
14 62 400
87 75 700
36 5 800
94 12 200
9 63 650
8 70 550
29 6 800
87 9 400
86 81 850
33 89 500
34 87 1000
2 34 550
58 77 650
41 9 300
24 81 600
80 92 200
63 50 400
27 40 150
83 61 900
66 29 50
12 69 200
34 40 250
74 77 450
37 85 750
38 91 250
3 65 250
42 24 650
98 67 1000
6 54 700
5 24 650
28 69 1000
13 30 50
51 34 300
52 63 800
92 40 450
0 96 150
14 88 150
43 55 400
11 16 300
87 97 1000
68 63 150
16 89 850
36 22 150
92 89 750
93 87 800
41 97 250
61 96 650
26 0 550
9 74 300
79 78 900
48 27 300
87 16 1000
33 84 450
34 64 100
55 57 800
2 39 150
58 70 750
80 85 600
81 91 300
83 68 350
66 6 700
24 70 850
34 45 850
17 9 700
91 4 900
74 70 700
39 34 100
38 84 400
94 7 300
59 61 50
98 76 850
62 82 350
80 26 500
10 40 600
84 33 700
67 45 1000
32 3 250
15 59 300
89 94 450
53 72 950
92 33 700
96 38 400
50 52 600
47 49 650
46 89 250
11 7 850
85 2 550
68 72 50
15 74 950
14 12 550
31 30 900
36 15 800
40 84 850
80 61 550
63 26 1000
26 5 700
53 1 200
86 95 850
34 69 350
18 27 550
2 16 750
58 91 50
59 69 550
22 49 200
5 13 150
81 86 650
44 96 450
27 62 850
8 50 200
30 17 900
24 12 250
52 32 700
91 27 100
37 63 150
20 7 300
24 42 550
7 50 500
99 75 550
62 87 550
47 89 450
28 87 50
84 42 300
67 20 450
89 37 200
70 7 250
60 83 350
57 14 600
38 34 800
60 17 350
1 24 150
94 24 50
46 98 600
11 6 350
97 76 550
15 65 500
14 9 350
72 54 350
18 78 700
41 83 50
97 24 600
26 30 650
48 13 550
87 30 950
51 12 1000
73 29 200
54 15 650
19 53 100
48 46 600
58 84 200
59 92 1000
70 71 850
5 0 350
63 23 900
44 89 750
83 74 450
31 48 650
30 26 700
73 96 200
58 14 500
14 71 950
77 33 300
42 11 550
41 76 300
6 33 650
98 78 250
47 80 900
28 80 50
13 17 700
32 21 450
15 41 850
10 47 750
53 90 400
57 21 200
40 53 550
96 48 1000
79 22 500
71 62 400
31 91 500
47 31 400
85 28 950
68 58 500
33 14 750
55 95 850
18 83 850
19 77 400
75 34 450
40 70 800
23 8 300
97 15 900
61 25 750
99 42 950
12 24 50
20 99 750
2 30 900
76 59 300
48 85 400
22 63 800
7 81 250
81 72 700
49 29 1000
13 71 600
52 50 200
91 17 850
56 47 850
39 23 500
38 63 1000
43 74 700
42 4 1000
7 32 750
6 26 900
45 17 600
10 91 950
67 26 900
15 32 250
91 76 150
72 79 350
53 81 150
57 16 900
40 62 950
96 73 550
30 71 800
78 77 700
25 69 950
8 5 1000
47 38 150
79 9 800
85 19 250
36 10 150
19 84 50
41 69 800
4 81 500
80 32 350
44 58 850
65 63 600
48 55 1000
66 8 200
90 71 550
2 3 700
59 82 150
24 54 150
7 88 950
81 63 250
83 88 200
84 84 700
49 24 550
12 98 150
2 83 1000
78 40 700
56 56 750
39 30 100
3 44 550
7 39 500
6 15 600
60 79 900
47 78 200
10 84 150
35 42 250
0 94 850
57 23 300
96 66 750
79 4 850
78 86 200
43 26 150
82 15 800
20 81 550
88 34 900
68 44 750
16 62 950
36 51 450
93 62 50
41 64 450
97 33 1000
80 25 250
61 3 500
9 21 800
65 90 400
48 48 800
30 96 100
73 10 400
16 36 650
22 85 450
98 0 350
44 68 300
27 2 850
83 95 150
31 69 650
64 34 800
70 94 550
74 23 50
39 5 450
20 43 100
3 19 750
77 54 150
7 46 600
64 1 200
45 27 500
10 73 900
71 75 150
0 79 250
92 30 900
57 34 600
21 4 450
4 50 250
43 17 1000
82 24 450
65 34 500
46 6 150
11 42 1000
85 37 500
50 63 1000
33 23 800
28 20 1000
90 40 1000
36 60 750
75 71 450
4 67 600
70 12 550
44 44 350
65 81 600
66 63 300
12 3 800
2 60 800
25 11 1000
93 94 700
91 71 100
59 96 850
7 70 350
62 19 700
27 25 1000
31 92 100
32 64 100
52 13 800
17 95 400
56 74 400
20 52 400
94 81 1000
21 99 400
6 5 550
45 38 500
6 72 400
15 21 250
89 4 650
1 85 50
57 41 300
40 17 950
97 68 750
78 36 600
42 84 950
82 29 150
65 57 450
46 11 700
11 33 600
87 82 350
22 92 850
33 18 250
16 40 600
36 37 700
75 70 700
76 78 550
41 50 700
30 37 400
80 19 400
81 67 300
44 37 300
83 6 950
66 72 650
12 60 250
86 25 450
69 53 250
34 15 50
73 60 200
33 66 150
76 31 750
52 2 50
98 14 200
81 44 300
64 98 700
27 16 150
8 51 600
49 1 450
13 35 350
70 76 800
17 90 600
0 48 150
74 21 150
57 65 800
3 25 50
79 90 200
30 12 250
25 42 250
99 21 550
28 13 850
97 98 250
89 11 400
18 7 600
1 79 700
85 57 1000
25 89 700
46 20 650
50 77 1000
51 63 350
90 38 250
36 46 850
58 29 100
41 57 400
24 97 500
5 75 350
67 17 150
9 2 700
29 69 950
30 91 300
86 18 150
34 24 100
90 83 850
54 73 650
95 62 300
41 3 50
98 51 550
97 25 900
32 82 200
51 90 100
20 70 50
3 0 650
25 49 100
87 34 800
50 37 350
89 22 450
20 65 50
18 16 700
1 42 300
57 59 500
40 27 400
21 45 700
4 45 150
61 80 700
26 80 850
29 61 400
50 86 750
51 78 200
14 68 400
90 59 500
38 18 700
5 70 1000
61 31 850
19 45 650
9 9 900
83 20 50
37 43 300
29 72 300
22 16 100
86 39 100
69 31 650
34 29 1000
17 57 750
71 64 300
95 15 850
94 55 1000
63 72 450
10 24 100
31 97 450
32 83 200
13 53 850
71 24 500
52 24 50
17 76 200
0 2 750
57 83 650
3 7 50
79 72 550
99 3 200
47 97 800
66 42 600
35 67 150
50 46 250
89 29 450
53 7 1000
18 21 250
21 32 750
96 78 250
78 47 150
65 6 150
46 26 400
50 91 800
33 59 950
14 65 150
90 52 950
54 42 800
93 1 50
58 43 150
41 43 650
22 1 450
35 47 550
9 52 950
66 59 950
49 91 100
30 65 950
86 32 600
69 26 800
17 52 850
73 85 400
54 87 650
37 47 850
95 22 850
94 32 250
24 28 200
81 21 50
10 29 50
13 56 400
17 67 250
0 3 450
57 94 600
20 72 300
21 72 450
79 63 150
92 63 50
99 2 350
82 76 250
45 66 600
28 24 700
68 97 550
89 24 200
53 2 950
1 60 1000
75 19 700
40 13 50
21 55 700
4 15 850
78 56 700
26 46 150
82 57 300
46 31 950
29 39 400
85 68 250
86 72 950
16 20 300
55 23 250
54 31 850
19 5 950
89 31 100
23 64 500
22 26 550
9 59 50
83 26 700
66 36 250
86 61 350
51 83 800
17 43 200
73 80 750
51 52 350
2 86 100
59 27 50
42 59 100
98 42 150
63 70 900
62 48 950
43 78 850
10 22 650
49 37 500
21 20 50
62 89 650
13 61 350
35 20 550
74 49 350
38 7 400
96 0 400
79 70 400
28 85 900
47 15 950
28 17 50
50 60 350
14 34 50
35 99 850
18 35 250
75 18 350
4 24 400
78 96 350
26 35 900
9 83 700
66 86 800
29 18 700
85 91 250
64 30 700
16 13 500
90 2 950
71 81 500
23 71 500
22 15 650
5 39 50
63 46 500
25 8 850
49 77 550
12 89 150
95 90 300
69 20 250
17 38 400
73 87 100
74 89 550
39 71 900
3 85 200
98 79 500
81 7 50
62 61 550
27 75 900
10 11 100
13 10 500
71 13 750
70 45 1000
53 97 550
0 21 700
74 42 550
57 96 400
21 90 200
42 65 400
25 21 400
99 48 850
82 90 850
46 64 50
67 89 450
68 83 450
15 95 750
14 39 400
72 16 200
35 98 450
1 14 700
75 9 850
23 31 1000
1 84 300
26 60 400
9 94 500
65 15 400
46 53 50
29 25 300
87 60 400
33 72 200
73 39 800
94 94 850
55 37 1000
54 53 250
91 24 50
2 51 750
41 24 700
22 40 750
80 97 550
63 37 550
9 45 400
83 40 50
66 18 1000
49 72 800
30 56 350
13 98 1000
69 11 500
34 57 900
73 66 850
37 36 950
2 68 650
59 17 600
42 41 150
98 88 300
81 2 50
62 38 750
10 4 150
88 82 950
70 38 800
35 26 950
49 19 150
38 61 750
21 81 200
60 12 700
41 75 350
81 23 450
45 83 500
46 77 550
11 27 50
68 92 950
72 25 550
53 19 600
18 49 300
92 70 900
40 96 650
23 38 800
4 10 1000
78 19 500
8 71 950
9 69 150
87 3 300
86 83 950
55 44 550
95 67 300
76 29 750
24 71 400
7 11 500
63 60 750
9 40 550
83 47 100
66 23 500
31 21 600
12 75 450
88 42 550
69 6 400
17 24 750
56 17 800
39 53 250
7 30 400
6 56 850
27 65 200
10 57 50
88 8 250
88 83 600
89 73 950
70 27 150
0 95 350
96 19 700
43 65 350
97 47 800
68 69 900
72 2 250
55 68 350
1 0 950
75 55 50
23 45 450
28 31 500
65 97 350
29 3 700
2 52 950
51 48 450
34 90 850
90 21 200
54 3 600
19 25 950
2 33 550
80 91 350
81 97 700
66 0 400
30 46 850
88 43 450
34 39 800
91 14 1000
56 26 600
42 23 750
98 70 300
62 84 850
84 23 100
35 85 100
13 27 650
71 34 100
70 20 100
92 39 150
96 44 750
1 65 800
25 98 400
47 59 800
11 17 500
85 8 350
50 24 750
16 88 600
55 75 300
80 69 700
93 88 600
23 52 100
12 83 150
9 71 200
48 18 550
29 14 150
34 63 150
78 79 250
74 5 100
19 32 700
58 69 250
24 89 800
80 84 750
63 10 900
31 35 50
88 52 200
52 38 250
91 5 700
74 69 100
14 6 950
39 48 300
94 10 600
59 62 650
7 12 400
99 69 650
28 93 300
67 46 900
32 26 400
89 91 450
53 77 300
92 32 50
57 4 500
85 33 150
77 63 950
60 23 650
1 23 300
8 17 450
79 13 100
47 50 200
11 8 650
75 54 150
15 75 450
14 11 250
92 81 650
75 45 350
40 83 650
79 25 300
41 98 550
8 98 450
33 97 350
87 24 150
86 98 400
51 6 250
34 72 500
64 96 850
73 19 900
54 25 350
11 79 450
59 70 700
24 34 650
80 77 400
63 1 750
44 95 250
52 9 600
93 33 100
88 61 350
52 31 950
91 28 600
56 36 750
37 64 500
20 22 850
3 48 600
59 53 750
42 21 750
7 51 650
6 35 100
62 90 300
85 73 850
13 12 1000
89 38 900
52 80 550
35 62 800
0 74 700
92 57 1000
57 11 750
38 33 850
96 62 850
77 74 950
47 41 650
46 97 650
15 66 300
16 74 50
72 53 500
36 23 450
75 36 700
40 92 650
23 2 800
8 66 250
61 15 550
26 29 750
12 30 350
33 99 700
34 77 450
73 30 50
54 18 1000
19 54 700
2 24 750
80 70 850
63 24 550
28 66 850
31 49 750
88 6 150
52 40 550
0 66 400
20 15 900
43 73 700
77 34 150
42 14 50
45 7 800
67 28 150
15 42 650
71 87 850
52 89 800
31 14 650
5 19 850
40 52 650
60 41 400
81 92 800
82 4 300
47 32 550
68 57 300
33 11 300
60 40 250
36 0 550
8 87 150
93 49 100
41 91 250
80 46 600
26 22 950
29 95 250
12 23 500
51 20 850
73 5 650
77 5 500
19 61 1000
2 29 500
76 58 300
22 66 300
98 17 250
63 15 350
44 81 500
27 13 950
4 32 300
30 2 500
88 7 50
69 89 100
52 49 150
91 18 150
39 24 700
20 24 750
7 33 1000
64 54 150
10 94 100
71 94 600
72 86 550
35 44 300
0 68 400
57 29 900
96 72 900
77 84 450
60 34 850
25 70 650
8 4 500
82 9 50
65 45 750
85 20 600
68 34 300
33 6 100
16 68 950
18 91 300
19 85 800
75 90 200
40 78 1000
97 39 650
5 96 450
50 81 400
65 64 300
48 62 250
51 27 1000
31 93 700
73 0 600
37 26 600
2 6 950
58 97 400
7 89 300
63 22 200
44 74 850
27 4 50
84 83 600
97 45 300
30 7 500
88 16 800
70 96 800
20 33 500
3 45 900
77 44 1000
7 40 600
10 39 450
77 57 300
70 2 350
32 38 950
89 47 450
0 93 1000
57 24 550
96 65 850
77 91 750
78 85 250
8 13 800
65 40 900
97 53 200
85 43 50
19 92 650
76 91 350
23 23 750
4 89 1000
9 22 850
29 81 450
90 63 500
73 7 150
37 17 50
2 11 550
76 44 700
23 84 300
99 7 500
83 96 800
31 70 800
22 38 950
88 25 50
70 93 100
38 36 500
0 37 100
56 64 650
20 42 450
77 51 550
43 76 650
99 96 950
47 70 50
10 76 550
11 84 350
67 9 250
32 55 900
15 15 100
89 58 250
53 44 450
0 86 200
92 29 150
40 39 250
96 90 500
4 49 850
25 72 850
8 54 450
82 23 900
65 31 850
87 76 750
22 65 550
4 44 250
75 76 600
19 99 500
93 38 100
58 2 400
4 66 100
80 17 950
44 43 150
9 29 250
29 84 800
5 27 950
69 59 150
90 88 650
25 86 550
98 8 750
81 50 800
27 26 250
49 7 250
88 98 50
69 78 150
52 12 750
0 62 600
56 73 900
20 51 400
25 32 600
62 99 1000
28 51 350
11 75 850
15 22 650
2 74 900
72 73 250
35 89 400
27 99 500
57 42 700
40 16 550
45 46 750
97 65 550
25 79 850
8 55 150
82 32 300
65 58 900
46 14 200
85 61 400
68 29 300
90 32 800
75 63 350
41 47 700
4 75 700
80 10 600
61 54 1000
44 36 600
45 13 700
48 33 150
12 59 850
86 20 650
34 18 50
91 63 850
54 75 900
37 11 450
99 46 800
98 13 1000
62 27 200
48 99 250
49 2 550
32 88 800
88 99 100
51 89 350
70 75 200
0 47 750
74 8 900
94 89 400
56 88 300
5 9 950
83 91 1000
50 31 700
15 13 400
89 12 900
35 64 500
36 92 550
40 25 800
96 84 350
97 92 250
78 44 950
43 0 400
26 90 150
33 77 200
85 48 250
68 6 300
33 42 650
16 32 650
90 37 900
55 3 900
64 89 850
25 61 50
24 96 550
80 11 600
61 61 600
66 48 550
29 70 850
12 52 650
34 23 450
91 94 1000
89 53 900
37 6 50
95 25 500
80 12 1000
62 4 650
70 68 500
0 8 600
56 83 500
20 69 600
3 1 750
77 8 150
42 88 350
25 50 450
99 29 200
64 19 450
45 53 900
15 4 300
89 19 350
18 15 200
57 60 150
97 83 850
78 41 850
61 85 1000
8 41 150
82 46 400
46 28 800
29 62 600
85 71 650
16 25 50
90 62 900
55 10 400
54 44 550
58 21 250
68 70 750
66 53 350
29 77 1000
69 32 1000
91 31 250
73 43 150
39 83 250
59 75 700
59 14 1000
85 13 500
63 73 250
27 95 150
97 82 950
49 52 400
13 54 800
95 34 400
52 23 100
78 54 100
0 1 100
56 92 300
38 20 450
94 71 500
77 15 200
42 93 900
25 57 700
99 4 400
82 70 450
47 98 950
50 45 350
89 30 150
36 78 600
92 97 150
21 37 550
4 21 850
61 88 750
63 91 200
82 51 450
39 42 850
29 37 1000
87 40 350
62 59 650
16 18 200
90 51 750
58 46 450
22 28 450
5 62 250
61 39 450
9 49 650
24 76 450
66 62 750
31 10 850
12 38 50
86 31 550
73 86 350
37 48 400
98 36 500
81 22 350
99 76 550
38 74 850
10 16 650
4 79 750
28 57 200
64 36 800
71 0 100
70 58 250
17 68 250
0 26 950
57 91 350
20 71 200
21 77 550
77 26 300
25 4 50
10 32 650
47 25 950
14 36 100
18 29 900
75 20 900
40 12 650
4 30 850
8 83 850
82 60 100
65 30 950
85 89 100
14 92 950
33 51 450
14 73 150
90 12 400
55 24 250
19 6 900
75 99 100
23 65 500
22 25 600
5 53 350
63 40 250
48 77 50
49 83 700
30 73 500
86 56 550
34 14 850
54 79 700
36 70 950
94 40 1000
59 28 150
42 62 250
98 41 500
23 91 200
62 47 50
49 38 800
88 63 850
71 7 650
70 47 900
0 27 950
74 52 200
45 78 200
21 64 100
77 97 550
42 75 700
43 85 50
37 23 1000
28 16 500
67 91 500
50 59 200
14 33 400
53 26 1000
18 38 200
1 52 500
75 11 200
97 96 800
61 74 550
8 92 50
65 21 100
29 15 150
87 54 800
24 52 300
51 36 800
90 1 300
55 31 750
19 13 700
58 60 450
41 30 850
22 18 600
5 40 450
44 1 1000
83 34 750
97 63 450
86 53 50
69 9 300
22 9 250
17 35 700
56 6 500
39 72 300
95 37 150
94 21 900
59 19 100
42 51 150
7 17 500
81 8 700
62 56 400
27 76 500
84 11 100
13 7 350
71 14 450
70 40 550
0 20 200
74 41 400
96 24 850
25 22 1000
99 49 750
82 89 400
47 7 1000
46 63 550
67 90 850
50 4 1000
14 42 450
72 15 100
68 52 200
18 43 700
1 11 500
75 10 900
23 32 800
78 13 900
87 36 950
46 48 150
29 26 200
51 43 850
90 26 450
54 48 550
2 54 950
58 49 150
24 69 750
5 31 750
63 38 750
90 34 550
83 41 600
66 17 150
31 15 300
12 81 600
88 32 150
69 12 800
34 60 400
17 30 1000
91 57 550
56 7 550
37 89 650
95 60 550
87 58 400
7 24 750
63 85 300
64 87 850
10 3 650
13 18 450
71 53 900
15 43 350
76 75 300
38 56 600
43 67 350
99 56 200
45 84 850
46 72 700
11 28 500
88 93 500
68 91 700
15 87 500
14 47 850
72 24 800
53 20 350
36 98 350
21 73 400
78 22 600
46 61 600
29 1 50
87 4 950
86 86 700
51 42 250
51 13 950
90 15 650
55 45 100
54 13 300
95 68 50
23 86 600
24 78 850
80 89 550
27 43 500
83 48 350
66 73 800
49 64 100
91 48 250
89 48 550
37 92 550
2 76 400
3 68 750
42 33 50
98 64 650
6 55 1000
64 80 200
27 66 850
10 60 250
84 29 150
32 7 1000
88 90 150
89 74 50
52 68 800
35 2 900
92 45 400
25 97 200
79 44 950
60 4 450
25 24 400
99 31 200
70 0 950
67 72 500
68 68 800
31 28 600
18 57 150
1 29 350
75 56 250
97 9 50
81 78 600
26 9 300
9 77 350
87 11 800
16 6 500
33 87 350
89 61 300
54 6 550
2 36 600
58 63 400
41 7 500
22 61 200
63 52 800
27 42 200
83 55 400
30 45 50
5 10 600
73 68 950
17 16 800
49 99 1000
74 63 550
39 61 100
38 93 950
3 75 550
59 32 900
99 87 250
64 41 350
28 67 550
84 38 950
67 32 650
32 0 950
13 28 500
95 57 1000
85 44 500
96 43 400
79 35 850
25 95 350
6 69 650
46 94 800
87 99 950
68 77 950
16 87 300
72 10 850
18 66 500
92 87 700
40 81 950
26 2 350
9 72 950
29 11 950
87 18 150
13 84 700
51 56 950
34 66 100
18 99 800
2 41 450
58 88 800
24 88 650
80 83 750
63 11 50
27 33 300
83 70 100
48 98 750
93 92 50
30 22 850
88 51 500
51 81 1000
17 7 550
56 34 700
37 78 700
20 12 450
94 9 450
42 15 300
7 13 350
62 92 550
28 92 50
84 31 50
13 11 800
45 77 850
15 61 250
89 92 750
52 86 1000
53 78 500
92 31 650
47 81 450
38 35 550
3 4 950
77 64 700
43 48 200
47 51 300
46 99 800
11 9 750
50 96 600
51 62 300
55 83 200
92 80 100
40 90 650
23 60 550
97 27 500
80 59 300
26 23 750
66 96 300
87 25 350
34 71 800
10 19 800
58 93 800
59 63 1000
91 15 800
63 2 150
83 77 800
66 13 200
35 37 750
30 27 200
95 80 50
17 2 100
56 35 550
20 21 150
59 54 150
74 9 150
64 35 150
45 5 400
10 31 250
84 40 850
89 35 450
53 69 600
0 73 950
92 56 400
96 61 950
63 9 1000
8 25 300
47 42 100
11 0 200
15 67 1000
16 73 300
78 63 1000
19 64 950
75 37 800
40 91 100
23 3 400
91 66 700
80 52 150
50 8 450
26 49 250
65 75 500
48 11 650
12 29 300
22 79 350
51 14 700
73 27 900
54 17 550
2 23 550
58 86 600
59 94 50
22 68 450
5 6 600
27 47 600
83 84 500
84 64 200
31 50 950
30 4 1000
69 95 900
52 39 450
14 84 300
56 44 750
39 18 650
20 30 750
3 56 700
25 88 550
23 82 400
7 59 950
6 27 550
62 66 550
47 82 200
28 46 850
67 29 950
32 19 650
42 58 750
89 46 300
52 88 500
35 38 850
31 87 300
92 49 600
57 19 650
40 51 950
77 82 850
78 66 650
92 16 350
47 33 950
88 24 150
68 56 200
33 12 250
72 61 900
78 9 100
18 86 600
93 50 700
40 68 300
41 92 550
4 86 350
19 78 450
26 21 900
9 97 650
48 4 350
29 96 950
51 21 600
96 5 400
19 62 500
2 0 850
59 85 600
24 43 50
27 14 850
39 7 500
49 27 200
30 1 700
88 14 750
0 42 50
56 53 450
3 99 850
20 23 950
94 96 800
77 42 350
42 6 350
98 97 300
4 62 50
62 71 600
10 93 750
84 58 100
67 4 200
32 44 200
15 34 50
71 63 300
72 85 600
1 73 1000
40 60 200
85 41 500
68 33 1000
33 3 350
72 38 100
18 94 500
40 77 750
23 78 550
44 56 300
66 83 850
35 54 650
86 8 400
51 28 550
73 13 1000
54 95 900
88 11 150
2 5 50
1 98 400
98 25 350
37 1 850
44 73 400
27 5 950
83 90 250
49 22 450
12 96 500
88 15 900
70 95 650
63 51 450
0 43 850
56 62 400
77 49 150
7 41 150
64 14 500
10 86 50
11 94 700
67 11 150
15 25 200
71 70 850
0 92 600
1 68 900
96 64 50
79 6 600
60 58 250
43 20 150
8 12 950
65 37 550
11 45 400
87 70 750
24 44 200
14 98 800
72 39 550
36 49 450
7 82 300
41 78 1000
4 88 450
61 9 250
1 91 400
65 88 700
48 54 400
29 82 50
12 8 700
86 5 400
34 99 850
7 71 350
37 18 400
76 43 150
59 99 700
24 61 900
98 2 1000
83 97 200
84 74 950
13 87 800
91 53 700
0 36 100
74 25 700
16 82 900
20 41 200
60 50 250
6 10 200
10 75 550
32 62 450
72 63 900
53 33 300
91 85 850
92 28 350
57 32 350
40 46 950
21 26 300
4 48 550
25 55 450
26 75 500
8 88 700
85 35 850
68 19 1000
75 73 350
23 95 800
97 58 850
9 30 200
48 39 50
29 89 950
38 66 850
24 6 1000
81 47 250
62 21 200
71 72 700
33 50 250
70 85 350
0 61 450
56 72 400
39 14 150
20 50 600
94 91 450
1 97 150
32 47 150
15 7 250
89 2 800
72 72 800
53 36 200
36 82 250
92 21 600
40 15 500
96 82 1000
97 66 400
25 16 500
25 80 450
28 40 50
82 31 1000
29 49 250
50 74 900
88 3 800
93 46 200
5 74 50
87 81 250
44 35 1000
9 5 100
83 0 50
66 65 650
29 92 150
30 80 100
69 51 750
30 52 250
49 98 250
24 7 1000
98 48 450
81 42 1000
62 30 250
27 18 500
53 82 550
13 41 500
52 20 650
0 54 800
74 7 150
94 68 700
42 98 50
25 40 150
99 15 100
64 17 900
28 11 550
11 67 450
24 91 1000
53 59 500
36 91 900
1 45 500
57 50 950
40 24 100
96 83 650
78 43 250
43 1 850
62 94 250
46 22 600
29 52 700
85 53 50
50 79 250
16 31 700
78 72 700
36 44 700
93 21 500
58 15 250
41 55 550
22 13 300
1 37 850
61 62 550
44 28 800
66 47 250
29 67 850
12 51 700
34 26 100
90 85 150
35 60 350
37 46 850
4 42 400
49 58 150
32 80 900
13 44 800
52 29 750
0 7 550
74 0 550
57 74 750
38 30 100
3 2 500
79 83 950
25 47 250
82 64 1000
8 39 900
67 95 900
50 39 350
15 5 650
71 98 300
53 54 450
1 40 800
40 1 400
4 43 700
61 86 950
81 12 450
85 72 100
68 14 850
51 72 250
90 61 600
69 75 850
41 34 300
80 3 200
61 37 100
50 87 800
48 82 1000
12 44 50
86 41 100
73 44 400
39 84 900
95 17 500
8 20 150
59 7 950
24 25 700
81 28 600
62 12 500
37 95 650
31 99 850
64 37 500
70 60 850
5 29 100
57 81 450
20 77 700
94 74 800
77 16 950
42 80 550
43 96 750
51 46 150
51 54 50
53 13 600
18 23 500
40 10 100
60 87 550
8 81 600
46 36 550
29 38 400
85 63 250
50 93 900
14 75 400
71 79 350
13 33 50
58 45 450
41 41 550
22 27 250
24 72 700
28 50 350
97 31 150
48 83 300
35 61 550
69 24 700
34 8 150
17 50 1000
54 89 100
74 83 550
59 6 600
42 56 100
98 35 750
81 19 900
99 53 550
10 15 450
13 62 650
71 1 500
70 57 450
17 65 500
74 62 400
57 92 250
20 86 50
96 13 950
12 43 700
25 1 200
2 10 500
82 78 550
10 96 350
68 95 450
53 0 1000
37 53 650
40 11 450
10 45 1000
78 58 300
26 32 950
82 59 250
65 27 550
46 33 50
29 45 150
85 90 350
86 74 800
33 52 700
16 10 850
90 11 750
55 25 900
18 52 600
7 15 650
93 10 200
41 20 350
22 20 600
45 28 600
44 7 400
9 57 900
4 57 700
12 94 750
69 15 800
91 36 900
2 88 900
63 88 250
10 8 300
84 1 450
49 35 800
13 5 350
71 8 750
70 50 500
35 22 100
0 18 400
74 51 50
20 79 900
96 6 150
79 56 650
25 12 200
81 25 250
47 17 400
28 15 1000
13 79 350
91 33 50
18 37 900
1 49 350
75 12 950
21 48 50
61 77 250
26 37 200
9 81 700
65 22 750
85 81 800
86 63 50
33 75 450
16 11 50
55 32 200
98 68 150
23 73 850
22 17 600
5 45 550
6 51 500
4 95 300
62 42 250
69 10 650
74 91 300
39 73 900
95 38 400
42 54 350
7 18 550
63 79 800
27 77 250
10 13 600
84 10 750
7 5 250
13 8 150
89 69 500
7 25 850
53 95 900
74 44 750
20 88 1000
21 88 350
56 98 900
25 19 750
6 89 150
50 94 600
46 66 850
50 3 800
15 97 1000
14 41 450
20 76 500
75 3 900
23 33 250
61 51 550
26 62 50
87 62 600
33 70 750
14 90 250
95 78 450
76 98 200
41 6 250
24 68 350
5 32 500
63 55 950
66 20 300
31 16 1000
30 58 300
13 96 800
69 1 700
34 59 950
73 64 150
74 84 950
37 90 700
95 61 400
59 43 950
1 87 650
98 90 500
81 0 100
62 32 250
27 68 200
10 6 850
84 19 250
58 30 700
13 15 650
89 64 750
35 4 550
74 33 800
76 2 850
96 16 850
79 54 50
60 10 250
6 82 600
82 97 700
6 68 1000
46 71 900
11 29 800
67 66 950
50 12 950
15 88 100
20 16 100
36 97 450
1 3 500
54 78 550
23 40 250
4 8 700
78 21 650
8 77 750
9 67 400
21 87 850
29 2 650
33 93 250
34 83 850
55 46 550
54 8 450
19 28 200
87 96 950
76 27 600
41 13 1000
80 88 650
49 70 150
83 49 700
31 39 950
30 31 200
88 40 200
34 36 750
17 22 500
91 49 400
56 15 350
37 81 750
95 52 1000
94 6 100
59 42 250
98 63 700
6 58 950
62 45 1000
27 91 50
28 73 250
67 58 50
32 14 850
88 89 450
70 29 350
63 86 100
3 81 250
43 59 300
47 6 50
46 80 250
67 73 50
50 17 450
91 26 850
1 30 300
93 83 350
63 81 150
9 78 450
65 95 800
29 9 300
51 50 550
34 92 550
19 35 550
2 35 400
76 20 550
41 8 300
22 56 900
14 80 850
4 78 200
83 56 750
66 2 950
31 46 400
88 49 800
33 58 300
34 41 750
17 13 100
74 66 700
39 62 600
38 88 800
94 11 650
59 33 150
42 25 350
98 72 200
99 88 350
62 86 850
27 90 1000
10 52 900
89 82 600
66 45 500
92 37 750
45 10 900
38 45 400
96 34 250
79 36 150
43 58 550
99 39 500
47 61 850
46 93 150
11 11 600
68 76 650
72 9 350
48 73 100
92 86 850
75 48 550
23 54 950
97 1 700
14 1 500
48 16 200
29 12 150
87 19 350
86 99 900
51 57 200
34 65 250
90 96 200
55 60 200
54 30 400
19 34 1000
95 83 150
58 87 700
96 29 250
24 87 750
52 90 850
83 63 650
66 7 800
88 58 1000
95 53 650
17 8 650
58 67 700
3 51 200
98 77 750
6 40 200
62 91 150
6 83 450
28 91 300
84 46 700
67 40 650
32 24 100
15 62 900
71 43 450
35 49 600
92 62 450
81 94 500
8 15 300
46 76 250
11 10 250
96 7 550
68 53 250
15 77 100
18 74 950
1 16 900
97 28 850
76 13 700
39 9 400
76 24 50
54 19 850
2 17 150
76 6 150
59 64 950
24 32 750
21 25 700
84 70 100
31 60 50
64 77 500
91 30 50
56 42 450
94 33 300
3 50 700
59 47 150
42 7 400
7 53 50
6 37 600
62 68 950
47 92 50
8 31 700
84 39 800
67 15 950
32 17 450
89 36 400
70 4 650
35 56 150
57 9 950
40 49 1000
79 18 750
23 35 850
43 40 200
0 70 700
11 1 900
85 24 250
68 62 850
15 68 400
16 72 950
72 51 150
18 79 450
19 65 950
41 82 750
52 3 50
80 51 1000
26 15 450
51 7 350
73 48 500
73 28 950
2 26 50
59 87 500
24 41 50
80 68 550
81 76 200
6 44 100
27 48 750
31 51 1000
88 4 350
69 96 350
91 21 450
42 0 350
6 30 350
64 59 150
47 83 400
28 45 100
84 48 200
32 42 550
89 43 250
35 31 100
76 69 1000
96 53 650
56 99 900
8 1 350
82 6 50
47 34 950
68 55 450
33 9 150
14 27 250
72 60 600
36 14 850
19 72 350
75 93 700
40 67 1000
23 11 200
97 46 350
61 24 500
48 3 300
43 3 900
70 30 600
12 50 500
76 96 750
43 16 1000
24 50 500
7 84 50
63 17 550
44 79 1000
83 92 400
48 89 150
22 36 250
13 78 650
69 87 950
81 71 600
71 76 950
39 26 950
20 38 1000
3 32 950
6 19 900
62 74 1000
47 74 1000
10 80 800
32 43 850
51 47 900
89 54 350
35 46 550
52 4 450
1 74 550
68 67 300
21 13 450
79 0 250
8 10 200
70 92 950
65 43 250
87 64 750
78 76 400
18 93 750
19 79 950
93 58 650
40 76 50
23 18 250
32 25 950
80 37 500
44 55 650
48 60 900
12 14 950
86 7 650
73 14 150
37 24 250
58 99 150
43 18 800
22 89 200
68 73 750
27 6 100
83 99 100
31 65 500
30 9 500
13 85 450
70 98 300
74 99 300
16 91 100
20 31 300
74 86 1000
77 50 950
7 42 650
6 12 300
45 23 50
10 85 1000
11 87 750
32 36 500
15 26 350
71 71 100
53 39 750
0 91 750
92 2 850
57 38 300
3 88 900
21 0 800
97 77 1000
60 57 700
25 75 550
8 11 400
59 45 650
65 38 200
11 46 300
87 71 900
33 27 500
72 46 1000
36 48 150
19 94 100
75 75 900
23 25 850
4 87 1000
80 30 800
61 10 300
44 48 300
9 20 950
66 91 200
12 7 500
86 0 50
69 58 300
20 25 900
90 65 350
73 53 350
22 82 500
7 66 150
63 95 800
44 65 800
84 90 150
32 76 650
88 23 50
33 49 900
70 87 600
39 8 450
94 85 50
79 95 200
91 0 350
45 34 950
10 78 100
89 56 850
35 92 700
0 84 400
57 45 50
78 88 800
43 12 300
8 52 650
86 96 1000
11 37 850
85 36 850
50 68 750
33 22 200
90 41 650
36 57 100
95 69 950
76 82 1000
80 15 50
65 80 800
66 68 950
29 90 100
86 29 300
69 49 450
91 74 800
39 96 950
38 96 350
76 35 800
24 5 200
7 73 950
81 48 900
62 16 450
35 43 250
32 69 1000
95 86 600
69 76 850
70 80 300
0 60 500
56 71 750
76 10 1000
20 49 600
3 29 350
58 9 600
6 2 600
64 23 700
99 35 350
66 37 900
15 8 200
72 71 400
53 57 50
1 83 350
57 40 650
40 22 300
21 18 550
4 56 350
78 37 700
25 93 650
26 67 1000
46 8 750
85 59 150
68 27 600
16 45 750
60 35 800
36 34 50
75 65 950
58 25 800
43 27 550
4 73 300
5 71 600
61 52 900
59 97 450
83 1 900
48 31 300
30 79 950
90 79 950
73 55 350
54 77 100
14 60 550
95 4 150
24 14 950
98 47 950
81 39 850
62 29 350
97 84 600
31 86 850
32 94 1000
69 67 450
52 19 250
0 53 700
74 10 200
57 64 300
20 58 50
94 67 750
77 3 250
45 44 500
28 10 1000
11 68 750
50 33 300
89 10 700
18 12 900
57 47 150
40 23 100
60 68 950
43 2 1000
26 92 750
39 40 900
29 57 550
87 92 550
68 4 50
51 66 450
55 5 650
76 68 750
41 56 750
61 59 900
83 8 1000
8 75 500
29 68 900
30 88 300
17 61 450
91 88 600
54 70 200
95 27 700
94 59 300
74 15 950
98 56 750
62 6 850
23 66 800
32 79 700
13 49 750
71 20 950
17 80 900
5 95 650
56 89 100
57 71 500
38 29 100
3 11 50
77 14 350
99 23 300
37 80 50
67 96 600
15 6 300
33 91 800
47 14 150
53 51 1000
36 67 350
67 19 800
40 0 600
97 81 800
78 51 650
61 83 350
26 81 350
82 48 150
46 30 1000
85 77 800
68 13 800
14 69 250
90 48 600
55 12 200
54 46 600
93 29 300
58 39 800
41 31 400
61 38 50
44 20 350
48 81 400
1 86 150
98 94 1000
86 36 400
34 2 1000
17 56 750
91 79 750
54 91 500
39 85 350
95 18 50
94 36 650
98 61 350
63 75 800
27 97 950
10 25 800
13 52 400
71 27 400
70 59 50
74 56 500
57 82 550
38 22 250
3 10 850
77 21 1000
42 79 150
43 97 900
82 72 100
45 62 1000
77 68 550
50 47 650
89 28 650
72 98 50
40 9 900
60 86 250
82 53 750
65 1 650
46 35 100
85 64 750
51 80 500
91 86 950
90 53 900
54 35 400
93 0 200
58 32 300
41 42 1000
22 30 550
44 13 250
69 29 700
17 47 900
39 92 650
94 57 500
3 98 500
42 55 500
63 66 250
64 74 800
75 13 750
70 52 550
17 66 50
66 69 800
74 61 600
57 89 650
20 85 600
96 12 100
79 66 250
42 72 700
43 88 300
63 74 500
82 77 600
47 27 950
67 86 400
2 77 150
53 5 550
1 55 950
87 83 150
21 62 1000
78 57 800
26 31 900
82 62 50
65 28 550
46 44 950
87 49 950
86 73 850
51 87 650
90 14 250
55 26 600
54 60 600
7 69 900
44 6 250
9 58 200
48 75 1000
13 51 200
86 58 950
30 38 950
29 21 300
39 67 550
2 87 600
28 71 500
62 49 500
84 0 550
49 36 100
13 6 600
71 9 1000
70 49 550
0 17 450
38 4 1000
21 70 800
79 57 450
42 77 300
99 52 150
47 18 350
46 68 550
67 93 100
18 40 400
1 50 450
93 95 200
3 9 550
61 72 850
26 56 550
9 82 950
65 19 200
46 41 1000
35 13 600
86 66 550
33 76 50
16 2 800
90 3 800
55 33 400
54 57 900
19 7 250
2 47 800
58 62 950
23 74 750
24 66 200
9 33 750
83 44 200
66 46 550
31 26 400
69 7 950
17 33 350
74 94 900
39 74 400
95 55 900
3 80 400
59 21 800
98 84 550
81 6 850
62 58 550
88 78 900
53 96 550
68 84 50
20 87 600
21 93 550
79 48 650
25 20 650
99 59 600
82 91 700
77 79 100
67 68 550
68 80 750
14 52 850
72 21 100
92 74 400
75 4 50
45 98 550
23 34 200
46 50 100
29 24 550
16 3 200
55 40 900
81 29 800
95 63 1000
76 97 350
23 81 450
24 67 950
83 51 250
31 17 300
88 38 350
69 2 500
17 28 500
56 13 500
37 87 600
2 69 900
56 4 300
59 44 600
9 39 700
99 83 1000
62 31 950
27 69 500
10 5 600
13 16 400
70 31 800
35 5 100
74 36 600
20 96 450
79 39 500
78 95 100
25 27 250
99 58 550
47 0 600
26 39 900
67 75 50
68 89 400
18 54 1000
43 71 750
7 19 900
23 49 900
46 55 850
16 78 900
64 68 950
33 94 100
90 17 850
54 7 450
95 70 100
58 76 800
41 14 950
22 34 100
80 87 400
63 47 800
27 45 350
66 28 850
77 56 750
88 39 250
34 35 100
17 19 750
73 72 300
74 76 50
39 56 750
16 17 450
56 82 950
42 35 250
7 1 700
6 57 800
64 86 300
28 72 450
84 27 700
67 35 200
13 23 1000
89 72 950
70 24 700
38 47 300
96 40 50
60 2 950
99 33 850
79 91 800
11 21 500
50 20 50
15 80 100
14 58 700
1 27 300
75 58 650
74 43 600
9 75 500
65 96 800
29 10 650
87 13 750
33 85 150
38 1 600
54 0 700
95 93 850
58 65 350
96 30 650
24 85 1000
5 15 200
63 54 650
83 57 950
53 89 750
2 58 1000
37 97 700
12 90 450
56 23 300
39 31 350
20 1 350
3 77 50
59 34 300
98 71 550
28 65 100
67 34 300
32 6 550
15 56 600
89 79 200
70 21 200
35 51 300
1 99 600
96 33 100
79 37 350
43 51 850
99 40 850
47 62 650
46 88 850
11 12 350
53 62 650
50 25 550
15 71 950
1 22 200
23 55 550
87 20 50
24 55 900
33 80 200
34 68 600
90 95 500
7 63 850
2 43 150
76 12 50
12 64 750
80 73 950
63 13 850
27 59 800
48 96 750
88 57 250
80 96 550
52 35 550
60 70 450
92 71 150
39 38 450
20 10 500
3 52 200
59 57 450
1 9 500
77 78 300
64 32 600
16 22 350
84 45 350
32 23 450
15 47 50
89 90 1000
92 61 700
38 37 700
96 58 600
63 65 300
95 89 300
11 3 500
85 6 450
50 98 950
16 86 450
72 49 200
55 85 300
18 73 650
19 67 350
93 70 350
40 88 50
4 98 300
80 49 200
48 8 100
75 33 300
38 90 700
73 18 250
76 71 750
80 66 200
83 71 550
31 61 600
30 29 900
88 2 800
31 64 800
17 0 300
91 23 200
56 41 450
39 45 400
38 77 700
4 91 450
52 95 1000
7 54 650
6 32 550
62 67 650
45 3 350
32 16 700
15 54 550
89 33 850
52 93 1000
0 71 750
76 70 550
57 10 800
96 59 700
79 19 950
43 41 900
8 23 50
82 0 250
11 2 750
15 69 850
38 12 150
71 38 650
75 31 400
40 65 400
41 79 100
76 66 300
80 42 850
61 22 350
28 59 950
48 1 850
35 52 450
60 99 150
51 8 900
33 96 1000
19 49 100
74 92 400
24 40 300
80 67 800
63 27 1000
44 85 600
27 49 150
83 86 600
48 90 550
31 52 100
30 6 950
13 68 750
52 25 1000
89 57 50
39 20 550
38 70 800
21 95 850
7 61 1000
6 29 150
28 22 150
28 44 550
32 41 250
49 82 800
71 90 50
72 82 350
92 47 950
57 17 400
40 57 800
77 80 250
1 93 450
43 32 950
8 0 550
74 18 450
99 41 950
11 57 1000
51 96 150
73 36 550
18 87 100
19 73 400
93 48 550
40 74 400
41 90 750
97 43 550
61 29 750
66 80 650
12 20 650
2 98 400
73 4 800
78 90 600
25 71 900
24 49 850
98 22 750
81 68 400
44 78 700
83 93 350
49 25 800
13 75 1000
52 62 650
0 40 900
56 51 200
39 27 900
94 98 400
77 40 250
45 21 250
15 36 800
89 51 300
53 85 850
0 89 500
1 71 450
57 28 650
3 87 850
96 77 250
79 1 650
60 31 900
65 44 850
11 48 550
85 39 250
16 57 950
25 7 600
19 80 550
93 55 300
41 65 250
97 38 800
61 0 100
44 54 400
12 13 350
86 10 900
34 96 300
90 75 850
73 11 950
37 29 500
52 30 650
7 92 500
84 80 300
31 66 50
88 21 800
70 97 650
39 2 450
20 46 850
18 9 150
6 11 450
64 12 900
47 66 1000
10 72 250
11 88 650
80 14 700
89 62 300
53 40 750
0 82 300
96 70 750
4 53 300
78 82 350
25 76 800
26 72 500
7 57 300
68 40 900
77 90 800
16 50 650
30 20 550
19 87 350
93 34 900
76 88 900
23 26 950
4 70 700
80 29 500
61 7 400
77 58 700
9 17 750
65 86 350
66 94 600
29 80 350
12 6 1000
87 33 1000
73 54 300
76 41 650
22 81 300
98 4 300
3 17 100
27 30 500
35 34 900
88 30 400
69 74 800
70 90 550
0 58 350
23 4 450
20 39 1000
94 80 450
79 96 300
25 36 1000
64 5 300
6 81 150
66 38 500
15 18 250
89 5 750
72 69 300
0 83 300
92 26 550
57 46 350
40 44 750
96 87 100
21 9 150
26 77 400
46 74 1000
87 79 650
68 17 950
78 78 800
36 56 1000
75 67 900
76 81 750
44 40 1000
9 28 150
83 3 450
66 67 200
49 93 100
62 80 500
90 89 700
91 67 50
51 39 100
39 97 600
11 73 200
24 4 300
7 74 350
62 15 300
84 98 50
95 31 1000
70 79 350
17 91 950
56 78 600
57 70 300
62 53 700
94 93 200
79 87 400
25 43 250
62 96 150
45 42 100
28 48 1000
11 78 750
75 59 650
32 53 650
15 9 50
89 0 850
72 78 550
53 58 650
92 19 1000
57 53 100
21 15 500
43 4 800
26 70 200
65 53 950
46 7 600
18 47 500
33 46 450
38 79 250
78 16 950
76 74 850
70 83 800
80 7 650
61 57 450
44 33 900
9 3 900
83 2 350
66 76 300
29 66 500
12 56 800
69 41 150
34 19 900
90 82 450
73 56 200
54 72 500
95 5 850
74 16 450
22 95 300
98 50 900
81 40 100
6 42 650
4 82 100
32 93 50
81 53 1000
69 68 550
52 18 1000
0 52 600
56 79 800
57 77 250
38 95 900
94 70 750
25 54 100
64 15 300
77 61 100
28 9 850
11 69 500
94 66 750
24 17 700
89 7 800
36 89 100
1 43 50
21 42 800
97 87 150
78 45 400
26 91 250
65 48 700
29 58 700
85 51 1000
68 3 850
33 37 1000
62 51 900
55 6 650
41 37 650
22 7 700
5 63 900
61 60 650
9 14 500
83 9 500
29 73 700
30 87 650
69 44 500
17 62 50
91 89 100
39 79 300
25 33 150
94 62 750
24 22 200
23 88 650
62 5 650
7 31 150
48 91 950
49 56 850
32 86 650
13 50 500
89 95 400
52 27 800
0 13 500
74 2 950
20 66 250
3 12 150
79 85 250
43 99 800
99 24 300
2 99 500
28 2 900
50 41 150
89 18 900
36 66 950
1 38 950
57 55 750
96 98 450
4 41 800
60 92 250
61 84 600
8 46 950
82 47 100
85 78 850
68 12 250
51 74 1000
14 64 550
55 13 600
7 87 900
58 42 650
41 32 550
61 35 100
44 19 700
9 53 650
29 76 300
30 64 800
69 35 300
91 80 850
39 86 150
59 9 700
24 23 1000
81 26 750
62 14 900
10 28 700
49 47 300
71 28 250
91 50 200
17 72 600
57 79 250
20 75 50
96 10 850
79 76 900
45 59 600
89 25 450
36 75 650
96 99 100
61 91 750
82 56 700
65 2 900
75 41 250
86 75 250
33 55 650
14 77 100
81 20 1000
88 91 100
22 29 600
61 46 650
44 12 1000
83 23 500
66 31 500
49 87 450
86 60 650
71 25 350
2 81 300
3 43 1000
64 85 850
63 67 800
64 73 350
49 42 100
32 96 200
77 83 450
71 3 550
17 63 400
96 11 400
77 29 1000
43 89 750
6 16 700
45 70 1000
10 98 650
52 0 950
18 34 800
75 15 250
21 59 500
4 27 900
78 4 150
26 34 1000
87 50 950
51 88 350
54 59 500
41 18 800
48 66 700
31 4 500
30 54 550
31 84 200
34 47 250
91 38 150
74 88 50
39 68 250
2 90 50
31 89 750
42 47 500
98 46 650
63 90 250
64 66 500
59 37 500
49 33 250
13 3 500
74 53 500
96 4 500
77 96 850
25 10 350
6 94 100
6 74 100
46 67 850
67 94 150
14 46 950
18 39 700
80 65 100
75 14 600
45 97 1000
78 1 300
23 39 850
26 55 650
9 79 800
65 20 650
29 22 700
85 79 100
31 23 1000
51 31 1000
16 1 650
2 50 550
41 25 750
5 43 50
63 34 50
68 66 1000
83 45 250
48 67 800
86 50 300
34 56 400
73 67 950
56 3 500
2 63 350
94 18 100
42 40 150
7 20 50
81 3 400
62 57 600
27 71 300
84 8 700
88 77 400
89 67 700
35 23 100
74 46 150
21 94 100
92 92 450
99 60 100
82 94 1000
47 10 900
8 82 150
11 96 550
67 69 650
50 5 850
15 99 800
14 51 750
72 20 1000
18 48 150
75 5 900
65 3 600
78 10 400
8 74 600
33 68 250
90 27 300
55 41 600
54 49 100
94 50 900
41 4 650
24 74 1000
5 38 550
9 41 750
66 22 950
34 61 200
56 12 550
39 50 100
2 72 650
94 23 250
56 75 150
42 45 900
14 91 100
6 59 500
27 70 850
10 56 250
88 71 550
63 78 450
13 21 500
89 78 950
70 34 350
35 6 700
0 98 50
38 57 650
78 98 850
25 28 400
6 76 900
45 87 400
11 23 450
15 90 750
16 98 250
72 29 100
52 10 150
23 42 150
71 56 400
23 1 1000
26 53 950
98 1 150
56 22 700
46 58 800
29 0 550
87 7 1000
51 53 1000
55 48 550
95 87 950
58 75 500
41 11 350
22 33 100
80 94 350
63 48 800
71 23 550
66 27 250
31 41 700
88 46 100
34 38 350
37 79 550
95 54 950
94 0 450
6 61 250
6 52 300
62 39 550
10 61 550
48 84 400
67 36 700
88 87 150
89 85 950
49 92 700
38 50 650
96 39 250
60 1 350
25 99 400
99 34 450
47 56 950
46 82 300
87 95 850
50 19 450
14 57 100
96 80 350
92 91 700
76 46 650
41 99 900
78 24 100
61 98 450
68 81 400
29 7 150
55 55 250
58 68 850
59 76 350
30 39 550
63 7 250
66 4 250
30 42 500
34 43 150
17 11 850
91 10 1000
56 30 350
20 0 500
3 78 850
42 27 900
64 46 200
27 84 100
74 6 400
67 43 150
32 5 900
89 80 1000
52 74 450
53 74 500
92 35 800
7 99 550
38 39 50
96 32 450
79 38 200
60 26 800
43 52 950
6 66 400
37 73 900
11 13 750
50 28 850
15 72 300
16 92 650
18 67 600
18 81 650
75 50 250
23 56 50
87 21 450
51 3 850
34 67 350
90 98 600
54 24 100
19 44 800
7 8 250
58 89 600
80 72 100
63 14 350
83 65 250
48 95 400
31 55 450
88 56 750
91 1 800
56 31 550
39 39 550
20 9 600
85 84 1000
42 20 750
10 51 550
64 31 150
45 1 100
28 89 300
84 44 300
20 20 400
53 65 700
92 60 150
38 32 500
96 57 500
43 43 250
37 65 850
85 3 450
15 63 950
38 17 700
18 76 100
19 68 400
93 67 950
40 87 750
41 85 550
52 75 550
66 97 400
53 73 50
87 28 200
2 53 450
51 2 900
2 19 150
59 66 100
92 36 950
5 2 1000
63 5 450
27 51 200
84 68 850
31 62 850
13 66 750
52 43 1000
70 25 350
73 98 650
80 95 500
37 68 800
38 72 500
42 9 50
64 56 450
45 4 950
10 36 650
35 80 350
32 15 600
15 39 1000
52 92 250
53 68 500
92 53 400
57 7 450
96 50 450
79 20 450
60 44 500
5 7 550
47 45 550
11 59 100
68 60 600
14 16 750
55 93 550
36 3 250
19 75 50
97 13 950
23 6 150
12 80 300
61 19 900
26 17 400
48 0 600
60 54 450
19 50 200
2 28 250
59 89 700
24 39 850
98 16 750
44 84 100
27 50 600
83 79 850
