80 3161
0
1
2
3
4
5
6
7
8
9
10
11
12
13
14
15
16
17
18
19
20
21
22
23
24
25
26
27
28
29
30
31
32
33
34
35
36
37
38
39
40
41
42
43
44
45
46
47
48
49
50
51
52
53
54
55
56
57
58
59
60
61
62
63
64
65
66
67
68
69
70
71
72
73
74
75
76
77
78
79
31 53 550
30 5 50
13 73 100
52 52 750
39 21 200
3 35 250
77 38 800
42 2 950
6 24 250
64 49 550
45 11 550
28 43 650
15 46 650
0 63 250
40 56 900
79 11 450
78 75 1000
47 36 950
11 58 550
33 7 100
16 63 900
72 34 250
19 74 700
37 31 150
44 60 300
66 79 100
45 63 800
73 1 850
19 57 400
2 1 750
76 54 800
49 26 250
30 14 200
13 76 400
0 39 350
39 28 800
20 36 150
3 34 700
45 19 300
32 33 850
71 66 600
35 40 850
1 72 100
40 33 750
21 11 850
60 62 500
25 66 200
8 8 600
68 46 1000
16 56 50
36 53 200
58 8 400
23 20 950
41 19 50
51 23 900
73 12 350
37 30 350
2 10 150
24 57 150
31 67 900
32 73 650
0 32 900
56 59 100
3 41 900
47 67 200
1 63 700
57 36 1000
43 15 600
65 36 400
11 40 850
68 39 150
33 25 400
18 16 550
58 13 750
23 27 800
4 69 550
9 18 450
69 56 750
24 2 500
7 68 200
27 23 150
74 30 100
39 10 250
77 55 50
39 51 100
25 33 700
6 3 500
45 32 300
10 64 300
15 19 400
72 68 150
53 32 650
57 43 350
21 29 300
4 61 900
43 14 1000
26 64 200
46 1 400
11 31 400
68 16 600
33 20 350
36 55 900
75 68 50
58 6 150
4 78 150
61 47 300
9 25 950
31 5 500
66 70 300
69 47 350
74 29 950
24 3 1000
7 75 500
27 22 500
32 67 650
69 66 950
52 8 100
0 50 600
74 19 50
25 44 450
10 69 950
11 71 150
32 52 400
15 10 700
72 77 850
76 64 200
40 20 550
78 31 650
43 5 550
65 54 400
50 75 800
58 27 750
41 59 950
4 71 700
66 75 1000
29 63 350
12 55 850
69 42 700
34 22 900
54 71 500
24 12 1000
62 23 1000
22 31 500
13 40 650
71 15 350
57 78 50
20 56 500
3 6 700
77 9 100
25 51 800
45 50 400
11 70 150
50 35 600
53 50 250
18 14 200
57 61 1000
21 39 150
4 31 550
60 66 100
46 15 650
33 38 950
55 7 300
22 10 300
5 64 550
61 33 250
44 25 750
9 11 650
66 52 250
29 74 550
34 27 550
17 59 750
73 32 450
54 64 750
24 21 200
49 53 400
71 22 450
52 26 700
77 12 900
45 57 750
28 1 900
50 44 950
53 9 150
36 65 300
57 56 800
40 6 450
4 40 100
78 53 1000
8 45 250
46 24 700
33 61 950
14 63 450
58 41 150
41 45 200
5 55 1000
44 18 250
48 79 150
31 7 900
30 63 700
62 45 600
73 39 400
37 49 600
52 24 950
63 77 300
10 27 900
49 48 600
13 58 300
71 29 600
70 61 300
38 16 200
77 19 850
25 5 50
28 26 350
64 10 1000
53 12 550
18 28 1000
1 62 200
75 25 250
46 37 450
29 41 450
55 21 900
54 37 150
19 3 450
58 34 150
41 40 200
61 43 50
9 61 50
48 72 650
31 14 800
12 34 400
17 45 100
37 52 650
59 1 100
42 57 650
10 20 900
13 1 100
71 4 750
79 68 550
50 58 250
14 32 700
21 60 500
4 26 650
29 44 1000
55 28 300
18 21 500
19 2 200
58 55 600
41 15 750
5 41 650
50 17 200
9 56 150
66 39 1000
49 79 450
69 22 800
56 1 350
13 4 150
71 11 750
0 15 400
21 68 600
25 7 700
45 78 900
46 70 700
1 48 1000
75 7 450
78 12 600
61 78 800
8 64 800
65 17 50
29 19 650
33 74 800
16 0 500
55 35 500
54 51 700
2 49 100
58 48 800
41 26 50
22 46 200
5 44 1000
66 16 50
31 28 550
69 13 1000
56 10 550
39 76 1000
2 66 250
56 76 650
42 39 150
7 21 250
62 36 400
10 2 800
67 47 100
13 11 100
71 50 300
70 36 100
74 45 600
54 42 750
79 50 350
25 18 150
47 11 1000
72 19 100
53 21 250
75 6 300
23 36 100
26 47 400
46 60 500
29 30 100
51 39 1000
34 79 800
54 12 650
19 16 550
2 58 800
58 53 550
41 1 150
24 73 300
5 35 50
63 58 950
31 19 700
12 77 1000
69 0 50
34 32 700
73 75 1000
56 11 450
58 66 350
2 71 950
56 27 650
42 32 750
10 55 200
67 62 750
32 10 600
13 22 550
71 57 750
74 38 550
38 52 350
79 41 150
6 75 750
47 2 200
11 24 50
67 77 850
1 2 500
78 18 750
9 66 150
51 54 950
58 78 50
22 60 900
5 30 600
27 39 900
31 42 1000
34 37 500
56 20 850
59 37 150
7 3 300
62 42 300
67 37 700
32 11 400
52 64 800
38 49 250
79 32 850
43 62 450
68 64 550
23 50 200
26 13 100
48 28 800
29 8 150
2 40 550
59 77 150
23 5 800
66 3 650
17 12 750
37 71 100
3 71 1000
7 10 800
6 44 150
28 63 250
32 4 550
15 58 400
71 39 300
70 15 150
53 71 450
57 6 750
79 23 200
6 65 950
18 70 650
1 20 650
75 43 100
52 76 800
26 6 550
48 21 800
51 4 150
34 70 300
54 23 950
19 45 50
22 50 1000
5 8 1000
23 79 50
31 56 800
30 18 150
52 33 300
17 3 950
37 66 200
20 8 950
3 54 200
59 51 200
15 49 1000
71 46 250
38 31 50
8 20 100
15 64 950
72 47 500
18 75 400
19 69 600
23 0 550
39 33 100
51 11 800
19 52 500
2 22 250
25 73 500
22 71 900
27 52 250
30 23 100
52 42 950
39 15 400
38 71 450
64 55 350
47 79 700
10 35 50
67 18 100
32 22 400
15 40 200
70 5 150
35 35 350
0 77 600
57 8 850
79 21 800
78 69 150
43 35 550
8 29 650
14 15 750
36 2 450
40 63 250
23 7 300
26 20 350
65 71 400
12 25 750
51 10 900
73 23 350
19 59 1000
2 27 850
76 60 650
24 46 300
63 29 150
27 11 850
52 51 300
56 48 700
20 26 150
3 36 150
77 35 400
7 31 150
6 23 450
45 12 350
28 42 600
67 25 50
32 39 450
35 34 950
1 78 750
57 15 600
60 36 350
43 34 800
8 6 850
11 51 600
16 70 1000
72 33 650
36 11 100
40 72 100
23 14 700
44 59 900
48 56 550
12 18 350
73 2 250
2 4 200
44 76 850
27 10 600
49 23 750
30 13 50
52 60 500
0 46 350
56 57 100
39 29 500
20 35 500
3 43 650
7 38 50
64 9 1000
47 77 450
28 35 300
67 0 550
32 32 500
1 69 150
21 12 450
30 74 950
43 25 850
8 7 750
65 42 1000
11 50 750
53 47 950
72 42 900
36 52 600
58 7 350
48 49 550
12 11 700
51 24 700
37 27 950
76 46 450
31 68 200
32 72 100
66 69 600
52 5 150
56 66 800
20 44 450
64 2 200
45 30 500
72 66 850
53 46 50
40 41 600
4 51 900
25 74 350
26 74 50
65 33 900
46 3 500
11 41 850
75 78 400
58 0 600
41 74 1000
61 13 950
37 22 350
76 39 50
56 68 350
7 69 100
56 67 600
3 17 600
77 56 750
25 34 900
45 37 350
10 63 250
32 50 350
15 20 950
57 44 400
21 30 750
4 60 350
8 57 250
46 12 900
11 32 600
68 15 250
16 41 500
36 38 600
44 38 550
9 26 550
48 43 1000
34 16 150
62 17 650
27 15 50
49 4 750
69 63 650
33 46 400
74 22 300
57 68 500
3 24 850
25 41 1000
64 28 550
11 72 250
72 76 200
18 8 550
57 51 600
40 19 750
60 72 950
43 6 850
65 51 350
50 78 750
33 44 500
16 34 100
55 1 500
36 31 1000
76 72 500
22 12 1000
48 44 150
66 78 1000
12 54 550
33 39 900
73 38 250
54 74 950
37 0 300
24 11 550
8 58 900
49 59 550
13 45 750
70 74 500
0 10 500
74 11 100
57 75 600
20 55 1000
25 52 500
45 47 800
15 2 300
35 77 750
1 41 650
57 62 400
21 40 50
78 39 350
61 79 300
68 1 100
16 35 800
55 8 650
36 40 100
61 34 350
29 71 600
12 47 500
59 12 950
70 63 200
63 71 450
49 54 950
13 48 700
71 23 450
52 25 850
17 75 100
0 11 50
20 64 50
28 0 550
38 26 950
18 22 1000
1 36 900
75 27 550
40 5 50
46 23 100
36 25 950
16 28 450
55 15 650
58 44 850
22 2 900
5 56 350
61 41 550
44 17 150
66 60 650
31 8 100
34 3 800
39 66 800
59 3 600
63 78 100
62 8 800
10 30 650
13 55 650
0 4 150
20 73 750
45 65 550
28 25 350
50 52 300
31 23 1000
36 73 300
1 59 550
75 26 300
21 58 150
78 61 950
61 65 1000
26 43 450
65 0 250
29 42 850
14 71 150
55 22 250
54 32 800
19 4 350
5 47 950
44 10 550
66 33 600
34 12 50
59 2 850
63 69 400
64 71 550
37 33 900
71 5 1000
0 29 50
74 50 50
77 27 850
42 73 300
25 13 300
28 18 1000
50 57 450
14 31 500
53 4 700
18 36 450
1 54 900
75 17 900
21 49 400
4 25 750
78 6 750
61 68 900
65 23 800
29 17 450
38 78 700
54 61 450
19 11 950
58 58 250
41 16 300
63 45 650
44 3 900
31 6 450
69 19 550
17 37 650
37 44 850
56 77 800
62 62 500
10 12 650
49 31 50
13 9 850
71 12 900
70 46 400
0 22 950
38 5 50
79 60 550
25 8 850
47 21 450
53 27 50
18 41 100
1 13 150
75 8 600
4 2 600
65 18 400
46 54 850
51 33 350
55 36 600
54 54 800
2 52 250
58 47 950
23 77 900
24 63 50
5 33 150
63 36 550
9 32 900
49 71 350
34 58 700
73 65 750
56 9 650
37 35 950
2 65 300
7 22 200
62 35 950
27 73 550
10 1 550
60 13 800
25 15 550
47 12 600
50 7 1000
14 53 600
18 50 500
26 50 450
33 66 50
19 17 200
76 30 400
41 2 50
24 72 400
31 20 950
12 76 800
34 31 800
17 23 450
59 39 250
42 31 450
10 58 700
32 9 650
71 58 950
52 70 700
60 6 800
6 78 450
11 25 100
67 78 50
50 16 100
23 44 350
26 7 150
68 25 550
2 34 150
58 77 200
41 9 450
5 27 1000
63 50 150
31 43 950
12 69 500
34 40 750
56 19 700
39 59 200
42 24 950
62 41 650
10 47 850
13 30 800
38 44 1000
79 33 950
47 58 500
50 21 1000
18 64 450
1 26 550
75 53 950
23 51 450
70 19 200
26 0 950
48 27 850
54 1 650
19 31 850
22 52 100
5 22 700
27 31 500
66 6 1000
31 34 850
30 20 700
34 45 350
17 9 1000
74 70 600
37 72 150
59 61 600
42 29 200
7 11 250
6 43 600
10 40 250
15 59 600
52 72 400
35 54 300
57 3 550
77 66 650
8 18 350
47 49 650
11 7 300
50 30 1000
15 74 550
14 12 800
72 13 850
31 30 650
1 17 1000
75 44 1000
23 58 750
51 57 550
54 26 1000
2 16 750
59 69 1000
5 13 750
63 0 250
27 62 450
31 57 900
30 17 250
52 32 900
56 37 900
78 65 950
7 50 650
6 36 250
64 37 400
37 36 550
10 45 400
67 20 100
70 7 950
35 61 400
36 20 400
79 15 150
8 19 100
11 6 350
68 49 900
15 65 50
18 78 700
19 70 750
23 1 850
26 30 950
65 77 700
48 13 350
51 12 350
73 29 550
22 74 750
27 53 100
31 48 100
30 26 500
13 64 900
56 46 450
39 16 100
38 74 250
3 62 200
7 57 200
6 33 450
45 10 500
10 38 600
67 27 800
64 59 950
35 36 350
0 76 350
43 36 600
68 58 850
33 14 850
14 18 300
45 17 200
36 1 500
19 77 550
40 70 350
23 8 1000
61 25 50
26 19 100
48 6 400
12 24 700
51 19 900
73 24 50
24 45 350
63 30 700
27 12 50
13 71 850
52 50 600
39 23 1000
20 25 600
25 16 650
42 4 500
7 32 450
6 26 450
62 77 550
47 71 600
28 41 300
67 26 700
22 54 200
15 32 800
35 43 400
0 69 200
57 16 950
40 62 1000
78 77 300
8 5 500
47 38 150
11 52 150
35 76 250
68 35 500
33 5 500
16 69 50
72 32 800
44 58 400
7 13 750
12 17 800
37 25 200
2 3 600
76 52 850
44 75 950
31 78 600
78 40 900
56 56 700
39 30 800
20 34 150
3 44 100
64 8 600
47 78 450
28 34 850
32 31 250
35 42 200
1 70 650
40 31 350
25 64 900
68 44 300
33 0 450
16 62 200
72 41 500
58 10 650
41 64 400
8 71 700
12 10 400
51 25 150
37 28 450
2 12 1000
74 27 900
7 63 800
44 68 150
27 2 50
49 15 900
0 38 900
56 65 450
39 5 800
20 43 100
3 19 200
77 54 300
7 46 900
6 8 500
47 69 500
32 56 50
33 63 150
0 79 1000
21 4 700
4 50 250
60 53 400
8 47 100
46 6 550
68 21 800
36 60 850
75 71 400
23 29 1000
61 14 900
44 44 250
9 16 500
79 69 650
48 41 550
69 62 550
66 72 250
76 38 950
7 70 150
62 19 100
49 10 500
32 64 100
52 13 200
56 74 400
25 31 950
6 5 950
64 26 50
45 38 850
15 21 250
57 41 900
21 27 1000
71 71 450
25 63 700
26 66 600
46 11 200
11 33 300
50 72 250
47 75 50
36 37 600
58 24 50
4 76 650
44 37 550
9 23 300
48 34 300
69 53 850
54 76 500
7 77 650
27 16 1000
26 77 200
69 64 500
52 22 550
0 48 500
56 75 550
3 25 300
77 0 300
28 13 150
50 32 850
15 12 200
18 7 800
4 36 550
78 33 250
65 52 200
46 20 550
33 41 150
16 33 500
36 46 50
58 29 750
41 57 300
22 11 850
5 75 150
66 77 800
29 69 1000
12 53 300
69 40 300
34 24 400
54 73 500
37 5 750
24 18 500
71 17 450
52 15 800
0 9 950
74 14 850
3 0 650
77 7 50
25 49 100
64 20 250
45 48 150
15 3 350
53 48 50
36 70 850
21 45 550
8 42 900
51 78 700
58 22 400
5 70 250
61 31 500
44 23 50
9 9 100
66 54 350
29 72 900
12 46 900
73 46 900
54 66 450
37 56 50
63 72 200
62 2 250
70 66 250
0 2 700
3 7 50
50 46 900
36 63 300
1 33 450
40 4 850
78 47 200
8 43 950
65 6 200
33 59 50
16 27 500
18 19 400
41 43 950
22 1 500
66 59 400
30 65 350
39 70 350
10 29 850
70 55 1000
0 3 450
74 60 550
21 72 250
77 25 150
25 3 500
45 66 650
50 51 150
53 2 950
18 30 700
40 13 150
21 55 500
4 15 850
78 56 600
16 13 100
46 31 800
29 39 250
14 74 750
55 23 650
19 5 550
23 64 150
66 36 1000
12 32 350
39 64 950
42 59 500
23 18 700
63 70 300
62 48 650
10 22 650
49 37 900
16 68 600
71 6 650
35 20 450
0 28 100
24 36 50
38 7 100
79 70 350
42 76 1000
47 15 100
28 17 150
50 60 800
14 34 200
1 51 200
75 18 250
21 50 650
61 73 350
29 18 450
14 79 800
23 71 950
22 15 150
5 39 400
63 46 450
9 38 550
48 37 750
49 77 850
69 20 350
34 52 350
39 71 700
59 26 800
42 52 700
27 75 600
66 57 550
13 10 500
71 13 100
70 45 750
35 27 450
0 21 650
38 0 200
79 61 550
42 65 150
43 75 800
47 22 50
53 58 700
50 1 300
14 39 300
18 44 550
75 9 650
23 31 350
4 1 1000
65 15 900
46 53 700
33 72 750
54 53 300
58 50 150
22 40 350
5 34 650
66 18 800
49 72 450
17 29 700
39 78 250
59 17 150
42 41 1000
7 23 250
27 74 1000
10 4 850
67 49 850
43 74 150
11 27 50
67 64 300
50 10 850
1 5 450
75 0 200
4 10 750
26 49 500
46 62 600
29 28 900
51 41 800
55 44 1000
19 18 1000
2 60 500
58 71 650
22 37 500
5 25 950
63 60 750
9 40 700
66 23 150
30 37 900
69 6 400
17 24 550
2 73 300
3 67 50
59 40 500
6 56 800
62 43 150
27 65 200
10 57 600
67 56 100
32 8 100
71 59 50
38 54 800
79 43 200
43 65 550
11 26 900
68 69 600
14 61 200
72 2 950
18 58 850
1 0 950
78 28 750
26 10 200
9 64 900
79 77 950
48 25 900
54 3 50
76 22 700
41 10 950
41 23 550
27 41 550
66 0 50
34 39 200
56 26 400
39 60 500
3 66 600
59 31 600
6 53 250
64 42 1000
10 50 700
67 31 800
32 1 400
13 27 50
71 34 550
79 34 200
60 30 800
43 56 200
50 24 250
1 23 500
75 54 700
9 71 150
48 18 600
29 14 400
55 58 150
19 32 300
2 42 450
58 69 350
59 71 550
5 19 300
63 10 150
27 32 250
30 19 400
52 38 700
74 69 800
37 77 650
74 79 350
7 12 800
6 46 400
27 79 700
10 39 200
15 60 50
71 41 300
35 47 600
57 4 950
38 36 500
77 63 250
60 23 750
43 47 500
47 50 950
11 8 250
50 29 950
15 75 100
36 30 500
1 18 500
14 73 300
48 19 400
34 72 600
73 19 950
54 25 650
19 39 900
2 15 150
59 70 100
24 34 100
63 1 650
27 55 600
31 58 300
17 1 550
56 36 1000
37 64 750
38 76 850
7 51 50
6 35 100
10 32 650
32 27 150
35 62 700
38 33 800
79 16 500
60 16 900
47 41 150
68 48 650
36 23 600
23 2 700
61 15 600
26 29 1000
65 78 700
51 13 550
34 77 550
73 30 150
54 18 650
19 54 950
2 24 900
63 24 150
31 49 750
13 69 300
56 45 950
20 15 750
43 73 500
77 34 850
42 14 50
7 58 950
64 61 400
15 42 450
35 37 250
0 75 1000
30 72 700
78 63 500
11 62 650
68 57 800
33 11 800
14 17 500
60 40 250
40 69 750
23 9 150
61 26 550
65 69 250
73 5 300
2 29 350
63 15 250
27 13 200
49 30 250
13 72 600
52 49 750
38 66 550
7 33 700
64 54 550
47 72 100
67 3 450
32 45 300
35 44 650
21 7 300
79 14 400
60 34 400
43 28 400
8 4 750
65 45 300
11 53 400
68 34 650
33 6 900
14 26 1000
36 9 200
40 78 950
41 70 650
33 65 750
61 1 850
44 57 750
48 62 650
12 16 800
51 27 800
73 0 150
37 26 50
24 53 500
44 74 550
31 63 300
20 33 250
45 25 350
28 33 550
67 2 450
53 41 150
76 67 700
57 24 100
40 38 450
79 5 500
43 19 850
8 13 650
65 40 800
68 43 100
33 29 550
16 61 500
72 40 750
61 4 150
44 50 850
16 18 850
37 17 300
76 44 900
70 64 700
78 32 150
31 70 400
32 78 700
52 3 250
0 37 850
74 26 200
39 6 250
3 20 500
25 37 600
45 28 550
79 25 200
67 9 100
71 76 400
57 31 950
4 49 250
60 52 950
8 54 750
33 24 450
58 2 450
23 30 400
12 2 200
69 59 800
73 50 850
69 78 1000
52 12 400
74 15 750
77 62 1000
25 32 50
6 0 700
64 25 350
28 51 550
32 48 200
15 22 200
18 1 850
57 42 900
21 28 900
43 9 200
8 55 250
65 58 700
46 14 850
50 71 650
16 39 600
58 23 550
41 47 600
4 75 100
5 73 400
61 54 100
44 36 600
66 71 200
12 59 950
54 75 750
37 11 150
7 78 950
62 27 150
49 2 500
13 36 50
74 8 200
57 66 400
20 60 550
25 39 650
64 18 450
11 74 900
50 31 550
40 25 500
4 35 50
60 70 500
43 0 700
8 32 600
65 49 50
29 51 500
51 64 200
16 32 250
58 16 500
41 58 250
22 14 50
5 76 400
44 29 750
64 76 300
66 48 500
12 52 500
69 45 550
73 36 400
37 6 850
24 17 850
44 4 650
52 30 900
0 8 350
20 69 750
3 1 450
77 8 850
22 76 150
15 4 950
35 71 750
1 39 750
57 60 150
40 2 200
4 44 450
60 63 450
46 28 700
29 62 600
33 33 550
16 25 300
55 10 800
36 66 350
76 63 450
25 67 200
5 67 50
61 32 200
29 77 450
12 45 600
34 0 400
17 58 250
73 43 350
54 65 400
37 61 550
62 1 200
10 23 250
49 52 550
13 54 100
70 65 700
17 73 1000
0 1 100
74 6 100
38 20 800
3 8 1000
77 15 700
45 56 500
50 45 400
18 24 500
1 34 150
40 3 800
4 21 100
78 50 450
39 42 400
68 8 250
20 22 400
5 62 100
61 39 150
12 38 50
33 32 150
34 5 400
37 48 300
16 30 450
59 5 400
10 16 600
49 43 1000
36 62 850
13 61 800
17 68 450
0 26 50
74 59 400
20 71 700
79 64 600
25 4 750
47 25 900
50 54 50
18 29 900
1 57 1000
47 66 150
21 56 850
78 55 750
65 30 400
33 51 450
16 19 750
19 6 900
58 35 50
23 65 450
63 40 500
9 60 800
31 1 500
30 73 250
34 14 1000
17 44 700
54 79 700
42 62 700
49 38 950
38 10 150
79 55 650
25 11 650
45 74 150
28 16 550
14 33 950
53 26 100
21 47 150
78 0 650
26 38 450
46 39 700
33 78 250
16 12 900
55 31 350
54 55 650
58 60 550
23 72 100
22 18 150
5 40 550
63 31 500
66 44 400
49 78 450
30 50 250
56 6 250
37 34 100
59 19 550
7 17 850
64 70 150
27 76 1000
67 51 200
13 7 700
71 14 1000
70 40 500
35 28 1000
74 41 450
74 77 150
42 68 800
43 76 500
47 7 700
46 63 250
50 4 650
14 42 450
53 17 950
75 10 200
4 0 350
78 13 250
26 59 700
50 73 200
46 48 200
29 26 300
51 67 950
16 5 300
19 20 950
58 49 900
41 5 350
24 69 500
5 31 500
38 22 50
49 69 150
69 12 550
34 60 700
17 30 550
2 67 400
59 18 650
7 24 750
62 37 150
27 67 650
71 53 700
35 3 450
74 34 750
79 53 900
38 77 800
72 24 950
18 52 550
23 39 250
26 52 150
46 61 800
54 13 450
19 27 650
2 59 150
22 32 150
66 26 100
49 64 700
69 3 700
17 21 300
73 74 950
56 16 100
3 68 700
59 41 700
62 46 300
10 60 950
32 7 150
13 25 300
70 30 600
35 2 700
60 4 900
47 5 650
11 19 950
50 18 100
72 1 300
75 56 750
23 46 700
26 9 100
9 77 500
29 4 150
19 26 750
2 36 900
58 63 900
41 7 800
22 61 250
27 42 900
31 45 650
30 45 650
17 16 600
39 61 550
20 3 400
42 26 700
6 48 1000
64 41 100
10 49 550
67 32 50
32 0 600
13 28 700
71 35 500
52 77 400
43 57 500
6 69 100
59 15 700
50 23 100
18 66 550
75 47 300
26 2 250
9 72 550
48 17 350
29 11 850
51 56 300
38 73 950
19 33 50
2 41 950
76 14 50
52 19 300
31 36 400
52 37 400
17 7 250
37 78 950
20 12 700
42 15 700
41 78 250
6 45 150
32 25 350
15 61 100
71 42 250
53 78 550
57 1 450
38 35 700
60 22 250
43 48 200
8 16 700
11 9 900
72 11 250
23 60 300
34 71 350
73 20 550
19 40 500
24 33 500
27 56 50
66 13 700
31 59 400
30 27 450
52 46 900
38 75 700
42 8 150
45 5 500
67 22 700
32 18 100
15 52 500
53 69 600
0 73 600
60 15 700
8 25 250
47 42 750
11 0 600
15 67 50
14 19 500
72 52 350
36 6 800
75 37 200
61 16 550
48 11 800
73 27 850
2 23 350
76 0 700
24 42 100
5 6 550
63 25 600
31 50 600
13 70 600
56 44 750
39 18 1000
20 30 600
7 59 700
6 27 550
45 8 800
28 46 100
32 19 100
15 43 100
70 2 850
35 38 300
0 66 300
57 19 500
78 66 650
8 2 650
39 34 650
11 55 250
68 56 550
16 66 300
72 61 400
19 71 800
23 10 700
61 23 800
26 21 400
65 70 650
8 73 950
12 22 1000
73 6 1000
19 62 850
2 0 150
56 63 350
22 65 700
63 16 450
27 14 250
49 27 700
30 1 600
13 77 100
52 48 400
0 42 700
39 25 300
20 23 250
3 31 600
28 39 600
71 63 950
53 79 750
0 67 400
1 73 1000
57 30 100
40 60 750
43 29 450
8 3 150
65 46 150
33 3 500
40 77 600
23 17 150
70 18 50
44 56 300
12 15 250
51 28 600
73 13 650
2 5 750
76 50 1000
24 52 950
27 5 400
31 64 650
30 10 150
0 43 800
39 0 450
3 46 700
77 49 500
7 41 450
64 14 750
47 64 950
67 11 500
15 25 300
1 68 50
40 37 900
60 58 350
43 20 350
8 12 450
65 37 250
11 45 550
68 42 650
36 17 700
16 60 50
49 65 350
36 49 1000
58 12 100
23 24 550
61 9 50
12 8 350
69 57 700
73 8 1000
37 18 600
76 43 100
7 65 850
44 66 200
49 13 400
32 77 650
52 18 750
52 2 600
74 25 200
77 52 400
6 10 950
45 33 450
10 75 750
67 10 350
32 62 750
72 63 950
78 4 600
21 26 950
26 75 100
68 19 1000
46 0 950
11 36 800
50 65 150
16 53 1000
75 73 450
41 53 450
5 79 550
24 6 900
27 19 100
32 70 550
52 11 300
39 14 250
20 50 600
77 59 250
25 45 650
28 50 800
20 67 850
53 36 1000
57 39 300
40 15 450
21 17 900
4 57 600
60 76 250
8 62 700
68 28 850
33 16 250
16 46 50
36 35 500
75 64 350
41 48 450
44 35 550
9 5 350
48 32 250
12 58 300
54 78 950
24 7 1000
70 78 800
74 7 800
57 63 950
20 59 250
25 40 250
11 67 300
15 14 950
35 65 500
18 9 200
57 50 900
43 1 950
8 31 950
65 50 250
46 22 650
29 52 950
50 79 1000
51 65 100
16 31 1000
78 72 500
36 44 700
58 15 900
41 55 950
8 69 50
9 0 200
66 47 250
12 51 950
34 26 950
73 33 200
62 3 150
37 46 800
49 58 850
71 19 200
52 29 250
0 7 150
3 2 300
77 13 300
25 47 300
45 54 450
28 4 800
50 39 500
15 5 250
53 54 100
18 18 750
1 40 1000
57 57 800
40 1 400
8 40 550
46 27 150
29 59 800
51 72 750
14 70 400
55 11 600
41 34 1000
22 6 300
5 68 500
61 37 150
44 21 600
66 56 100
29 78 350
30 70 850
42 22 800
37 62 200
59 7 450
10 26 50
49 49 500
13 51 400
70 60 750
3 9 250
79 74 150
28 29 750
18 23 600
1 31 600
40 10 500
78 49 350
46 36 450
29 38 150
68 7 850
14 75 500
22 27 300
5 59 100
31 11 150
69 24 650
17 50 1000
76 24 650
59 6 150
10 15 300
71 1 250
17 65 200
38 12 950
77 23 350
47 26 200
29 21 150
50 53 800
18 32 250
75 21 800
40 11 100
21 61 500
4 29 750
78 58 200
61 64 250
65 27 550
46 33 300
33 52 400
16 10 750
55 25 1000
23 66 50
22 20 50
48 76 850
30 52 850
69 15 400
78 38 350
37 40 300
59 29 550
62 50 300
13 5 650
71 8 700
35 22 800
49 21 750
74 51 100
20 79 400
79 56 300
25 12 150
45 71 100
50 62 350
18 37 350
36 24 150
21 48 400
4 6 1000
26 37 450
50 74 300
65 22 600
46 42 900
51 37 500
54 58 50
19 14 250
2 48 800
23 73 850
22 17 250
5 45 850
9 36 400
31 25 350
30 49 500
69 10 200
17 36 100
56 5 250
39 73 100
59 20 700
42 54 550
7 18 650
64 69 400
27 77 250
10 13 400
13 8 850
71 47 550
70 39 800
35 29 900
74 44 300
79 47 600
47 8 250
67 67 700
50 3 650
14 41 250
72 22 300
70 26 150
8 68 1000
29 23 500
55 39 1000
54 47 1000
2 53 800
22 42 450
5 32 950
9 43 350
31 16 550
69 1 100
73 64 100
2 70 200
59 43 300
7 25 550
62 32 250
27 68 150
10 6 700
67 59 950
71 54 750
70 32 800
35 4 800
74 33 200
21 79 500
79 54 50
60 10 700
43 68 800
46 71 600
11 29 100
67 66 600
50 12 300
72 23 900
1 3 950
4 8 600
8 77 350
9 67 350
46 56 300
29 2 250
55 46 300
54 8 600
2 62 50
76 27 400
25 77 450
24 77 500
5 23 150
50 22 1000
27 44 400
66 25 300
30 31 400
69 4 700
34 36 900
17 22 300
74 73 700
39 55 650
3 69 350
59 42 500
42 36 200
7 0 600
6 58 950
64 79 850
28 73 700
32 14 650
13 26 1000
38 48 250
79 45 200
60 3 50
43 59 650
6 71 1000
47 6 950
68 67 1000
15 79 500
55 70 950
1 30 950
75 57 500
64 67 750
51 50 150
2 35 550
76 20 500
27 35 900
66 2 450
31 46 350
30 40 650
34 41 950
39 62 950
59 33 100
7 7 900
6 47 950
64 40 1000
15 55 400
70 22 200
35 10 1000
38 45 950
6 64 250
47 61 350
50 26 250
14 0 300
72 9 750
55 77 350
18 65 450
23 54 850
26 1 950
15 41 550
33 79 800
54 30 450
19 34 50
76 13 500
5 9 450
27 34 900
66 7 50
31 37 300
30 21 50
52 36 500
37 75 800
25 17 450
59 56 700
7 14 450
6 40 500
10 41 200
15 62 400
71 43 350
70 11 500
53 75 800
5 21 850
79 27 850
60 21 1000
43 49 350
68 53 100
15 77 500
16 79 750
72 50 100
1 16 500
23 61 350
68 72 350
34 74 900
73 17 450
54 19 200
19 41 300
59 64 750
20 20 650
3 50 50
42 7 250
6 37 250
62 68 700
45 6 550
67 15 250
77 72 450
60 46 650
47 43 150
68 62 800
15 68 800
14 22 500
72 51 900
19 65 600
75 38 350
61 21 600
26 15 350
68 5 800
48 2 950
51 7 100
77 74 250
73 28 800
19 48 350
2 26 950
56 64 300
22 67 100
27 48 400
13 67 1000
52 54 500
56 43 700
39 19 550
3 57 250
77 32 50
42 0 1000
6 30 850
62 65 350
45 13 400
28 45 150
32 42 550
70 1 600
0 65 300
76 69 950
57 20 700
77 79 100
60 39 50
43 31 550
11 56 950
22 13 500
33 9 700
14 27 500
72 60 350
19 72 300
23 11 150
79 66 1000
12 21 350
19 55 750
76 56 100
24 50 500
13 78 400
20 38 550
6 19 900
64 52 100
77 65 800
67 5 900
32 43 950
15 35 800
71 64 1000
35 46 950
40 59 900
21 13 150
79 0 650
60 32 250
25 68 850
65 43 750
11 47 800
68 32 300
16 58 400
72 37 900
49 68 300
36 7 650
19 79 450
41 68 350
12 78 50
44 55 500
12 14 800
51 29 500
73 14 150
2 8 850
76 49 950
24 51 800
27 6 150
0 34 850
39 1 550
20 31 900
7 42 650
6 12 300
64 13 950
28 31 850
48 45 700
15 26 250
2 72 50
60 79 100
1 65 550
40 36 250
21 0 750
60 57 450
25 75 1000
8 11 750
11 46 950
68 41 1000
58 11 150
44 48 200
9 20 950
48 53 900
12 7 500
69 58 850
76 42 1000
7 66 950
10 56 650
20 40 450
41 72 850
64 6 50
45 34 450
10 78 1000
13 21 750
32 61 50
64 47 300
72 70 600
53 34 150
57 45 200
60 50 350
43 12 650
8 52 650
65 61 250
11 37 850
36 57 700
48 46 600
69 49 200
73 48 150
76 35 350
24 5 500
62 16 350
31 79 400
69 76 850
57 69 50
20 49 50
64 23 550
45 41 850
10 67 700
11 77 800
32 54 350
35 67 800
40 22 850
21 18 100
4 56 1000
78 37 950
43 3 600
26 67 450
65 56 550
46 8 150
29 50 50
68 27 150
33 45 100
36 34 100
41 61 500
4 73 150
5 71 150
44 34 500
48 31 450
34 20 350
54 77 100
62 29 600
70 77 600
58 21 900
57 64 200
77 3 250
31 22 900
53 60 550
18 12 100
1 46 1000
14 23 900
43 2 250
33 40 900
16 38 450
55 5 300
36 43 950
58 18 900
22 8 200
61 59 650
44 27 700
9 13 500
26 53 450
29 68 350
12 50 900
34 25 900
32 79 850
13 49 450
71 20 450
0 14 450
57 71 250
38 29 750
3 11 550
25 48 50
45 51 300
53 51 450
36 67 300
40 0 250
21 44 650
4 42 300
78 51 650
55 12 800
54 46 500
22 5 800
44 20 900
9 8 250
12 43 550
34 2 1000
37 59 1000
25 9 950
62 11 900
13 52 500
71 27 850
70 59 500
17 71 200
74 56 150
20 76 350
25 55 1000
45 62 450
50 47 550
53 14 450
18 26 100
1 32 800
40 9 200
4 19 800
14 29 900
26 42 50
65 1 500
46 35 400
29 35 500
16 16 1000
55 19 700
54 35 750
41 42 1000
48 74 900
69 29 800
17 47 500
37 54 550
25 79 850
71 2 800
70 52 350
49 24 300
21 75 750
77 24 300
42 72 400
45 69 1000
28 21 950
14 38 900
18 31 950
1 55 900
4 28 400
78 57 850
68 29 850
16 9 650
41 17 600
22 19 250
44 6 200
66 37 100
31 3 1000
30 51 150
69 16 650
34 48 600
37 45 350
64 75 250
10 7 150
49 36 1000
71 9 900
35 15 700
74 54 700
21 70 700
79 57 550
43 79 200
46 68 50
50 61 350
14 43 1000
53 24 800
1 50 500
21 53 850
4 5 600
78 2 700
61 72 650
26 56 750
65 19 600
62 67 450
16 2 800
2 47 900
58 62 550
41 28 300
63 33 600
9 33 1000
48 68 250
49 76 650
30 60 200
69 7 350
34 53 350
56 4 1000
2 64 400
64 68 600
10 0 800
13 13 800
70 42 200
74 43 400
38 1 150
79 48 100
42 70 500
25 20 950
45 79 900
46 65 900
67 68 200
72 21 850
75 4 100
78 7 450
26 61 50
46 50 250
51 45 400
54 50 200
19 22 250
26 70 800
41 3 450
5 37 950
63 56 400
50 19 450
66 19 450
49 67 600
30 57 500
69 2 300
34 62 150
17 28 250
2 69 850
59 44 200
42 46 650
7 26 750
6 60 950
10 5 250
13 16 300
71 55 500
70 31 250
35 5 200
79 39 450
60 9 950
50 11 350
72 30 250
55 64 850
18 54 450
1 4 50
75 59 800
23 41 350
26 54 250
46 55 900
62 58 700
51 52 250
55 47 150
19 29 850
41 14 500
24 76 100
5 24 400
22 38 1000
31 40 100
34 35 400
17 19 1000
74 76 200
2 78 500
3 70 300
59 35 750
42 35 450
6 57 950
62 40 950
67 35 200
32 13 950
62 69 950
52 66 600
38 47 800
79 46 400
60 2 250
6 74 500
47 55 550
46 79 400
11 21 250
50 20 50
55 71 100
18 59 300
78 29 500
26 11 850
9 75 700
29 10 1000
51 59 800
55 54 450
58 65 200
59 75 900
22 55 900
5 15 900
27 36 850
31 31 450
30 39 750
34 44 250
17 14 600
58 68 400
20 1 200
3 77 150
42 28 150
7 8 500
64 39 200
10 51 750
67 34 950
71 37 950
70 21 850
38 40 750
60 27 450
11 12 200
68 75 950
15 71 250
55 78 550
36 18 50
1 22 300
23 55 200
26 4 100
34 68 50
19 43 950
2 43 350
76 12 850
59 74 400
5 10 50
31 38 300
30 16 750
56 32 350
39 38 100
20 10 200
3 52 100
7 47 50
6 39 500
64 32 600
10 44 800
15 47 800
70 14 300
35 50 750
77 70 650
60 20 450
8 22 850
47 53 100
11 3 150
72 49 500
41 29 800
36 27 950
23 62 1000
48 8 300
51 1 200
54 22 600
76 5 850
74 23 350
5 1 850
27 58 200
31 61 350
30 29 700
37 67 600
20 19 750
3 59 900
64 57 100
10 33 500
32 16 900
70 3 700
57 10 750
79 19 300
78 67 550
43 41 850
8 23 700
68 61 150
15 69 800
14 21 350
36 4 400
19 66 450
40 65 400
41 79 400
61 22 400
26 18 200
65 73 300
48 1 350
12 27 50
51 8 900
73 25 250
22 70 50
5 4 550
27 49 200
30 6 600
52 53 50
71 75 450
39 20 800
3 58 300
77 37 350
32 41 750
35 32 1000
60 38 700
43 32 750
8 0 500
47 35 600
33 10 1000
14 30 700
36 13 600
19 73 600
65 68 150
48 58 650
12 20 200
73 4 700
19 56 850
24 49 550
49 25 500
0 40 450
56 51 50
39 27 450
3 33 1000
77 40 450
7 36 400
6 22 550
64 51 850
45 21 600
28 37 550
32 34 850
71 65 600
1 71 750
40 34 300
21 14 400
8 9 100
50 63 800
11 48 550
68 31 900
33 1 900
16 57 200
51 30 650
76 48 550
24 58 500
49 20 750
69 79 700
0 33 300
56 60 250
20 46 950
3 40 700
77 47 600
41 71 350
6 11 350
45 24 350
67 13 350
32 35 750
15 27 800
40 35 850
21 5 450
4 53 400
60 56 800
65 35 300
33 28 500
16 50 350
36 47 750
9 17 350
48 52 1000
12 6 200
73 54 50
37 16 1000
27 30 650
32 75 200
69 74 350
0 58 950
56 69 600
20 39 600
3 15 800
77 58 550
25 36 400
6 4 550
64 5 700
45 31 300
28 55 200
11 79 100
32 60 350
53 31 750
21 24 500
8 51 600
65 62 550
68 17 500
33 19 700
36 56 1000
58 3 800
41 51 800
61 50 950
17 41 250
66 67 500
73 61 150
7 74 600
62 15 200
27 21 100
32 68 500
13 32 450
69 65 250
70 79 100
78 41 650
0 59 700
56 78 650
25 43 750
28 48 350
32 53 1000
72 78 600
35 68 600
40 21 100
21 15 500
60 74 700
8 60 600
46 7 950
50 76 800
51 68 850
75 66 50
76 74 850
41 62 200
61 57 750
44 33 200
9 3 800
48 38 900
34 19 750
69 68 700
70 72 100
56 79 300
20 57 700
25 54 1000
16 17 850
64 15 700
15 0 800
53 49 400
1 43 950
40 30 100
4 32 650
78 45 750
41 33 250
46 16 800
29 58 350
68 3 150
33 37 150
16 37 100
38 9 650
36 42 900
58 17 900
22 7 700
29 73 100
34 28 100
17 62 800
39 79 750
62 5 200
22 34 200
24 70 650
52 27 500
57 72 50
47 17 800
77 11 950
25 61 650
28 2 950
53 52 650
18 20 600
1 38 150
78 54 150
8 46 200
65 7 500
29 33 450
51 74 350
14 64 250
55 13 600
54 45 200
58 42 350
41 32 150
22 0 200
61 35 450
44 19 250
9 53 450
66 58 100
34 1 450
17 53 300
73 42 700
43 8 650
24 23 900
63 76 100
49 47 650
71 28 450
70 62 900
0 6 650
57 79 300
45 59 750
53 11 200
18 25 200
1 61 400
40 8 800
26 41 450
65 2 50
55 20 800
54 38 250
58 31 550
61 46 300
48 73 250
17 48 200
37 51 550
59 0 550
42 58 50
64 73 200
13 60 800
71 3 600
0 23 850
74 48 700
38 14 400
77 29 700
42 71 800
45 70 300
53 6 200
1 56 350
75 15 550
70 24 950
61 70 900
26 34 850
23 74 200
29 43 400
16 8 500
55 27 300
19 1 400
41 18 250
5 52 300
41 27 300
44 5 650
48 66 350
31 4 600
30 54 800
12 73 650
39 68 400
42 47 500
62 60 400
35 16 350
0 16 200
42 64 850
50 0 150
14 46 150
18 39 500
75 14 100
78 1 400
46 52 350
33 73 250
16 1 850
54 52 850
19 8 650
41 25 1000
5 43 700
66 45 950
31 27 100
69 8 900
62 57 500
27 71 500
71 49 300
70 41 600
66 38 650
38 60 350
79 49 650
42 69 800
43 71 1000
47 10 550
46 76 550
68 79 900
53 16 850
18 48 50
1 10 500
75 5 650
4 13 50
78 10 1000
8 74 750
62 55 500
55 41 600
54 49 850
19 15 700
58 54 550
5 38 900
63 57 50
9 41 850
31 18 250
30 36 400
34 61 300
17 25 750
28 68 100
39 50 800
14 76 700
59 45 300
6 59 350
62 34 550
28 78 450
62 70 800
70 34 450
35 6 700
60 8 450
25 28 500
46 73 950
11 23 600
67 76 250
72 29 900
8 75 100
29 0 950
51 53 500
19 30 800
41 11 550
27 46 300
35 58 650
12 71 100
56 21 150
39 57 900
22 35 550
62 39 250
28 71 400
67 36 950
32 12 500
52 65 600
79 31 500
43 61 900
6 73 50
77 78 250
11 22 500
68 65 800
60 44 50
1 28 400
23 49 400
26 14 1000
76 18 550
22 58 950
5 16 50
63 7 800
27 37 250
31 32 900
34 43 350
39 32 50
42 27 800
28 64 350
32 5 250
15 57 600
71 38 450
70 16 150
38 39 800
30 76 350
6 66 850
11 13 700
50 28 350
55 79 700
18 67 300
1 19 750
75 50 750
34 67 650
55 62 150
19 44 900
59 67 950
22 47 800
63 14 750
27 60 650
66 9 900
31 55 250
52 34 250
56 31 800
37 65 450
20 9 600
7 48 1000
64 31 850
71 45 850
70 13 800
35 59 550
76 71 300
35 55 750
77 67 350
47 54 950
68 51 750
15 63 350
14 7 650
72 48 750
18 76 800
19 68 400
26 28 50
77 26 450
48 7 250
19 51 800
2 19 600
76 4 850
59 66 600
22 72 1000
5 2 400
27 51 100
13 66 900
56 40 500
39 46 50
20 18 950
3 60 700
59 49 600
7 55 150
6 31 900
64 56 850
43 26 300
32 15 800
15 39 900
53 68 400
0 78 550
57 7 1000
79 20 500
78 70 900
47 45 900
15 70 100
72 57 550
36 3 950
75 32 1000
40 64 500
23 6 150
48 0 900
19 50 700
2 28 400
22 69 1000
63 28 850
8 48 550
