100 660
  1
  2
  3
  4
  5
  6
  7
  8
  9
  10
  11
  12
  13
  14
  15
  16
  17
  18
  19
  20
  21
  22
  23
  24
  25
  26
  27
  28
  29
  30
  31
  32
  33
  34
  35
  36
  37
  38
  39
  40
  41
  42
  43
  44
  45
  46
  47
  48
  49
  50
  51
  52
  53
  54
  55
  56
  57
  58
  59
  60
  61
  62
  63
  64
  65
  66
  67
  68
  69
  70
  71
  72
  73
  74
  75
  76
  77
  78
  79
  80
  81
  82
  83
  84
  85
  86
  87
  88
  89
  90
  91
  92
  93
  94
  95
  96
  97
  98
  99
  100
7 77 900
3 35 850
9 84 750
2 84 350
58 41 650
20 7 900
21 47 100
64 41 850
54 92 100
37 35 50
29 70 900
76 66 950
55 80 700
69 38 450
84 2 900
73 35 250
31 80 50
88 98 600
17 90 850
97 63 850
48 67 400
20 58 650
28 27 50
54 27 1000
34 85 650
23 62 200
98 97 800
59 71 750
90 11 700
67 7 850
14 16 650
42 31 850
75 71 500
30 58 550
88 93 550
99 77 850
63 83 350
11 41 350
85 34 800
18 36 700
42 57 750
66 42 250
93 34 350
8 18 500
82 9 700
37 54 400
24 21 300
48 50 650
47 90 250
1 21 750
15 13 800
18 81 900
25 58 50
15 43 450
4 12 550
4 66 250
48 58 1000
79 14 150
3 17 750
30 27 200
45 97 450
92 28 350
36 80 250
84 42 600
32 16 300
83 23 550
8 25 750
43 78 150
24 28 250
2 64 750
96 19 50
15 10 300
44 68 350
42 84 50
46 85 550
38 22 250
58 83 550
39 23 150
88 31 650
28 24 250
44 98 900
46 63 1000
79 23 600
51 48 650
30 2 600
61 87 250
92 27 250
3 29 250
81 90 550
54 33 650
19 1 800
7 34 450
98 71 600
65 81 200
11 61 250
59 7 650
33 8 50
89 91 150
36 3 950
87 24 550
20 78 400
73 82 600
2 30 1000
83 78 600
98 10 50
53 9 100
10 78 100
82 73 250
26 45 500
83 63 50
57 48 300
37 80 350
2 82 750
8 33 950
40 62 800
73 80 900
49 76 350
40 57 750
87 59 950
6 33 500
80 36 850
94 96 200
23 99 700
82 38 400
22 71 700
93 88 700
91 72 550
3 4 650
68 94 100
73 26 450
78 10 150
76 14 750
95 75 800
68 100 750
66 29 550
36 77 400
17 3 800
56 34 250
5 32 100
43 15 50
3 48 150
18 8 550
63 93 550
89 77 50
75 95 900
45 26 450
99 85 250
60 12 250
76 94 300
83 92 700
23 86 450
89 66 350
72 88 400
46 45 500
4 20 800
67 14 650
41 7 50
97 98 600
47 65 50
9 93 600
90 36 850
41 53 150
32 8 900
13 42 500
37 61 750
11 6 250
14 17 400
87 61 650
100 59 900
60 97 850
66 76 500
58 48 150
19 55 1000
52 15 700
33 65 100
59 87 600
40 16 50
6 7 550
7 6 950
55 8 450
16 22 250
29 66 100
63 67 550
20 4 350
18 20 750
33 20 1000
90 47 300
62 44 300
58 20 650
78 83 850
79 67 650
42 51 900
27 22 800
51 21 50
99 15 450
21 84 300
7 97 500
3 1 850
1 49 850
88 14 500
26 43 250
31 2 700
96 94 850
1 43 700
6 16 1000
21 24 950
78 43 550
11 94 950
47 21 1000
51 78 1000
11 52 550
68 35 950
71 22 850
86 42 300
82 10 950
35 25 50
47 89 850
12 13 200
45 57 300
96 66 600
3 6 750
84 9 200
21 71 50
65 33 600
6 11 50
19 17 550
34 75 700
22 46 700
5 46 150
19 96 700
68 67 950
31 63 500
85 46 450
35 3 50
6 71 450
62 32 850
88 71 750
43 40 800
15 99 50
57 31 550
42 79 1000
14 12 800
12 4 150
66 89 700
21 1 850
94 71 500
33 84 600
81 50 200
1 3 750
25 62 350
4 8 50
80 73 950
84 98 550
35 93 650
14 88 150
33 17 900
90 30 450
32 62 600
65 47 200
3 59 1000
59 54 1000
24 84 400
57 42 450
11 90 700
8 55 650
63 68 400
92 54 850
69 20 1000
98 37 700
97 60 700
44 42 700
68 63 400
30 90 950
80 42 50
42 80 200
48 3 150
47 85 600
62 23 350
51 14 200
2 1 950
26 2 600
90 25 500
21 51 600
34 93 700
42 13 600
54 37 450
98 67 50
23 27 550
72 91 50
8 4 300
41 58 800
44 33 750
9 1 500
43 60 100
20 74 50
82 22 1000
40 63 950
25 8 1000
63 31 250
2 26 950
62 96 1000
99 23 750
34 45 750
14 76 1000
96 80 650
63 97 150
17 14 500
31 42 500
46 22 250
23 16 650
2 72 450
100 68 900
16 11 350
93 35 150
67 48 950
11 12 100
42 66 900
34 56 150
51 28 250
81 63 750
68 90 450
4 3 350
80 84 950
71 98 650
68 96 900
16 6 1000
47 54 800
17 11 850
54 55 450
55 54 250
91 62 600
31 57 900
72 47 700
85 62 800
80 31 150
11 5 150
77 89 50
40 85 100
96 18 500
82 29 500
22 82 750
47 58 350
27 28 650
21 78 700
4 10 550
19 50 300
5 11 1000
70 75 800
81 65 850
19 24 400
41 11 250
41 92 100
96 68 300
9 82 600
57 40 300
90 6 100
64 61 750
15 76 400
29 82 800
40 54 950
71 6 550
28 66 200
93 9 800
77 82 750
55 90 1000
1 96 600
67 68 200
83 58 300
11 16 450
94 76 1000
41 64 350
72 2 500
26 24 550
13 26 700
93 64 100
85 99 200
79 42 850
78 20 200
8 81 550
45 34 900
52 49 450
65 31 700
46 43 1000
20 26 200
33 54 650
66 28 550
54 59 1000
8 32 150
22 16 500
94 11 550
16 32 300
61 37 200
14 28 650
81 8 800
71 21 100
86 23 650
10 4 900
18 96 400
97 45 750
19 90 150
1 19 400
49 52 750
97 7 150
26 13 550
24 53 100
20 59 150
3 5 200
49 19 550
20 33 300
10 82 700
25 90 600
98 88 650
27 92 700
32 51 250
75 70 100
95 11 600
2 70 150
23 8 700
10 15 250
31 88 500
48 51 200
6 90 900
26 73 350
13 12 700
26 20 500
57 45 750
14 51 100
30 78 1000
35 73 600
50 19 250
74 20 600
29 3 900
51 42 750
25 35 400
90 19 1000
64 2 900
8 46 200
62 85 150
77 99 200
24 26 850
25 69 400
40 43 850
54 47 1000
8 52 50
7 36 100
56 14 600
70 2 700
96 62 400
31 65 800
79 37 950
48 42 150
45 46 350
75 34 800
67 65 450
80 55 50
61 11 250
50 48 300
47 72 900
49 68 100
27 30 750
91 61 150
37 98 450
2 4 500
98 44 550
55 19 1000
71 85 250
53 41 950
68 41 900
46 8 450
79 90 450
35 37 750
38 82 350
42 44 850
60 43 250
84 24 300
7 59 950
63 46 1000
28 92 250
40 100 400
96 1 650
27 23 950
24 87 600
78 30 1000
2 31 300
92 41 800
74 6 300
66 96 150
64 16 350
28 14 950
26 42 150
5 89 450
3 36 400
84 57 750
58 52 450
11 95 100
72 95 550
88 89 450
69 25 750
43 26 350
58 30 600
32 5 500
66 46 750
34 7 900
67 79 1000
65 67 500
80 37 150
100 40 500
38 1 300
51 27 100
76 49 700
71 75 50
15 47 450
88 20 350
23 34 100
52 58 450
76 15 600
80 96 200
42 26 750
10 98 650
58 25 550
7 41 350
85 47 700
59 20 850
93 63 450
30 97 950
90 68 700
12 11 250
60 13 400
70 30 700
97 30 250
18 76 800
15 52 750
19 49 150
17 41 500
23 39 700
71 94 1000
77 7 150
1 38 850
23 79 50
90 17 100
85 71 300
61 91 900
62 91 150
6 39 700
85 40 650
43 46 400
59 3 400
92 83 550
90 79 950
36 7 700
91 89 650
14 56 650
27 16 350
78 21 800
52 8 100
46 66 150
27 54 950
82 77 200
89 5 350
16 23 650
36 90 200
43 1 850
41 17 400
89 47 100
47 15 150
63 40 250
70 29 250
42 48 600
89 88 150
6 74 400
13 60 50
44 62 600
41 68 800
48 57 800
62 25 400
76 18 800
14 79 250
51 32 500
16 14 400
7 20 900
33 44 950
71 83 950
90 55 350
58 47 200
84 33 100
17 33 250
50 81 950
63 81 500
68 44 150
33 6 900
90 81 1000
3 93 150
99 81 450
64 93 350
7 67 400
24 19 700
12 14 750
39 6 200
13 15 800
22 27 1000
59 100 200
1 9 350
57 84 500
4 2 750
35 68 650
5 3 600
78 51 950
98 84 600
61 64 450
16 27 250
81 99 950
21 10 600
54 40 550
93 3 150
20 88 350
88 72 100
8 23 200
82 2 950
68 49 300
84 21 50
10 21 950
16 64 950
20 69 400
94 68 950
42 86 450
53 24 250
1 2 100
23 83 500
67 98 650
95 72 100
83 71 300
71 88 600
27 51 50
6 3 400
37 79 650
91 30 250
22 38 550
14 67 400
20 18 950
30 70 200
66 4 600
38 69 800
81 18 500
17 19 850
46 5 950
9 53 650
16 40 1000
62 40 700
52 11 800
34 23 200
67 63 750
12 60 100
30 91 50
11 17 650
71 59 250
77 36 800
49 1 700
36 18 150
28 51 600
84 80 850
