200 2654
  1
  2
  3
  4
  5
  6
  7
  8
  9
  10
  11
  12
  13
  14
  15
  16
  17
  18
  19
  20
  21
  22
  23
  24
  25
  26
  27
  28
  29
  30
  31
  32
  33
  34
  35
  36
  37
  38
  39
  40
  41
  42
  43
  44
  45
  46
  47
  48
  49
  50
  51
  52
  53
  54
  55
  56
  57
  58
  59
  60
  61
  62
  63
  64
  65
  66
  67
  68
  69
  70
  71
  72
  73
  74
  75
  76
  77
  78
  79
  80
  81
  82
  83
  84
  85
  86
  87
  88
  89
  90
  91
  92
  93
  94
  95
  96
  97
  98
  99
  100
  101
  102
  103
  104
  105
  106
  107
  108
  109
  110
  111
  112
  113
  114
  115
  116
  117
  118
  119
  120
  121
  122
  123
  124
  125
  126
  127
  128
  129
  130
  131
  132
  133
  134
  135
  136
  137
  138
  139
  140
  141
  142
  143
  144
  145
  146
  147
  148
  149
  150
  151
  152
  153
  154
  155
  156
  157
  158
  159
  160
  161
  162
  163
  164
  165
  166
  167
  168
  169
  170
  171
  172
  173
  174
  175
  176
  177
  178
  179
  180
  181
  182
  183
  184
  185
  186
  187
  188
  189
  190
  191
  192
  193
  194
  195
  196
  197
  198
  199
  200
107 81 750
129 26 900
95 101 200
5 178 750
104 115 450
157 23 800
68 25 250
105 5 150
164 127 250
58 19 850
115 94 350
189 81 1000
16 190 750
180 95 950
73 35 250
56 101 600
184 26 500
183 34 650
5 84 450
45 61 550
173 8 150
31 126 900
109 32 200
1 191 350
115 177 250
3 45 1000
156 119 450
161 100 200
146 159 900
59 1 550
78 46 250
44 138 500
105 150 150
48 77 800
67 142 750
144 107 900
200 152 550
110 48 850
2 73 50
41 34 100
22 12 750
3 27 500
15 103 550
94 57 600
24 21 300
82 170 400
45 54 550
10 104 900
12 129 850
159 50 950
163 55 400
55 125 1000
185 6 150
21 189 100
77 48 400
25 58 50
171 55 800
191 56 700
84 102 900
107 79 750
90 141 350
79 97 300
92 135 200
21 46 350
108 133 950
154 20 50
22 7 450
83 23 550
195 132 550
86 32 50
145 5 50
113 70 700
26 120 850
98 63 300
6 92 550
63 133 50
173 122 650
138 44 100
123 45 350
14 172 500
126 42 100
81 47 100
180 114 850
77 41 750
188 44 500
102 51 550
192 168 700
107 68 50
200 55 750
6 180 950
182 123 600
158 191 100
168 192 250
5 173 100
7 4 750
28 143 600
130 4 200
77 192 850
167 137 350
152 41 300
6 196 250
118 2 950
84 150 50
176 159 200
175 57 800
135 24 150
162 94 400
38 190 500
5 79 150
6 87 150
120 23 250
84 5 900
9 78 600
108 131 700
110 80 650
59 116 550
132 70 500
139 60 700
50 4 1000
53 9 100
146 166 350
2 163 550
25 181 100
28 134 400
125 124 50
57 191 450
22 17 300
153 166 100
154 137 100
119 137 450
138 79 350
33 166 900
70 135 350
94 18 850
166 20 50
198 124 750
97 143 400
189 172 50
64 112 400
139 53 800
51 183 200
181 77 250
164 11 150
4 7 500
78 10 150
46 51 600
11 127 200
36 77 400
55 163 800
165 20 500
94 138 550
137 120 1000
18 173 100
41 175 600
133 167 850
63 176 300
173 101 300
161 65 350
22 193 350
35 37 750
23 120 100
84 95 150
82 33 400
135 41 850
109 142 200
108 16 100
50 137 300
72 102 750
112 13 650
41 7 50
169 90 200
199 51 500
177 10 350
116 184 350
41 144 450
25 110 350
63 185 100
32 8 900
141 117 250
185 43 600
42 177 1000
47 192 800
18 70 500
129 73 800
186 10 250
95 180 100
187 77 100
7 22 150
46 61 500
68 106 900
51 50 400
97 123 150
79 63 350
150 123 600
112 147 650
113 27 500
28 117 550
199 173 650
85 149 950
68 179 500
185 44 900
169 170 700
8 104 200
65 73 500
193 60 250
182 24 350
59 80 1000
80 69 800
189 40 550
121 133 500
16 119 950
198 190 1000
143 28 750
37 116 150
167 170 500
149 193 700
47 81 250
88 52 500
16 134 150
108 79 550
54 183 250
112 138 500
81 107 550
9 7 300
50 80 850
74 90 500
183 155 700
99 46 150
121 29 800
196 6 600
159 146 950
36 18 650
164 47 400
2 31 300
63 169 200
197 33 600
198 177 900
37 125 600
8 18 500
133 95 950
9 65 300
47 52 850
195 87 550
141 15 250
183 99 800
60 161 150
120 65 900
11 191 150
190 54 800
68 161 350
31 63 300
161 180 550
110 145 500
185 62 900
60 16 50
29 117 400
14 12 800
145 163 600
92 152 850
76 176 850
62 6 500
194 39 700
135 180 450
69 95 250
2 8 450
41 99 600
6 149 150
34 66 1000
113 14 500
3 59 350
42 2 850
119 16 950
156 30 350
50 66 750
18 27 800
185 71 150
39 164 50
43 33 750
154 36 900
1 98 900
37 135 600
149 154 200
145 53 700
137 119 50
75 180 300
24 44 100
186 65 200
154 198 200
173 42 650
105 199 400
86 99 700
188 21 200
54 152 750
180 106 250
116 20 950
160 80 500
107 116 50
127 20 1000
185 72 650
116 187 950
8 4 300
120 190 50
121 48 600
49 198 450
87 177 300
169 23 100
78 123 750
79 107 250
172 4 100
11 142 450
198 154 850
61 114 900
194 169 350
9 116 700
67 119 950
195 74 700
197 173 300
126 29 900
19 175 100
40 147 50
39 197 650
24 162 900
195 88 500
146 86 750
93 178 850
3 182 100
4 42 500
172 108 100
11 54 100
69 185 650
90 94 250
200 125 650
21 113 250
170 150 950
44 54 1000
7 66 950
172 78 450
47 91 450
43 185 700
197 5 1000
145 39 600
151 56 750
76 44 250
158 177 800
98 1 200
81 63 750
134 67 100
101 52 500
138 14 300
175 135 850
125 174 850
15 179 300
20 46 650
114 129 650
133 196 750
28 62 50
49 103 350
32 57 1000
106 80 450
92 96 600
114 16 650
23 160 300
117 5 400
65 39 1000
46 3 850
21 172 1000
1 117 850
4 198 400
99 192 1000
128 112 950
200 164 850
100 161 950
11 130 750
66 113 850
105 186 250
35 76 800
191 11 250
60 92 150
157 108 150
160 101 500
142 53 850
199 60 200
110 180 1000
40 16 50
3 164 50
22 128 600
60 51 950
194 147 750
169 10 450
80 22 100
79 70 100
119 175 500
193 156 250
47 105 100
123 168 600
24 8 250
82 185 650
73 45 450
13 26 700
65 88 900
109 38 1000
168 93 900
167 18 200
49 145 700
70 100 450
147 179 650
39 65 300
5 177 550
116 159 250
8 32 150
63 79 950
70 156 450
148 146 300
98 187 250
27 125 650
137 90 800
193 149 100
104 131 400
105 27 800
52 99 600
15 25 400
83 132 900
20 84 800
171 170 1000
187 38 850
62 28 550
138 59 650
15 142 200
146 43 100
37 157 400
3 5 200
24 190 450
189 135 750
141 175 600
81 184 450
114 61 550
80 117 400
135 92 1000
46 20 800
12 92 550
2 70 150
131 163 600
156 169 450
105 50 50
35 146 600
42 64 300
6 90 900
13 12 700
197 138 150
127 178 250
17 110 600
166 33 700
56 191 150
161 124 250
74 157 600
2 174 200
13 132 300
167 2 50
46 31 650
176 10 700
124 125 500
1 81 900
117 138 850
190 112 450
66 34 100
123 191 1000
183 51 800
131 57 550
183 35 850
18 98 50
175 160 650
161 132 100
126 43 200
146 29 150
39 159 350
190 198 400
156 70 150
71 85 250
164 6 50
39 108 100
11 64 750
179 12 750
200 135 900
58 45 150
152 42 850
194 102 450
91 47 50
52 4 600
77 80 400
60 136 850
98 55 300
178 127 850
160 73 150
93 63 450
65 108 650
28 16 350
157 73 950
159 176 300
127 49 450
21 63 250
150 104 700
26 42 150
176 37 300
65 160 700
90 15 400
10 179 1000
84 158 1000
122 73 200
88 89 450
34 45 750
74 46 150
56 2 200
44 163 350
133 130 450
134 16 800
120 31 600
66 167 600
67 79 1000
105 128 800
178 118 50
107 164 450
3 102 150
38 1 800
23 98 550
99 53 700
70 187 1000
44 111 50
176 63 850
151 142 500
51 39 750
2 42 750
22 41 700
152 56 250
10 186 400
84 165 750
148 44 900
77 66 500
136 161 350
192 14 850
101 76 900
84 20 350
91 170 300
1 147 950
96 31 950
28 102 1000
89 112 900
53 142 200
95 78 150
189 21 600
83 69 550
144 79 950
92 77 500
54 11 700
147 74 700
4 158 200
192 63 1000
31 178 100
35 183 950
156 59 1000
107 146 950
70 26 600
164 171 750
63 9 500
45 3 550
14 56 650
53 99 250
181 94 750
74 184 1000
114 83 450
5 128 500
147 39 900
101 156 1000
154 82 200
105 89 250
68 107 500
52 173 550
59 181 50
133 108 350
53 139 1000
9 86 800
173 197 400
66 1 950
17 22 200
54 189 100
113 26 550
58 176 50
41 152 150
6 48 600
84 26 600
161 185 200
17 167 850
105 30 550
146 139 200
186 18 800
115 104 450
173 173 700
157 74 600
196 175 150
197 39 600
128 135 800
15 100 400
170 91 950
29 132 150
87 71 100
179 158 950
19 146 950
58 187 700
81 106 150
180 135 700
137 139 900
183 154 400
39 177 850
42 160 900
44 188 550
176 76 600
26 88 700
161 35 950
73 129 550
168 171 850
104 10 450
83 88 850
175 125 600
50 179 800
43 111 900
162 133 200
5 3 600
123 110 1000
123 21 300
120 66 950
119 26 400
67 16 550
168 3 900
8 23 200
82 2 550
193 13 150
194 181 450
67 161 200
140 89 900
161 36 750
142 198 300
97 28 150
63 199 850
145 51 550
36 105 250
2 82 700
173 48 550
194 87 850
181 144 550
128 4 900
113 13 50
168 123 600
60 185 850
178 5 250
153 60 750
82 106 650
173 65 600
141 152 250
185 70 200
167 114 750
118 169 200
32 132 500
143 197 450
133 63 500
172 14 800
179 68 850
145 52 450
60 193 950
5 117 1000
104 15 350
64 132 500
137 133 850
108 181 400
128 27 850
131 118 300
24 92 400
84 62 850
87 195 900
166 178 250
113 151 150
149 49 950
132 31 600
116 132 800
194 133 750
65 84 250
157 49 350
124 68 250
53 64 900
182 59 600
154 177 700
173 145 700
106 180 800
148 110 300
29 63 100
101 10 1000
67 118 400
177 39 50
31 132 100
108 172 800
113 63 550
108 157 450
60 79 350
67 7 850
31 21 350
166 146 100
48 163 750
16 60 100
72 41 550
200 126 350
186 49 50
150 43 750
27 105 400
48 50 650
123 157 650
196 138 750
15 13 800
56 82 150
24 59 800
80 168 250
137 183 700
178 166 950
109 51 350
1 170 750
3 17 750
17 144 950
133 195 950
45 97 450
49 102 500
88 135 350
14 60 150
115 165 550
132 13 150
118 178 150
191 151 650
140 125 950
33 29 1000
142 162 300
58 15 100
152 200 100
151 144 600
189 93 200
104 150 950
180 75 550
112 86 200
8 24 50
42 84 500
5 96 150
27 31 650
63 21 850
163 2 100
192 77 800
84 75 1000
31 27 400
199 63 200
92 27 250
20 165 850
44 150 700
7 34 450
157 28 900
142 165 750
94 162 750
22 185 250
8 137 750
111 68 250
104 157 850
106 161 850
51 109 100
52 101 450
76 35 50
70 132 250
5 105 650
172 129 450
137 161 750
105 162 400
72 90 300
28 157 650
47 163 450
121 98 900
162 24 1000
13 106 300
182 3 300
149 85 550
78 37 650
85 61 450
196 80 650
72 94 550
133 28 200
26 70 900
41 72 450
93 108 50
82 177 550
31 120 500
161 137 550
163 48 800
38 26 550
3 4 650
59 99 250
118 42 800
74 147 950
166 190 1000
8 40 800
65 9 500
46 21 550
177 154 750
34 174 450
145 113 200
182 30 250
147 40 600
78 95 300
151 191 250
155 56 400
194 21 900
94 63 200
35 161 900
132 195 350
152 76 800
136 134 950
161 130 850
146 35 500
77 46 150
135 117 50
142 15 250
153 119 300
199 42 500
114 53 600
115 129 300
150 95 150
7 9 600
103 21 800
54 44 800
148 161 750
169 124 850
138 91 600
36 161 250
5 68 550
81 19 150
135 175 600
10 17 700
31 110 600
109 16 450
101 77 100
183 163 250
83 18 300
84 111 300
139 57 250
33 65 750
141 160 350
53 14 450
181 121 750
164 7 400
129 99 1000
48 24 200
7 6 950
63 101 250
103 18 800
16 22 250
145 99 300
190 120 300
155 54 850
88 83 700
52 180 700
184 49 950
132 177 700
62 54 250
160 42 450
108 93 700
185 22 150
132 64 850
25 10 800
99 15 450
63 29 650
121 126 550
85 96 950
139 23 450
90 157 700
99 59 1000
152 131 950
190 144 500
63 98 650
47 164 450
105 101 200
54 62 950
112 17 500
167 128 650
26 90 800
10 176 300
84 159 200
88 90 350
116 37 850
88 26 300
173 106 650
194 69 850
178 119 100
35 25 50
163 44 950
37 176 400
28 66 200
167 91 1000
99 52 800
123 40 900
124 20 400
200 39 150
182 75 900
165 129 350
118 131 650
174 106 700
80 143 1000
56 155 250
19 17 550
94 136 350
22 46 700
133 121 750
16 147 950
132 167 850
57 131 100
62 32 500
120 39 100
30 73 100
141 122 700
4 121 1000
60 14 800
65 125 100
174 2 50
157 90 950
1 3 750
57 94 500
115 157 700
152 145 400
6 107 450
33 197 50
125 12 750
72 104 300
94 115 350
173 83 100
119 153 350
66 7 250
31 189 850
179 147 950
162 105 100
19 20 750
20 127 650
6 62 900
127 77 750
142 67 400
187 192 200
97 98 800
82 22 250
135 32 500
29 104 750
96 36 400
200 85 950
2 1 950
46 67 100
51 52 650
16 114 450
143 17 550
117 39 50
95 199 800
134 107 650
190 20 450
195 96 800
19 140 150
40 178 200
4 50 150
83 171 500
70 18 500
163 195 700
43 60 100
193 50 500
75 50 650
46 74 550
104 77 700
175 119 350
10 84 450
86 92 900
39 6 200
77 108 700
23 16 850
120 60 50
144 151 500
148 74 750
136 38 1000
192 131 850
174 23 950
157 37 850
101 142 900
98 136 800
44 76 550
46 77 700
42 118 50
137 154 450
123 97 900
55 54 250
20 20 50
77 101 650
22 16 500
136 94 800
87 194 550
126 121 400
146 107 500
93 165 300
185 60 350
42 168 300
44 180 600
69 48 450
28 75 650
29 115 500
139 72 300
110 6 250
22 82 350
80 53 950
26 17 700
137 50 950
71 180 200
80 196 600
88 4 450
181 159 950
128 5 300
20 19 900
96 68 300
60 186 150
43 146 450
64 61 750
65 161 900
173 64 550
161 67 50
35 35 150
91 142 550
164 200 600
185 69 150
191 123 400
49 195 500
161 60 550
90 74 900
2 110 800
78 118 500
79 108 950
196 133 400
108 39 600
75 182 700
154 196 1000
30 182 250
187 116 900
25 81 900
65 186 350
161 68 300
91 135 100
57 27 300
171 111 300
48 173 600
85 24 700
124 69 650
14 28 650
129 172 850
97 45 750
119 194 850
86 9 800
112 89 50
98 4 850
118 67 200
49 19 550
39 147 400
21 157 100
59 70 800
187 141 350
81 85 850
64 11 50
13 126 800
25 14 1000
70 113 400
92 6 450
75 70 100
40 36 950
100 70 100
120 199 800
61 85 500
129 165 100
105 38 750
125 59 350
184 8 250
99 86 1000
170 39 250
151 11 900
85 200 800
30 118 950
10 101 250
35 73 600
146 60 50
40 156 400
168 81 50
25 35 400
133 194 300
191 1 700
156 101 950
146 79 550
8 52 50
7 36 100
100 117 50
104 8 850
90 39 700
2 123 400
96 183 900
101 170 550
48 42 150
105 47 250
16 67 450
112 87 400
80 160 300
132 161 800
62 16 900
27 30 750
123 2 600
197 99 350
141 42 100
125 165 350
126 13 850
91 125 1000
131 108 950
151 113 250
136 97 300
84 84 550
13 112 1000
107 93 1000
90 191 650
146 70 1000
20 166 950
167 17 1000
43 15 50
122 185 250
67 133 550
140 117 300
179 50 200
72 88 400
106 174 800
81 157 1000
6 110 350
136 153 1000
190 44 900
173 12 700
12 142 1000
74 6 300
77 59 100
188 2 200
117 100 700
28 14 950
178 40 850
73 198 350
171 75 700
122 192 850
72 95 550
53 163 350
99 41 100
155 34 950
122 82 250
158 45 600
34 7 900
38 136 150
61 148 100
45 58 450
173 5 950
161 136 800
197 143 950
146 41 800
111 132 650
185 122 150
75 98 800
39 120 800
80 119 300
165 125 50
58 25 550
8 184 300
116 33 900
52 116 950
113 66 200
77 92 400
81 25 650
108 20 250
31 96 50
14 168 500
52 27 300
132 83 250
102 84 750
24 85 1000
43 147 400
142 12 1000
199 37 400
1 38 400
75 27 1000
38 109 1000
95 84 900
80 110 950
188 135 550
99 145 900
21 183 950
73 65 350
54 45 950
101 105 600
98 75 50
133 13 700
83 24 350
195 137 700
163 80 850
180 96 450
59 3 50
101 95 650
175 162 450
14 179 150
144 190 600
198 1 350
91 89 650
49 186 700
159 181 200
70 79 500
71 87 850
80 126 600
2 167 300
168 195 550
46 36 200
11 66 500
192 187 850
179 14 1000
135 173 400
37 84 950
169 156 750
4 163 550
5 59 500
47 15 150
123 182 150
86 62 400
126 193 150
185 164 650
59 24 950
42 48 600
81 11 550
120 26 550
10 25 250
156 40 200
177 117 1000
88 195 400
144 181 50
126 80 550
37 182 850
120 137 950
90 154 500
163 183 450
130 107 350
176 58 200
50 146 950
51 32 700
53 135 1000
184 74 450
131 152 500
170 101 600
8 173 1000
10 177 450
66 50 100
126 200 1000
112 97 550
111 43 1000
161 148 950
144 172 300
163 47 450
92 95 600
82 37 650
85 104 50
33 82 500
87 131 350
70 185 750
18 83 150
1 9 350
78 9 1000
26 51 900
63 106 100
176 49 150
73 116 100
184 81 100
79 144 900
131 129 300
61 64 450
62 86 100
84 167 50
17 26 950
24 116 100
188 69 550
133 137 500
102 72 950
177 103 500
72 139 200
126 66 250
199 120 350
92 86 100
183 137 950
39 132 500
193 39 200
85 113 100
1 2 100
95 72 100
172 45 500
28 151 1000
51 46 950
150 105 750
98 111 850
152 98 50
160 193 300
17 19 850
116 52 550
86 178 350
124 62 600
9 138 200
11 17 500
49 166 450
14 5 850
144 41 300
66 13 550
183 21 1000
155 100 750
103 49 1000
94 123 300
198 51 350
20 7 900
10 61 850
159 1 950
72 185 350
55 80 700
23 139 300
136 32 650
192 141 400
186 57 300
171 147 500
190 141 250
10 194 150
48 129 800
140 52 500
51 60 250
105 68 300
54 27 1000
168 193 800
98 97 100
15 83 150
17 112 750
41 135 1000
135 128 250
13 89 50
107 130 650
18 36 450
146 113 850
44 190 100
29 121 550
67 186 700
32 136 550
69 194 250
137 8 850
46 82 750
69 83 900
179 120 550
15 43 450
128 144 50
153 136 200
30 27 200
13 193 500
108 65 650
111 84 200
132 132 350
45 123 200
83 184 250
84 42 250
68 172 150
176 6 850
181 6 950
110 148 650
8 25 750
120 179 600
142 196 650
133 52 550
195 176 650
63 113 950
126 135 650
145 49 800
128 151 800
184 116 550
2 7 700
42 126 350
153 145 750
29 33 750
76 152 200
112 187 550
42 1 850
82 104 750
192 99 50
198 73 500
195 1 300
93 189 800
42 144 200
11 61 250
32 134 300
124 79 700
89 91 150
145 153 1000
190 166 50
48 6 200
120 147 500
15 57 700
73 2 950
50 75 850
19 58 150
150 142 700
61 118 300
62 124 800
10 78 100
102 151 750
107 134 350
88 12 1000
159 84 50
96 5 150
198 49 700
56 53 50
40 175 350
96 92 500
116 23 750
151 101 550
64 53 400
192 122 550
193 108 500
31 46 650
89 51 450
10 133 100
147 152 550
166 153 650
95 13 750
122 173 250
141 187 100
107 6 950
53 78 600
110 17 850
57 139 900
95 103 300
76 54 300
180 71 850
71 165 150
27 3 550
197 170 250
79 138 250
18 8 550
1 192 600
63 93 550
193 22 850
157 8 400
16 62 250
70 129 100
8 157 850
118 40 650
101 160 250
78 4 500
175 19 350
52 145 350
171 169 300
139 137 550
86 112 750
89 140 800
197 147 800
198 35 250
127 155 350
92 111 700
142 170 600
79 147 650
193 126 850
13 118 950
18 3 350
129 12 250
38 70 800
95 115 1000
42 141 50
154 60 800
68 23 100
53 80 900
99 197 250
177 198 800
51 102 450
19 81 450
94 72 100
98 23 650
7 197 500
173 18 400
177 87 450
158 179 450
163 4 500
112 167 200
59 87 600
6 7 550
136 98 250
102 11 850
49 157 50
32 51 300
71 114 150
6 176 200
172 8 150
57 45 750
21 31 450
7 28 50
172 21 250
191 158 450
125 91 1000
144 113 400
92 132 150
99 38 250
79 67 650
178 199 100
51 111 450
198 130 650
145 22 450
54 200 250
180 52 450
150 170 950
133 162 650
174 9 700
137 167 450
12 143 950
178 86 550
87 112 400
40 139 400
3 1 850
116 107 100
145 92 450
31 2 700
181 108 900
1 43 700
21 24 950
48 74 900
11 94 950
68 5 950
51 199 400
36 46 300
165 115 300
170 142 100
118 61 700
86 42 300
183 62 50
45 57 300
105 169 850
185 1 150
3 6 750
99 183 450
135 200 750
172 39 250
156 115 300
157 123 650
163 131 200
164 19 950
22 145 500
117 29 550
27 198 550
65 15 50
122 200 150
125 109 600
59 156 1000
21 173 700
119 190 400
138 94 150
11 164 900
160 175 400
15 99 50
55 200 550
183 55 350
130 161 200
81 24 300
192 37 50
30 83 300
87 6 1000
127 191 800
132 92 750
64 111 450
50 14 550
141 165 950
90 137 350
18 103 450
147 194 800
40 8 350
149 101 500
78 53 700
4 130 200
140 99 1000
197 94 650
79 5 450
92 145 850
190 119 250
3 46 500
69 20 1000
52 124 50
15 104 650
109 125 200
38 187 750
177 115 250
106 43 700
159 39 250
142 101 500
127 164 150
74 48 450
198 27 350
21 194 550
24 143 150
117 126 250
18 94 250
165 157 550
21 51 600
95 92 550
129 114 450
43 106 1000
9 174 350
128 167 400
57 186 750
4 172 50
9 63 100
20 108 650
60 139 200
152 92 350
134 28 650
192 51 500
137 195 700
67 75 1000
12 179 700
164 185 800
166 10 650
39 145 600
149 6 850
86 151 700
25 8 1000
63 31 300
32 86 400
168 80 650
144 197 50
127 50 450
148 194 200
21 60 50
95 69 950
100 16 250
193 197 450
197 72 750
98 90 700
143 12 700
154 149 450
123 78 50
158 14 200
69 6 50
96 13 50
112 11 650
161 171 750
1 159 550
106 81 950
26 129 750
135 53 900
32 109 50
90 98 300
129 115 400
4 3 350
80 84 950
147 108 350
101 151 850
191 160 650
177 132 350
68 96 900
16 6 1000
72 99 600
54 55 450
64 173 850
194 119 700
33 179 850
180 6 800
111 51 900
130 133 500
77 127 1000
60 153 300
6 69 850
192 1 650
155 183 750
138 197 800
30 79 400
70 38 50
183 136 50
168 42 50
132 48 300
23 116 1000
62 177 300
135 37 450
28 97 600
122 132 1000
140 176 150
146 148 250
22 180 700
170 197 200
171 164 650
150 84 100
68 111 150
37 78 50
147 79 100
172 189 950
29 143 950
15 76 400
128 59 900
187 85 200
126 74 950
146 124 900
4 98 550
157 81 700
161 22 450
72 2 500
149 130 200
193 168 650
29 23 250
162 15 700
145 77 100
54 1 750
59 182 150
4 128 750
6 164 300
9 91 150
66 28 550
179 116 50
17 11 950
163 116 150
19 53 250
15 47 450
148 61 700
167 133 300
64 42 650
120 55 450
83 173 100
84 37 850
13 95 950
17 164 600
199 105 150
116 163 900
190 126 750
85 2 850
73 157 650
129 70 800
168 167 400
149 139 800
78 99 750
26 13 550
113 144 750
174 125 150
124 146 850
143 24 650
97 112 1000
100 155 50
116 59 600
156 193 850
14 158 100
92 60 300
93 170 600
38 32 200
60 21 650
87 166 350
53 114 550
27 75 850
51 4 200
143 97 400
112 128 850
98 121 250
183 96 700
173 52 450
122 115 250
141 11 850
40 162 650
24 81 750
151 86 400
49 127 900
144 128 300
199 95 50
57 15 800
168 6 350
177 106 200
130 94 200
22 80 950
80 55 50
61 11 250
171 128 250
103 95 900
69 91 850
52 133 900
146 19 350
27 52 350
174 149 1000
177 42 150
158 84 850
162 139 350
163 107 1000
111 92 600
114 144 850
116 9 500
113 21 800
87 199 800
17 143 550
57 16 300
60 43 250
13 113 1000
185 63 650
32 135 250
87 180 750
90 72 1000
145 152 500
164 89 300
94 197 600
98 152 500
8 144 250
11 141 250
52 140 950
147 112 350
24 48 450
118 78 800
147 1 600
14 192 400
52 51 350
127 148 250
90 155 950
39 200 500
102 103 400
14 115 800
75 67 300
40 63 950
171 83 300
42 152 50
23 174 700
99 73 100
100 75 500
49 29 950
69 188 600
179 33 100
200 122 100
182 62 950
124 169 600
170 171 200
154 90 700
176 195 600
160 141 400
196 142 600
36 154 200
138 117 500
103 162 750
126 1 150
21 103 550
111 98 150
39 193 850
32 38 250
96 195 800
4 52 950
99 78 800
7 41 350
193 21 150
54 76 300
110 25 200
165 71 800
186 60 150
115 78 500
79 124 800
173 135 750
105 36 500
5 100 750
24 135 450
115 81 650
49 10 300
199 178 350
3 18 850
79 146 300
82 56 400
85 71 300
181 25 550
4 51 650
117 153 800
117 1 500
194 148 550
125 65 500
74 126 50
39 90 800
148 127 150
5 109 950
27 16 350
119 67 150
66 77 950
52 8 100
162 175 650
114 180 100
23 68 550
12 88 750
102 8 800
157 104 550
107 39 700
93 128 550
3 168 350
167 19 700
43 1 800
33 43 800
34 155 800
144 114 250
1 66 50
26 38 400
5 197 400
81 156 750
154 183 650
13 133 400
180 93 300
145 21 800
112 64 50
153 117 300
135 189 150
1 195 600
106 63 950
15 141 350
1 185 600
183 81 800
131 87 250
132 111 100
102 3 250
49 149 200
199 49 300
1 42 300
40 27 700
7 20 900
11 81 650
101 149 900
33 44 950
97 79 50
27 113 400
175 41 50
88 65 900
69 33 1000
15 101 550
143 80 850
113 79 300
41 77 450
187 58 700
151 16 800
192 47 550
66 95 150
30 105 850
13 15 800
141 90 950
125 181 450
108 147 50
163 53 750
184 97 250
59 100 200
2 56 950
45 73 700
28 7 500
13 96 900
142 11 550
75 100 250
117 28 650
135 88 150
103 25 450
16 27 250
57 175 1000
117 141 750
123 186 900
88 72 100
183 54 850
10 21 950
70 59 150
163 58 600
55 120 150
96 119 800
59 125 600
23 83 500
89 164 500
157 115 800
181 125 500
147 197 650
38 99 300
17 10 500
48 121 50
95 66 550
9 53 650
157 21 400
185 161 100
59 5 850
21 193 550
77 36 800
193 82 50
78 115 650
49 184 600
39 194 500
27 40 300
50 138 400
103 15 700
37 82 700
167 132 800
78 172 550
6 185 150
8 168 50
175 196 1000
158 4 200
37 35 50
111 44 150
117 135 700
136 183 500
199 83 950
139 162 850
85 187 800
107 163 150
142 109 700
91 80 150
38 2 450
166 87 850
25 15 500
1 54 650
2 188 1000
169 194 850
5 145 550
189 31 150
56 151 400
133 125 750
117 152 500
118 30 200
122 95 450
34 41 300
128 46 350
20 116 900
58 163 700
187 70 900
25 103 850
51 89 500
3 101 1000
167 84 600
121 4 350
139 40 650
14 50 300
165 142 50
99 129 100
4 12 550
152 141 800
155 104 250
48 110 950
83 30 800
68 97 400
147 43 500
34 177 600
142 150 100
73 122 750
184 83 200
2 38 550
131 131 750
62 84 500
10 166 600
66 11 900
178 154 50
19 167 550
41 146 300
60 154 350
6 58 250
14 138 200
62 182 400
50 51 700
16 23 500
14 53 850
76 137 800
73 99 450
55 183 250
26 119 50
190 16 300
16 108 450
16 141 800
54 190 750
41 155 700
134 6 950
49 75 100
178 100 300
91 167 350
8 102 700
62 185 250
87 147 700
90 117 950
145 179 250
129 76 650
82 29 500
30 156 100
55 140 500
147 87 150
167 168 500
144 42 950
4 10 550
52 88 250
108 77 900
109 89 50
37 199 800
111 64 750
23 20 750
178 31 900
87 59 950
132 39 800
117 90 400
134 136 200
48 132 500
29 126 400
51 145 850
173 21 850
110 123 200
129 69 950
22 71 700
138 9 50
168 14 1000
155 127 950
193 160 250
14 25 300
125 27 500
177 82 800
6 74 400
115 29 600
27 57 650
83 196 250
152 147 350
125 140 450
17 3 800
37 192 700
99 140 650
187 98 550
126 117 900
181 59 250
145 173 50
110 2 700
17 185 50
77 145 500
101 27 500
125 133 550
15 90 100
20 23 500
42 4 850
25 68 750
136 65 650
65 173 650
142 91 400
91 138 900
75 84 1000
39 170 50
4 88 150
191 127 1000
11 6 250
70 146 500
115 122 850
61 10 1000
100 59 900
11 151 350
130 198 700
124 161 500
35 198 400
128 105 800
133 67 500
29 146 550
31 146 300
108 186 150
56 48 250
19 164 700
59 77 400
187 112 300
46 128 700
50 127 700
199 87 200
75 77 100
113 146 400
162 103 500
97 184 950
8 2 650
189 184 450
89 89 350
165 84 900
81 183 100
29 82 800
48 56 250
12 22 600
51 21 50
52 141 650
75 171 100
79 30 150
137 137 800
177 34 800
126 31 300
93 94 600
21 145 300
132 116 450
6 16 1000
104 82 150
13 66 550
74 112 250
93 180 250
186 67 350
4 78 600
23 169 350
99 72 800
135 126 100
104 29 700
68 35 950
33 7 200
16 57 550
71 22 850
137 76 450
74 195 450
165 93 400
149 174 300
81 168 650
12 13 200
51 26 200
197 7 700
147 120 950
172 144 600
66 120 400
139 146 650
195 49 600
122 141 550
128 22 900
40 152 50
96 85 800
116 24 1000
6 11 50
193 123 950
84 65 550
78 177 1000
106 82 550
53 36 400
1 198 50
96 196 700
22 139 950
65 33 150
90 91 350
147 16 150
95 133 400
12 4 150
126 190 800
77 181 700
101 63 500
91 121 800
17 33 250
131 104 700
132 122 400
35 65 300
32 62 350
72 197 450
92 24 200
20 154 400
7 33 1000
33 17 900
36 58 500
2 118 350
61 46 500
117 177 800
27 98 200
155 41 800
123 150 550
180 87 250
112 74 750
131 192 800
80 163 650
94 11 550
101 56 250
138 50 750
178 93 100
123 193 650
146 50 900
166 49 450
145 145 800
193 117 450
106 68 800
95 122 700
104 72 300
67 134 450
51 192 350
59 128 450
115 95 150
44 33 750
9 1 500
130 11 200
106 173 800
155 90 350
113 85 450
97 68 300
53 145 700
135 188 950
177 78 950
12 14 750
139 22 700
89 13 800
74 148 350
100 126 800
46 22 250
36 40 750
2 72 450
169 118 100
44 24 200
7 164 250
83 15 500
175 40 350
184 189 1000
119 80 350
67 86 650
89 109 950
128 93 500
181 194 850
55 98 750
114 167 500
191 57 450
85 81 150
53 56 650
38 105 550
39 117 150
80 106 1000
43 126 1000
135 91 350
139 149 1000
177 158 900
16 28 350
128 171 300
58 36 50
117 140 900
195 133 1000
158 27 150
76 101 750
180 44 500
134 32 550
4 8 50
86 146 700
91 69 950
146 31 100
40 123 1000
11 112 450
70 75 800
200 54 650
1 59 850
75 28 550
20 190 500
186 105 700
172 68 150
50 159 100
69 129 100
179 10 600
90 6 100
145 110 350
164 107 750
41 45 850
167 142 100
152 40 700
133 10 250
26 84 500
118 13 650
103 102 550
18 186 600
132 182 400
170 1 750
45 41 600
154 178 50
160 23 250
198 4 150
91 90 500
185 17 1000
42 199 750
101 15 50
82 46 300
33 69 100
6 181 50
164 3 650
39 107 450
22 161 150
102 49 750
7 2 150
28 133 400
29 49 950
68 124 500
125 200 450
55 171 600
2 85 700
94 130 50
41 22 500
169 105 350
137 112 400
102 194 600
160 191 200
128 40 650
77 75 700
45 34 900
10 4 900
127 11 100
12 173 550
180 161 1000
109 5 950
189 54 800
97 136 100
116 73 700
49 176 750
89 105 650
53 19 300
186 123 700
171 168 1000
135 70 300
104 85 50
140 19 300
34 183 100
56 152 900
152 54 400
27 92 700
176 140 50
21 188 750
72 46 1000
169 63 50
23 8 700
81 1 600
84 10 850
138 196 550
45 172 450
156 81 250
179 15 800
79 102 100
21 123 550
165 141 300
46 72 1000
171 161 450
11 102 100
29 3 850
12 125 250
69 124 100
142 151 800
6 168 1000
119 156 550
138 112 1000
16 151 950
15 65 950
18 167 750
56 14 600
20 124 500
77 125 500
102 79 350
157 165 350
107 144 650
62 183 300
191 90 750
139 32 800
50 48 300
119 178 1000
80 77 650
68 105 700
90 26 200
115 14 950
170 82 500
79 60 1000
62 92 50
173 199 700
123 94 750
159 116 450
197 193 700
91 9 950
60 146 300
81 115 800
10 49 400
98 27 250
106 13 850
65 35 300
111 171 150
169 171 1000
117 80 650
136 60 950
45 158 50
164 17 700
141 192 600
164 39 900
75 49 200
76 129 150
117 193 550
100 15 800
143 29 450
115 156 250
170 93 700
82 154 50
190 24 1000
10 169 50
177 5 850
180 22 700
181 128 900
112 137 400
130 149 800
23 23 600
82 122 200
100 5 550
167 66 100
132 32 400
196 83 250
114 71 550
80 59 600
129 131 250
137 4 650
46 78 950
140 55 900
16 109 650
180 110 350
36 96 900
76 15 600
4 137 900
83 199 900
177 62 400
141 16 250
51 198 400
40 189 100
77 104 800
42 26 750
60 120 100
67 46 200
160 65 600
92 62 150
93 168 700
26 184 150
39 172 800
42 173 50
23 157 700
44 185 500
141 190 300
32 139 850
124 52 750
96 168 700
80 50 700
27 128 700
69 80 600
16 100 500
19 49 150
5 14 450
119 96 150
103 177 350
52 47 550
162 142 850
86 67 50
24 83 300
6 39 700
155 149 950
168 8 1000
167 112 400
116 179 900
174 34 200
33 116 900
179 145 750
144 17 750
36 7 700
149 155 450
170 167 600
81 189 200
80 91 400
196 154 600
198 162 450
73 30 850
60 199 50
27 54 950
101 3 400
23 29 750
15 162 550
54 155 1000
112 190 350
168 96 200
43 150 1000
126 100 500
92 12 400
113 145 750
132 29 300
63 40 250
49 199 450
89 88 150
144 8 550
182 37 950
39 51 950
95 150 1000
151 128 350
27 158 250
40 118 650
46 99 850
125 37 50
15 58 850
94 90 950
6 134 800
100 178 700
66 126 450
151 102 250
71 185 350
63 192 50
128 181 750
65 120 300
14 113 850
108 193 300
185 82 450
8 172 700
63 81 500
125 77 250
36 53 350
58 6 900
129 48 900
170 169 250
79 113 750
7 67 400
83 114 750
195 163 800
106 177 500
162 40 250
94 93 750
77 187 950
93 107 800
141 52 350
125 175 550
35 68 650
102 28 700
90 169 800
186 108 400
182 132 350
57 32 1000
21 10 600
63 94 600
50 193 850
196 96 350
90 88 650
73 160 350
110 31 350
94 181 800
96 180 450
150 44 650
101 173 750
194 10 250
195 168 600
125 55 900
20 69 400
48 69 200
42 86 450
152 117 650
82 193 650
190 38 100
175 141 750
197 144 850
1 126 600
40 128 500
6 3 400
65 136 1000
121 91 200
50 105 300
161 106 1000
163 145 250
147 171 700
44 148 250
16 40 1000
142 167 800
59 138 200
162 198 950
61 45 850
26 113 800
27 101 250
121 181 650
104 155 500
124 198 750
198 142 300
98 18 100
151 28 750
27 18 150
70 2 700
3 29 750
24 182 350
84 80 850
