80 3161
  1
  2
  3
  4
  5
  6
  7
  8
  9
  10
  11
  12
  13
  14
  15
  16
  17
  18
  19
  20
  21
  22
  23
  24
  25
  26
  27
  28
  29
  30
  31
  32
  33
  34
  35
  36
  37
  38
  39
  40
  41
  42
  43
  44
  45
  46
  47
  48
  49
  50
  51
  52
  53
  54
  55
  56
  57
  58
  59
  60
  61
  62
  63
  64
  65
  66
  67
  68
  69
  70
  71
  72
  73
  74
  75
  76
  77
  78
  79
  80
32 54 550
31 6 50
14 74 100
53 53 750
40 22 200
4 36 250
78 39 800
43 3 950
7 25 250
65 50 550
46 12 550
29 44 650
16 47 650
1 64 250
41 57 900
80 12 450
79 76 1000
48 37 950
12 59 550
34 8 100
17 64 900
73 35 250
20 75 700
38 32 150
45 61 300
67 80 100
46 64 800
74 2 850
20 58 400
3 2 750
77 55 800
50 27 250
31 15 200
14 77 400
1 40 350
40 29 800
21 37 150
4 35 700
46 20 300
33 34 850
72 67 600
36 41 850
2 73 100
41 34 750
22 12 850
61 63 500
26 67 200
9 9 600
69 47 1000
17 57 50
37 54 200
59 9 400
24 21 950
42 20 50
52 24 900
74 13 350
38 31 350
3 11 150
25 58 150
32 68 900
33 74 650
1 33 900
57 60 100
4 42 900
48 68 200
2 64 700
58 37 1000
44 16 600
66 37 400
12 41 850
69 40 150
34 26 400
19 17 550
59 14 750
24 28 800
5 70 550
10 19 450
70 57 750
25 3 500
8 69 200
28 24 150
75 31 100
40 11 250
78 56 50
40 52 100
26 34 700
7 4 500
46 33 300
11 65 300
16 20 400
73 69 150
54 33 650
58 44 350
22 30 300
5 62 900
44 15 1000
27 65 200
47 2 400
12 32 400
69 17 600
34 21 350
37 56 900
76 69 50
59 7 150
5 79 150
62 48 300
10 26 950
32 6 500
67 71 300
70 48 350
75 30 950
25 4 1000
8 76 500
28 23 500
33 68 650
70 67 950
53 9 100
1 51 600
75 20 50
26 45 450
11 70 950
12 72 150
33 53 400
16 11 700
73 78 850
77 65 200
41 21 550
79 32 650
44 6 550
66 55 400
51 76 800
59 28 750
42 60 950
5 72 700
67 76 1000
30 64 350
13 56 850
70 43 700
35 23 900
55 72 500
25 13 1000
63 24 1000
23 32 500
14 41 650
72 16 350
58 79 50
21 57 500
4 7 700
78 10 100
26 52 800
46 51 400
12 71 150
51 36 600
54 51 250
19 15 200
58 62 1000
22 40 150
5 32 550
61 67 100
47 16 650
34 39 950
56 8 300
23 11 300
6 65 550
62 34 250
45 26 750
10 12 650
67 53 250
30 75 550
35 28 550
18 60 750
74 33 450
55 65 750
25 22 200
50 54 400
72 23 450
53 27 700
78 13 900
46 58 750
29 2 900
51 45 950
54 10 150
37 66 300
58 57 800
41 7 450
5 41 100
79 54 1000
9 46 250
47 25 700
34 62 950
15 64 450
59 42 150
42 46 200
6 56 1000
45 19 250
49 80 150
32 8 900
31 64 700
63 46 600
74 40 400
38 50 600
53 25 950
64 78 300
11 28 900
50 49 600
14 59 300
72 30 600
71 62 300
39 17 200
78 20 850
26 6 50
29 27 350
65 11 1000
54 13 550
19 29 1000
2 63 200
76 26 250
47 38 450
30 42 450
56 22 900
55 38 150
20 4 450
59 35 150
42 41 200
62 44 50
10 62 50
49 73 650
32 15 800
13 35 400
18 46 100
38 53 650
60 2 100
43 58 650
11 21 900
14 2 100
72 5 750
80 69 550
51 59 250
15 33 700
22 61 500
5 27 650
30 45 1000
56 29 300
19 22 500
20 3 200
59 56 600
42 16 750
6 42 650
51 18 200
10 57 150
67 40 1000
50 80 450
70 23 800
57 2 350
14 5 150
72 12 750
1 16 400
22 69 600
26 8 700
46 79 900
47 71 700
2 49 1000
76 8 450
79 13 600
62 79 800
9 65 800
66 18 50
30 20 650
34 75 800
17 1 500
56 36 500
55 52 700
3 50 100
59 49 800
42 27 50
23 47 200
6 45 1000
67 17 50
32 29 550
70 14 1000
57 11 550
40 77 1000
3 67 250
57 77 650
43 40 150
8 22 250
63 37 400
11 3 800
68 48 100
14 12 100
72 51 300
71 37 100
75 46 600
55 43 750
80 51 350
26 19 150
48 12 1000
73 20 100
54 22 250
76 7 300
24 37 100
27 48 400
47 61 500
30 31 100
52 40 1000
35 80 800
55 13 650
20 17 550
3 59 800
59 54 550
42 2 150
25 74 300
6 36 50
64 59 950
32 20 700
13 78 1000
70 1 50
35 33 700
74 76 1000
57 12 450
59 67 350
3 72 950
57 28 650
43 33 750
11 56 200
68 63 750
33 11 600
14 23 550
72 58 750
75 39 550
39 53 350
80 42 150
7 76 750
48 3 200
12 25 50
68 78 850
2 3 500
79 19 750
10 67 150
52 55 950
59 79 50
23 61 900
6 31 600
28 40 900
32 43 1000
35 38 500
57 21 850
60 38 150
8 4 300
63 43 300
68 38 700
33 12 400
53 65 800
39 50 250
80 33 850
44 63 450
69 65 550
24 51 200
27 14 100
49 29 800
30 9 150
3 41 550
60 78 150
24 6 800
67 4 650
18 13 750
38 72 100
4 72 1000
8 11 800
7 45 150
29 64 250
33 5 550
16 59 400
72 40 300
71 16 150
54 72 450
58 7 750
80 24 200
7 66 950
19 71 650
2 21 650
76 44 100
53 77 800
27 7 550
49 22 800
52 5 150
35 71 300
55 24 950
20 46 50
23 51 1000
6 9 1000
24 80 50
32 57 800
31 19 150
53 34 300
18 4 950
38 67 200
21 9 950
4 55 200
60 52 200
16 50 1000
72 47 250
39 32 50
9 21 100
16 65 950
73 48 500
19 76 400
20 70 600
24 1 550
40 34 100
52 12 800
20 53 500
3 23 250
26 74 500
23 72 900
28 53 250
31 24 100
53 43 950
40 16 400
39 72 450
65 56 350
48 80 700
11 36 50
68 19 100
33 23 400
16 41 200
71 6 150
36 36 350
1 78 600
58 9 850
80 22 800
79 70 150
44 36 550
9 30 650
15 16 750
37 3 450
41 64 250
24 8 300
27 21 350
66 72 400
13 26 750
52 11 900
74 24 350
20 60 1000
3 28 850
77 61 650
25 47 300
64 30 150
28 12 850
53 52 300
57 49 700
21 27 150
4 37 150
78 36 400
8 32 150
7 24 450
46 13 350
29 43 600
68 26 50
33 40 450
36 35 950
2 79 750
58 16 600
61 37 350
44 35 800
9 7 850
12 52 600
17 71 1000
73 34 650
37 12 100
41 73 100
24 15 700
45 60 900
49 57 550
13 19 350
74 3 250
3 5 200
45 77 850
28 11 600
50 24 750
31 14 50
53 61 500
1 47 350
57 58 100
40 30 500
21 36 500
4 44 650
8 39 50
65 10 1000
48 78 450
29 36 300
68 1 550
33 33 500
2 70 150
22 13 450
31 75 950
44 26 850
9 8 750
66 43 1000
12 51 750
54 48 950
73 43 900
37 53 600
59 8 350
49 50 550
13 12 700
52 25 700
38 28 950
77 47 450
32 69 200
33 73 100
67 70 600
53 6 150
57 67 800
21 45 450
65 3 200
46 31 500
73 67 850
54 47 50
41 42 600
5 52 900
26 75 350
27 75 50
66 34 900
47 4 500
12 42 850
76 79 400
59 1 600
42 75 1000
62 14 950
38 23 350
77 40 50
57 69 350
8 70 100
57 68 600
4 18 600
78 57 750
26 35 900
46 38 350
11 64 250
33 51 350
16 21 950
58 45 400
22 31 750
5 61 350
9 58 250
47 13 900
12 33 600
69 16 250
17 42 500
37 39 600
45 39 550
10 27 550
49 44 1000
35 17 150
63 18 650
28 16 50
50 5 750
70 64 650
34 47 400
75 23 300
58 69 500
4 25 850
26 42 1000
65 29 550
12 73 250
73 77 200
19 9 550
58 52 600
41 20 750
61 73 950
44 7 850
66 52 350
51 79 750
34 45 500
17 35 100
56 2 500
37 32 1000
77 73 500
23 13 1000
49 45 150
67 79 1000
13 55 550
34 40 900
74 39 250
55 75 950
38 1 300
25 12 550
9 59 900
50 60 550
14 46 750
71 75 500
1 11 500
75 12 100
58 76 600
21 56 1000
26 53 500
46 48 800
16 3 300
36 78 750
2 42 650
58 63 400
22 41 50
79 40 350
62 80 300
69 2 100
17 36 800
56 9 650
37 41 100
62 35 350
30 72 600
13 48 500
60 13 950
71 64 200
64 72 450
50 55 950
14 49 700
72 24 450
53 26 850
18 76 100
1 12 50
21 65 50
29 1 550
39 27 950
19 23 1000
2 37 900
76 28 550
41 6 50
47 24 100
37 26 950
17 29 450
56 16 650
59 45 850
23 3 900
6 57 350
62 42 550
45 18 150
67 61 650
32 9 100
35 4 800
40 67 800
60 4 600
64 79 100
63 9 800
11 31 650
14 56 650
1 5 150
21 74 750
46 66 550
29 26 350
51 53 300
32 24 1000
37 74 300
2 60 550
76 27 300
22 59 150
79 62 950
62 66 1000
27 44 450
66 1 250
30 43 850
15 72 150
56 23 250
55 33 800
20 5 350
6 48 950
45 11 550
67 34 600
35 13 50
60 3 850
64 70 400
65 72 550
38 34 900
72 6 1000
1 30 50
75 51 50
78 28 850
43 74 300
26 14 300
29 19 1000
51 58 450
15 32 500
54 5 700
19 37 450
2 55 900
76 18 900
22 50 400
5 26 750
79 7 750
62 69 900
66 24 800
30 18 450
39 79 700
55 62 450
20 12 950
59 59 250
42 17 300
64 46 650
45 4 900
32 7 450
70 20 550
18 38 650
38 45 850
57 78 800
63 63 500
11 13 650
50 32 50
14 10 850
72 13 900
71 47 400
1 23 950
39 6 50
80 61 550
26 9 850
48 22 450
54 28 50
19 42 100
2 14 150
76 9 600
5 3 600
66 19 400
47 55 850
52 34 350
56 37 600
55 55 800
3 53 250
59 48 950
24 78 900
25 64 50
6 34 150
64 37 550
10 33 900
50 72 350
35 59 700
74 66 750
57 10 650
38 36 950
3 66 300
8 23 200
63 36 950
28 74 550
11 2 550
61 14 800
26 16 550
48 13 600
51 8 1000
15 54 600
19 51 500
27 51 450
34 67 50
20 18 200
77 31 400
42 3 50
25 73 400
32 21 950
13 77 800
35 32 800
18 24 450
60 40 250
43 32 450
11 59 700
33 10 650
72 59 950
53 71 700
61 7 800
7 79 450
12 26 100
68 79 50
51 17 100
24 45 350
27 8 150
69 26 550
3 35 150
59 78 200
42 10 450
6 28 1000
64 51 150
32 44 950
13 70 500
35 41 750
57 20 700
40 60 200
43 25 950
63 42 650
11 48 850
14 31 800
39 45 1000
80 34 950
48 59 500
51 22 1000
19 65 450
2 27 550
76 54 950
24 52 450
71 20 200
27 1 950
49 28 850
55 2 650
20 32 850
23 53 100
6 23 700
28 32 500
67 7 1000
32 35 850
31 21 700
35 46 350
18 10 1000
75 71 600
38 73 150
60 62 600
43 30 200
8 12 250
7 44 600
11 41 250
16 60 600
53 73 400
36 55 300
58 4 550
78 67 650
9 19 350
48 50 650
12 8 300
51 31 1000
16 75 550
15 13 800
73 14 850
32 31 650
2 18 1000
76 45 1000
24 59 750
52 58 550
55 27 1000
3 17 750
60 70 1000
6 14 750
64 1 250
28 63 450
32 58 900
31 18 250
53 33 900
57 38 900
79 66 950
8 51 650
7 37 250
65 38 400
38 37 550
11 46 400
68 21 100
71 8 950
36 62 400
37 21 400
80 16 150
9 20 100
12 7 350
69 50 900
16 66 50
19 79 700
20 71 750
24 2 850
27 31 950
66 78 700
49 14 350
52 13 350
74 30 550
23 75 750
28 54 100
32 49 100
31 27 500
14 65 900
57 47 450
40 17 100
39 75 250
4 63 200
8 58 200
7 34 450
46 11 500
11 39 600
68 28 800
65 60 950
36 37 350
1 77 350
44 37 600
69 59 850
34 15 850
15 19 300
46 18 200
37 2 500
20 78 550
41 71 350
24 9 1000
62 26 50
27 20 100
49 7 400
13 25 700
52 20 900
74 25 50
25 46 350
64 31 700
28 13 50
14 72 850
53 51 600
40 24 1000
21 26 600
26 17 650
43 5 500
8 33 450
7 27 450
63 78 550
48 72 600
29 42 300
68 27 700
23 55 200
16 33 800
36 44 400
1 70 200
58 17 950
41 63 1000
79 78 300
9 6 500
48 39 150
12 53 150
36 77 250
69 36 500
34 6 500
17 70 50
73 33 800
45 59 400
8 14 750
13 18 800
38 26 200
3 4 600
77 53 850
45 76 950
32 79 600
79 41 900
57 57 700
40 31 800
21 35 150
4 45 100
65 9 600
48 79 450
29 35 850
33 32 250
36 43 200
2 71 650
41 32 350
26 65 900
69 45 300
34 1 450
17 63 200
73 42 500
59 11 650
42 65 400
9 72 700
13 11 400
52 26 150
38 29 450
3 13 1000
75 28 900
8 64 800
45 69 150
28 3 50
50 16 900
1 39 900
57 66 450
40 6 800
21 44 100
4 20 200
78 55 300
8 47 900
7 9 500
48 70 500
33 57 50
34 64 150
1 80 1000
22 5 700
5 51 250
61 54 400
9 48 100
47 7 550
69 22 800
37 61 850
76 72 400
24 30 1000
62 15 900
45 45 250
10 17 500
80 70 650
49 42 550
70 63 550
67 73 250
77 39 950
8 71 150
63 20 100
50 11 500
33 65 100
53 14 200
57 75 400
26 32 950
7 6 950
65 27 50
46 39 850
16 22 250
58 42 900
22 28 1000
72 72 450
26 64 700
27 67 600
47 12 200
12 34 300
51 73 250
48 76 50
37 38 600
59 25 50
5 77 650
45 38 550
10 24 300
49 35 300
70 54 850
55 77 500
8 78 650
28 17 1000
27 78 200
70 65 500
53 23 550
1 49 500
57 76 550
4 26 300
78 1 300
29 14 150
51 33 850
16 13 200
19 8 800
5 37 550
79 34 250
66 53 200
47 21 550
34 42 150
17 34 500
37 47 50
59 30 750
42 58 300
23 12 850
6 76 150
67 78 800
30 70 1000
13 54 300
70 41 300
35 25 400
55 74 500
38 6 750
25 19 500
72 18 450
53 16 800
1 10 950
75 15 850
4 1 650
78 8 50
26 50 100
65 21 250
46 49 150
16 4 350
54 49 50
37 71 850
22 46 550
9 43 900
52 79 700
59 23 400
6 71 250
62 32 500
45 24 50
10 10 100
67 55 350
30 73 900
13 47 900
74 47 900
55 67 450
38 57 50
64 73 200
63 3 250
71 67 250
1 3 700
4 8 50
51 47 900
37 64 300
2 34 450
41 5 850
79 48 200
9 44 950
66 7 200
34 60 50
17 28 500
19 20 400
42 44 950
23 2 500
67 60 400
31 66 350
40 71 350
11 30 850
71 56 1000
1 4 450
75 61 550
22 73 250
78 26 150
26 4 500
46 67 650
51 52 150
54 3 950
19 31 700
41 14 150
22 56 500
5 16 850
79 57 600
17 14 100
47 32 800
30 40 250
15 75 750
56 24 650
20 6 550
24 65 150
67 37 1000
13 33 350
40 65 950
43 60 500
24 19 700
64 71 300
63 49 650
11 23 650
50 38 900
17 69 600
72 7 650
36 21 450
1 29 100
25 37 50
39 8 100
80 71 350
43 77 1000
48 16 100
29 18 150
51 61 800
15 35 200
2 52 200
76 19 250
22 51 650
62 74 350
30 19 450
15 80 800
24 72 950
23 16 150
6 40 400
64 47 450
10 39 550
49 38 750
50 78 850
70 21 350
35 53 350
40 72 700
60 27 800
43 53 700
28 76 600
67 58 550
14 11 500
72 14 100
71 46 750
36 28 450
1 22 650
39 1 200
80 62 550
43 66 150
44 76 800
48 23 50
54 59 700
51 2 300
15 40 300
19 45 550
76 10 650
24 32 350
5 2 1000
66 16 900
47 54 700
34 73 750
55 54 300
59 51 150
23 41 350
6 35 650
67 19 800
50 73 450
18 30 700
40 79 250
60 18 150
43 42 1000
8 24 250
28 75 1000
11 5 850
68 50 850
44 75 150
12 28 50
68 65 300
51 11 850
2 6 450
76 1 200
5 11 750
27 50 500
47 63 600
30 29 900
52 42 800
56 45 1000
20 19 1000
3 61 500
59 72 650
23 38 500
6 26 950
64 61 750
10 41 700
67 24 150
31 38 900
70 7 400
18 25 550
3 74 300
4 68 50
60 41 500
7 57 800
63 44 150
28 66 200
11 58 600
68 57 100
33 9 100
72 60 50
39 55 800
80 44 200
44 66 550
12 27 900
69 70 600
15 62 200
73 3 950
19 59 850
2 1 950
79 29 750
27 11 200
10 65 900
80 78 950
49 26 900
55 4 50
77 23 700
42 11 950
42 24 550
28 42 550
67 1 50
35 40 200
57 27 400
40 61 500
4 67 600
60 32 600
7 54 250
65 43 1000
11 51 700
68 32 800
33 2 400
14 28 50
72 35 550
80 35 200
61 31 800
44 57 200
51 25 250
2 24 500
76 55 700
10 72 150
49 19 600
30 15 400
56 59 150
20 33 300
3 43 450
59 70 350
60 72 550
6 20 300
64 11 150
28 33 250
31 20 400
53 39 700
75 70 800
38 78 650
75 80 350
8 13 800
7 47 400
28 80 700
11 40 200
16 61 50
72 42 300
36 48 600
58 5 950
39 37 500
78 64 250
61 24 750
44 48 500
48 51 950
12 9 250
51 30 950
16 76 100
37 31 500
2 19 500
15 74 300
49 20 400
35 73 600
74 20 950
55 26 650
20 40 900
3 16 150
60 71 100
25 35 100
64 2 650
28 56 600
32 59 300
18 2 550
57 37 1000
38 65 750
39 77 850
8 52 50
7 36 100
11 33 650
33 28 150
36 63 700
39 34 800
80 17 500
61 17 900
48 42 150
69 49 650
37 24 600
24 3 700
62 16 600
27 30 1000
66 79 700
52 14 550
35 78 550
74 31 150
55 19 650
20 55 950
3 25 900
64 25 150
32 50 750
14 70 300
57 46 950
21 16 750
44 74 500
78 35 850
43 15 50
8 59 950
65 62 400
16 43 450
36 38 250
1 76 1000
31 73 700
79 64 500
12 63 650
69 58 800
34 12 800
15 18 500
61 41 250
41 70 750
24 10 150
62 27 550
66 70 250
74 6 300
3 30 350
64 16 250
28 14 200
50 31 250
14 73 600
53 50 750
39 67 550
8 34 700
65 55 550
48 73 100
68 4 450
33 46 300
36 45 650
22 8 300
80 15 400
61 35 400
44 29 400
9 5 750
66 46 300
12 54 400
69 35 650
34 7 900
15 27 1000
37 10 200
41 79 950
42 71 650
34 66 750
62 2 850
45 58 750
49 63 650
13 17 800
52 28 800
74 1 150
38 27 50
25 54 500
45 75 550
32 64 300
21 34 250
46 26 350
29 34 550
68 3 450
54 42 150
77 68 700
58 25 100
41 39 450
80 6 500
44 20 850
9 14 650
66 41 800
69 44 100
34 30 550
17 62 500
73 41 750
62 5 150
45 51 850
17 19 850
38 18 300
77 45 900
71 65 700
79 33 150
32 71 400
33 79 700
53 4 250
1 38 850
75 27 200
40 7 250
4 21 500
26 38 600
46 29 550
80 26 200
68 10 100
72 77 400
58 32 950
5 50 250
61 53 950
9 55 750
34 25 450
59 3 450
24 31 400
13 3 200
70 60 800
74 51 850
70 79 1000
53 13 400
75 16 750
78 63 1000
26 33 50
7 1 700
65 26 350
29 52 550
33 49 200
16 23 200
19 2 850
58 43 900
22 29 900
44 10 200
9 56 250
66 59 700
47 15 850
51 72 650
17 40 600
59 24 550
42 48 600
5 76 100
6 74 400
62 55 100
45 37 600
67 72 200
13 60 950
55 76 750
38 12 150
8 79 950
63 28 150
50 3 500
14 37 50
75 9 200
58 67 400
21 61 550
26 40 650
65 19 450
12 75 900
51 32 550
41 26 500
5 36 50
61 71 500
44 1 700
9 33 600
66 50 50
30 52 500
52 65 200
17 33 250
59 17 500
42 59 250
23 15 50
6 77 400
45 30 750
65 77 300
67 49 500
13 53 500
70 46 550
74 37 400
38 7 850
25 18 850
45 5 650
53 31 900
1 9 350
21 70 750
4 2 450
78 9 850
23 77 150
16 5 950
36 72 750
2 40 750
58 61 150
41 3 200
5 45 450
61 64 450
47 29 700
30 63 600
34 34 550
17 26 300
56 11 800
37 67 350
77 64 450
26 68 200
6 68 50
62 33 200
30 78 450
13 46 600
35 1 400
18 59 250
74 44 350
55 66 400
38 62 550
63 2 200
11 24 250
50 53 550
14 55 100
71 66 700
18 74 1000
1 2 100
75 7 100
39 21 800
4 9 1000
78 16 700
46 57 500
51 46 400
19 25 500
2 35 150
41 4 800
5 22 100
79 51 450
40 43 400
69 9 250
21 23 400
6 63 100
62 40 150
13 39 50
34 33 150
35 6 400
38 49 300
17 31 450
60 6 400
11 17 600
50 44 1000
37 63 850
14 62 800
18 69 450
1 27 50
75 60 400
21 72 700
80 65 600
26 5 750
48 26 900
51 55 50
19 30 900
2 58 1000
48 67 150
22 57 850
79 56 750
66 31 400
34 52 450
17 20 750
20 7 900
59 36 50
24 66 450
64 41 500
10 61 800
32 2 500
31 74 250
35 15 1000
18 45 700
55 80 700
43 63 700
50 39 950
39 11 150
80 56 650
26 12 650
46 75 150
29 17 550
15 34 950
54 27 100
22 48 150
79 1 650
27 39 450
47 40 700
34 79 250
17 13 900
56 32 350
55 56 650
59 61 550
24 73 100
23 19 150
6 41 550
64 32 500
67 45 400
50 79 450
31 51 250
57 7 250
38 35 100
60 20 550
8 18 850
65 71 150
28 77 1000
68 52 200
14 8 700
72 15 1000
71 41 500
36 29 1000
75 42 450
75 78 150
43 69 800
44 77 500
48 8 700
47 64 250
51 5 650
15 43 450
54 18 950
76 11 200
5 1 350
79 14 250
27 60 700
51 74 200
47 49 200
30 27 300
52 68 950
17 6 300
20 21 950
59 50 900
42 6 350
25 70 500
6 32 500
39 23 50
50 70 150
70 13 550
35 61 700
18 31 550
3 68 400
60 19 650
8 25 750
63 38 150
28 68 650
72 54 700
36 4 450
75 35 750
80 54 900
39 78 800
73 25 950
19 53 550
24 40 250
27 53 150
47 62 800
55 14 450
20 28 650
3 60 150
23 33 150
67 27 100
50 65 700
70 4 700
18 22 300
74 75 950
57 17 100
4 69 700
60 42 700
63 47 300
11 61 950
33 8 150
14 26 300
71 31 600
36 3 700
61 5 900
48 6 650
12 20 950
51 19 100
73 2 300
76 57 750
24 47 700
27 10 100
10 78 500
30 5 150
20 27 750
3 37 900
59 64 900
42 8 800
23 62 250
28 43 900
32 46 650
31 46 650
18 17 600
40 62 550
21 4 400
43 27 700
7 49 1000
65 42 100
11 50 550
68 33 50
33 1 600
14 29 700
72 36 500
53 78 400
44 58 500
7 70 100
60 16 700
51 24 100
19 67 550
76 48 300
27 3 250
10 73 550
49 18 350
30 12 850
52 57 300
39 74 950
20 34 50
3 42 950
77 15 50
53 20 300
32 37 400
53 38 400
18 8 250
38 79 950
21 13 700
43 16 700
42 79 250
7 46 150
33 26 350
16 62 100
72 43 250
54 79 550
58 2 450
39 36 700
61 23 250
44 49 200
9 17 700
12 10 900
73 12 250
24 61 300
35 72 350
74 21 550
20 41 500
25 34 500
28 57 50
67 14 700
32 60 400
31 28 450
53 47 900
39 76 700
43 9 150
46 6 500
68 23 700
33 19 100
16 53 500
54 70 600
1 74 600
61 16 700
9 26 250
48 43 750
12 1 600
16 68 50
15 20 500
73 53 350
37 7 800
76 38 200
62 17 550
49 12 800
74 28 850
3 24 350
77 1 700
25 43 100
6 7 550
64 26 600
32 51 600
14 71 600
57 45 750
40 19 1000
21 31 600
8 60 700
7 28 550
46 9 800
29 47 100
33 20 100
16 44 100
71 3 850
36 39 300
1 67 300
58 20 500
79 67 650
9 3 650
40 35 650
12 56 250
69 57 550
17 67 300
73 62 400
20 72 800
24 11 700
62 24 800
27 22 400
66 71 650
9 74 950
13 23 1000
74 7 1000
20 63 850
3 1 150
57 64 350
23 66 700
64 17 450
28 15 250
50 28 700
31 2 600
14 78 100
53 49 400
1 43 700
40 26 300
21 24 250
4 32 600
29 40 600
72 64 950
54 80 750
1 68 400
2 74 1000
58 31 100
41 61 750
44 30 450
9 4 150
66 47 150
34 4 500
41 78 600
24 18 150
71 19 50
45 57 300
13 16 250
52 29 600
74 14 650
3 6 750
77 51 1000
25 53 950
28 6 400
32 65 650
31 11 150
1 44 800
40 1 450
4 47 700
78 50 500
8 42 450
65 15 750
48 65 950
68 12 500
16 26 300
2 69 50
41 38 900
61 59 350
44 21 350
9 13 450
66 38 250
12 46 550
69 43 650
37 18 700
17 61 50
50 66 350
37 50 1000
59 13 100
24 25 550
62 10 50
13 9 350
70 58 700
74 9 1000
38 19 600
77 44 100
8 66 850
45 67 200
50 14 400
33 78 650
53 19 750
53 3 600
75 26 200
78 53 400
7 11 950
46 34 450
11 76 750
68 11 350
33 63 750
73 64 950
79 5 600
22 27 950
27 76 100
69 20 1000
47 1 950
12 37 800
51 66 150
17 54 1000
76 74 450
42 54 450
6 80 550
25 7 900
28 20 100
33 71 550
53 12 300
40 15 250
21 51 600
78 60 250
26 46 650
29 51 800
21 68 850
54 37 1000
58 40 300
41 16 450
22 18 900
5 58 600
61 77 250
9 63 700
69 29 850
34 17 250
17 47 50
37 36 500
76 65 350
42 49 450
45 36 550
10 6 350
49 33 250
13 59 300
55 79 950
25 8 1000
71 79 800
75 8 800
58 64 950
21 60 250
26 41 250
12 68 300
16 15 950
36 66 500
19 10 200
58 51 900
44 2 950
9 32 950
66 51 250
47 23 650
30 53 950
51 80 1000
52 66 100
17 32 1000
79 73 500
37 45 700
59 16 900
42 56 950
9 70 50
10 1 200
67 48 250
13 52 950
35 27 950
74 34 200
63 4 150
38 47 800
50 59 850
72 20 200
53 30 250
1 8 150
4 3 300
78 14 300
26 48 300
46 55 450
29 5 800
51 40 500
16 6 250
54 55 100
19 19 750
2 41 1000
58 58 800
41 2 400
9 41 550
47 28 150
30 60 800
52 73 750
15 71 400
56 12 600
42 35 1000
23 7 300
6 69 500
62 38 150
45 22 600
67 57 100
30 79 350
31 71 850
43 23 800
38 63 200
60 8 450
11 27 50
50 50 500
14 52 400
71 61 750
4 10 250
80 75 150
29 30 750
19 24 600
2 32 600
41 11 500
79 50 350
47 37 450
30 39 150
69 8 850
15 76 500
23 28 300
6 60 100
32 12 150
70 25 650
18 51 1000
77 25 650
60 7 150
11 16 300
72 2 250
18 66 200
39 13 950
78 24 350
48 27 200
30 22 150
51 54 800
19 33 250
76 22 800
41 12 100
22 62 500
5 30 750
79 59 200
62 65 250
66 28 550
47 34 300
34 53 400
17 11 750
56 26 1000
24 67 50
23 21 50
49 77 850
31 53 850
70 16 400
79 39 350
38 41 300
60 30 550
63 51 300
14 6 650
72 9 700
36 23 800
50 22 750
75 52 100
21 80 400
80 57 300
26 13 150
46 72 100
51 63 350
19 38 350
37 25 150
22 49 400
5 7 1000
27 38 450
51 75 300
66 23 600
47 43 900
52 38 500
55 59 50
20 15 250
3 49 800
24 74 850
23 18 250
6 46 850
10 37 400
32 26 350
31 50 500
70 11 200
18 37 100
57 6 250
40 74 100
60 21 700
43 55 550
8 19 650
65 70 400
28 78 250
11 14 400
14 9 850
72 48 550
71 40 800
36 30 900
75 45 300
80 48 600
48 9 250
68 68 700
51 4 650
15 42 250
73 23 300
71 27 150
9 69 1000
30 24 500
56 40 1000
55 48 1000
3 54 800
23 43 450
6 33 950
10 44 350
32 17 550
70 2 100
74 65 100
3 71 200
60 44 300
8 26 550
63 33 250
28 69 150
11 7 700
68 60 950
72 55 750
71 33 800
36 5 800
75 34 200
22 80 500
80 55 50
61 11 700
44 69 800
47 72 600
12 30 100
68 67 600
51 13 300
73 24 900
2 4 950
5 9 600
9 78 350
10 68 350
47 57 300
30 3 250
56 47 300
55 9 600
3 63 50
77 28 400
26 78 450
25 78 500
6 24 150
51 23 1000
28 45 400
67 26 300
31 32 400
70 5 700
35 37 900
18 23 300
75 74 700
40 56 650
4 70 350
60 43 500
43 37 200
8 1 600
7 59 950
65 80 850
29 74 700
33 15 650
14 27 1000
39 49 250
80 46 200
61 4 50
44 60 650
7 72 1000
48 7 950
69 68 1000
16 80 500
56 71 950
2 31 950
76 58 500
65 68 750
52 51 150
3 36 550
77 21 500
28 36 900
67 3 450
32 47 350
31 41 650
35 42 950
40 63 950
60 34 100
8 8 900
7 48 950
65 41 1000
16 56 400
71 23 200
36 11 1000
39 46 950
7 65 250
48 62 350
51 27 250
15 1 300
73 10 750
56 78 350
19 66 450
24 55 850
27 2 950
16 42 550
34 80 800
55 31 450
20 35 50
77 14 500
6 10 450
28 35 900
67 8 50
32 38 300
31 22 50
53 37 500
38 76 800
26 18 450
60 57 700
8 15 450
7 41 500
11 42 200
16 63 400
72 44 350
71 12 500
54 76 800
6 22 850
80 28 850
61 22 1000
44 50 350
69 54 100
16 78 500
17 80 750
73 51 100
2 17 500
24 62 350
69 73 350
35 75 900
74 18 450
55 20 200
20 42 300
60 65 750
21 21 650
4 51 50
43 8 250
7 38 250
63 69 700
46 7 550
68 16 250
78 73 450
61 47 650
48 44 150
69 63 800
16 69 800
15 23 500
73 52 900
20 66 600
76 39 350
62 22 600
27 16 350
69 6 800
49 3 950
52 8 100
78 75 250
74 29 800
20 49 350
3 27 950
57 65 300
23 68 100
28 49 400
14 68 1000
53 55 500
57 44 700
40 20 550
4 58 250
78 33 50
43 1 1000
7 31 850
63 66 350
46 14 400
29 46 150
33 43 550
71 2 600
1 66 300
77 70 950
58 21 700
78 80 100
61 40 50
44 32 550
12 57 950
23 14 500
34 10 700
15 28 500
73 61 350
20 73 300
24 12 150
80 67 1000
13 22 350
20 56 750
77 57 100
25 51 500
14 79 400
21 39 550
7 20 900
65 53 100
78 66 800
68 6 900
33 44 950
16 36 800
72 65 1000
36 47 950
41 60 900
22 14 150
80 1 650
61 33 250
26 69 850
66 44 750
12 48 800
69 33 300
17 59 400
73 38 900
50 69 300
37 8 650
20 80 450
42 69 350
13 79 50
45 56 500
13 15 800
52 30 500
74 15 150
3 9 850
77 50 950
25 52 800
28 7 150
1 35 850
40 2 550
21 32 900
8 43 650
7 13 300
65 14 950
29 32 850
49 46 700
16 27 250
3 73 50
61 80 100
2 66 550
41 37 250
22 1 750
61 58 450
26 76 1000
9 12 750
12 47 950
69 42 1000
59 12 150
45 49 200
10 21 950
49 54 900
13 8 500
70 59 850
77 43 1000
8 67 950
11 57 650
21 41 450
42 73 850
65 7 50
46 35 450
11 79 1000
14 22 750
33 62 50
65 48 300
73 71 600
54 35 150
58 46 200
61 51 350
44 13 650
9 53 650
66 62 250
12 38 850
37 58 700
49 47 600
70 50 200
74 49 150
77 36 350
25 6 500
63 17 350
32 80 400
70 77 850
58 70 50
21 50 50
65 24 550
46 42 850
11 68 700
12 78 800
33 55 350
36 68 800
41 23 850
22 19 100
5 57 1000
79 38 950
44 4 600
27 68 450
66 57 550
47 9 150
30 51 50
69 28 150
34 46 100
37 35 100
42 62 500
5 74 150
6 72 150
45 35 500
49 32 450
35 21 350
55 78 100
63 30 600
71 78 600
59 22 900
58 65 200
78 4 250
32 23 900
54 61 550
19 13 100
2 47 1000
15 24 900
44 3 250
34 41 900
17 39 450
56 6 300
37 44 950
59 19 900
23 9 200
62 60 650
45 28 700
10 14 500
27 54 450
30 69 350
13 51 900
35 26 900
33 80 850
14 50 450
72 21 450
1 15 450
58 72 250
39 30 750
4 12 550
26 49 50
46 52 300
54 52 450
37 68 300
41 1 250
22 45 650
5 43 300
79 52 650
56 13 800
55 47 500
23 6 800
45 21 900
10 9 250
13 44 550
35 3 1000
38 60 1000
26 10 950
63 12 900
14 53 500
72 28 850
71 60 500
18 72 200
75 57 150
21 77 350
26 56 1000
46 63 450
51 48 550
54 15 450
19 27 100
2 33 800
41 10 200
5 20 800
15 30 900
27 43 50
66 2 500
47 36 400
30 36 500
17 17 1000
56 20 700
55 36 750
42 43 1000
49 75 900
70 30 800
18 48 500
38 55 550
26 80 850
72 3 800
71 53 350
50 25 300
22 76 750
78 25 300
43 73 400
46 70 1000
29 22 950
15 39 900
19 32 950
2 56 900
5 29 400
79 58 850
69 30 850
17 10 650
42 18 600
23 20 250
45 7 200
67 38 100
32 4 1000
31 52 150
70 17 650
35 49 600
38 46 350
65 76 250
11 8 150
50 37 1000
72 10 900
36 16 700
75 55 700
22 71 700
80 58 550
44 80 200
47 69 50
51 62 350
15 44 1000
54 25 800
2 51 500
22 54 850
5 6 600
79 3 700
62 73 650
27 57 750
66 20 600
63 68 450
17 3 800
3 48 900
59 63 550
42 29 300
64 34 600
10 34 1000
49 69 250
50 77 650
31 61 200
70 8 350
35 54 350
57 5 1000
3 65 400
65 69 600
11 1 800
14 14 800
71 43 200
75 44 400
39 2 150
80 49 100
43 71 500
26 21 950
46 80 900
47 66 900
68 69 200
73 22 850
76 5 100
79 8 450
27 62 50
47 51 250
52 46 400
55 51 200
20 23 250
27 71 800
42 4 450
6 38 950
64 57 400
51 20 450
67 20 450
50 68 600
31 58 500
70 3 300
35 63 150
18 29 250
3 70 850
60 45 200
43 47 650
8 27 750
7 61 950
11 6 250
14 17 300
72 56 500
71 32 250
36 6 200
80 40 450
61 10 950
51 12 350
73 31 250
56 65 850
19 55 450
2 5 50
76 60 800
24 42 350
27 55 250
47 56 900
63 59 700
52 53 250
56 48 150
20 30 850
42 15 500
25 77 100
6 25 400
23 39 1000
32 41 100
35 36 400
18 20 1000
75 77 200
3 79 500
4 71 300
60 36 750
43 36 450
7 58 950
63 41 950
68 36 200
33 14 950
63 70 950
53 67 600
39 48 800
80 47 400
61 3 250
7 75 500
48 56 550
47 80 400
12 22 250
51 21 50
56 72 100
19 60 300
79 30 500
27 12 850
10 76 700
30 11 1000
52 60 800
56 55 450
59 66 200
60 76 900
23 56 900
6 16 900
28 37 850
32 32 450
31 40 750
35 45 250
18 15 600
59 69 400
21 2 200
4 78 150
43 29 150
8 9 500
65 40 200
11 52 750
68 35 950
72 38 950
71 22 850
39 41 750
61 28 450
12 13 200
69 76 950
16 72 250
56 79 550
37 19 50
2 23 300
24 56 200
27 5 100
35 69 50
20 44 950
3 44 350
77 13 850
60 75 400
6 11 50
32 39 300
31 17 750
57 33 350
40 39 100
21 11 200
4 53 100
8 48 50
7 40 500
65 33 600
11 45 800
16 48 800
71 15 300
36 51 750
78 71 650
61 21 450
9 23 850
48 54 100
12 4 150
73 50 500
42 30 800
37 28 950
24 63 1000
49 9 300
52 2 200
55 23 600
77 6 850
75 24 350
6 2 850
28 59 200
32 62 350
31 30 700
38 68 600
21 20 750
4 60 900
65 58 100
11 34 500
33 17 900
71 4 700
58 11 750
80 20 300
79 68 550
44 42 850
9 24 700
69 62 150
16 70 800
15 22 350
37 5 400
20 67 450
41 66 400
42 80 400
62 23 400
27 19 200
66 74 300
49 2 350
13 28 50
52 9 900
74 26 250
23 71 50
6 5 550
28 50 200
31 7 600
53 54 50
72 76 450
40 21 800
4 59 300
78 38 350
33 42 750
36 33 1000
61 39 700
44 33 750
9 1 500
48 36 600
34 11 1000
15 31 700
37 14 600
20 74 600
66 69 150
49 59 650
13 21 200
74 5 700
20 57 850
25 50 550
50 26 500
1 41 450
57 52 50
40 28 450
4 34 1000
78 41 450
8 37 400
7 23 550
65 52 850
46 22 600
29 38 550
33 35 850
72 66 600
2 72 750
41 35 300
22 15 400
9 10 100
51 64 800
12 49 550
69 32 900
34 2 900
17 58 200
52 31 650
77 49 550
25 59 500
50 21 750
70 80 700
1 34 300
57 61 250
21 47 950
4 41 700
78 48 600
42 72 350
7 12 350
46 25 350
68 14 350
33 36 750
16 28 800
41 36 850
22 6 450
5 54 400
61 57 800
66 36 300
34 29 500
17 51 350
37 48 750
10 18 350
49 53 1000
13 7 200
74 55 50
38 17 1000
28 31 650
33 76 200
70 75 350
1 59 950
57 70 600
21 40 600
4 16 800
78 59 550
26 37 400
7 5 550
65 6 700
46 32 300
29 56 200
12 80 100
33 61 350
54 32 750
22 25 500
9 52 600
66 63 550
69 18 500
34 20 700
37 57 1000
59 4 800
42 52 800
62 51 950
18 42 250
67 68 500
74 62 150
8 75 600
63 16 200
28 22 100
33 69 500
14 33 450
70 66 250
71 80 100
79 42 650
1 60 700
57 79 650
26 44 750
29 49 350
33 54 1000
73 79 600
36 69 600
41 22 100
22 16 500
61 75 700
9 61 600
47 8 950
51 77 800
52 69 850
76 67 50
77 75 850
42 63 200
62 58 750
45 34 200
10 4 800
49 39 900
35 20 750
70 69 700
71 73 100
57 80 300
21 58 700
26 55 1000
17 18 850
65 16 700
16 1 800
54 50 400
2 44 950
41 31 100
5 33 650
79 46 750
42 34 250
47 17 800
30 59 350
69 4 150
34 38 150
17 38 100
39 10 650
37 43 900
59 18 900
23 8 700
30 74 100
35 29 100
18 63 800
40 80 750
63 6 200
23 35 200
25 71 650
53 28 500
58 73 50
48 18 800
78 12 950
26 62 650
29 3 950
54 53 650
19 21 600
2 39 150
79 55 150
9 47 200
66 8 500
30 34 450
52 75 350
15 65 250
56 14 600
55 46 200
59 43 350
42 33 150
23 1 200
62 36 450
45 20 250
10 54 450
67 59 100
35 2 450
18 54 300
74 43 700
44 9 650
25 24 900
64 77 100
50 48 650
72 29 450
71 63 900
1 7 650
58 80 300
46 60 750
54 12 200
19 26 200
2 62 400
41 9 800
27 42 450
66 3 50
56 21 800
55 39 250
59 32 550
62 47 300
49 74 250
18 49 200
38 52 550
60 1 550
43 59 50
65 74 200
14 61 800
72 4 600
1 24 850
75 49 700
39 15 400
78 30 700
43 72 800
46 71 300
54 7 200
2 57 350
76 16 550
71 25 950
62 71 900
27 35 850
24 75 200
30 44 400
17 9 500
56 28 300
20 2 400
42 19 250
6 53 300
42 28 300
45 6 650
49 67 350
32 5 600
31 55 800
13 74 650
40 69 400
43 48 500
63 61 400
36 17 350
1 17 200
43 65 850
51 1 150
15 47 150
19 40 500
76 15 100
79 2 400
47 53 350
34 74 250
17 2 850
55 53 850
20 9 650
42 26 1000
6 44 700
67 46 950
32 28 100
70 9 900
63 58 500
28 72 500
72 50 300
71 42 600
67 39 650
39 61 350
80 50 650
43 70 800
44 72 1000
48 11 550
47 77 550
69 80 900
54 17 850
19 49 50
2 11 500
76 6 650
5 14 50
79 11 1000
9 75 750
63 56 500
56 42 600
55 50 850
20 16 700
59 55 550
6 39 900
64 58 50
10 42 850
32 19 250
31 37 400
35 62 300
18 26 750
29 69 100
40 51 800
15 77 700
60 46 300
7 60 350
63 35 550
29 79 450
63 71 800
71 35 450
36 7 700
61 9 450
26 29 500
47 74 950
12 24 600
68 77 250
73 30 900
9 76 100
30 1 950
52 54 500
20 31 800
42 12 550
28 47 300
36 59 650
13 72 100
57 22 150
40 58 900
23 36 550
63 40 250
29 72 400
68 37 950
33 13 500
53 66 600
80 32 500
44 62 900
7 74 50
78 79 250
12 23 500
69 66 800
61 45 50
2 29 400
24 50 400
27 15 1000
77 19 550
23 59 950
6 17 50
64 8 800
28 38 250
32 33 900
35 44 350
40 33 50
43 28 800
29 65 350
33 6 250
16 58 600
72 39 450
71 17 150
39 40 800
31 77 350
7 67 850
12 14 700
51 29 350
56 80 700
19 68 300
2 20 750
76 51 750
35 68 650
56 63 150
20 45 900
60 68 950
23 48 800
64 15 750
28 61 650
67 10 900
32 56 250
53 35 250
57 32 800
38 66 450
21 10 600
8 49 1000
65 32 850
72 46 850
71 14 800
36 60 550
77 72 300
36 56 750
78 68 350
48 55 950
69 52 750
16 64 350
15 8 650
73 49 750
19 77 800
20 69 400
27 29 50
78 27 450
49 8 250
20 52 800
3 20 600
77 5 850
60 67 600
23 73 1000
6 3 400
28 52 100
14 67 900
57 41 500
40 47 50
21 19 950
4 61 700
60 50 600
8 56 150
7 32 900
65 57 850
44 27 300
33 16 800
16 40 900
54 69 400
1 79 550
58 8 1000
80 21 500
79 71 900
48 46 900
16 71 100
73 58 550
37 4 950
76 33 1000
41 65 500
24 7 150
49 1 900
20 51 700
3 29 400
23 70 1000
64 29 850
9 49 550
