80 422
  1
  2
  3
  4
  5
  6
  7
  8
  9
  10
  11
  12
  13
  14
  15
  16
  17
  18
  19
  20
  21
  22
  23
  24
  25
  26
  27
  28
  29
  30
  31
  32
  33
  34
  35
  36
  37
  38
  39
  40
  41
  42
  43
  44
  45
  46
  47
  48
  49
  50
  51
  52
  53
  54
  55
  56
  57
  58
  59
  60
  61
  62
  63
  64
  65
  66
  67
  68
  69
  70
  71
  72
  73
  74
  75
  76
  77
  78
  79
  80
66 31 400
32 44 950
5 57 450
20 7 900
16 47 650
34 46 750
37 35 50
55 80 700
73 35 250
35 21 950
63 30 950
57 47 250
54 27 1000
14 77 400
67 7 850
32 35 850
24 73 50
75 71 700
8 12 250
7 44 650
36 55 150
8 18 500
24 21 300
48 50 650
72 15 1000
12 8 300
15 13 800
66 57 300
25 58 50
15 43 450
4 12 550
32 68 100
3 17 750
27 60 700
57 60 50
30 27 200
37 68 550
31 18 250
57 38 700
7 37 200
18 31 550
80 12 450
12 41 100
10 9 250
8 25 750
28 68 650
19 79 700
70 57 750
75 57 500
52 13 350
46 63 450
66 2 950
54 33 900
74 28 150
7 34 450
55 36 550
44 15 1000
68 28 800
36 37 350
34 21 350
5 62 900
11 61 250
48 6 650
71 53 350
6 48 950
53 9 100
10 78 100
67 34 600
35 49 600
14 29 700
38 46 350
16 27 250
75 55 950
22 71 700
19 67 400
3 4 650
15 44 1000
78 10 150
12 71 150
21 35 700
36 77 400
53 38 950
17 3 800
3 48 900
18 8 550
47 16 650
64 34 50
49 69 250
35 54 350
57 5 550
54 79 650
39 2 150
13 11 400
50 54 400
47 66 100
73 22 350
28 3 50
1 39 850
57 66 950
41 7 50
79 54 50
35 63 150
32 8 900
11 6 250
37 7 450
62 17 800
77 39 950
76 60 800
33 65 100
57 75 1000
6 7 550
7 6 950
16 22 250
58 42 900
67 24 250
49 73 900
23 19 150
79 67 650
38 53 400
45 38 300
49 35 300
20 72 600
24 11 700
51 21 50
8 78 650
3 1 850
31 2 700
29 14 150
51 33 850
6 16 1000
21 24 950
72 64 950
54 80 750
65 40 200
44 30 450
9 4 150
42 58 300
66 47 400
72 38 300
71 22 850
39 41 750
35 25 50
37 57 450
12 13 200
45 57 300
3 6 750
78 8 50
26 50 600
16 4 650
6 11 50
19 17 550
22 46 700
67 17 50
65 33 600
62 32 500
53 71 700
14 12 800
38 57 900
12 4 150
1 3 750
8 66 700
4 8 50
53 3 600
37 64 300
32 62 350
46 34 450
3 59 150
33 17 900
30 63 650
69 20 1000
31 66 350
16 70 350
48 3 200
66 74 700
22 73 250
79 19 750
21 51 600
32 43 900
8 4 300
37 36 500
61 39 700
44 33 750
9 1 500
40 65 950
43 60 100
72 7 650
25 8 1000
50 26 850
46 22 250
24 72 950
38 72 250
2 72 450
29 64 250
9 10 100
60 27 800
13 52 950
75 61 1000
14 11 500
39 1 700
76 44 100
72 20 500
4 3 350
16 6 1000
54 55 450
78 48 700
25 70 500
55 54 250
9 41 550
67 19 300
76 9 600
24 1 600
38 17 1000
71 61 450
4 10 550
70 75 800
57 70 600
4 16 150
34 64 200
12 80 100
40 16 50
64 61 750
15 76 400
69 18 650
28 66 200
70 25 650
72 2 500
13 26 700
78 24 250
2 1 950
3 28 850
26 44 650
41 12 200
33 54 800
66 28 550
8 32 150
41 22 100
22 16 500
61 75 300
24 67 500
64 37 550
70 16 350
68 32 650
14 28 650
45 34 900
10 4 900
51 25 250
75 52 100
26 13 550
3 5 200
49 19 550
21 58 350
80 54 900
54 50 400
48 78 850
75 70 100
2 70 150
17 38 100
44 26 650
23 8 700
37 53 150
11 14 400
44 48 1000
14 9 850
13 12 700
52 25 700
57 45 750
58 73 950
35 73 600
29 3 950
25 35 400
9 76 100
2 39 150
57 37 1000
39 77 850
52 75 350
8 52 50
7 36 100
56 14 600
70 2 700
48 42 150
69 49 650
80 55 50
61 11 250
50 48 300
27 30 750
73 24 250
41 39 450
35 78 400
47 57 750
64 25 150
54 12 650
41 9 800
46 38 200
11 24 250
33 51 350
16 21 200
21 16 500
78 35 500
43 15 50
35 37 750
60 43 250
63 46 150
7 72 1000
14 61 800
1 24 1000
2 31 300
74 6 300
28 14 950
26 42 150
30 44 400
44 7 450
42 19 250
40 63 950
34 45 750
17 67 300
12 54 400
16 20 400
34 7 900
67 79 1000
55 75 100
38 1 300
71 75 550
15 47 450
76 15 600
64 72 450
77 14 500
21 34 250
58 63 400
22 41 50
53 37 750
42 26 750
60 57 500
58 25 550
7 41 350
9 14 650
71 12 500
17 62 700
63 58 500
62 5 150
39 61 350
72 24 450
19 49 150
1 38 850
19 23 1000
20 16 700
6 39 700
63 35 550
59 3 450
48 44 1000
36 7 700
14 56 650
27 16 350
52 8 100
20 49 350
27 54 950
16 40 1000
62 66 850
20 69 400
15 72 150
47 15 150
58 21 450
60 76 900
63 40 250
44 32 550
68 37 450
42 48 600
6 74 400
65 72 550
80 32 500
25 51 500
49 20 400
31 17 450
7 20 900
61 71 550
33 44 950
72 65 1000
17 33 250
38 45 800
11 13 650
7 67 400
12 14 750
39 6 200
13 15 800
1 9 350
25 52 800
19 42 100
35 68 650
5 3 600
61 64 450
3 53 250
24 78 950
25 64 50
21 10 600
2 66 750
77 36 800
74 66 550
44 76 800
68 35 950
8 23 200
28 74 650
74 44 850
10 21 950
73 49 150
61 14 800
44 74 100
1 2 100
4 9 1000
6 3 400
34 67 50
66 8 950
54 35 150
17 19 850
35 32 800
9 53 650
66 62 600
43 32 800
17 31 300
73 58 550
18 69 450
32 80 400
3 29 400
64 29 850
